17.940305048 41.355598553 6.210057716 -0.289119336 -0.498721679 -0.252041650 0.777278395 -0.394075354 0.066554375 -1.408640679 -0.565978890 -0.136916017 -1.129972621 -1.316035126 0.614830054 -0.759330897 0.880635167 -0.292778246 -0.232619066 -1.088132790 -0.551459426 -0.691193288 0.250892992 0.473885026 1.802448026 -1.843925022 -1.205500055
21.183433862 41.002435035 4.580004845 -0.080942021 0.940737818 0.316582429 -0.090754134 0.620678198 0.212958405 -1.136081589 -0.021988053 1.354394794 -1.156681454 1.345700977 -2.066221455 0.654002218 -1.107215821 -1.516216013 1.383727016 0.406049445 -0.817933352 0.431247159 -0.472465328 -1.102948320 0.202875808 1.279854534 0.586234127
27.825384717 42.195826955 6.341791068 0.432359190 -0.386124915 0.287083002 0.762598473 1.886143473 -0.896047538 -0.121983984 -1.119146475 -0.122879260 0.494109648 -0.557008985 0.794892242 2.208180344 1.092586262 -0.062536347 -0.043188218 1.315676550 1.187491396 -0.142760018 -0.364152343 0.180164771 -0.092686650 0.386498642 -0.728959304
23.727527730 42.177340683 12.430835561 -0.343551309 0.671463409 -0.582408264 0.303166624 0.332010946 0.623317110 0.430949538 -0.075870534 -0.771231182 1.696005066 -1.210681898 -0.565185249 0.034666335 -1.901041208 1.440108588 -0.461940147 1.811734433 1.274291359 -0.596602199 -0.157230085 -1.294643150 0.538421296 0.743432073 0.854762083
29.395061471 36.485422836 5.445588381 0.742653041 -0.596235445 0.093329884 -0.290274505 -0.580467671 -0.304102558 -0.912897580 -0.348902675 -0.050035874 0.129251953 -0.874355879 0.920656782 -0.396533527 -0.005776925 1.558298262 -1.088800126 0.010847584 -0.841433468 2.364862736 0.775956844 -0.307352433 -1.221451204 0.317996312 -1.734182807
26.452526920 28.901827793 4.492233265 -0.878174402 -0.158252298 0.264653918 -0.365683241 0.661284751 2.185649238 1.716133518 0.430995796 1.323205344 -0.182106140 0.525745400 -0.576164479 -2.509241037 0.834742234 0.833557304 1.952381837 -0.998611336 -0.839909008 -1.544634135 -0.899673600 -0.361049046 0.389560655 0.525799370 0.454364600
24.531820101 33.421250137 -2.128199170 -0.261419627 0.327797991 -0.358468202 -0.834091604 -0.442474281 1.812033872 -0.282557336 -0.626061920 0.138861963 -0.031311200 0.207849919 0.753927601 -0.962106971 0.180016012 -0.943629424 0.356094772 -1.904752149 0.153590664 0.540199094 1.290671581 -0.042578181 -0.147413840 0.335330297 0.435171299
22.172460080 30.857301735 -0.329660869 0.814874168 -0.283528447 0.503371632 0.046996918 -1.426785845 -0.130714613 0.664432723 -1.162946543 1.405727773 0.850763682 1.019242534 0.921549529 0.478438625 -0.052708060 1.375110560 -0.805872603 0.212553558 0.594090463 -0.366503003 1.083959930 1.323652617 -2.012347420 -1.105455760 -1.585580482
18.439035858 32.128185078 4.424762648 0.018642328 0.177418322 0.306516359 0.934998890 0.487986594 -0.421892907 -0.572563714 -1.345293920 -1.162011606 -0.238767758 0.048528850 -0.570206901 2.549421068 0.785730828 0.403439962 1.120053376 -0.401650374 -1.691656325 0.921018502 0.062080317 -0.046492843 2.367572809 1.070336151 0.545181945
32.669059513 39.957275078 8.303145227 0.427701508 0.412990965 -0.723548022 -0.350696653 0.097824830 -1.290349198 -0.844600403 1.373103941 -2.328353293 -1.786027074 -0.647237245 0.837349119 1.673897302 1.469968958 -0.345198233 -0.385957620 1.455006102 -0.142600910 0.130894781 -0.349580822 1.239098652 1.467933123 -0.250885858 1.298969399
27.349373188 34.014373275 3.190281791 0.765549680 -0.081622336 0.307029282 -0.559468053 -0.387600287 -0.987755062 -0.985285056 -0.619838682 0.929780263 -1.411175518 -1.017666003 -0.100450103 -1.638545475 1.352352996 -0.483560488 -1.180003740 0.822043963 0.603413526 -0.386370417 0.330627517 0.445955451 1.362714995 -1.139015066 0.853672158
23.655004613 30.895557963 7.913486146 -0.134334644 -0.418812935 0.485008718 0.755854795 0.394383353 -1.577394303 -1.341169528 0.452325288 -1.279024741 0.923165659 -0.514799911 0.191599173 -0.227481979 -0.440939888 -0.679535222 1.725759857 -1.156468017 1.261831643 -1.491619989 -2.206491167 0.785795342 -1.288949078 0.955472087 1.053524949
18.736219929 29.094955137 6.011775302 -0.440719182 -0.154766212 0.054860501 0.882498922 -0.678831270 0.752159045 -0.362929050 -0.954961395 0.070802503 0.686835125 0.042695219 0.202386649 -1.799610743 1.172882085 0.588408121 0.649975525 -0.780389366 0.049781498 -0.772883627 -1.202546632 -0.920372148 1.071603669 -0.192366779 -0.085752063
33.462185483 34.751615080 5.276758248 -0.284995199 -0.540356512 -0.713192150 -0.343728866 0.006720245 -0.420259790 -1.403778919 0.846993304 -0.463163040 1.262028209 -0.956991068 0.282013466 0.808464818 -1.507794891 -1.652283349 -0.846095143 -0.444953181 0.080748041 2.762492210 -0.942817249 0.367298711 0.862785673 -0.572351916 -0.335123116
25.695911446 31.858754711 -1.889626218 0.468864783 -0.325833561 0.820926062 0.008871659 2.113673260 -0.301918682 0.356269653 -1.322209917 -1.199123537 1.008982868 0.533301130 0.793403392 0.748998577 -0.606985217 -0.832174996 -0.995359708 0.203991008 -1.186760873 -0.069011541 -0.502454594 0.889337287 1.663400523 1.458188755 0.192381234
23.461855617 31.453667829 14.191052248 -0.275483007 -0.664506967 -0.212298153 -0.661414468 1.553037652 -0.613954169 -1.011076666 -1.048736805 0.667051987 -2.460048580 0.218340820 -0.588544022 1.010759144 -0.492746914 -2.337077079 -0.503096520 -0.859201258 0.273102581 0.353270279 0.962163647 0.969361094 0.216840381 0.477878177 -0.130797990
31.200561085 34.226750280 7.573959540 -0.705873937 -0.070308870 -0.340504547 0.617134752 -0.999012711 -0.929670652 2.040961628 0.758676876 -1.378789981 1.228110178 -0.137546869 0.171526009 0.235614754 -0.209309590 -1.440524797 -0.705377098 -0.822474821 1.156463692 -0.734123491 -1.167324418 -0.367732189 2.292100924 -1.606808252 -0.557078143
17.665869730 35.204890675 13.807411989 -0.797941460 0.420214511 -0.140947910 -0.408464047 -0.617638143 0.561948390 1.190453926 -0.274897553 2.523757223 0.876932300 0.856458696 -0.377551511 0.534488043 -0.228067143 0.202494601 -1.185370169 -1.642358928 1.117105476 -1.434521831 -0.254692974 -0.376151849 0.536728868 -1.415483119 0.005968523
25.680137141 32.581294803 13.905420178 -0.287242241 0.473114642 0.046844986 0.831540725 0.131056692 -3.124735413 0.225754468 -0.621805437 0.480000582 0.033717458 -0.781514070 -0.800932478 0.633451120 -1.959451743 -0.256254046 0.138029574 0.238627422 -0.650164405 0.298137100 -0.606354055 -0.030068359 0.204253232 -0.827037984 -0.279027888
22.449285279 37.553721345 6.100799544 -0.767243872 -0.557332246 0.230503288 0.218141793 1.615106881 0.934306415 0.217064145 -0.791209298 0.762579413 0.576685376 0.039389846 -0.544340784 0.948663648 -0.818250564 -0.325604546 -0.330796612 -0.097000357 0.263221335 -0.748401754 1.122134399 -1.171965319 -0.404839386 0.638064761 -0.898352520
28.131874476 29.869412112 8.532130815 0.787362175 -0.001316662 0.494106289 -0.368670647 -1.085291192 -1.269396270 -0.990019520 -1.700021031 -0.358436271 -1.237046414 1.811156958 -1.076332210 -0.613295180 0.537452499 -0.606987823 0.664100057 0.125886103 1.196652707 0.817816220 -0.086721019 1.158458612 0.667820926 0.191833001 0.368982043
18.992422785 34.100227707 2.720698146 -0.224135878 0.573912018 -0.769792159 0.166757716 0.079999108 0.510808426 1.204000228 0.967783978 1.034398125 -1.208105411 0.025024875 -0.997456805 0.624098836 1.399604681 1.146407393 0.575544103 -2.337707639 1.842859671 0.256787746 1.568693790 0.137466589 0.014127699 0.668433823 -0.316931368
17.178797879 32.646723848 9.995162842 0.104559063 -0.794068493 0.429628776 -0.417063240 -0.452227874 -1.326278264 0.221742680 0.622525999 -0.811877884 -0.521242621 -0.218820470 -0.765141833 1.371922613 1.133490441 -0.138960206 0.078158958 -0.477456290 0.949799392 0.885902620 0.208013607 -1.606562718 1.531011280 -0.663469415 0.584222142
25.249848449 32.353690043 7.774078941 -0.350406055 -0.366533573 -0.524124932 0.684223496 -0.807473208 -0.360128846 0.070864087 -0.745599293 -1.734011261 -0.735458671 -0.074809796 0.557656483 -0.872589908 -0.553680959 -1.732816508 -0.956328570 -0.592310112 0.507123201 0.303515889 -0.875696022 0.453541879 -0.938062936 -1.340057238 1.211646579
18.624036079 29.227450405 7.220296794 0.583191329 -0.432868020 0.646506242 0.233544063 0.052938294 -0.455013762 -0.344330672 -0.425667743 -0.203307082 0.466880582 -0.076407827 -0.227743651 -0.920240142 1.059171965 -0.634484995 0.178623172 0.334841622 0.316203702 -0.643699875 0.745902901 0.270530775 -0.828421060 1.206221717 -0.968332274
17.711941715 37.688717643 13.353582007 -0.195579707 0.913186438 0.353255044 0.055226647 -0.208489416 0.517521516 0.900965132 -0.596570349 -0.124767675 -1.220139153 1.012058548 0.336162244 -0.241821080 -1.390180080 0.305633725 -0.553123193 -1.666535325 -1.442424172 0.475829494 -0.361978282 -0.008969090 -0.617129480 -1.017061183 0.289826620
25.074691763 30.958742606 8.915832025 -0.899706950 0.022927246 0.233999419 -0.367758097 -0.664460475 0.198194801 0.563190306 -1.192290870 -0.181640279 0.810090046 0.348168402 -1.835393447 1.194707907 -2.465501698 0.473309192 -0.134818075 -1.195866141 -0.122579787 0.264465488 -0.574007502 -0.336746171 -0.398772201 1.696881541 3.023411347
19.552351527 37.877090340 8.066142025 0.669533940 -0.423229047 0.122220186 -0.598049917 1.245487358 1.279956877 0.457246801 -0.695580083 0.540888127 -0.884904483 -1.883167105 -0.722516234 0.523969704 1.271417035 0.639659149 0.624949918 2.304969281 0.489107549 1.249337759 0.639604299 0.903109875 -0.177284866 -1.124387810 0.144555436
29.562446844 40.507066379 5.938569294 0.210831069 0.320549766 -0.912042968 -0.144830013 -0.610530160 0.568993245 -0.617635946 -0.632592127 -0.936672705 0.105906430 0.239365478 0.800183662 -0.372204107 -1.636632852 0.399882878 -0.331345180 1.166528523 0.360864537 -0.236848454 -0.420638245 -0.735684598 0.068185370 0.450578981 -1.205210840
21.700241790 30.675659184 9.456480817 0.655937709 -0.489785644 -0.132095261 0.558933437 -1.648439989 0.414434515 -0.195442445 1.361092656 0.293870591 0.688002028 2.331972028 0.296487943 1.012343892 -0.241814790 0.037150995 -1.504648680 0.134439321 -1.351360166 -0.008092847 -2.602633208 0.432210426 0.912820640 0.025247768 0.083893716
29.830855824 38.504758744 0.067025838 0.172682649 0.696017924 0.666238422 -0.204612114 -0.339571627 0.761733430 0.012222004 0.381538615 -0.012381315 -0.416268525 0.280876209 1.172278231 1.366384766 0.598573163 -0.743495517 -0.231773567 -0.130762536 1.090764851 -0.063377423 -0.175747952 0.259500992 -0.366594752 -0.896480534 1.134150113
31.256194129 40.213573751 11.895777032 -0.515872501 0.559954532 -0.530561835 0.372599817 0.115823966 0.440615723 -1.227860263 0.755912397 0.725727335 -0.150669994 -0.063499831 0.679497658 -1.118105871 -0.876914246 0.519363256 -0.683278973 0.651708079 -0.002049457 -0.574215069 -0.300835241 -0.272783139 -0.718253695 0.770111115 0.058449838
25.222919109 36.918511809 11.702918903 0.189779282 0.187617501 0.810338994 -0.521664847 -1.049145546 -0.013716000 -0.498378570 -0.624268798 0.698749898 0.563637549 -0.050947806 0.758936445 -0.771893677 -1.511892616 1.515803493 -2.411263587 -0.098557847 0.737659294 0.724645331 0.202593582 0.863238869 -0.389141506 0.238125482 0.447690132
20.415825993 28.795531729 2.782083233 0.318899868 -0.781534967 0.212948112 -0.492096607 -0.128943171 -0.704302072 0.727714188 -0.632961367 0.909009134 -0.457240199 -0.019788156 -0.389754292 -1.323968959 -1.509770998 -1.494143623 0.534934382 0.329456785 -0.329088826 0.874172625 1.930850395 0.033768093 -0.446230333 -0.068799455 -0.664707796
22.719109018 37.521624315 3.225074068 0.263612178 0.938480446 -0.161570646 -0.153811570 1.603066815 -0.969454430 -0.431824754 1.138008446 -0.037610083 -0.440346652 -1.037506818 -1.709105717 -0.925497625 -1.285151423 1.033936223 1.378615317 -0.449030316 0.036475615 0.977052540 1.987559688 -0.509559988 0.839760324 0.708235301 2.050414460
27.825765656 40.784577471 12.573971023 -0.623251722 -0.101756781 0.730922443 0.258757090 -0.906854280 -0.236882483 -0.920013786 0.002986689 0.467598733 0.383944063 2.344118408 -0.163230547 -0.772429349 -0.637446504 0.883493223 -0.405722145 -1.726885875 -1.076684670 2.153322127 -1.083823509 0.613849731 0.656628749 0.683132452 -0.475161031
31.566331402 40.107927206 9.448481530 -0.113836721 0.550323502 0.243212794 0.790590147 -1.428156021 -0.519653432 -0.159421792 0.211735225 -0.578463117 0.378127471 0.053661949 -0.906287174 -0.683288497 -0.770340221 0.961735071 0.958333900 -0.914188903 -2.172526312 -0.453419633 -1.091771433 0.802006765 -0.226703903 -0.403502266 1.284002997
27.665784236 26.191566195 6.081534012 -0.088993670 0.535391563 0.101977659 0.833688526 -0.458452569 1.354075294 -0.383182112 -0.406681080 0.672688538 -0.315039978 0.478153526 -0.532428864 -0.695097917 -0.912070404 0.113156045 0.894392941 0.708348351 -3.251390896 -0.227831064 0.126495174 -0.242681535 0.967803716 0.501869914 0.339430996
30.868530792 34.037166038 12.573625199 0.776018415 -0.536291288 -0.281758441 0.175497166 1.493908242 -1.011019702 0.960988143 -0.361692476 1.972878377 -1.001947998 -0.373559192 -0.933671051 1.621872214 1.597885052 0.705118779 0.510002482 1.604366491 1.660978573 -0.181998752 -0.533383183 0.712476122 1.310029330 1.184283581 -1.015242210
21.432766270 34.288513701 7.079717272 0.574588110 0.141138766 -0.784004696 -0.187789749 -0.327418205 -0.083682578 -0.207853386 -0.158154248 1.170467403 0.660778290 -0.032672122 -1.366943239 -0.807104226 0.173357846 -1.534390694 -1.616932833 0.448179684 0.297501645 -1.653367928 -0.836557602 -0.787497409 -0.946124741 1.022902927 -0.426997666
27.388426804 32.282961633 8.804643035 -0.065050980 0.536372731 -0.656374983 -0.526540164 0.316943001 -0.890043336 -0.976779664 -0.577419985 0.929237648 0.913124732 0.645936210 0.430801003 -1.214367645 0.353800281 -0.369584711 0.693947132 -1.547193226 -1.825526858 -0.638435804 0.430259415 -1.388317178 -0.609715758 -2.059884921 -0.191248426
24.804294743 40.831086295 1.132127783 0.892891254 -0.296302365 -0.183908784 0.284829205 0.202637500 0.726438976 -0.605149581 0.168560853 -0.350537316 1.677940964 -0.103495260 -0.895964045 -0.226421869 -0.830973350 0.204071089 -1.191523394 -0.007180452 -1.890075608 0.949614698 -0.365941802 -3.265289517 1.362572366 0.744447188 0.424722090
24.005647397 28.310530358 2.043629097 -0.069112732 0.908806681 0.410980602 -0.019717801 1.183682316 1.985932310 1.392509608 -0.993878747 1.313573801 0.049532281 1.546347653 1.951281216 -0.269779370 0.126851768 -0.764670986 -1.666222499 0.966071565 -0.202547952 0.802469860 -0.365624495 1.396307477 1.867433683 -1.424784018 2.207531624
20.971764937 30.459614974 8.171085804 -0.643338152 -0.380674936 0.654496643 -0.113299430 -0.355934729 -2.053827497 1.683148629 -0.207102808 -0.647195714 -1.704630988 -1.829884832 -0.562839653 0.873096337 0.436568820 -1.029219352 0.483870341 -0.256118331 -1.084083246 -2.688265488 2.065485860 0.754032305 0.216920263 -1.142872672 1.404794757
24.472776443 27.572251241 10.357044004 -0.961726273 0.148308093 -0.197964833 -0.117886428 2.128310695 -0.194223673 1.245304187 -0.118537217 2.347471039 1.143188017 -1.081531346 0.646627530 0.884825313 0.147864981 2.014168668 1.787859284 1.634859209 -2.119973675 -2.367411265 0.385237709 1.096945672 -1.610034696 0.550085132 -1.332083086
19.256377551 41.279616305 7.673237965 -0.346939770 0.336772708 0.853023324 -0.196387747 -1.585919895 -0.362825287 0.812607850 -0.631784080 -0.052679745 1.317234901 0.648143098 0.586723985 -1.157056576 1.431927327 1.267975368 0.972238086 -1.135205684 -0.580755875 0.128019508 0.273460786 -0.197993201 0.888892956 0.294597609 1.566638587
27.350281358 28.897461362 7.128545112 -0.013578163 0.317680488 -0.723157232 0.613138123 0.160226952 -0.264324880 0.867885235 0.260236535 1.221025207 -0.344466356 -1.921429809 -1.024740437 -0.145948416 0.402130277 -0.567846172 -0.362902073 1.437416125 1.370375764 -0.279828254 0.198931766 -0.502294081 -1.894901414 -0.124473357 1.817707068
23.741859817 28.008818277 4.265160196 0.570375735 -0.052249981 0.093634393 0.814354997 0.219492362 0.675056999 -0.836471134 0.954251170 0.031558850 -0.416835567 -0.213446895 1.135684236 0.709116941 0.030347176 -0.618699879 -0.860116647 -0.787910055 1.164213814 -0.019213585 0.588464917 0.467933594 0.143326593 -0.417651340 -1.106970325
29.039247105 43.382458216 6.428255218 -0.052332099 -0.917065135 -0.343441298 -0.195706323 -0.147458798 1.274648067 -0.489387963 1.353098127 -0.562991143 0.665150923 1.370185800 -2.280218718 0.329696151 0.629162534 1.347678070 1.015000971 -0.326497809 0.771355741 1.710306131 -0.068284035 -0.676482911 1.344342677 -0.475826317 -0.649601661
20.618197721 37.998250509 12.260379332 -0.416336136 -0.907060797 -0.060136744 0.016985411 0.030219461 -0.542639126 -0.407169604 -1.920823198 -0.725514662 -0.660827304 -0.788996644 -0.845377632 1.067454178 0.430028929 0.148252359 -1.022129013 0.754167676 0.243998062 -0.318516290 -0.533325643 -0.685723553 0.430768803 -0.007718640 0.047972201
20.388241702 37.799505811 2.661116728 0.477313778 -0.532243179 -0.533690718 -0.451733299 1.222816056 0.378512524 0.396330173 0.984635928 -1.513432701 0.135344483 0.095709969 -0.070948916 0.580689243 -0.170826803 1.280969842 -0.321183342 -2.176618777 -0.235792801 0.140813671 0.322523871 1.527347561 0.800047176 -0.986914913 0.101110194
28.228408429 41.523708957 6.407841721 0.517593718 0.132531299 0.698642850 -0.475846998 0.178696213 -0.127850531 0.218113055 -0.467574447 -1.714378781 -0.225182045 -0.388910269 0.637250282 -0.536466416 -0.330525978 -0.646667062 1.141144152 0.685381657 0.382107887 0.326278876 -0.292828222 -0.745297342 0.114337551 -0.612657053 0.686958410
24.705658351 38.870797266 6.575083432 0.547716823 0.036407363 0.665774653 -0.505395783 -0.385429315 0.267630810 -1.683112105 -0.886099342 -0.913400385 0.027567867 1.412546914 0.425336593 -0.515484275 -0.613567828 0.804399410 -0.042147973 -0.840819917 -1.894640971 0.410641532 -0.419937725 0.270312102 0.478116139 0.829422039 -0.091962565
28.534624626 28.996846002 3.533047238 -0.411811545 0.490513806 -0.119771482 -0.758592281 -0.488560037 0.139866569 -0.135173850 0.850102722 1.257694846 0.018460140 -0.679319699 0.144828194 0.134335488 1.822495443 2.258706695 0.609100507 0.592355038 -0.125588630 2.455560802 0.118063977 -0.524882509 0.686532676 -0.469678923 0.700616634
23.659025509 34.823626517 2.320298912 -0.130577907 -0.170599641 0.975375463 0.049878651 -0.501178878 -1.072243439 -1.609398467 -1.678191332 -0.719772375 2.133415886 -0.339119207 0.771835543 0.508815521 -1.069895683 -1.669980748 1.337768783 -0.104456207 0.236362634 -0.063418844 -0.924586490 -0.340210457 0.069384337 1.343896168 0.773236764
25.444876364 38.015012392 8.475947230 -0.429207263 0.621661808 0.595540072 -0.273221056 -0.947657160 -0.777070208 -0.514157793 1.017669997 -0.451593957 -0.442482109 0.276012943 0.841425621 -2.037901591 0.171882897 -2.167563140 0.328763828 -0.617239191 0.963004505 -0.427952559 0.734319993 0.269128125 -0.338744099 3.175187277 -0.572829242
30.483670935 34.392511844 5.649777362 -0.388878793 0.213435538 0.547499685 0.709551020 0.248137895 -2.037002572 0.497844887 -0.135322983 -0.097728297 -0.944777266 -0.371163538 1.604100089 -0.280168528 -1.060880980 1.622660698 -0.992393457 -1.022088598 -0.042529572 0.009628670 2.045577119 -2.795231759 0.730687460 1.388174415 -0.467300898
32.350702600 35.245120260 10.534591818 0.761963339 -0.439559676 0.143391889 -0.453473182 -0.303183447 0.218500825 0.081017880 0.513913936 1.005909361 -0.083714204 0.891290954 1.001569195 -1.410923965 1.580991230 -0.262489441 0.538340853 1.179647390 1.180058900 -0.555437125 0.462907342 1.861125152 -0.714358894 0.223817377 -0.472646474
22.942593276 32.799020391 9.289535622 0.021316915 -0.393943798 0.896740407 0.200525598 -0.848940366 -1.076932527 -0.722694532 0.559797230 1.526121077 0.131412082 1.065164784 -0.053453304 1.313867743 0.261244621 -0.863762587 0.090581040 -1.527907934 0.861008701 -0.183780158 -1.211495616 0.412292569 -0.026090770 -1.073493987 0.009766154
16.443545268 38.210433548 6.668355700 0.185161153 0.923762430 0.079102425 0.325762378 -0.819260123 0.233026829 1.624010014 0.136119075 0.381282662 0.500312571 0.705487633 0.619092517 -0.108993130 0.192997234 0.188402603 -0.108372218 -0.359152546 -1.298206408 1.417072070 0.752014714 -1.347468259 0.064379019 -0.984662579 0.594375789
29.989421508 34.994773861 0.987191829 0.370639503 -0.605366505 0.055666153 -0.702181624 0.495128574 -0.153238916 0.429494878 1.216928297 -0.451028852 1.003988204 0.684426338 -0.598790828 -1.173385627 0.159602054 -1.187672590 0.024169810 0.968210177 -1.038475326 -1.229692450 0.000885560 0.368434558 1.203375643 1.011040635 0.730597795
22.471724413 41.963906443 7.225568959 -0.313365236 0.752240041 0.562094337 -0.141375763 1.131788398 -0.177871370 0.076714270 0.802792428 0.355840175 0.542202429 0.671482746 -0.762499299 0.036855176 -3.050541124 -1.702396196 1.807963517 1.473227124 2.488582884 0.503293417 -0.181847222 0.197836379 -0.551863629 1.722190764 -1.207030348
20.804793205 31.651550382 2.043022022 0.321223249 -0.209134105 -0.707327122 0.593941826 -0.304748178 0.237444865 0.867951090 0.246885834 0.229836278 0.632310630 0.926491775 -1.437739264 -0.372314151 -0.407569597 0.143531598 -0.375003827 0.427081377 1.807444813 -0.151521268 -3.149387012 -1.160688541 -0.369808890 0.868972104 0.417458702
21.186567854 39.135396166 14.669819056 -0.679514623 -0.472397542 -0.193587475 -0.526900682 -0.263011948 0.857063863 -2.107266121 0.157625961 0.833823407 0.047501496 -1.680885945 -0.714797755 -0.114903189 -0.252091301 -0.154108227 -0.086402606 -0.046560050 -0.225830962 0.052273319 -1.229074662 1.598735514 1.085423918 -1.340148067 0.319555305
18.912095562 29.886467171 10.618116126 0.528241338 -0.395743346 0.198020658 -0.724662757 0.407260128 0.908709684 -0.361854314 1.141134167 -0.120299775 1.130367977 1.868917446 -0.418640418 -1.015040616 1.864448493 -0.069899319 0.766650448 -0.248744177 0.109391833 1.486849934 -1.172910456 -0.318862624 -0.727238909 0.761380585 -0.194156660
23.109063647 35.551621778 6.771460518 0.745526329 -0.189216088 0.494737667 0.404502665 0.555515033 0.830784128 1.083321978 -0.323721722 -1.765035398 0.777044010 0.563264823 -0.473799170 -0.548064939 0.187467433 0.975548387 0.680687106 0.949683850 1.465239884 -1.307168365 1.603101170 1.406531735 -0.596533427 0.075357122 -0.765901355
21.128101327 39.256803183 4.208878392 0.196845363 -0.489207351 0.351206371 -0.773680913 0.828542346 0.204288679 -1.005686657 -1.235523448 0.301410559 0.423874650 1.329244702 0.929021088 0.517302615 0.988480897 -1.548523793 -1.325193013 0.403600485 -0.825881020 0.883317924 -1.577038165 -0.933840383 0.831949367 -0.483331728 0.666512099
20.305583085 28.241152627 8.010540524 0.288703738 0.208119020 0.672055883 0.649367011 -0.713347572 -1.419950256 -0.822369066 -0.070106681 0.402956434 0.840586760 -1.011218672 -1.308750818 0.574500802 -0.614289823 2.293683351 0.181875524 1.255298246 -0.628650809 -0.290959578 0.306689428 -0.683059123 -0.365259109 0.631265693 -0.646752735
17.379369242 35.521872209 8.274767162 -0.894671695 -0.028878796 0.184781166 0.405690145 0.217890613 0.032360911 0.485596440 -0.207490767 0.087042413 -0.592327029 0.758295165 -1.949569409 0.305084342 1.185987250 -0.506568878 0.085598026 0.527925978 -0.097825736 1.453707143 0.222217729 -1.252544156 1.045588810 2.973536715 -0.810655083
17.950175195 31.684115195 11.160430741 0.235723303 0.407254171 0.254933304 -0.844741129 1.246816794 -2.216627107 0.270923608 -0.559334480 -1.257644316 0.451796116 0.503712923 -0.044508076 1.432791068 1.452968506 -1.747056411 -0.675975776 -0.550742825 0.029331975 0.326562838 0.475691509 1.848754027 -0.067078887 0.483504957 -0.611279668
26.293471836 34.343316646 -0.256959882 0.633296894 -0.140258632 0.530929870 0.545321954 -0.981228046 -0.350138519 1.069874393 -1.660808535 1.301978357 1.858009018 -1.300463173 0.940432041 2.007020051 0.377831859 2.016553729 1.599798792 0.613768467 0.908838091 -0.739994110 -0.174263774 -2.205025771 1.453011415 -1.366080931 -1.616792829
28.868410169 30.230252091 6.691011031 -0.565450999 -0.297372500 0.094698704 -0.763457215 0.597841582 -0.190641454 0.424903016 0.955644425 0.285690473 -2.483052320 -0.185989972 0.189728029 -2.109373535 -0.954556807 0.644704276 -1.345008763 1.022515480 -2.080441933 0.047213102 -1.626311777 0.165927213 -2.785597820 2.063880275 0.239091920
29.161792361 32.967033791 3.477383233 0.095032919 0.939996383 0.045724136 -0.324476265 2.134241296 -1.084052710 0.269430640 -1.413211289 1.085893426 -2.143211249 1.591865723 1.065161028 -0.870009474 0.021556584 -0.821703507 -1.574878626 -0.845830849 0.003256146 -0.778338940 0.400598217 -0.105688537 -0.815733851 0.842569159 0.415149529
21.196410605 38.506212166 10.702868369 -0.871452514 0.371870071 0.241829717 -0.209288207 -0.876384293 -1.274904123 1.687650170 0.402488632 -0.991356414 1.319506203 0.630187759 -1.033852093 -0.296830972 0.758135172 0.181114190 -0.053325816 -1.005602170 -1.733295449 1.027158753 -0.044452951 0.328255456 -0.134581437 0.260792106 -0.302663512
24.569242445 30.626291435 11.622460392 0.495504576 -0.022345829 -0.867705001 0.032617642 -1.347363842 -0.865628309 -1.116314184 2.274111731 -0.662466002 0.540295878 0.396359664 -0.885627139 1.497633534 1.089109738 -1.418997874 0.493768094 -0.829140933 0.953539386 -1.602352981 -0.586742328 -0.378812301 -0.627373419 -0.845541346 -0.924263093
17.974444900 39.551855249 10.514090030 -0.650326681 0.742721085 0.159486042 0.002191116 -0.449746836 0.740536525 -0.805800635 -1.308328687 -0.455905325 0.967116073 1.547286342 1.325090628 -0.790703767 0.984918229 -0.483428782 0.673826978 0.499770746 1.916300225 -0.053949677 -2.039958994 -0.137754997 0.932142788 0.443821022 0.544884894
22.373508885 26.838925839 3.347355403 -0.347147113 -0.593513316 0.437809485 0.579269956 0.700713285 -0.336901903 -0.113404521 0.381788077 -0.672165904 -0.820536726 0.785702895 0.596009987 -0.124379397 2.250758183 0.343182111 -0.445335454 0.513152349 1.791806961 0.158566261 0.795396530 -1.421257256 -2.211994226 -0.377680022 -0.901215412
28.011159364 30.584570406 14.184978751 0.607388116 0.737506812 0.282689535 0.085146965 0.476282818 0.131589805 -0.293531652 0.561089014 -0.525334896 -0.877941142 -1.408136870 0.922892303 -0.254703668 -1.455385742 0.260944054 -0.951104836 -0.471058097 -0.328006952 1.728769716 0.402891407 -0.964048581 0.074249075 0.120034898 -0.074381827
26.929511475 31.684108281 11.593517239 0.211505944 -0.966523022 -0.044743562 -0.138190074 0.478666664 0.365750499 0.357790574 0.106515000 -1.385374375 1.117505537 -0.393566704 -1.099297646 -0.260480310 1.025457841 0.323580714 -1.232821708 -0.033341318 0.593259778 1.434879849 -1.006197620 1.581252850 -1.127382450 1.947170310 -0.118878673
28.099903583 32.190418851 9.028099426 -0.207036112 0.800214445 0.555502016 -0.090611261 0.436784769 -0.882157194 -0.782355360 1.395429618 0.092331331 -1.846808100 -0.071641035 -1.063535972 0.695431585 -0.372523203 -0.855845101 -0.650439141 0.611715965 1.135449662 0.811282877 1.013077062 0.928571580 -0.013361220 1.508338704 1.330871300
23.817846410 32.983975708 12.428446952 -0.249364224 0.869565069 0.417597117 -0.085362302 -0.737485788 0.459972035 0.275382083 -0.575510529 0.817054292 0.406182556 -0.900200809 -0.355794155 -1.359059268 0.638349185 1.325826690 1.297508986 -0.140033017 1.699312833 -1.746608213 -0.126047666 2.325971389 -0.484075950 1.531306012 -0.429324903
24.097511091 31.706568105 12.660221282 -0.709081598 0.547236530 -0.426912993 -0.124421717 -0.158312812 0.843336683 -0.411540199 -2.373235323 1.974026282 -1.014003785 -0.891914947 -0.782655359 0.191031071 0.389862726 0.775743580 -0.847761824 0.318206456 -0.102770735 -0.358400548 -0.493462813 -1.759611647 -0.566614204 0.063341569 0.772064022
17.319041996 37.588302902 4.706438342 0.102044284 -0.013767354 -0.831458517 0.545961683 -1.410983945 -1.014347417 0.715200217 0.397163420 -1.698717199 -0.367272359 1.004475079 1.422698073 -0.558359781 0.401634684 0.779904116 0.117732091 0.719783378 -1.109960355 -0.148478175 0.376594785 -1.009489654 1.118029878 -2.094520528 0.298470490
23.505025762 39.696822166 5.966191991 -0.219075217 -0.790831759 0.111497073 0.560499403 0.434113250 0.005922331 -0.629054536 0.416053140 -0.852056474 1.197636567 -0.418103996 -2.178963886 0.633467404 0.358077434 0.366433726 -1.530939225 -0.092316903 -0.652899788 -0.904162862 0.659106353 0.556281931 1.310020713 -0.375831726 -1.000165130
18.557206165 35.289270673 4.189994372 0.601184425 0.363727432 -0.216628696 0.677754860 0.133068050 0.196720740 0.022182481 -0.478963608 0.142942441 -0.018889732 0.919219765 2.123482595 -0.103678569 1.042900991 -0.173202465 -1.952096771 -0.705197125 1.201396979 0.501122451 -1.108615730 1.443004445 0.193423156 1.426079270 1.975217795
21.393674349 40.800002366 10.279372837 0.895258498 -0.437810618 0.012768356 -0.081676518 0.005101093 0.413844836 0.363181545 -0.877099809 -0.361447162 -1.777330246 1.420289018 -0.384477353 1.041439697 0.406087338 0.729598013 -1.439617615 -2.011020910 -1.393754339 -1.600613498 0.783683794 -1.226880138 1.377586152 1.337973608 0.954439263
25.896593028 39.684008933 5.835189887 -0.105394528 -0.764938639 0.628321824 0.094723589 1.583625401 0.088702205 1.781260232 -0.273223218 0.140375102 -1.279990903 0.871558668 0.103887916 -0.178737851 -0.100283988 0.710435953 2.306137366 2.078585652 -2.097973256 1.659940790 0.502955175 0.864021411 -1.334824403 0.198155839 0.809745802
27.692688149 32.724198114 6.760906561 0.455905792 0.716543157 -0.489575655 0.197563890 -1.778414434 -0.534215792 -0.931774660 -0.585763689 -1.384620031 0.769346232 0.737390036 0.996017878 0.803859289 0.456323974 1.089189592 0.878338540 -1.932050012 -0.261628418 2.538649102 -0.547004785 0.301264005 -0.223279924 -1.502493126 -0.406906851
31.615442458 33.275062477 7.354950492 0.350274854 0.324752957 0.770153849 -0.422736435 3.132289211 0.627124141 0.704423212 1.163713701 0.395904249 -0.402693228 0.006713602 0.115307467 1.653958964 -1.133349128 -0.894811959 -1.100191387 -1.014367449 0.375397338 1.234571696 0.596486939 -0.876856278 1.001751881 -0.779614414 -0.120560262
23.984054963 35.071508550 11.909228362 -0.283441575 -0.026893989 0.034642679 0.957986154 1.866521712 0.132224830 0.241026516 -0.932114339 0.808843721 0.310950018 1.188955369 -1.136335522 -0.726809374 0.552610596 -1.518239097 -1.193084486 2.251886547 -0.287586524 1.107753259 1.319949136 -0.417587848 1.919338285 -0.503853678 1.412003431
28.275133921 37.295318867 8.613850083 -0.185965031 -0.490037418 0.851188765 -0.027532203 1.190215695 -0.243884684 -0.367036109 -0.971237669 0.046569576 1.024298984 1.296422920 0.003215755 -0.594748234 0.301440258 0.748461502 0.623294986 0.779596690 -0.022774242 0.044293467 0.501231536 0.788489258 -2.386527706 -1.535428518 1.153142024
26.547225371 37.201132919 6.439630280 -0.253892568 0.051525838 -0.131785518 -0.956826123 2.388749972 0.245865421 -0.396516231 0.347106662 -0.598356022 -0.164939202 -0.676631110 1.750026527 -0.737795784 -0.824033500 -0.568339034 0.431791401 -1.658009354 -0.002105100 -1.395626186 0.262888793 1.128360261 0.339944269 1.197839538 2.209403269
22.047634712 32.068079456 8.578321847 -0.803351899 0.177957105 -0.109145215 -0.557713473 0.694800297 -1.286998241 0.479967709 -1.686539142 2.105004947 0.952705816 1.634409597 -0.414153650 -1.715076409 0.645091132 -2.194937183 -1.330055236 -0.169433603 1.738185396 -1.997535448 1.258004348 0.945329086 -0.546977443 -0.425617489 0.123037022
23.075012034 40.797303694 9.115337296 0.667466823 0.064251327 0.065926899 -0.738927230 -0.126833243 -0.065474439 1.132095980 0.001424970 -0.889590897 -1.569830265 1.037583406 -1.644579730 -1.936795919 -1.497697257 -0.172993736 -0.670649770 0.334598559 0.085803129 -1.671871141 0.772084164 -1.162403739 -1.362094212 -1.597543180 -0.541949149
23.846668381 31.917603964 4.988704887 -0.283979242 -0.082575970 0.795582774 0.528758026 -1.835683798 1.040690578 -0.663717109 -0.307656055 -0.741723140 -0.486714742 -1.638498114 -0.309745165 -0.026612670 0.389995012 0.671048716 0.076513438 -0.297201580 1.175712391 1.066548564 -0.043066588 0.713201130 -0.336386925 0.704896407 -1.988408769
24.660323366 43.620031621 8.793746996 0.406621911 -0.099066211 -0.001186301 0.908208731 0.179158614 -0.057467317 -0.383339755 0.913222864 0.031803962 0.584792344 1.021032917 1.484781177 -0.166869038 0.441822852 -0.449063363 -2.786457375 -1.290552396 -0.801678475 0.689452994 0.303011704 2.962970391 0.554377080 0.220450461 1.109975575
26.393866744 34.413257207 11.676375786 0.849711541 -0.180073920 0.017757901 -0.495225541 2.566940427 -0.261629015 -0.882973252 0.398437249 -0.814654334 2.110429471 0.211232188 -0.163545374 1.463773263 -0.522785517 0.721966303 1.239267767 -0.821907027 -0.082803037 -0.455873141 -1.497986679 -0.493360606 0.248236989 -0.594410703 2.375231020
19.995100406 31.326442681 3.175583382 0.641551226 -0.227358041 -0.731161954 0.046071068 1.074393118 0.023727722 -1.115743057 0.250046728 0.342737620 0.281966341 -0.340075927 0.011700095 -1.524490819 -1.712368097 -0.195579460 0.810662602 1.510798951 0.036950183 2.029211879 -0.175737279 -0.433090840 2.061905134 -1.148835123 -0.057423602
26.163764455 36.852378929 11.548267690 -0.423508906 -0.091467595 0.050794611 -0.899829869 0.046431784 -0.001046198 -0.724157952 0.533577323 0.191269785 -0.810411981 -0.813100342 -0.759511203 0.670533002 -0.820713226 0.072619685 -1.558519270 -1.621903316 1.422552615 0.705012069 -0.463731171 -1.131998469 -1.412561302 -1.124730676 0.287724283
25.000209238 43.831518975 10.490191645 -0.587338520 -0.762691773 -0.019981599 0.270065653 -0.454508107 1.464652653 -2.724182259 2.937470083 -1.520655900 -0.646910774 -0.146049144 1.360081486 -1.255774846 -0.373171088 1.805590205 -0.438637247 -0.195844263 -0.085569157 -0.310161313 0.589370099 -1.112413621 0.902128641 0.113535541 -0.150222475
15.565412146 34.572181578 3.009074536 0.284628451 -0.317550394 0.407905380 -0.807317529 -0.002905235 -0.737593586 -2.219357184 -0.770216058 1.103455451 -1.293019775 1.905110970 -0.414383064 -0.204157991 2.293381975 1.379849518 0.104891145 1.107658711 -2.107226501 -0.501078142 -0.287954137 -0.599434809 -0.995553047 -1.437196963 0.285780957
27.759474842 39.487430139 5.728668619 0.491044466 -0.124738669 -0.414229313 0.756128080 -1.070122674 0.263805262 1.053139515 0.253659470 0.845117064 2.123231127 -0.569506768 0.615986629 1.406534991 0.558289077 -0.798684378 -0.163831603 1.498103854 -0.434845233 -0.204794029 -1.599483346 0.827792469 -1.116904430 -0.299544429 1.110735141
22.041548619 38.407386809 9.112099466 -0.311108655 0.949729382 -0.019292075 0.029211672 1.130309868 0.179749160 -1.396900386 1.406438440 -0.612146576 -2.653202179 -0.398904668 0.085993235 0.118575001 -0.547267584 -1.307885320 -0.431092867 -0.255541284 -0.402242744 -0.905243003 -0.859806938 0.246940869 0.411205452 0.267069402 -0.631781159
15.454474839 35.948948509 6.028678677 -0.762516118 0.122857383 0.223946061 0.594410124 -0.193850799 0.253146001 0.409888912 -0.575712543 -0.103581159 -0.467952726 0.140148176 -0.768301637 -0.945027190 -1.126342922 0.459598842 0.042092816 -0.295203795 0.598965301 0.738506305 0.678290310 0.634752723 1.405343450 -0.193379153 0.358032011
32.452290752 29.708086079 4.890947758 -0.771891755 0.336371301 0.307153783 0.443501996 0.627954116 0.756319104 0.852226061 0.906694478 0.405955707 -1.996459987 -0.414620727 -0.912083537 1.288219591 0.740009603 -0.548527527 -1.034337863 1.503565270 0.113201734 -0.560082180 -0.157579455 1.765277684 -1.029885901 -0.006291126 -0.798464521
29.113601208 35.544426382 1.125158143 -0.127750320 -0.273299941 -0.338771175 0.891190826 1.257015456 0.668952215 0.641523284 -0.382733381 -1.456244692 -0.823833007 0.449284255 1.315108100 1.200321805 1.441985872 0.420181174 0.636749837 -1.732100069 0.347608439 0.401360851 0.325277694 1.091106547 1.488923148 -0.381728995 0.090809228
34.529208440 34.600045626 7.846405843 -0.144772442 0.536095968 0.059384331 -0.829527308 0.000927608 0.214084679 -0.570170481 0.197678450 -1.190177546 -0.442284683 -1.073124602 0.441593694 2.038626148 0.405808675 -1.103375598 0.581939799 0.405264577 0.793157047 0.612706546 -0.456786244 0.507385408 1.045122178 -0.741565960 0.913478483
27.723670484 43.957324068 7.281519903 0.333304046 0.843256178 -0.421680237 0.003634358 0.170811701 0.164486150 -1.123663676 -2.383814637 -0.416333642 2.037072447 0.906861101 -1.583117833 -0.656449942 0.779119429 -1.207876863 -0.820678205 -1.358774589 0.367450032 1.292604368 0.458046134 0.584944467 0.673834391 2.150408891 1.788210030
21.410244890 32.943709481 2.542391715 0.178888702 0.845290938 0.274511369 0.422049252 -0.424980338 -1.645510598 -0.038823715 -0.597496201 -0.506361708 -0.964188081 0.616023970 2.002615717 1.103870091 -0.012494882 0.254352661 -1.137922383 -0.373002592 -0.247370635 -0.529665002 -0.297467459 -0.795319831 2.126414369 0.444377338 -0.788959976
26.825517638 27.824453625 6.292795924 0.578824389 0.168376577 0.756716394 -0.252966311 -0.102704257 0.550409664 -0.681582425 1.146503070 -2.414796917 -0.340404278 0.388626172 0.480539224 -0.348291044 -0.863090586 -0.396844811 -1.056720096 -0.965541314 0.636170067 -0.029941911 -0.484421942 -0.796335444 1.155767690 -0.673119756 0.295624233
22.519628498 32.335614535 13.971596094 -0.516278112 0.130161988 0.643077082 0.550424049 -2.594612747 1.337566484 1.306580547 -1.269398875 -0.063652216 0.314940790 0.868894029 -1.912573686 0.755660732 1.757042529 -0.461484761 -0.772302518 0.713368798 0.077111890 -0.894080386 1.207636654 -2.014577989 -0.648044801 -0.019296441 -0.734937753
28.421949730 35.108706797 13.479476870 0.499216156 -0.446980032 0.704164187 0.234829468 -0.574093690 -0.280150548 -0.875669679 0.212654187 -1.033827331 -1.097782463 0.904158097 1.007255445 1.662119399 0.183426203 -0.051782347 -1.666696671 -1.346111549 0.327361438 0.554443942 0.390226769 -0.877247984 -0.520745886 0.022186397 -0.111464337
21.712913920 43.089041628 7.290522962 -0.498054486 -0.857377538 -0.064406882 0.112682027 0.251755408 1.223870482 0.274863279 0.683994324 -0.520012613 1.507872881 -0.669241482 -0.309158685 -1.422610723 -0.206286061 1.620207979 -0.011845448 2.240191495 -0.497076829 -1.718645497 -1.658853271 1.513095270 0.082230835 0.729279462 0.591540245
21.994458423 42.676518960 9.033181471 -0.026776373 0.276977421 -0.904850447 -0.322199010 -0.312064726 -0.414908797 -0.635674755 0.890303667 0.455857780 0.333631091 -1.640583391 -0.029240187 -1.722933669 0.187024240 0.176006166 1.036623951 -1.113321130 0.121955132 -0.107428625 0.337096675 0.830906362 0.044462429 1.398725295 0.780833586
17.688872549 28.793355956 5.478032617 0.049606308 -0.766944497 0.405316889 0.495028860 -1.336387513 0.786467239 1.636324869 0.194640386 0.249284361 1.591256148 -0.043453638 0.161242002 0.078581745 -0.959459676 -1.114577285 0.281847590 0.877693982 -0.002103113 -0.563087199 0.281589603 -0.069414735 -0.580525940 -1.708412222 -0.208020438
22.407177862 30.270188933 -0.448054966 0.219872531 -0.578081240 -0.661098499 -0.424766905 1.138742511 0.003639869 0.001206552 1.121939571 0.279098246 0.186214762 0.364147640 0.268031935 0.134441795 -0.716808510 1.177451785 0.374452301 -1.259520873 -1.700668444 0.804440502 -0.108568779 0.272449515 1.023178430 0.774114478 -0.421011052
25.851512541 33.844872006 2.940339294 -0.550391246 -0.366937911 -0.021690104 0.749636969 0.087380672 0.562006788 1.007530609 0.006124138 -1.156617234 -0.623879092 -2.171751442 1.294773006 -0.289159524 0.410167122 -0.622557311 1.011372251 0.583321427 0.570544837 -0.340396298 -1.787049459 -0.634698521 2.201492205 -0.991526696 0.294409074
18.313514828 38.725139984 11.173777522 -0.028219166 0.816566456 -0.054825300 -0.573948680 -1.497195589 1.247899819 -0.348752415 0.929754412 -2.007312256 -0.970617122 0.589576251 0.126157983 0.689886072 0.967878851 -1.254766277 0.883470444 -0.307778299 -0.175546379 -0.017073603 0.386021770 0.056494876 -0.001776421 -0.702859020 -0.194763867
32.787339102 29.532420644 9.650367480 -0.498974688 -0.192860900 0.648475368 -0.541579755 -1.260408402 -0.562135537 -2.310192297 -0.175429150 -1.547999652 -0.245501650 -0.335151003 0.795736685 -0.879365214 0.109452595 0.478692717 0.424018170 -0.212987055 0.129319618 -0.651223603 0.368146886 -0.697659472 0.633150990 -0.720896294 1.151139716
27.033028275 37.326837466 11.785081041 -0.072897231 -0.855401239 0.260774030 0.441555907 0.681826322 1.846843010 1.086099078 -1.684737468 2.115866202 -1.215083824 -0.314873708 0.575682550 0.594614981 1.127322489 -0.160666292 -0.200205890 -0.771732679 -1.682961117 0.652916195 0.118210260 0.656831013 0.173978823 -2.213819472 1.515281974
26.934770219 36.287341282 6.185391840 0.269982859 -0.146635699 -0.185344236 0.933410275 0.236957658 -0.903430711 -0.056408334 -0.287925746 -1.240557901 -1.121981036 1.109270293 -1.332534451 -1.326829486 0.264396337 1.978402129 -0.060036205 -0.482149480 1.020164579 -0.866385782 0.738444859 -0.763895405 -0.710829058 -0.250722858 0.160384967
24.972944834 29.003695716 11.130654379 0.513632898 -0.494357309 -0.574968995 0.401500626 -1.686908858 1.327631895 -0.958460660 0.195660434 0.437330905 -0.382577389 1.066330715 0.907830338 1.019483830 0.401207536 -1.350328432 -0.654912029 -1.108092882 0.019107600 0.460634686 0.159239521 0.713268037 0.682755806 -0.226494444 -0.091741865
19.757429930 38.497637512 7.844456448 0.677944259 -0.518579543 0.013619018 -0.520846774 1.054187571 -1.575629195 0.116551978 0.171525098 0.182846564 -0.243037588 1.036289023 0.786993871 0.196805946 0.538116157 -2.328245440 -0.804694065 1.467661177 -1.341818055 2.086749340 0.428112302 -0.670638548 0.337745229 -0.867359543 -0.089166643
22.115054753 34.796777633 8.884338995 -0.346560928 -0.384161322 0.819397416 0.246786298 0.594161268 -1.184508059 1.709005250 2.046742248 -0.606963887 1.280300871 -0.575268927 -0.290256199 0.070659737 0.425873413 3.656481160 1.740068141 1.387834350 0.200343298 0.185359108 1.254531612 0.751999163 -2.041429454 0.490103265 -1.024411078
16.876955873 34.525518205 1.260745740 0.076599621 -0.028502699 0.247993846 -0.965307799 0.381626078 -0.205156744 0.213556189 -0.636449703 -0.726797424 -1.474424974 0.097212493 0.088541753 0.707479966 -0.246236140 -1.278876610 -1.145937870 -1.231618732 0.172455216 -1.617673790 -1.197267488 0.334020428 -1.897440720 0.068766827 1.336972000
29.233320903 42.860163074 5.376536534 -0.777333242 -0.520395245 0.312073573 -0.165987665 0.725807017 1.608859395 -0.496297322 0.324311514 1.778764720 2.541335594 0.303562279 -0.642634422 -0.091137694 -0.479195502 -1.240054088 0.664113206 0.860705827 -0.056067377 -1.140780269 -0.342146040 0.855587996 1.041044929 -0.906744098 0.518902526
21.791346070 32.279635225 15.748660027 -0.215799577 -0.841910748 0.237758036 0.433691078 1.072231380 -0.367746167 -0.687765473 0.236874039 -0.041986693 -0.401694513 1.687480861 1.109954730 0.617553941 -1.876698084 -2.276242216 0.603192133 -0.995560339 0.001229398 -1.585680425 -0.230622385 1.295097835 2.036397737 -1.087116644 -0.910864959
16.874888839 36.454969982 3.291882623 -0.128240349 -0.002252083 -0.465051848 -0.875942989 0.436248906 0.319603092 -0.815838970 -0.634549221 0.341162860 0.089778723 -1.283606208 -0.763043855 0.173941680 -0.114265533 -0.305855429 -0.946205228 -0.957091329 -0.549449547 0.221479960 0.202872757 1.013989579 -1.812614128 0.967293951 -0.521163629
18.896401800 28.568772624 2.966692661 -0.647123108 0.689540545 0.208480119 -0.249602805 0.737716859 0.613205834 0.469704824 0.923035524 0.028198412 -0.757876339 0.191906314 0.668397949 0.427371588 -0.890120069 -0.440484004 -0.317409710 1.193428539 0.985501091 0.089950465 0.022212791 -0.288663683 -0.151861533 0.140974404 -0.862316919
15.311218032 35.410807703 7.458637311 -0.584247131 0.036830538 -0.226017586 -0.778598004 -1.306065816 -1.155524356 1.945733805 0.141771351 -0.497277378 -0.486976150 -0.414435970 -1.004751975 0.305752433 -1.389952018 1.025799320 -1.682979365 -0.422560417 1.095739422 0.329884510 -0.993108409 0.438772762 1.901642759 -0.039644421 -0.562139619
16.288548515 35.378413598 7.462038531 0.634376129 0.351991546 0.311785009 -0.613562536 -0.993118455 -0.309774858 2.294214494 -3.262522098 0.440445763 0.927209065 -0.938510848 0.532815571 1.019027280 -1.532825654 1.011095915 0.054439440 -0.122653130 -0.232827734 -1.039371726 1.375192403 -0.994323701 0.595810937 0.906811383 0.280814558
20.188104557 29.640271264 12.930239651 0.440537687 0.411359844 0.795906353 0.056944724 0.580872931 0.235495602 -0.059738702 -0.516492088 1.277346278 1.233731844 2.116127037 0.015437108 -0.342274527 0.731541130 1.751843376 0.420960987 0.917687585 0.272068525 0.754216123 -0.073701171 0.142145423 -0.280423897 1.092569520 -0.349589703
21.020513230 30.602052245 8.780873356 0.900370740 -0.078817442 0.344124362 -0.254359520 -1.223423860 -0.205146913 -0.395759339 1.747930662 -0.409979751 -1.316931667 -0.994120245 1.834099342 1.762865755 -0.544383884 -0.343207340 0.052793568 -0.614405278 0.528589667 -0.654200556 -0.273653454 -0.424071358 -0.921064100 -0.797952839 -0.934569469
19.387384887 32.409020447 0.568438632 0.533956466 0.710366001 0.195485860 -0.414796234 -0.648453964 -1.103997288 0.552463078 2.338167941 0.190073973 1.667152086 -0.770950383 0.835882547 1.019055721 0.936801960 1.035082439 -1.606934274 -0.299086373 -2.248069845 0.423453904 1.142849630 -0.647333485 -0.732637584 0.174663097 1.339250025
28.210470314 36.886748326 12.488630406 0.696351883 -0.135948221 0.340739120 -0.616854106 -0.110917112 1.197803667 -1.595415300 -0.501109627 0.703112856 0.638513455 0.260622960 0.477454773 -0.321896925 -0.603200245 -0.119177837 1.650315931 -0.587618100 1.057066201 -0.308880690 1.262457600 -0.738784165 -1.579923154 -0.742075247 0.738773633
23.746203180 39.758472081 0.787411841 -0.590060785 0.789544669 0.088378452 -0.143654914 1.257729288 2.212694752 0.022814979 0.409585354 -1.856731597 0.341599853 1.455617450 -1.777906308 -1.034562052 -1.070652973 1.257871052 -2.129439333 1.295841558 -2.574586967 1.583657591 0.182481313 1.228084219 0.034746526 -0.368635193 -1.220228239
30.358555541 36.624954202 7.775344054 -0.205378448 -0.797279360 0.541955242 0.168670776 -0.902933738 0.181856184 0.713874266 0.351748939 -1.632909730 -0.962452690 -0.149022595 -0.858133130 -1.744304682 -0.866647034 -0.823925328 0.336502685 0.724210171 -2.264671050 1.080934878 -0.902363080 -1.047647959 -0.208372918 -0.071482035 -1.428410162
23.357325217 25.773931198 7.261006934 -0.552302974 -0.310761709 0.234538899 -0.737143195 0.560179236 -0.745996538 -0.847874281 0.863171745 -0.952651784 1.546638204 -1.819182813 -0.139237291 -0.211938396 1.519168976 -1.084752126 0.459621130 -2.621802577 -0.400941104 0.791946056 -1.058838243 -1.792395532 0.797813709 -0.487272117 -2.352886875
26.147125601 42.256541367 6.636744275 -0.258764176 0.748655128 0.264590903 -0.550043866 1.507466560 -0.796519930 0.377711995 0.014550009 -0.809534980 -0.307754434 -0.275726247 0.234184302 -0.987588630 -0.529246341 -1.173019882 1.126075264 -1.316170765 1.805308761 0.172986847 -1.098287052 1.039098886 -1.439799608 -0.342206108 1.037009288
22.062692436 32.767605080 14.578146372 0.846363041 -0.270761031 0.167007391 -0.427161091 0.047229055 -0.208295209 0.978969460 -0.752661835 0.990031051 -1.586695041 -2.029808856 0.502516430 0.492975102 0.523252304 1.485912720 -1.129378437 -0.585178562 -0.162479820 0.053598306 -1.901634597 -0.256049603 0.601485788 -1.235729908 0.215033731
17.648800730 33.572664696 12.250377177 0.785110338 0.090835188 0.559381473 -0.249886159 -2.052136858 0.125640451 -2.183212217 1.163560091 -0.218087933 0.333585954 -0.105743979 -0.414412956 0.823485335 1.264502569 0.616459900 0.087943706 -1.059511575 -0.860432864 -0.810913633 0.964790300 -1.546202618 0.294112225 0.015543810 0.229130773
17.954408900 28.299959448 9.366798087 0.123007914 0.234820798 0.775959461 -0.572376765 -0.334539121 -2.344238243 1.732077160 -0.878461034 1.160993634 1.285022246 -0.088810134 1.520662588 -1.218316138 -0.637203545 -0.133765459 1.151211884 -0.217965761 -0.685452393 1.520910943 0.693544592 -0.917499157 1.230519691 0.198861560 -1.261340157
31.815885449 40.988975134 8.004061308 -0.500052884 0.590598804 -0.185944806 0.605445865 1.220651552 1.106822610 0.052623999 0.186002158 -0.401505120 -1.385868119 1.862603538 -0.530571090 0.836580518 -1.133159422 -0.126199714 0.418947459 -2.117921916 -0.534337801 1.189263717 0.133733371 0.048590843 -0.771245946 0.440294009 0.183368357
29.061959127 31.441260183 4.241851008 -0.212057246 0.391201179 -0.529218970 -0.722440754 0.898820631 -1.271618961 0.791451535 0.235249194 0.367448235 -0.901793196 1.129289184 -0.274819620 0.333649369 0.694664876 0.202213038 -1.572081354 2.790786300 0.068703201 0.133809308 -0.112546930 0.338615898 -1.118254900 0.726634199 2.179603351
19.317707112 28.242390409 6.466074584 -0.850836164 -0.497999445 -0.162899035 -0.039220903 0.357348452 -1.395656140 -1.012560923 0.011747343 1.122392796 1.410562011 0.548803354 -1.871491532 -0.200275682 -3.143853970 0.884695635 0.160909516 -0.764987589 -1.118788808 -0.398518565 -1.639319986 0.074504165 -1.242946182 -0.492549751 0.139900254
17.349728106 37.003759291 3.098805737 0.219104899 -0.688542468 0.360852621 -0.589650489 1.281355538 -0.380496026 1.978169518 -1.115395575 0.347549914 0.214119601 0.331128588 -1.049234287 -0.640291892 0.947483624 -0.522461736 0.147687941 0.610906797 -0.920576277 -2.046594254 2.481385045 0.681296520 0.416703069 -0.796168954 -0.131339812
28.541509948 26.652880892 11.577413911 0.685401848 -0.614546008 0.047726458 -0.387659251 -0.039513720 -0.725398760 -0.394336978 -0.188332995 1.118547330 -0.268829080 0.100030404 -0.197472154 0.562429680 0.202250669 -1.020140328 0.008953452 0.733956912 1.863043650 0.359460844 -0.665015949 -0.258819339 -1.202256882 0.454829052 1.589033211
24.509365184 25.827581663 7.166899766 0.722726394 -0.355002453 0.558925509 0.198096171 -0.561284903 -0.147703941 -0.680591428 -0.912828616 0.452815090 -0.411239480 -1.331815094 -0.912284792 1.116437264 0.432281705 0.090835079 0.675384756 -1.800427601 0.317009118 -0.637202121 -0.304459666 -0.094369551 1.072897643 -0.581049895 -0.338289959
18.330320803 30.694449715 6.152616747 0.824006665 0.430181944 0.224054228 0.292841618 -0.413368324 -0.209748123 -1.154034338 0.539028008 1.016628185 -1.489707306 1.924630271 -0.128870444 -0.448768725 -0.583915273 -0.337092575 1.106595545 0.820407500 -0.743413981 0.243868611 -0.367984765 1.103233141 1.434405604 0.406320430 0.160249547
21.593118935 28.605390545 10.524776241 -0.362591509 -0.552297772 0.725639374 -0.192203196 0.234773402 0.433270309 0.644923446 0.231787542 1.759116186 1.942368559 -1.219199268 -0.930757549 -1.590967260 -0.688910361 1.201429721 -2.058623504 0.510867578 0.826735705 1.111354689 0.378194590 0.475357286 -0.365986054 -0.580718941 0.511498136
25.953731127 26.416305732 2.300025412 0.977085047 0.084458750 0.008139738 0.195205725 -1.225813831 0.353433640 1.435003726 -0.871326461 0.192566926 -0.926823162 -0.068063545 0.766865046 -0.623914599 -0.657274997 0.196366860 0.153665749 1.757788413 -0.714953597 -1.113423676 1.261118865 1.325946388 0.775201090 -0.218161560 -1.244767518
25.109927711 26.619804369 7.689902830 0.246377146 -0.192073544 0.477423359 0.821263047 -1.102368668 -0.841253158 -0.847222718 -0.287654126 2.830335920 -0.341605318 0.420025064 0.224281981 1.056035779 0.009999789 0.862177137 -0.362333045 0.469998878 2.009202294 -1.482277110 0.328897378 -1.185067160 0.871933099 0.237899401 0.760326505
19.034001377 30.271228194 2.073298953 -0.725207192 0.591577947 0.331255033 -0.119917324 1.243151389 1.523796398 -0.904062720 -1.422389049 0.459451401 0.904330919 -0.296333037 -0.467216610 0.678646059 -0.242429539 -1.877550997 0.515901472 -0.710198948 1.076322096 0.943346734 0.040250248 0.235642245 -0.569922265 0.586301460 1.552167226
25.926072339 33.814341596 16.409351638 0.821011752 0.115454485 0.535060302 0.162235751 -0.836528059 -0.201835031 1.929817598 -0.079246044 0.951176840 -0.963052818 -2.168853874 1.193533596 -0.138002455 -0.498184307 0.563634315 0.507161935 -0.742629936 0.418072826 0.885066770 0.682595098 0.899133686 0.324136980 0.685257024 -0.189021942
17.747627214 39.906941403 11.799651894 -0.222267432 -0.125182074 -0.899362697 0.355068129 0.958593712 2.590070797 1.226999403 -0.586527772 -1.169022163 -1.208297010 -0.295952239 1.002774113 -0.741761069 -0.543971814 -1.404162425 1.052255770 -1.572064487 -1.485997490 2.181663752 -0.684264661 0.917624252 0.474560478 1.184352831 -0.763914619
22.282141280 36.410785884 3.899734800 0.539319891 0.460571093 -0.703391610 -0.047419053 1.495080224 -0.210123988 0.006415390 0.239367304 -1.430715628 0.341024873 1.493903067 0.910144755 1.582116901 -0.301298559 -0.351221514 -1.346096177 0.445329923 0.513589084 0.165102820 0.888970601 -0.899974135 0.059540291 -0.947640366 1.336409311
26.915431932 35.831692222 2.654566539 -0.189347580 0.346207260 -0.866801677 -0.304865346 -0.456379519 0.848257995 -0.777656138 -0.024777153 0.254183892 -0.360697028 0.608274494 0.480222226 -1.260245379 -1.373898321 1.554361399 -1.082878482 0.590148877 -0.155082484 0.161586668 -0.727126295 -0.752095693 -2.997361555 -0.109717084 -1.287059327
30.411352542 28.463329897 2.735230749 -0.438119411 0.669952923 0.597053175 -0.052363816 -1.009100987 1.731558730 -0.977638331 0.810623898 0.152764136 1.445635070 1.748139947 -0.320036528 -0.495665309 1.300528012 0.362166914 0.720531450 -0.980303095 -2.236362182 0.218023955 0.135185820 -0.215632353 1.526486613 -0.755119883 -0.142587477
23.586966308 38.470468556 0.816435920 -0.421020986 0.815389220 0.176174287 0.356152172 0.505361599 -0.294124279 0.020513958 -0.903392178 -1.040061092 0.324461365 -0.549537436 0.104324698 0.986886606 -0.166468748 -0.662279701 1.270189039 0.120537748 0.748003093 0.219431865 0.347424760 0.714364501 -1.356830492 0.019743306 -0.305894301
27.530629267 28.584833145 7.226125343 0.000052676 -0.647192065 -0.754453125 0.109283626 0.974791125 1.536518244 -0.325647862 -0.686580182 -0.116277912 -0.925985302 -0.428969816 1.755687504 0.047134295 -0.695939782 -0.283377911 -0.219422165 0.760943168 0.565453811 -0.549677681 -0.251738148 -0.276034909 -0.429165085 -0.201564494 -0.131783213
27.296914262 40.510822530 1.256444093 0.776867296 0.286811689 -0.047687204 0.558517851 -1.251006393 0.960947127 -0.088185103 -1.530115688 0.017163120 -0.915404838 1.899643362 -0.213087151 -0.496035164 1.827689072 -0.596356912 -0.778128106 -0.226277319 -0.024129974 -0.458381222 1.053941359 -1.522915061 -0.389568574 0.543867748 -0.827452288
20.771952473 30.960276272 1.308225210 -0.581364266 -0.120232782 -0.432136536 -0.678835535 1.470342981 1.401499974 -1.341662875 -0.803180077 -0.767387154 -0.412186481 1.370352819 1.157779684 0.931888875 -0.903824466 -0.248230575 -0.231544417 0.669999616 1.105077817 -1.662803997 -1.567787780 0.494674103 -0.035944729 0.706772841 -0.424429787
24.882917451 35.921839134 4.979761966 0.379182423 0.775933845 0.501278724 0.053544359 -1.058022358 -1.035827865 2.304567274 0.027573719 -1.036823719 -0.555391073 1.090969688 -1.695493822 0.363981489 -1.089953355 0.724319620 0.813100289 -1.438373375 0.800040110 -0.127094249 -1.056830945 0.369089183 1.026142177 -2.093088476 -0.680033265
23.261175680 27.268600765 12.418718314 0.350513920 0.873715952 -0.323074345 0.096867921 -0.158780552 0.239894983 -0.535440866 1.388467896 -1.756744228 -0.376058290 2.048100938 1.252516655 0.543205562 1.154071668 -0.801181696 -1.294458331 0.861283998 -0.630460271 -0.182570211 -0.542744629 0.684837205 1.748438964 0.457584989 1.545296696
16.292359943 30.603841865 6.232409488 -0.424730601 -0.823993707 0.185342864 0.326015813 -1.395636277 0.471713835 -0.013925335 -1.548731230 -0.931227351 -0.764816153 1.089011753 1.462009711 0.058742784 0.334582480 0.720014909 1.034214664 -1.189059779 0.455476212 -0.487881458 1.097771982 -0.126102682 -1.554916527 1.787015120 0.278791455
26.818368417 25.187713789 4.714075203 -0.223617209 -0.924474038 -0.163094053 0.262189678 0.775455759 0.741482535 -1.086249747 -1.097754920 -1.036336592 0.393708596 1.579088805 0.192385122 0.214385886 -2.476270011 -0.259486317 -0.215536985 1.526047968 -1.021521984 0.670924053 1.367872614 1.079364733 0.240932905 0.186571989 -1.876259059
30.278137019 33.447785485 10.128122315 -0.930226992 0.238226938 -0.265466620 -0.086331590 2.172823875 -0.062929771 -0.535746308 2.203384635 0.252419210 -0.717027103 0.580673627 -0.694642436 0.550089070 -0.382693875 -1.099907463 0.294638611 1.161519019 -0.925066153 0.804958744 0.349028682 1.872164743 0.115696351 -0.604395106 1.425084722
25.799108440 32.968620621 -0.454503289 0.172549371 0.955327004 0.029813858 -0.238092763 0.709235203 1.070002503 0.840388834 -1.190006484 0.269597265 -0.950453037 -0.505528751 1.542150198 0.879572713 -0.524991141 -0.276905683 0.526909661 0.611903416 0.991196905 -1.902268297 -0.977290051 0.022704702 1.262823911 0.247670527 -1.275367396
20.239548341 28.259646775 11.152553884 -0.725120617 0.517485993 -0.442143742 -0.104485643 0.457994381 0.011371060 -0.407577397 -0.903851241 1.497784254 -0.293933575 -0.563448715 -0.755118563 1.666082780 0.715120718 0.834785386 1.527346154 -0.164205613 -0.886806684 -0.129348958 -0.477225418 0.315561278 0.825702720 -0.873110493 -0.666187703
25.498631574 33.653644507 4.693211902 0.236361794 0.282489478 0.375770000 0.850370334 -0.964261073 -0.137729331 -0.647557830 -1.952111455 0.945548404 -0.546751185 0.211194185 -0.001715232 1.993406132 -1.062845430 1.250192277 -2.041523328 0.364042946 0.555625194 1.503008632 -0.714360924 -0.211632357 -0.362827641 -0.241310675 -1.556773226
23.783883648 33.464838710 9.747576109 0.398395127 0.106281895 -0.799070300 0.437575292 -2.200943606 -0.909929090 0.419172005 -0.935269947 0.355777861 -0.012387916 0.201427074 1.166749718 -0.668999985 2.603202832 -0.544713479 1.173529894 0.344211741 0.437440164 1.870130708 1.636394168 0.082194647 0.938869741 -0.213760350 -0.311730521
18.715329167 31.775893268 0.373489448 0.135563151 -0.771039006 -0.036071332 0.621144381 -0.588909590 -0.908403465 -0.797597476 0.863669823 1.663196962 0.783450527 -0.932128295 -0.160757193 0.926866186 0.143775300 -0.432486084 0.441305122 1.665381329 0.456693819 1.267291621 0.242852648 -0.406350076 -1.645596086 -0.338085790 -1.196629854
30.133782330 30.694009926 13.857038085 0.678258236 -0.172051505 -0.679345056 -0.221030180 -1.691952353 -1.646944331 -1.918097886 0.199965916 -1.386930155 1.265744929 -0.113902289 -0.486422592 0.475449492 2.366294097 -1.546969160 0.682733842 1.223476123 -1.225901684 0.970308778 0.939785817 0.385408497 1.597198045 1.102268470 -0.448017613
34.427252241 32.773642016 7.651544239 -0.062138999 0.286529458 -0.393226767 -0.871442669 -1.064409659 0.392492861 -0.418300582 0.386175311 0.676301407 0.118645605 0.672695938 -0.135429317 0.026652124 0.623572496 0.260618358 -0.333467606 1.226096715 -0.953185126 -1.640716118 -0.406836260 -0.347521449 -0.942513847 -0.002055971 1.813972876
21.717060105 36.120967640 2.332161921 -0.131647179 -0.103255714 -0.629820531 -0.758507334 0.079750109 -1.215771232 -0.531481535 -1.427430402 1.467779959 -0.496841401 0.533364726 1.186343495 -0.137714365 1.145734984 1.130071405 -0.563546343 -0.754947682 0.843277271 0.618575526 -0.769928294 1.500266220 -0.807805503 0.336987321 -0.676074472
30.100203045 34.342877374 6.065851544 -0.074414648 0.090950708 -0.782632068 0.611291645 0.212131533 -0.363130452 -0.288221074 0.136629766 -0.484923575 -0.420397345 1.102559323 -0.759021739 -0.679904202 -0.860933542 0.660901997 -1.253842288 -1.185380025 -0.748663119 -1.250041200 -0.401085786 -0.258484909 0.449624338 -0.839834737 -0.257509656
23.345177757 32.037667769 16.353383479 0.792018874 -0.396845232 -0.285092054 -0.365981538 -0.327789586 0.573220056 -1.117899344 -1.032480484 0.517228006 -0.213018897 0.033056761 -2.380437974 2.046058648 0.439574570 0.646489915 0.030047920 -0.267107306 0.953898909 0.502838982 0.079716031 0.665073545 -0.539779733 -1.805186871 -0.343024023
22.516870757 36.093931123 15.944188535 -0.022913881 -0.076198651 0.021670419 0.996593755 0.581614192 0.475923262 0.443804948 1.299541081 0.767814814 0.583501079 -1.759005366 -0.284890702 0.822304438 0.072329508 -1.240903011 -0.067496227 0.203607027 0.136558965 0.713695815 1.307208246 0.927624561 1.911556768 -0.011162143 0.071634620
20.621382933 29.235449657 12.782758724 0.036208307 0.682616119 -0.600219506 -0.415283924 0.619664891 0.019332398 0.968047895 -0.458595369 0.840230323 -0.437677363 -0.002892041 0.065715671 0.023684403 -0.879047733 -0.661585870 0.350273802 0.785753908 -0.680568537 1.515035783 0.463630608 -0.569220686 2.465699172 1.859132488 0.071589189
22.366361805 37.060241781 14.019780503 -0.045788468 -0.381438233 0.540663733 0.748392289 -0.504435358 -0.488160819 0.685832737 0.351150568 -1.093731208 -0.125892864 -0.370593150 1.249122877 -0.610220571 -0.923448475 -0.747328884 -1.080702280 0.799698382 -0.607830216 -0.027154285 1.730064365 -0.633759985 1.268305738 0.057426537 1.968626903
27.815885964 31.226127567 1.369017147 -0.182347202 -0.241120149 -0.154649872 -0.940581729 0.151714927 -0.079326347 -1.313308378 -1.231161101 -0.446871724 -1.678780630 -2.624444611 1.135174958 0.904488572 1.103527971 0.285280234 -0.247450730 0.382398549 0.987630074 2.234480346 -1.118880437 0.290619927 -0.549440407 0.320217896 1.124597543
22.295672400 26.839920088 10.221761982 -0.593996534 0.146285792 0.278889263 -0.740263037 0.977167998 1.441732300 0.554624450 0.507506732 0.181894800 0.324277759 -0.106670936 -0.316766799 0.632833962 -0.810231613 -0.436405863 0.823435503 0.342089199 0.705446516 1.237456092 0.254498824 0.500235569 -0.372541686 -2.184473573 -0.660106124
17.359574001 34.588032168 13.480767465 -0.089705514 -0.468618297 0.702388958 -0.528204094 1.020812184 0.075109712 1.325886437 -0.825451960 -1.253306084 1.390589057 0.602125420 -0.220418784 -1.183066395 -1.141016266 0.018603059 -0.323525202 0.284365516 1.862259102 0.359238512 1.828911823 -1.263351467 -0.905760714 0.262116793 0.117874152
28.335432482 32.390321069 -1.795887584 -0.111753818 -0.820021247 -0.367124290 0.424612757 -0.544477500 0.468208382 0.374057696 0.441296180 0.190606858 1.518147730 -0.341739136 -0.652086921 0.348857126 -1.886095764 -1.121569343 -0.644977200 -0.811012223 -0.110937632 -1.904851803 1.585888460 0.523612189 -0.059735539 1.544409421 0.040275678
25.509704470 33.289722025 15.772680518 0.409870192 0.584045890 -0.072864871 -0.696841111 0.150044232 0.569486615 0.791656485 -2.014411512 -0.452221272 0.432299790 -0.786218849 -1.794139357 0.221221274 0.320145241 0.314624919 -0.209673885 -0.524960323 -1.224727058 -0.156071235 3.061238539 1.559731188 -0.370707674 -0.086759034 -0.050836879
21.634558623 35.786398579 3.876127962 -0.110547502 0.350030437 0.877523085 0.308563085 -0.536038708 -0.643957719 -0.958372318 -0.074379027 -1.764458816 0.384335535 0.530386567 -0.616327397 0.221952296 0.592861513 0.504339298 0.726013744 0.673012022 0.196517636 -0.044486662 -1.060912569 -0.004571411 0.612850740 0.221256592 -1.167005967
22.137153004 35.407077648 4.685093295 0.167443266 -0.814499455 -0.468010127 0.299198783 -0.414754174 -0.017949256 -1.739516129 -1.191559692 -1.211900565 -0.671202812 -0.192122739 0.216970507 0.185718179 -0.091804996 -1.342554624 1.077990053 0.835928834 0.805371790 0.891288119 0.598780115 0.349233216 -0.690230596 0.159781482 1.826920374
20.793656407 33.820527939 15.162268484 -0.012786898 -0.855520220 0.503291038 0.120912283 0.677894100 0.975685706 -1.109693586 -0.864248200 2.152850219 1.628036697 0.864420725 0.779843930 -1.480684901 1.282026152 0.239902286 0.087448165 0.500951319 -2.178760516 -0.381387830 0.993162680 -1.657290886 2.555564801 -0.149857306 -0.116069904
18.388236542 31.165711904 13.208109830 0.675968271 0.316099562 -0.599754013 0.288865172 0.696969905 0.716021606 0.665317232 0.066041522 1.768012628 -1.291406324 0.416435969 -0.904981972 0.300912620 2.212993959 -0.049058428 -0.912435220 -0.178471771 0.770763592 -0.729370187 0.454334363 -0.099053553 -0.754406688 -0.344375151 -1.952920494
29.361888200 38.935573975 3.874379128 -0.080693765 0.340013378 0.888950561 -0.296051210 -0.285826171 -1.690902236 -0.262614685 0.274399664 0.847909107 0.452394182 0.385721215 1.109131746 1.582844462 0.710293231 -1.496468323 0.475211522 -1.042706641 0.626609471 -1.848826899 -0.244331635 -1.213660237 0.375151043 1.688498160 -0.617272449
29.591186741 38.977800065 5.033507883 0.033373980 -0.122172250 -0.278421616 0.952072225 0.196797997 -0.526273285 2.850221362 -1.798502076 -0.569710063 1.228074381 1.073680842 -0.035717793 0.887410560 -0.364099797 -0.004832455 0.815124397 1.887003153 0.232549967 -1.563938743 -0.035676924 0.627523320 0.153711337 0.201049437 0.656170173
27.599959771 34.989826161 -2.445654238 0.589902518 -0.530004279 -0.606462420 -0.057565754 0.568088275 0.382203466 0.195706865 0.210328125 0.038639465 -0.132521827 1.291095217 0.538176153 0.473827803 -0.827504284 0.012789455 0.094715624 0.576330247 0.658853242 0.026344633 -1.212967482 0.580750642 0.553378725 -1.438791723 0.880225100
31.912673211 28.973554910 4.506235302 -0.020468392 0.064044666 -0.785110313 -0.615695641 -0.723936043 1.061011497 1.342906990 0.395215298 -0.143176700 -0.397793474 -0.113549573 0.264787414 -0.660865950 1.837247698 -1.725550686 1.606286860 0.018177617 0.577133774 -0.427790089 0.295800336 1.224882659 0.432268248 1.155774387 0.235675163
29.311172733 32.210057093 0.963213487 0.722443176 -0.654648401 0.222510691 -0.000566485 0.020026890 -0.881978164 -0.311189661 -0.578401970 1.280876259 -0.080208439 -1.445916460 0.969296823 -0.391767657 -2.463757080 -1.665529699 -1.367895921 0.502402875 0.347963245 -0.392625821 0.917419296 1.441866390 0.529732769 -1.187997704 -0.309313343
30.918989513 35.686100467 10.994183852 0.762698251 0.150033429 0.203646357 -0.595239036 0.309441659 -0.548428385 -1.737475190 2.366001463 0.623999204 -1.889727323 0.133430923 0.519169321 0.837119440 -1.119462021 -0.707812742 0.337750573 1.342157218 -0.131584925 0.832064279 -0.639107378 0.609398132 0.702054120 -0.555334206 -0.499409661
30.954014340 38.811839815 8.497663463 -0.414266094 -0.709232990 -0.162642295 0.546735450 1.008319834 1.891191553 -0.249567154 -0.661718039 1.012123176 -0.348255748 -0.042204554 0.932827065 0.668260073 -1.209915692 0.186729026 1.610523659 -1.178472013 0.262678167 -0.252600042 2.322400253 -1.278851373 0.257501012 0.810851479 0.367306052
24.224145721 40.750512914 7.668651861 -0.305826933 -0.177403890 0.832454119 -0.426635544 0.156573907 -1.730540145 -0.307954456 1.765344602 -1.006938842 0.021884844 -1.207691445 -0.671630908 -0.230654848 -2.330900869 -0.348992174 -0.052002252 -0.075986817 0.905192438 -0.478889248 -0.090067861 -1.131230335 1.825522447 -0.849504340 -0.057742215
24.602322607 33.205292066 8.229786435 0.330382234 -0.617213429 -0.680391914 0.216707188 -1.178493389 1.203328608 0.098252908 1.942164443 0.458776732 0.336767530 0.653300500 1.631688078 1.699549652 -0.912358286 0.329885397 -0.837339303 -0.510739434 0.507340268 0.030104096 -1.863360458 1.290135223 1.099572994 -1.756809352 -1.279008541
23.072648002 31.839389723 14.248084637 -0.730928467 -0.113243083 0.232353244 -0.631610284 -1.203208366 -0.370990433 -0.348796863 -0.447829506 -1.245941492 0.469480603 0.193946566 0.283379407 0.876828194 1.222473246 0.334926023 1.264402784 1.732077695 1.967077619 -2.382059538 0.865892555 0.096101144 1.336634722 0.803095842 -0.951749053
25.298970892 31.469144013 4.043771499 -0.686328188 -0.091492701 0.289080275 -0.661071327 -0.892215864 1.539298416 -0.224719649 -0.036588810 -1.382617703 -1.189416084 -0.330411480 1.828579168 0.663868067 -0.866639283 1.718646265 0.557046798 -0.549746945 -1.338498241 0.426503083 0.724621513 0.241552156 0.899944718 -1.047632519 -0.339320316
