23.898504620 36.252218109 0.220792657 0.320626246 0.109927678 0.879288746 -0.334613235 -0.887764387 -0.550737727 -0.676926941 0.044871197 -0.159871625 -0.947587698 -0.356586584 1.027815200 -0.915173492 0.398163993 1.353215393 -1.862901697 -1.057403512 -0.690151607 -0.370953704 -1.099577504 0.151100953 -0.889264118 -0.380287969 -0.726451144
26.646842014 38.864866635 6.056353892 -0.041048018 0.282037241 0.954707068 0.085466192 1.348455281 -0.525130643 -0.408304925 -0.523499124 -0.259264104 -0.404134027 0.315869716 0.261493739 0.020739720 0.994223810 -0.834809166 0.040917395 -1.851889719 2.392198408 0.250811184 1.104603685 -0.003473265 -1.249286117 -0.440082178 -0.228515928
28.134162411 39.329003919 9.401937679 0.212621036 0.740400445 -0.622459956 -0.138358520 -1.654062860 -1.445070544 1.536259311 1.540673508 -0.152843722 -1.227754243 -1.229576143 -1.080513136 0.060487094 -0.314389169 -0.582990398 0.874192882 0.189664012 0.550428106 1.521398021 0.101195612 -0.188020738 0.419187627 0.782593641 -0.855172245
35.527849901 31.538035183 9.137755270 -0.087794179 0.885451134 -0.015047923 -0.456116248 0.036526850 1.165191132 1.646392461 -1.594324162 -1.023387054 0.951304863 -0.729892293 -0.472326622 0.475087064 0.742101957 -0.925426378 -1.784201917 0.404675678 0.140315405 -0.494465162 -1.006913342 0.233135551 -0.762447744 1.311823051 -1.332278845
28.864229184 36.821046102 9.392082311 -0.239184444 0.689134556 -0.633723298 -0.257447370 -0.216579212 0.516187270 0.375601315 0.724125212 -0.905456755 0.358007844 1.910569896 1.188743451 -0.622084064 -0.701972729 -0.306206260 1.744006080 -0.699462453 -0.652952620 0.576664284 0.777372059 0.605833484 -0.622283808 0.871980838 -0.111498646
33.824293205 34.492122873 12.026528483 0.940721192 -0.015717289 0.020506305 0.338195355 0.590104503 0.554211279 -0.379026229 -0.085892468 0.407372322 0.152677779 1.879867299 -0.229892248 -0.623462322 1.399614767 -0.407957010 -2.084704386 0.701278375 0.413748801 -0.047281545 0.913604282 0.745081791 0.601649509 -1.122034852 0.676395356
24.954204737 33.011808589 5.609731276 -0.455106587 -0.110329505 0.686867635 0.555804145 0.219869154 0.554970068 -0.150153211 1.580920418 0.663990558 -0.335989714 -0.491980667 -0.131184408 -0.794555868 -0.361976507 1.711945003 -0.827912143 0.628214251 0.237587048 1.087646627 1.470622772 1.587723689 -0.059679016 0.247564980 -1.641739593
30.666890907 27.479823558 8.460143203 -0.160751345 -0.649521648 -0.304257098 0.678017885 0.751924148 -0.553316252 -1.644880749 -0.369323031 1.484578571 -1.532504823 -1.451983586 1.113924527 -1.630284790 0.595387574 -0.126507235 -1.704270719 -1.964894171 -0.239329500 1.101832365 -0.022571860 -0.726718416 2.121557375 2.462600491 -0.504640745
33.290294716 33.342679722 10.272795358 0.758152787 0.548062275 -0.295178900 0.194168773 0.067186096 -1.370098401 0.794045544 -0.787924541 1.185854826 0.249808417 0.989131500 -0.551984759 1.976813654 1.077775622 0.124063383 -0.564126837 -0.545844650 0.666152866 1.127131892 0.766182266 -0.090299954 -0.852343456 0.302079434 -1.656445250
30.303414871 30.054238431 12.517463807 -0.393195782 -0.429491499 0.643207808 0.497210062 0.265528859 1.613387576 0.835494064 -0.038033699 0.758678635 0.449865068 -0.600801125 0.502288058 -0.364325177 -0.752851812 -0.091969038 -0.705912975 -0.759605936 -0.873456579 -1.634612989 0.552486236 1.912105068 -0.091578995 -1.222334798 1.175884111
25.919123130 25.921371021 10.916948028 0.561994525 0.556091403 -0.575879599 -0.208055744 0.266484998 -1.373587782 1.757306310 0.227992724 -0.321387950 0.931597520 -0.051398968 0.343217495 0.591503321 -1.865125630 0.912832029 -0.659677929 -0.425581259 0.993558309 0.185358666 0.423879778 -0.341455067 -0.182541569 -0.759180411 -0.243507399
28.615345920 24.341026760 8.280855345 -0.165339991 0.197418236 0.901598324 0.347576165 -0.026670128 -1.177455194 -0.276092118 1.465001322 0.439342099 -0.139049152 1.043944665 -0.330724010 1.217387615 1.160271478 -0.603741162 1.584321552 0.172958567 1.936021141 -0.677732107 -0.272109543 0.430742705 -1.607081048 0.635260136 0.684581957
33.214163267 31.409620408 12.106432043 0.725596000 -0.100388761 -0.660791376 0.163668259 -2.449899634 -0.079306784 0.842939328 0.342028557 -0.169206062 -0.700011415 -1.768678642 1.740259932 0.747314010 0.066479768 -2.593754186 -0.949353178 0.884601018 -0.239282393 1.004064231 1.568886982 0.317773719 0.655084104 -0.908323955 0.828887093
24.228061423 35.120497496 6.700774241 0.265628115 -0.425368404 0.857564990 -0.114392800 0.040887592 -0.443795408 0.347022791 -1.010952158 -0.674450728 -0.774457517 -0.536294611 0.634291527 -1.528167899 1.628953500 -0.614168398 0.628112665 -0.775500389 0.624307876 -0.763178423 -0.276362027 1.392104087 -0.994414703 1.231388238 0.318425102
31.167547371 35.721197496 7.211627988 -0.371719915 0.403432135 -0.712440543 0.437601748 -0.286378616 0.658884512 -1.101512827 -0.903607500 -0.361921534 1.136893324 0.414022770 0.928557705 -1.686429461 -0.738129056 0.071161382 0.361052748 -0.579520962 -0.624058016 0.917108856 -0.740729268 -1.406537141 -1.094368805 0.551023557 1.875689105
34.019594647 34.252175761 8.018852860 0.654733534 0.582381539 0.311666105 0.367450650 0.430615538 -0.580641638 -2.376729183 1.262388505 -0.659154586 -0.216724056 -1.265010306 -0.107823647 -0.628116191 -1.418768341 0.599098110 0.888944238 1.703804822 0.220207413 0.175298293 -0.116431951 -0.637301709 0.902059530 0.161444113 -0.839387473
31.762571333 31.210171391 0.615314391 -0.337622620 -0.865516871 0.321052898 -0.183892765 -0.528676719 -1.571533210 0.498721225 0.047815198 0.756382510 -1.882620878 -0.458744714 0.044053386 0.684381743 -2.232781518 -0.013478599 0.393176608 -0.727199956 1.172925493 1.314984869 -0.382457940 -1.511323742 1.036304394 0.752049138 -1.146386702
18.194037145 36.836981226 8.824467953 -0.029030702 0.682875244 -0.685803846 0.250023407 -1.865011701 2.645741125 0.196438517 -0.723502815 -1.949104069 -0.237690990 -1.284838874 -0.505883385 -0.626289868 -0.595059641 -0.581956589 -1.591577765 -0.292158533 -1.686228626 0.895474602 2.274738840 -0.315125143 -0.823907627 -0.815228891 -1.477528665
25.408781830 31.847965996 15.046603191 -0.594717351 -0.092969402 -0.074789452 0.795031132 -0.874152744 0.460700841 -0.932794891 -1.015468472 -0.864284190 0.765260986 0.728191760 -1.060363242 -0.910874364 -0.757235847 -0.248942105 1.931254187 1.353478401 -1.460865123 1.660322107 1.403314756 -0.382199480 0.640038851 -2.003414037 0.851678181
33.603761227 40.828297646 6.482599149 -0.479510873 0.105694886 -0.015867580 -0.871002947 -0.680800320 -1.693618968 2.228444900 -0.760729808 0.023229378 0.127130394 -0.492568471 0.362457324 1.067005948 0.464940335 0.175020817 -0.662449445 -1.127416635 -0.598665884 -0.664031272 1.169873809 1.284660277 -0.577183348 1.396519269 -0.443881880
32.938316344 30.614433431 2.390919076 0.006239316 0.968629957 0.100785159 -0.227067015 0.256830704 -1.325959565 -0.092433452 0.525190996 -0.078338549 -0.146590750 -0.392264003 1.141288975 -1.972825348 0.186459288 -0.546808693 0.049589238 0.377227091 -0.837761810 1.871888193 0.221114102 0.552944473 0.429515711 -0.766913050 -0.394140822
20.165898050 28.654655800 12.831309445 0.774530425 0.305730662 0.528270924 0.166015703 0.245642271 0.861171988 -1.210564129 -0.650330203 0.174977298 0.709336043 1.113084243 0.223144587 0.530439077 -0.500322062 -0.604738550 -0.470802109 -0.523417414 0.598531617 0.786400170 0.520036358 0.418579802 -1.058007518 -0.776489612 0.941652494
27.506369903 29.587147690 4.865700099 0.432559488 0.774617749 0.005038469 -0.461339622 -2.597092215 -0.616361595 -0.512943352 -0.395915867 0.032717977 0.790522644 -0.188271372 -1.220974477 0.219557191 0.573346616 0.056496263 -0.505721155 -1.934168862 -1.032938663 0.406322623 0.121420386 0.717003220 1.026199788 0.020640349 -0.269699535
25.357893700 32.461255842 -0.283544374 0.396283905 0.887997479 -0.158552896 0.171115526 -2.936139981 0.314651756 -2.175183464 0.943502744 0.650235704 -1.018024597 -3.365892671 -1.091194050 -0.481627697 1.766562312 -0.403685203 0.414507391 0.140395248 0.287167482 -2.631658302 -0.055149300 1.471750659 0.461811121 0.851627975 1.587449543
22.730747127 37.173123012 3.270968855 0.797182021 0.211880750 0.471535278 -0.311868329 -1.527154862 -0.233046220 1.365527182 -0.530087513 0.069161372 0.140438558 0.356315958 1.043498713 -0.855638583 -0.862936925 0.147360276 -1.138027414 0.674092878 -1.310819123 0.244474051 0.244939981 0.212901806 -0.850546545 2.080813593 -1.813538721
23.712386974 39.857189808 6.969768638 -0.743406687 0.169354511 -0.491589984 -0.420719425 -0.020661237 -0.555251859 0.616816415 0.440649503 1.681676564 -0.060982682 -0.322742696 0.118184599 2.512904914 0.234941854 0.876037866 1.774761304 -0.887377847 -0.472393302 0.384994659 -0.504677185 0.565393679 -0.486900669 0.276711892 0.621500142
24.793886604 29.284573715 1.338228835 -0.310595388 -0.144680354 -0.937219538 0.064943336 -2.150855514 -0.284884990 0.537218402 -0.204402449 -0.785495144 0.734136107 -0.060000541 0.079401377 2.111775101 -0.794480305 0.464208189 -1.581145479 -0.506383372 0.203947821 2.176069101 -0.417316801 0.327243234 0.192242068 -0.074919804 -0.027161129
32.536981625 40.456916329 12.446308188 0.981993605 -0.135579765 0.112877178 -0.067567967 -0.951856698 -0.472084342 1.340886713 -1.121149874 -1.817971722 0.548416534 2.133455328 -1.154788801 0.009473638 1.234529011 -0.971505282 0.320236924 0.032484009 0.801732467 -1.758730144 0.746879640 -1.352584412 -0.369918959 -0.476812528 -1.029003013
22.396836722 37.134341130 0.704581380 -0.315399997 -0.519064480 -0.693109342 0.388193697 -2.967371755 -1.520825744 0.052822815 -0.682757171 2.203376573 -0.188026359 -0.151512692 -0.042745655 -0.569343971 0.516346274 -0.436692460 0.238495880 -0.868382656 -1.224156342 -0.989516134 -0.198139069 -1.596754836 -0.092254053 1.060099886 1.018399442
30.703112320 35.032485005 16.617389981 0.441748704 -0.275743373 0.392870042 0.757942481 0.679741633 0.172342937 0.885722591 0.349114920 0.655367837 -0.180533447 0.667274115 -1.997515155 0.152222768 0.086387084 -0.002879012 -0.689370456 1.699613175 1.454102107 1.314167291 -0.454100285 -0.175641008 0.809685232 0.029256336 -2.501568946
26.171978419 42.058662331 11.854459361 -0.870068317 -0.281911417 0.011534966 -0.404195523 0.749947243 0.317394158 -1.017758214 -0.941952052 2.088221427 1.108200605 -1.319498855 0.673874054 -0.391929198 0.789699588 -0.924714908 0.318043016 0.012072165 -1.841848829 -0.018360430 -0.431787138 0.598732434 1.361899178 0.584671283 1.482159168
35.812533769 30.604985442 7.427049982 -0.073266662 0.894125448 -0.177783467 0.404431353 -1.124636196 1.634217837 -1.310168815 -0.293860639 0.292089821 0.249113044 -0.801756665 0.800336786 0.443194187 -0.325436015 0.233932401 0.055507863 1.825120221 0.312060373 -0.299917432 -0.332496221 -1.203009491 -0.965774100 -0.636017325 0.124914205
23.946054385 31.949834551 -0.345469196 0.719435025 0.402573639 0.488655164 -0.285593839 -0.410423892 1.839538921 1.273779133 -0.264474913 -0.670885351 1.042696559 0.044858173 -0.887882724 -0.102331644 0.608289707 1.644393232 -0.018992136 0.486191077 -0.264915902 -0.335088550 -0.728819381 0.530646808 0.915460896 -1.443877855 0.621931858
32.273737679 31.916211179 7.146712413 -0.412411707 0.711226231 0.446852054 -0.352699695 -1.887277272 -0.959459856 1.045335717 -0.117363562 -0.605061972 -0.713522605 -0.296714716 -2.112798320 0.507564572 1.534690634 0.123347684 -0.199963959 1.036284556 0.109674215 1.091974775 -0.842858891 0.450712502 1.077901654 -0.812779582 -0.329026462
25.752406096 41.422364861 11.237859458 -0.177236659 0.478709588 0.191572812 -0.838286440 0.695857865 -1.006333509 0.123400081 0.052460639 1.609032674 -0.087615238 1.051642712 -0.905413153 -0.955856454 -0.079022765 0.807397811 0.365551497 -2.063644586 0.664269982 -1.105919699 -0.963158341 0.268188507 0.903029695 1.044717101 0.593796907
22.025530271 39.075901631 5.766613071 0.454573049 0.878000661 0.149818697 -0.005704445 0.733235272 -0.998453795 -1.139063545 0.127536914 0.911357625 -2.644641830 1.093316533 -0.578690068 -0.717838000 -0.963906042 -0.268125804 0.463780383 1.268955586 -0.711139033 -0.552677293 -2.120410366 1.075160777 0.239091078 0.428452269 -3.628259243
22.942530382 33.149091136 13.504349638 -0.737647632 0.273903911 -0.334738158 0.518462134 1.058345432 0.797376236 -0.219673086 -0.727626793 -0.295318978 -0.941569300 -1.934498184 -0.152035130 -0.300883669 1.078268948 -0.971400829 1.946366417 -1.205752211 -0.801036871 2.774805627 0.197978909 -0.709018763 1.187621451 1.134549788 -1.143027511
24.237877466 37.198137090 11.522073488 0.539208387 0.357784877 -0.408328852 -0.643825944 0.746923840 0.711310035 2.008528321 -0.484981130 -0.526201093 2.193709632 0.877534325 0.453308671 0.040694875 -0.280979227 0.332559948 -0.705318864 1.228915423 1.969513140 0.981227714 0.001396599 1.314182212 -0.354900645 -0.385331033 -0.578970501
28.356725538 32.302266857 9.347081255 0.001378008 -0.716121202 0.467600330 -0.518187666 -0.439426880 0.138962913 -0.393165992 -1.291034343 0.092742825 0.135590050 1.011086104 -0.103567760 -1.688730919 0.699288459 0.068379478 0.374024661 0.453410967 -0.840382670 0.258136820 0.406644823 -0.613260793 -1.693781350 -2.159684742 -1.735919380
25.333846642 34.104698214 12.204252413 -0.245419662 0.370932469 -0.450120924 -0.774318698 -1.012810768 0.663144531 -0.353730438 1.614207222 -0.627779956 0.274254820 -0.779138074 -1.422318772 0.043779608 -1.088667212 0.059002631 0.745040636 0.524790140 1.318779554 1.452076824 1.138725538 -1.303927431 -1.522909139 -1.295543733 -1.240122113
26.471469722 38.892356391 12.937164230 -0.350302153 0.796465307 -0.000410334 -0.492880562 0.935390762 -1.156800196 0.334665163 -1.403042917 -0.920234549 0.503598474 1.764774627 0.199604340 -0.159924053 -0.525044976 -0.812969321 2.600477799 0.828618075 -0.318659655 -0.032147663 -2.824482144 0.313682561 -0.541340115 -0.025114338 -0.262334492
34.258928454 31.484700969 5.430016605 -0.303697266 -0.565386155 0.663140666 0.385163502 -0.306909130 -1.216964222 1.183381830 -0.535216601 1.000695848 0.703513719 1.359900199 0.571793804 1.493127250 -1.254143885 -0.476943438 1.192997809 -1.540365972 -0.336511868 -0.706641224 -0.889246156 -0.361717214 -0.762284979 -0.830951265 -0.887233846
34.354586129 38.185136071 8.633530799 0.606924817 -0.278237763 0.103611274 0.737218229 -0.569137979 -0.582579536 0.849604796 0.305484467 0.784529879 0.943986879 0.652430404 -1.465106219 -1.272437874 -0.419907702 -1.328306558 -0.260975157 0.427056627 -0.016637012 0.206434251 0.284622937 0.518279989 -0.273954065 -0.896065101 1.833404499
21.504247654 33.416537036 7.610729167 0.329041563 0.856355208 -0.369160246 -0.148687995 -0.982059833 -0.281055184 -0.478000487 0.124045397 -0.847011844 0.337358591 0.360394773 -1.850885754 -0.046111368 -0.754317881 0.151071195 -0.221496648 0.220677252 -0.949548665 0.134202922 -0.554639252 -0.854273234 -0.773666229 -0.330897193 1.315798032
31.480987799 32.880302973 11.981881456 0.414029576 -0.481924483 0.765544876 0.101337783 -1.322408939 0.017568676 -1.420832869 -0.109671673 -1.248623508 0.932275883 -1.744945666 -2.775748021 0.780697165 -0.910311403 0.221467280 0.617660605 -0.340418133 -1.289825706 -0.048257412 0.737851550 -0.703179943 -0.673844272 -1.393848882 -1.642669105
26.523292094 43.291738261 10.302364799 -0.141483708 -0.334207154 0.885098357 -0.291356889 -0.188150853 -1.332397591 2.539361365 1.624647296 0.122632380 -0.593369945 0.190310473 0.418553098 -1.343971656 0.321557464 -0.012091905 2.669186139 1.580534834 -0.034558217 -0.543312202 -0.068427049 -0.181072931 0.252098067 -0.901502850 0.337882567
24.838769307 34.546555085 5.410113248 0.212675198 0.291858752 -0.932473003 -0.009045938 0.233173374 -0.587898664 0.674693276 0.516704932 0.398718576 -0.205850245 0.130827066 -0.048134584 0.078189943 0.388053812 0.831884886 0.322076812 1.261136513 -0.045145279 -0.364931572 -0.367684358 -0.529078090 -0.816317071 0.035359464 0.155047666
26.814686353 36.102193506 12.337685622 -0.379020020 -0.649122516 0.251484228 -0.609704409 1.230636668 0.139574765 -0.956763236 -0.733235883 -0.166731228 -0.489092474 0.174747413 -1.817140242 -0.818393524 0.387797783 1.101566640 -0.592257682 2.784584410 -0.854707449 -0.524224554 0.210350767 -2.684090819 0.406285168 0.417791407 -1.328667170
31.129689056 39.675016390 9.043311445 -0.348787073 -0.766037028 0.489705232 0.227428306 0.130896948 -0.601606699 0.337683400 -2.564944261 0.333140889 -0.822096540 0.764776295 -1.148660586 -0.355634653 1.026259429 -1.465429120 -0.502387703 -0.321908805 -0.482183385 -0.854892862 -0.555713916 0.533782553 0.977070704 -0.523017286 -0.666698129
34.431690033 31.747908660 12.459304417 -0.114717265 0.574684099 0.735965251 0.339018118 -0.306130929 1.558904796 0.884045016 0.280633033 -1.979072365 0.148356622 -0.317503824 0.955295387 -0.372328822 0.895605061 1.592765253 0.700212927 0.877056254 -0.309907547 -0.929923575 -1.004995606 0.238675942 -1.589820026 -1.402770198 0.078208243
18.930503474 29.694782998 5.224773042 0.099105216 -0.021333270 0.994537127 0.024878710 -0.876441485 -0.738902459 0.686233369 -1.043701704 0.565319084 1.007812691 1.381655390 -1.775449387 -0.540388089 0.374909958 -0.792422698 -0.583304677 -0.620648437 0.522111471 -1.247612464 1.014752113 -0.149947957 0.934864439 0.252741680 0.132120699
25.669264703 32.997013713 4.008258653 0.237742908 -0.831847043 -0.488143393 0.114999284 0.366890073 -0.147980707 0.762488607 1.360337302 -1.055302726 0.493868854 -0.197289850 0.757122025 1.091231722 0.926814081 -0.083352531 2.302525181 0.749848598 -0.896140203 0.829724422 -0.225525958 1.275151952 -0.349730254 1.114619446 2.728454844
29.196575210 34.979049181 7.851870332 0.866439529 -0.061385263 0.058045634 -0.492082409 0.444360942 -0.468832623 -1.646842554 -0.718950020 0.698506636 -1.569784466 0.442248335 0.849934950 0.583021958 -0.280575736 1.678965160 1.190651818 2.537835411 -0.199938007 0.255477532 -1.163953666 -0.129286378 -0.168112278 -0.181102678 1.183926285
32.931969234 36.175836329 15.849114113 -0.134450473 0.138191336 -0.851907378 0.486908661 -0.190436391 -0.190698697 -0.336134036 1.084637805 0.320193104 -0.880930773 -1.083007260 0.560684960 0.039887209 0.805783919 -1.512865792 0.538612494 -3.272980574 0.189862680 0.936976806 0.653488749 -0.151467071 -0.265829774 -1.027555540 0.414020102
26.602698534 27.769281595 4.817426187 0.926350594 -0.084787217 -0.115358489 -0.348393635 -0.647882700 -0.577297224 1.014152732 0.037467645 0.974499560 -1.618895610 -1.164502191 -2.033403617 -1.265558156 0.887575878 0.722961980 0.994425262 -1.739000701 0.017834696 -0.316671431 0.065311488 2.282447437 0.573015186 -1.164782058 1.243518346
23.884381649 28.002719254 4.343207467 0.250619322 0.676205588 0.405346306 0.561809871 -0.567592119 1.073093552 0.116765938 -0.606853336 0.311062915 -0.342423492 -1.497760362 -1.253724097 -2.174999535 1.143285613 1.430034200 -0.161871588 0.448653808 -1.374055385 0.090369570 1.086110919 -0.497319693 0.827139469 -0.245940347 0.852406469
29.861949258 26.882120595 2.664512685 0.105826167 -0.058999403 -0.591020300 0.797505422 0.144468162 -0.351857989 -1.164006503 -0.493258175 -0.518784041 0.374320481 1.702302727 -0.760477310 -0.584789657 0.264538605 -1.024315403 0.173329595 1.497568646 0.228412930 0.733008143 -1.615317586 0.694420340 -0.198483390 0.683618504 -1.558061146
27.673517571 31.874438977 14.572182955 0.360051313 0.669572842 0.607672917 0.229714795 -1.200243638 -0.133575667 0.194581469 -2.045845439 -0.927906542 -0.744296874 0.395545775 0.559771563 1.623983305 -0.006601261 -0.445940038 1.225753905 -0.191776533 0.188147214 -0.199721922 -0.523712377 -0.362718612 -0.062543580 0.000517683 0.073545294
18.063792682 36.423394017 10.468070411 0.732944894 -0.315158556 -0.060987941 -0.599789412 -1.125848048 0.051756810 1.350891332 -1.206940286 1.066841583 0.314888865 1.150482463 -1.447298317 -0.068745380 -0.325240681 0.688406734 -0.745849563 0.184764010 0.277558726 -0.426540967 0.086718516 0.553379169 -0.845128541 -1.177559440 -0.028253394
24.370691028 31.171939544 14.368724423 -0.074583468 -0.084842711 0.982515595 -0.147993668 -0.851712260 -0.745889127 -0.278398362 0.674339437 0.269635436 0.768726802 -1.007902931 1.475245474 0.266531112 0.076121574 1.311761602 0.456593287 1.138449002 0.386389699 -1.540584547 -0.461486680 -0.631497811 -0.300340772 -0.956776094 -0.559747086
31.861938746 31.268265732 9.101972016 0.113906489 0.449946346 0.673058571 -0.575817469 0.483874088 -0.370820787 0.306281083 -0.133825256 0.821772215 0.962007729 -0.688935573 1.095401330 -0.111417485 -0.324578489 -0.800874379 -0.537124129 1.496479411 -0.530726200 -1.059918626 -0.248646356 0.415184471 0.014718732 -1.174220833 1.234130107
21.605312190 29.350640393 5.439952660 0.346384661 -0.862684466 -0.157873678 -0.332970088 -0.367140166 2.531089527 1.518521154 -0.187275870 -0.310097328 0.000997255 -0.903012303 -1.979165889 -0.614936154 -1.281667921 0.496638090 0.692818347 -0.161004309 -1.040002753 -0.094150568 -0.298603809 0.439117804 0.063778955 1.358962577 -0.496520506
19.599933662 29.575939807 9.173062324 -0.510530589 -0.781134732 0.259603164 0.248582470 -1.039334447 0.033530994 -0.043377121 1.204018683 0.018060094 -0.029126272 -1.705093899 1.625160665 -0.949683990 -1.442175632 -0.140448515 0.256612465 0.550246988 -0.194457691 -0.655771729 0.224014963 -0.198558522 0.490838775 -0.926498042 1.733558362
18.918191282 28.388480845 7.518099089 -0.409311817 -0.227879878 -0.874913736 0.122721442 0.930632495 0.779031011 1.918376738 0.665962119 2.726301342 0.862156872 0.091186058 -0.465172071 0.645976806 2.298558024 0.635375135 -2.406483672 -0.738583934 -1.809082315 -0.517539472 -0.398493380 -1.235086416 1.339177809 -1.904634712 0.096398741
26.528101173 26.434840983 14.219116417 -0.514797098 0.160335686 0.031923090 -0.841580258 0.386713067 -1.143857165 -0.022400508 -0.041932730 0.490402276 0.127759050 -0.146530268 -1.073417122 1.022975813 -0.529151415 0.418292073 -0.329543519 1.158980851 0.226827881 -0.990308220 -0.397299277 -1.810671763 -1.225436538 -0.218527475 -0.916519008
28.827190002 40.593584837 7.007990516 0.723705687 -0.022515798 -0.668907123 -0.168244994 -1.397885885 0.643521566 -0.354985344 -0.956705051 -0.733081922 -0.041359750 -0.836542435 -0.383864557 0.354131315 -0.573801273 0.610722918 0.684050100 -1.301782807 -1.269943598 2.581959651 -0.360301145 0.271240614 0.555109296 1.074338187 -0.462015206
26.061862845 33.700299994 4.833489657 0.230369546 0.274983018 -0.252597038 0.898615017 0.866338308 2.431191869 0.348914685 -1.047840508 -1.017082330 0.997797505 0.584750487 -1.612191461 0.806643613 1.467449602 -0.260252744 0.073184082 -0.084552427 0.844060921 -0.226551276 0.549687585 -0.152280719 -1.767523425 -1.524338170 -1.481742824
31.534332178 29.517404852 3.511807713 -0.823310004 -0.390132672 -0.178427559 -0.371645990 2.308417810 0.903126733 -0.558041848 0.346689744 -0.190652365 -0.028747588 0.143394466 -0.266563192 0.822713800 -0.754675983 -0.553733853 -1.124444553 -0.169150818 -1.054579071 1.509284443 0.261073923 1.055527277 -0.909860824 1.949421797 -1.539653728
28.601574615 31.468900487 12.034364441 0.165326045 -0.709304363 -0.576899950 -0.369785162 -1.507983278 -0.351621102 0.196484260 0.492555196 -0.407493648 -1.981949988 -1.062242409 -1.372702749 1.004158161 -1.283490011 0.795938604 -0.688130134 -0.867479979 0.838369281 -0.251627818 -0.172467714 2.142376816 -0.688953293 -0.072907944 0.705554571
23.576901944 27.320463513 11.272054098 0.474190219 0.626048513 0.614443116 -0.075276508 0.091391147 0.551602458 0.141294095 -1.101700696 -0.380810342 0.352498833 -0.070562726 -0.233666352 -1.615279464 -0.623843889 -0.590152728 1.250802819 -2.406462627 0.770104204 0.724880790 -1.882961389 1.918810642 -1.229627214 -0.300824706 0.958473954
31.591606180 29.686011348 9.101704647 -0.565439112 0.623240913 0.539795951 -0.021672709 -1.641413231 1.957350567 0.137004810 -0.818089240 0.170126634 1.206178504 -1.261328156 0.701717141 0.438083175 -0.688419299 0.817631617 0.597962254 -1.118878174 0.480203338 -0.096780903 -1.737989319 1.825929746 0.220009196 -0.588823802 -0.941310335
19.675385623 39.868887256 11.007657405 -0.172466528 -0.369424837 -0.679116664 0.610394252 -0.079710206 -0.102909904 -0.472836585 1.185953549 -0.691897146 -0.650480087 2.405353201 1.520385758 -1.172389520 0.589802555 0.879191215 0.715211824 -0.366263903 0.333071797 -2.056614513 -0.220786711 0.198745312 0.679691474 1.581019544 -0.105458292
25.752144839 36.720152790 8.999520689 0.331383497 -0.376569970 0.562228462 -0.657479423 -1.879139638 -1.182531118 1.173485805 0.722362959 -1.436742318 -0.588117266 0.167633894 -0.283234611 -0.783968275 0.715508577 1.598306776 -0.411947040 0.285080406 -1.387387212 0.474698798 0.166454612 0.490887705 0.626958703 -0.930344452 -0.844329571
32.484912949 36.395689377 5.565124141 0.929485055 0.076837471 -0.019815858 0.360223358 0.859613993 1.817854578 -0.347439092 1.207871694 -1.480188563 -0.048539920 2.102876395 -2.348253672 0.372561637 -0.283945244 0.895700677 0.563440786 1.168796571 1.002841123 -1.354717842 -0.723667672 1.582275545 -0.252502561 0.489167628 0.757273260
31.021693282 39.902540544 3.260432118 -0.467819079 0.277498475 0.610688476 0.575499340 1.304052612 -0.679139614 0.818505701 0.204119057 0.864456526 -1.151364075 0.694484317 -0.295615719 -0.948215833 -1.031978314 0.626243874 0.325369968 1.190042651 -0.152372443 -0.232011034 0.842510816 2.656444781 0.757892309 -0.604336299 -1.062719448
30.956984263 32.297597509 3.462816946 -0.501938042 -0.545657827 -0.136008089 -0.657128251 0.692301866 -0.209446603 -1.133552873 -0.741282896 -0.377144083 -0.132903620 0.338466464 -0.016268112 -0.153748132 1.991216166 0.471178613 0.312534033 -1.522458944 -1.024081488 0.387465271 -1.397960924 -0.806889949 1.458822703 0.818921429 -0.187413396
23.139312234 25.339975937 9.603625580 0.010253459 -0.788124301 0.506568210 0.349490489 0.033652770 -0.800455470 -0.626256389 1.626994931 -2.355480612 0.682429984 0.733883106 0.309528788 -1.908420482 -0.693634500 -0.552478897 -1.033690037 -1.670506444 -0.465673847 -0.053152305 0.199597043 0.184757379 -0.036238918 -1.639844761 0.243013745
20.965706611 39.207992910 7.792571153 0.771463772 -0.301246298 -0.274983855 -0.488342294 -0.619671274 -0.845206888 -0.124353242 -0.310558240 0.052056040 -1.959055832 1.571882424 0.288291943 1.962239554 -0.860658004 -0.780632475 -1.301021690 0.860286346 0.474367976 0.114471222 0.711727473 0.119027421 1.248994524 0.590052184 0.496736735
27.083681470 35.057803364 12.146732771 0.280790312 -0.088460621 0.530118431 -0.795176690 -0.959729645 1.199649235 -2.846804930 -1.278491673 1.655569422 2.277630938 1.184128794 -0.785436445 -0.117249206 -1.502154871 -0.946608918 0.698476807 1.032091659 1.970306506 0.895468070 0.477000624 1.261814514 -1.379279667 -1.326212026 2.276219316
28.111069478 31.716556768 16.377636335 -0.720740268 -0.372925136 0.261664546 0.522486340 -0.244963261 -0.710919329 -0.791501811 0.491412161 0.545847321 -1.161595699 0.407225226 1.218776948 1.050884778 -0.073510536 -0.169169249 2.009435195 -0.802044967 0.937396612 -1.584733389 -1.281302916 -1.986858167 -0.998460162 0.723528039 -0.127717501
25.471197682 32.511478831 16.007771315 0.285307773 -0.226920235 -0.921650824 -0.132915161 -0.469376535 0.063871912 -0.220549254 1.068065696 1.002863932 -1.427861810 1.246335891 0.092909158 1.137535957 2.456638271 0.911099116 -1.042817735 -0.441363893 0.610271668 1.626382453 -0.015638265 -0.708962414 -1.211080813 0.266570235 -0.412221426
35.031967614 37.033744883 12.595654309 -0.654584067 0.479803098 0.573348589 -0.112160960 -0.049129600 -0.527655099 -0.333273193 -0.396661541 0.752087135 1.016735033 2.156467627 -0.039091226 1.782211052 -0.608132114 0.305878136 0.984852298 1.409122820 -1.711578519 -1.411357926 1.531311123 0.323272311 -2.128824329 0.172643479 0.752731294
29.778217487 28.957927878 9.230468590 0.639962918 -0.322004996 -0.198703563 0.668787814 -1.462541107 -1.051000711 -0.778705434 -0.404396457 -1.760940310 -1.146019254 1.855691004 1.068576958 0.036098434 -0.455316504 -1.554397839 1.421314753 -0.861272104 1.595486260 -1.309105684 -0.260396654 -2.083369566 1.037101155 -0.304332595 0.052359428
18.755488261 36.287727973 9.030552646 -0.468220953 0.188215272 -0.381960556 0.774241748 -0.460294315 0.473417276 -0.932103899 -0.402616293 -0.251159253 0.897574804 -0.035973573 1.398339877 0.461751734 -0.039535560 -1.052524544 0.897797981 -1.477671640 -0.892222804 -0.209029382 -0.493898395 -1.086604504 1.871792037 1.361912294 0.470120982
22.091352762 36.306310558 14.697796093 -0.009099494 0.123555799 -0.959573407 0.252725227 -0.592616676 1.347232004 -0.468249558 -0.841809225 0.224420799 -0.771915106 1.114564951 0.170048272 -0.246888895 -0.014462626 1.890644136 0.311216542 -0.340027667 1.155270049 2.626897119 -0.103844408 1.546487480 0.089410748 -0.313006193 -0.040281456
27.845623844 39.871757270 11.184847619 -0.190476394 -0.913689926 -0.355316149 -0.051379933 -0.250250261 0.150306023 -1.318121120 0.884558389 0.738207319 1.119492636 0.393363048 1.107302730 0.095737317 0.412541747 -2.286895508 1.172766330 -1.625127543 1.239884270 -1.138972718 -2.394246214 -0.680755945 -1.106068085 0.062298549 0.171743919
23.516637996 26.559273643 5.508385616 -0.073478069 0.130581811 -0.970621631 0.188263151 0.528415882 0.053095015 -0.506233838 -0.062674113 -1.209195914 1.156488519 -1.234187896 0.000666417 0.134456759 1.201511189 1.153385119 -0.408821014 0.067029896 -0.683982978 0.460112235 -0.417047741 -0.229062078 -2.176217318 -1.241798342 1.786827159
25.338527363 27.181732459 9.731947046 0.553767011 0.020076053 -0.685135518 0.472787872 1.333660864 0.913579039 -0.517970286 0.868803539 -1.831564315 0.682792629 -0.418143585 1.188915746 0.792184015 2.202428973 -1.125067220 -0.180549402 1.402039017 -1.030441974 -0.912607351 0.367920488 -0.176526059 -1.298889919 1.398916699 -0.277170910
20.181778298 31.696050495 5.563223410 -0.125028949 0.592407131 -0.700140439 -0.378450683 -0.544861728 0.542128873 -0.063407083 1.091382030 0.358541109 -0.844659782 0.909474982 1.083904772 -0.780412536 0.659616674 1.185716355 1.549260042 -0.936610982 -1.813754040 1.146479797 -0.529042012 1.373435078 0.670824873 0.705336988 0.105888410
29.097885384 36.206614586 10.471026762 -0.854216513 -0.371179080 0.299863117 0.206451810 -0.519087672 -0.457756547 1.683065125 0.742166959 -0.765074515 -1.600652159 0.510189556 -0.702964726 0.112085382 1.702800478 -2.229091010 0.342796031 2.019431772 0.071854449 1.551926838 0.653594515 0.779858619 0.071543190 0.710485251 1.911030315
25.463415600 28.498618708 1.195398395 -0.157436397 0.844388127 -0.043374186 -0.510236369 0.350801589 -0.792167685 -0.720342757 -1.138421582 0.626330003 -0.407589519 -2.008762708 -1.333098510 1.378124498 -0.868233349 -0.328650536 -0.204863587 -0.005784440 -1.981297908 -0.541412843 -0.350480804 0.291242733 -0.065805698 -0.592142494 -1.357368428
26.420800210 32.345558201 12.083450083 0.226231197 0.915574950 -0.181767107 -0.278393024 -0.815450369 -0.694929636 1.994775254 0.778630326 0.219141164 -0.322469782 1.242391158 2.072547248 1.533445374 -0.295398588 -0.179887756 1.175599983 2.052037170 -0.290318092 0.693034776 -1.183837079 -0.032258735 1.186384680 1.022289897 1.000184919
31.252521246 35.787126951 10.080751340 -0.075909414 -0.321062494 -0.124038571 -0.935826410 1.797005470 -0.248859383 -0.213546894 -0.525582608 0.155603379 -0.847930591 -0.978021574 -0.859939472 0.542455980 0.652713620 0.097935237 0.715470642 0.976257019 0.312478588 0.008823607 1.020611341 2.087358872 0.695932505 -1.524261683 0.908665941
30.171793885 38.920595138 1.961164553 -0.526684006 -0.374893652 0.719778991 0.252936575 -1.303616567 -0.778668957 1.291983520 0.152528072 0.117648879 0.364059285 -1.210874687 -1.265122050 -0.607610428 0.250172471 1.443191256 0.096998020 -0.271281448 -0.421126579 0.204923753 -0.876491123 0.069642990 1.505107864 1.134009479 -0.098853248
32.767146137 31.089107244 9.706777989 0.151762291 -0.276093991 0.843198065 0.435611452 0.437343251 -0.258154967 0.232165558 0.039771021 0.225900512 1.592123387 0.142561471 0.278326648 -0.528885466 -0.838519056 -0.123918580 1.161337161 0.686584917 -0.541557786 0.310386170 1.005329955 -1.680037321 1.178395295 0.046435483 0.169482505
25.583129553 27.493934054 10.854644748 0.816748969 -0.228013678 -0.310002726 -0.429917660 0.209149481 0.079490899 -0.117828566 2.059965685 -0.494645990 -0.655085086 0.634648949 -0.342313304 2.554036408 -1.433193841 -0.350034813 -2.201480682 -0.529844655 -0.918701181 -1.347820589 0.373782341 -1.230752471 -0.475695339 -0.790505424 1.842598703
25.483313039 34.724831713 10.860978797 0.528698428 0.301297493 -0.777557246 -0.158437756 -0.726711954 -0.907945093 -0.452748224 -0.205655367 -0.337104465 0.504366473 0.297789483 -2.188674112 0.495414097 -0.278560417 -1.339780879 -0.728628537 -0.230933559 1.015388852 -0.358886036 -1.599288391 0.276062818 1.342840174 0.170934253 -2.347185154
24.264086002 40.996724773 8.190826556 0.554896477 -0.081720047 0.806170567 0.188416429 1.742846098 1.532327729 0.898263249 0.587504085 1.445342344 1.189778099 -0.019595080 -0.220645449 0.224591246 -0.045404881 1.836066872 1.915378098 0.568954674 0.930956103 -1.701346499 -0.047025347 -0.227643790 -2.154052144 0.117613291 0.853598860
23.544443601 29.029484829 11.916630104 -0.513063378 -0.159806717 0.810281896 0.233818377 0.925437546 -0.863788486 1.229648352 -0.917732509 0.476601625 0.622441123 0.192916733 -2.047653586 1.181006035 0.899517229 -0.612052369 0.526694925 -0.590291242 -0.028579428 -0.087532536 -0.826260154 -0.060854236 1.276810396 1.949095753 0.772183949
25.906343464 25.674156427 11.947822775 0.468663706 0.383941113 0.609208715 0.511672057 0.415184107 0.446706166 -0.623391614 1.700344806 0.691952654 1.148086295 0.062702751 1.218183512 -0.334309716 -0.852249851 0.348910566 0.758529646 0.031938039 0.346240682 0.220920115 -0.649780745 -0.261937321 0.540924919 0.249344342 -1.684182518
25.704657345 27.563998235 6.235828165 0.604729703 0.214644308 0.172300026 -0.747357016 -0.498566031 0.917897522 0.355809358 -1.844539317 2.434964229 0.783160689 -1.905857782 0.000629421 -0.822103729 -0.362689308 -0.178610062 -0.590661298 -0.706679182 -1.415178847 0.157791703 -0.298961834 -1.247450135 -1.010622773 0.040875424 0.721865004
35.198932613 30.068410288 7.928921412 -0.836660357 0.280329930 -0.349429857 -0.315140210 0.780361240 -0.722204862 0.414956759 -0.158894097 0.801345192 -0.056503159 -0.959838060 0.507727733 -0.309205827 -0.709220637 0.294376379 -1.834993939 -0.130547219 0.234744032 -0.857087620 0.293114651 -0.900522617 -0.762036570 -2.256356218 -0.180599908
20.840848772 38.703296875 14.140351694 -0.828543695 -0.097261928 0.296411584 0.464968424 0.321568229 -0.685324611 0.904289252 -1.181164193 2.430894029 1.155741965 0.977658451 0.859134811 0.996837588 0.444211409 1.193661841 0.656844353 -1.328712253 0.050468445 -1.022949213 -0.548495589 -1.799513010 -0.171453483 -0.359653661 0.602005250
22.458944042 34.269224579 3.782277165 0.589637853 -0.508511253 -0.520455531 -0.350527528 2.300856409 -0.429648409 1.669039095 -0.176005335 -1.050151115 -3.052334022 -0.425474420 1.018886108 -0.089979346 -0.779895187 2.352233363 1.025009001 0.298645194 -0.186442870 -1.029368434 0.870442320 1.730537730 -1.214109153 -0.298332606 -1.532948348
29.868046294 32.196111867 3.053221131 0.370208200 -0.059749311 0.897946111 -0.230366424 0.028068026 0.534809382 -0.065034126 1.049551987 -0.568068972 1.176883194 -2.234023524 -0.043822484 -0.656017352 -0.350467271 2.357969819 0.284551338 -0.769952754 -1.007319962 0.668414881 0.507285744 0.700710246 1.185980410 0.975409204 0.537187468
35.734853841 31.001519643 11.268147837 -0.769256029 0.134301529 -0.531731668 -0.327825706 -1.298524645 1.581546906 1.022206180 -1.425614129 1.249177261 -0.262233027 -0.755568786 -1.089592886 1.667336221 0.091073511 1.832438954 -1.100834592 -0.323752001 -1.455713638 -1.060600806 -1.135838451 0.829062555 0.185275024 -1.696681358 1.581722621
28.937398465 37.243090183 17.444914251 0.173918933 0.749334152 0.020234951 -0.638624365 -1.843321007 -0.443142298 0.454528178 0.538266413 0.377635047 -0.357833535 -0.629148064 -2.421822675 -0.754651869 0.011835212 1.446772887 -0.386972173 -0.915763999 0.591257942 -0.515777037 0.028733012 0.981892788 1.376669335 -0.536962591 -0.047704045
23.760550232 29.340778954 3.605786796 0.504598352 -0.248545338 0.646232252 -0.515741791 0.977675174 -0.580039383 0.102023230 0.410914608 0.028604173 -1.700124215 -1.756819323 -1.235839047 0.922082547 -0.369583735 0.769563669 -0.445576758 1.261927134 1.178514960 -0.712767482 1.985557913 1.483364654 0.786358906 -0.380362367 -0.199957651
29.092395693 38.130967782 9.104012189 -0.134703539 0.875130464 0.000689182 0.464759241 -1.105124230 1.059922907 0.536912793 1.662104763 -0.106835491 -0.655341752 0.838230373 -1.805259901 0.978039112 0.452337328 -0.796701768 1.456724575 -0.919116494 0.411244973 0.493310826 -0.501256423 -0.195196799 -0.460038628 0.784379461 -1.573970512
26.863996855 31.033488783 11.632311314 -0.208389995 0.707111159 -0.643263209 0.206832934 2.251071893 0.958128749 -0.998917147 -1.270734812 0.531682551 0.201624169 -0.261049811 -0.431190226 0.535044628 -0.515168601 -1.439708036 0.901068736 -0.044861663 0.049732802 -0.335990031 -1.411940961 -1.066308916 -0.851408823 0.904939332 -0.239939502
31.519994874 38.445479336 16.446111367 0.006953281 -0.303271827 0.369168601 -0.878460241 -1.075042858 -0.903052028 0.925673597 -2.522288477 0.289768714 2.432461281 0.099409013 -0.033846247 0.409420680 1.567613732 -0.308525539 -1.127566456 0.728000101 -0.664015930 -0.057931676 -0.034900973 -0.588450533 0.287169278 -1.241516850 -0.711531785
29.338421605 25.660087982 9.095979151 -0.528356891 0.137910058 0.812657301 -0.203489367 0.649635985 -0.442411880 0.024391084 -0.749537682 -0.405787254 -0.589888539 0.220064325 0.954521780 -0.429990014 0.647621584 -1.201027624 1.002323763 -0.132495473 0.521143782 0.854708688 1.313065939 -0.764035126 0.415051409 0.105029504 -1.656179916
24.555450756 29.304989038 4.474783470 0.883570381 0.347000676 0.303982869 0.080550160 0.507764505 0.037967538 -1.526136272 -1.919675246 -1.064184361 0.224556694 -0.640394668 -2.174478938 -0.192576040 -1.203158392 1.800498928 -0.289424140 1.931094631 -2.024353156 -0.000883283 1.529787797 -0.264162391 0.304959977 -0.377438837 1.287478224
20.119184413 34.553867958 10.218641281 0.633559349 -0.224562800 0.629330768 0.390021647 -1.065361534 0.294423976 -0.512884095 -2.171940968 1.195050741 -2.512313758 -1.117976840 -0.423055002 -2.364502697 0.114430849 -1.400672942 0.056884405 0.760222513 -0.189284284 -1.264810531 0.291466523 0.745775978 -0.840883900 1.340310600 0.453002230
29.962024624 28.391396464 1.143021927 -0.597248814 0.332002233 0.727543035 -0.061233196 -0.626203683 0.759475730 2.336150427 0.138434580 0.181392681 1.995749163 -0.689820252 1.766033558 0.168760409 -0.994424883 -0.333893736 -1.341751204 -0.401701053 -0.522528658 -1.306707068 0.011856205 -0.463138598 -0.311811240 -0.836606339 -0.222685932
27.050798126 32.908128087 11.569235088 -0.347397899 0.600596630 -0.435901024 0.573226556 -0.981639125 -0.622645600 0.148355212 0.245633082 1.733369125 0.561065623 0.121879594 0.866367878 -1.062889474 -0.489108009 0.424068999 -0.270151588 -1.439570045 -0.713038369 -1.266568698 -0.803380428 -0.209480418 -1.391091455 -0.288061087 -2.750043808
34.533264699 35.514898595 13.427003167 0.395870169 0.550902161 0.561384622 0.473963000 1.046785817 -1.006221932 -0.172735418 0.553644829 0.339880248 1.075097890 -1.787484221 -0.089023193 0.664969277 -1.957303818 -0.372791009 1.503800894 -0.259887812 1.047002497 0.084232141 -0.550460348 0.049613775 -0.397964472 -0.333534418 0.936231717
19.890389504 34.555548966 10.759265803 -0.379333870 -0.608257730 -0.688305275 -0.111194407 -0.422801713 -0.746054002 -0.530121912 -1.621467618 -0.960168067 0.830298704 0.800441711 0.839788153 0.858489016 1.251600698 0.656702544 0.274181924 1.339103432 2.360838867 -2.136807333 1.606804616 -1.821857853 -1.603143028 0.250211596 -0.193317534
32.101696928 34.968952798 6.199100938 0.628578534 -0.743032553 -0.191735241 -0.126606669 2.226562366 0.675426498 -0.947226610 1.490727537 -0.060352813 0.003748681 0.613316268 0.983755517 1.356180782 1.491123893 0.405855736 0.290418695 1.657574898 0.242659704 -2.430293305 0.368881453 0.571195705 0.743809819 -0.821101716 0.259305252
26.024595801 34.409920996 0.595593259 -0.666473795 0.348253241 -0.659132890 -0.008728857 -0.202194100 -0.285577192 0.494270475 0.444396525 2.463955053 0.959578681 0.408571424 0.672812479 -0.637529056 1.110607889 -0.435770436 2.869458341 -0.072803201 -0.234219306 -0.160093032 -0.186100435 -1.502906319 0.537169969 0.312219862 -1.483041653
35.353645812 39.345356408 8.809215737 0.505290415 0.518965566 -0.566177267 0.393445855 -0.746583781 -0.035211882 -0.106977877 0.189048478 0.813439540 0.548002725 -0.245051542 -0.475828804 -1.633456176 -0.662385173 0.148664638 -0.810266972 0.121771240 -1.647275846 1.283732577 0.223803186 0.486944962 1.350338640 0.007933987 0.563403906
28.182420280 37.661565052 6.997105421 0.142819350 0.358264544 -0.345717887 0.855411183 1.255991163 -2.435728668 0.068535957 0.280528657 -1.278734815 0.598948797 0.965883135 0.935920154 -0.650472857 -0.905554024 -0.208813303 -1.021480094 -2.169358497 0.964537651 -0.336333778 0.266570588 -1.591129452 0.034839582 0.013463862 0.504597676
33.341315843 32.758682219 15.339318986 0.138916394 -0.913168483 -0.294464499 0.245186087 -1.788573406 -2.182177329 0.442854196 0.534331579 0.341956777 -0.738721450 0.715806512 -0.218228799 -2.774520034 0.168244946 0.174073526 2.027868844 0.392664706 -0.823909729 1.403266548 1.709449066 -1.712792343 1.142233462 0.820781430 0.521327143
24.297341194 40.870430277 3.585940024 -0.159803372 0.223133682 -0.087336606 -0.957625480 1.693408636 2.588856510 -1.576398398 0.243003734 0.726474464 -1.407881160 -0.316396771 -1.639116279 1.774619615 0.914367933 -0.036703068 -0.497331386 0.068009050 -2.083263738 -0.781507992 -1.259371051 -0.820976788 -0.693690537 0.680083161 1.614740606
25.284595127 34.514170383 1.572734536 0.674025343 -0.331882954 0.435839708 -0.495567645 -0.667210980 -2.197043295 1.419755613 2.482990876 0.260396583 -1.097347386 -0.888840282 -1.363847447 -1.282652240 2.003267919 -1.089695790 0.727277669 0.394320824 -0.877260047 0.204697664 -0.585526377 0.364399870 0.555043346 0.416760819 0.543155441
31.433168257 42.281514231 7.105986445 -0.371838225 -0.887431071 0.190485295 0.194724885 0.699438915 -0.901726318 -2.179129487 0.243548620 -0.244305709 -0.702229812 0.785577003 0.848481791 1.051876883 -0.401410947 -1.508681948 -0.265600795 -1.008853753 -1.414905870 -0.684275492 0.956674449 -0.126991450 1.186310864 0.873711730 0.627157556
21.513460474 34.239084016 0.568826058 -0.164910059 0.452868334 -0.283392883 0.829097955 0.528942633 0.679521497 -2.071957109 1.229527112 -0.260707267 0.939285676 0.507795418 -0.666733437 -1.333870073 -0.595032742 -1.332779755 0.781123587 0.258437275 1.759939238 0.582308616 0.827981888 -0.248514287 0.288289083 0.847287169 0.450656687
33.410174282 33.700440187 4.471142850 0.557891184 0.386616122 0.461573914 0.571169784 -0.659557299 0.678820650 0.726395312 -0.569277556 0.939183676 -1.355529758 0.178566087 0.485325243 0.030860481 0.164771156 1.009847623 -0.375553876 0.037612102 0.261440689 -0.618767575 0.821091295 1.366024305 1.637709152 -0.461824307 -0.409051871
33.139964433 38.239842338 8.536560026 0.659171919 0.481143955 -0.573729683 -0.069477531 -0.575353657 -0.435429724 -1.819701643 0.401934265 -0.316808329 -0.419593326 0.902126868 -0.594854815 0.397538795 -0.975881755 -0.123603880 -0.195246232 -0.841849669 -0.661043695 -0.071300885 -0.542293416 1.861224780 -0.305633123 -0.061642583 1.549248944
32.572485541 36.438721218 1.433533791 -0.354669650 -0.698509228 -0.072072107 -0.617332899 -0.968646600 -0.835957498 -0.753108942 0.427680944 0.822559614 0.221965761 0.931462561 -0.209961375 1.147802832 -0.204635145 -0.687638079 0.556917784 0.076778616 -0.125472153 -0.042083763 0.269944926 -0.421550629 1.565270070 -0.184771512 0.408985244
32.089711186 32.854725835 15.232570116 -0.286041475 -0.175762287 -0.434188775 0.835923442 2.284033286 0.694609715 0.473905797 1.299913476 0.679291355 0.307163651 0.314451021 -1.420241917 0.758173104 -0.305772713 2.283275065 -0.514037379 -1.014072388 -0.799738162 -1.864584471 -1.410178498 -0.614917307 -0.731266696 0.126843241 1.289004208
30.791121657 32.722126502 11.519816936 -0.358815109 -0.272870280 0.883741688 0.125674806 -0.289707475 0.914853679 -0.247701255 1.051766929 -1.223283194 -0.526936698 0.100223408 1.628808484 -0.174099519 1.476146887 -0.095554329 0.692658432 -0.491941007 0.758481369 2.328070312 -1.162716387 -0.893001387 -0.729457547 0.125936284 0.068796833
22.775506285 41.351900365 9.464949924 -0.170201517 -0.336327311 0.829920856 0.411274551 0.235773268 -0.516976998 0.277469745 -1.088254887 0.043700230 0.430525952 0.097383257 -1.050546918 0.108121744 1.762311510 -0.315442233 0.222561328 -1.421895251 0.191391033 1.056657904 0.605068445 0.479712850 -0.943596008 0.317523282 -1.384307240
28.824886615 30.619249532 0.758788906 0.134918609 0.771277036 -0.592701451 -0.188768887 -0.220306261 -2.460342423 1.277900196 0.496420173 0.715829117 -0.753345685 -1.658978565 1.083149768 1.606347261 0.289356394 -1.601455181 1.218524487 0.265992118 -0.604723439 -0.746254249 1.477314303 -0.516058343 -0.564342957 0.121674904 -0.153325981
25.473321109 29.818552128 8.982694883 0.684223827 -0.339443627 -0.519304099 0.383326272 2.142179060 -0.119553523 -1.274763565 -0.833013989 -0.214644922 -0.806632914 0.002372911 -0.026188016 1.204509869 -1.565067412 -0.632637636 -1.403402011 -0.935985288 -1.441521831 0.566350229 -0.089414670 0.650676384 -0.166037393 1.478446915 -1.471483935
21.780142809 34.402526887 4.373481689 0.195598801 -0.805524523 0.508268895 0.233525336 -0.553571335 -0.926384114 0.994103527 -0.893138769 -0.200091871 -1.104440932 1.053927805 -1.628616760 -1.601437684 -0.356808844 -1.784127192 -1.333836575 -0.210942831 -1.063842334 -0.378962539 0.180004758 0.439675484 0.030326806 0.649313810 -0.796044102
19.516605639 32.740007180 7.932761848 0.055319494 -0.487151909 -0.835418839 -0.248391093 0.314428731 1.782657596 0.861570220 -0.296353083 1.333955445 0.184523166 1.294791718 -0.436086395 0.933896455 0.339649935 -1.568555273 -2.491015783 -0.815604779 0.648785920 0.408315489 0.672156205 -1.104646241 0.868896004 0.396286587 -1.127057253
35.904000138 33.573421180 8.120035013 0.757544377 -0.461127773 -0.169106048 -0.429989347 0.082612653 1.349395372 0.284070622 0.890595136 0.066301666 -0.500138213 -1.191729682 -0.605182194 -0.093790302 -1.586224883 -0.511588836 1.412390495 1.630511885 -0.157574198 -0.237852188 0.352163212 -0.087466991 -0.105231656 2.107818580 0.008689286
26.464141240 35.573179720 3.018162346 0.268254891 -0.799114928 -0.516783364 0.149631545 -0.364618173 0.784875274 0.002215870 -0.816009700 0.520664558 -0.906424546 0.493780559 0.552595809 -0.750959609 -0.437912074 0.051839729 0.513969345 -0.612505386 -0.959207713 0.581320341 0.546095378 1.364363918 0.011247657 0.383833178 -0.086109980
22.323358014 40.705744287 5.297812557 -0.162002056 0.297852430 0.938020115 0.071815933 0.328709993 0.906583183 -0.006083253 -0.402347315 -0.368353790 1.485182841 -0.704313183 1.612908833 -0.913443286 -0.128337205 0.805674643 0.830039575 -0.244469281 -1.679049733 -1.523270530 0.434712694 0.496901926 -0.656279206 0.087178346 0.071979084
28.173251434 32.836572615 16.797214032 0.115994854 -0.315176341 0.697800238 -0.632679932 -1.976220991 0.737858576 -0.832959746 0.287166055 0.867137800 1.047719848 -0.080657253 -0.264048975 0.225760841 0.593353542 0.277512377 0.036894734 -1.550304759 0.054770173 -0.325984273 0.189337467 1.675681190 -0.400005339 -0.969819275 -0.528329520
29.182784592 26.096668909 6.540721774 -0.287432465 -0.626125611 -0.358257270 -0.630080174 -0.736143230 0.662156264 -0.541509517 -0.358943920 -1.103839464 0.375354915 0.483363075 -0.587125158 0.387746016 2.113382142 1.136042973 -0.149780548 -0.287302162 -1.027770539 -0.183467503 0.310687443 -2.140210820 -0.565624145 1.002266931 -1.613971616
21.820038374 38.836849356 13.211261573 0.210543020 0.473502383 0.107193309 -0.848514422 -1.473415200 0.474941264 0.645110006 -1.100516002 -0.678822900 0.584395241 -1.496179463 0.679105930 0.782732875 -0.243434864 -0.835628765 -0.774382918 -0.504834502 -0.268011900 0.600079147 0.272326455 1.350629604 1.039251967 0.473865766 -0.224222868
35.270536582 31.203178966 7.469210286 -0.094055033 0.114850911 0.893578350 -0.423651568 0.528312639 -1.768006797 -1.219294582 1.271306136 -0.738836550 -0.501226121 -0.522020424 0.272194010 -0.807756859 0.868817551 -0.513235558 -2.029899850 0.600114676 0.981108087 0.111985670 0.000273590 -0.873830519 1.018749378 0.432523438 -0.754690903
31.529471742 30.688738340 6.312888648 -0.020949927 0.421045079 -0.886414404 0.191184848 0.344929423 -0.534419454 -0.627692448 0.393998147 0.515356305 -0.167230032 -1.480138626 -0.323142174 0.845532209 -0.150350434 0.479856941 0.761542957 -1.128890624 1.553646562 -2.163192031 0.759626861 -1.155086185 1.103977579 0.516041089 -1.130094252
24.444568243 35.163224380 11.619390220 -0.720768411 -0.102588753 0.654608278 0.203608563 0.289875884 -0.685255641 -0.557872615 -0.817322108 -1.480466942 -0.826680708 -2.715042407 1.208956741 -0.509769248 0.563710050 -0.825963838 0.279235602 1.632936557 0.689467157 0.118500031 0.384798790 -0.683899021 1.209868357 0.617295290 -0.812267572
29.405550477 28.531845456 15.196794259 0.769014431 -0.471578223 -0.125822383 0.412794759 -0.199591973 -0.569455232 -0.871046531 1.509636795 0.543303494 0.100420366 -0.922741546 -0.449116559 -0.837269871 0.215607224 -0.797487714 0.969466048 0.686263186 0.019906719 2.474929344 0.095972507 1.333357692 1.512956135 -2.015531637 -0.618594479
18.913085285 32.963585458 13.501387248 0.008314624 -0.755139043 0.008920809 0.655451228 -0.615166487 -0.880974906 1.028152173 -0.859079236 -0.295576071 -1.102641853 -2.840680191 -0.273212713 2.505175019 -1.938756258 0.696310893 -0.257188466 -0.084271810 -0.109176471 0.657692754 -0.408692722 0.923947587 0.485785940 0.512752942 -0.621904635
31.092009049 33.193422954 12.103798958 -0.038066127 -0.066246556 0.297860626 -0.951546852 -0.440739685 -0.343154206 0.470880225 -1.098031942 -0.539222795 0.681298830 -0.632497542 0.153324707 -0.248090990 0.864911127 -2.738235957 -0.745373368 0.865558032 -0.463409689 1.943695425 -0.640272043 0.280709875 -0.887758001 0.435287586 -0.715586024
33.085075012 37.491685224 7.503952073 0.308320143 -0.832639542 -0.019312612 -0.459648894 -1.199758883 -1.087047397 0.629223881 -1.084858868 -1.510554531 1.715782264 -0.026359206 1.416110202 0.188494686 -0.041145311 -0.015347344 -0.968367094 1.305775764 -2.127160782 0.558086927 0.463210060 0.802223098 -0.204165226 0.625313391 0.390774759
26.708388082 40.597738816 16.200112159 -0.555821637 0.612806236 0.212522204 0.519966476 -0.230037799 1.326750856 0.921899789 -2.356750908 0.059767754 -1.270484901 0.397025544 -0.513135161 1.389119063 0.526389164 1.626397597 0.053820638 0.623071265 0.642522505 -0.490014852 -0.279350631 -0.255381744 2.247213011 0.729748077 0.552839466
27.724992758 25.372764662 4.629959685 -0.037414373 0.413591478 0.418102356 -0.807918730 -0.328550708 0.135148016 -0.037435649 -0.072241473 0.344358534 1.251732837 0.089180788 -0.022341515 -0.208745394 0.321935310 0.240348973 1.257595052 -0.543101525 0.846889095 2.666989331 -1.392086419 -0.876281138 1.524579985 0.529583825 0.561510606
26.054678907 34.438556245 8.082633985 -0.813324890 0.138639631 0.112142033 -0.553810292 0.570899329 -1.007812958 -0.659769707 0.206114626 0.705063570 0.128221221 -0.770409191 -0.370763989 0.378560699 0.767874627 -1.211170509 -1.395288289 -1.011141383 -1.173800540 -0.342555901 -1.376489210 -0.575487693 0.120235701 0.225043477 -0.226771100
19.853371129 32.002890862 9.899579987 0.023146261 0.834660679 0.389406185 -0.388804096 0.787452662 0.218463452 1.663870307 1.033133859 0.247081237 0.130223956 -1.411040322 0.349331563 -1.658330523 -0.937438958 -0.337803367 -0.603728144 -0.047111643 1.670268165 0.044789583 0.318859300 -1.113652391 -1.279013562 -2.008742864 0.987566011
27.375008136 31.083333639 12.466033041 0.487223162 -0.441528459 -0.709900691 -0.252402890 0.273487411 -0.415217848 -0.899210697 1.109733508 -0.074870942 -0.405003892 1.182230998 0.768241311 1.058702401 -0.264274437 0.765750857 -0.451638950 -0.713635510 -0.781229866 -1.020761506 -1.544352458 0.789159039 -0.256826920 0.434948466 -0.148860294
20.862208056 33.070236450 4.482550811 0.343612780 -0.695207632 -0.591679810 -0.220298906 -0.671306471 -1.603088727 -0.271756065 0.903269509 -0.636961508 1.703193061 0.799340263 0.884086013 0.279482066 -0.988080729 1.886100733 0.394188113 0.454002076 0.441122301 0.557187812 -0.467078722 -0.190971655 -1.833834243 -0.449582891 -0.180558198
31.146972080 29.885949639 10.599717901 -0.823009161 0.021424861 0.405361710 -0.397339629 -1.076017119 -0.194474350 -0.193372582 0.606150966 -0.232414946 0.250397072 -1.403068835 -0.099691256 -0.905521960 -0.538001080 -0.085073667 0.063850784 0.236150557 -1.155005450 -0.789573361 0.234921560 -1.247128067 1.028672769 -0.181989034 -1.011070226
21.299643757 33.996248060 10.649867433 -0.088047556 0.205241367 -0.240457002 -0.944618462 1.336656674 -0.167628531 0.044615719 0.725337840 0.781755791 -0.402986684 0.770653171 0.402903496 -0.086165761 0.200919947 0.064402490 -1.226185211 -1.596055203 1.103430122 -1.151488843 -0.939407481 2.081756178 0.370970534 -1.700416985 1.775750701
26.983277481 36.339985971 9.866642691 -0.086381836 0.953194592 0.155530733 0.244475846 -1.381726447 0.002128893 0.566551893 -0.796075476 -0.256098177 0.742148814 -1.609058920 0.391641109 -0.787155209 -0.418741335 -0.340503631 -1.059900824 0.408298626 0.378916941 1.229213952 1.421484784 1.021639075 -0.107100122 0.798786085 0.269225232
29.006762745 28.826527858 4.480104141 0.405861089 0.550495835 0.649864013 -0.331523568 0.566258499 0.595561662 0.013026225 -0.823367700 -0.815660217 -1.567653970 1.235558796 0.800957565 0.684419504 -1.249519483 -1.359753007 -0.953840856 2.757129603 -0.639370883 0.548822809 -0.588775982 -0.704910028 0.050075961 -0.333821166 -0.916004948
20.932540951 41.206672022 8.052667444 -0.313327849 0.901234283 0.291942274 -0.066122125 0.200681277 -1.594859790 1.036165173 -0.468842596 0.203457288 1.970952818 -1.076331013 -1.477124088 -1.142280507 -0.081821131 -0.424566909 0.412394242 0.676333855 1.102815201 -0.683363246 -1.225941421 0.485218731 0.114596993 0.278390599 1.897439928
24.979050117 40.342589787 2.248799869 -0.350830728 0.283304393 -0.764126000 0.461267685 -0.567616241 -0.564012784 0.909995916 -0.402264317 -0.019895325 0.716459789 -0.985005439 -1.515648687 1.514172657 -0.519015929 0.592999266 -0.961014564 -0.282032782 0.855400831 1.153715103 0.049433096 -1.148693132 1.193903727 -0.030999509 -0.193392006
26.465411162 31.861066054 16.240460019 0.126392697 -0.181650677 -0.315304504 0.922827712 -0.378234571 -0.860604421 -0.627224783 0.518454831 -0.386933993 -0.630628768 2.588424405 -1.204227233 0.863486121 -0.265048035 -0.315512349 -1.116042043 1.018494222 0.701839740 0.589829961 -0.995666682 0.921908890 0.039214850 0.048628030 0.482049453
29.926301451 37.726462172 2.806029100 0.975429532 0.212260940 0.032352672 0.049354089 1.590023554 0.859112266 0.918670213 1.112194024 0.665939942 1.532982897 0.288442615 -0.225507677 0.789032235 -0.638514899 -0.499937872 0.649221278 0.601200591 1.368364788 -0.211702736 2.263444376 -0.562663689 0.475602509 0.881398243 1.502572576
27.208065010 30.593352745 7.173661117 -0.438754874 0.640595299 -0.620821297 0.108225422 -0.478781316 0.091215666 -0.689028255 -0.806035486 0.087535615 2.454801743 0.441953709 -1.100067956 -1.575390001 -0.471998278 -0.058987970 1.017715128 1.462924566 -0.275700511 -0.636966023 -1.509741752 0.045299363 0.218516647 -0.756884095 -0.034717992
26.806983443 34.911579193 15.658133155 0.049697812 -0.371184861 0.451222500 0.810030976 -0.371532962 -0.860781821 -0.590458939 -1.521693854 -2.270518190 -0.535178897 0.215436547 1.024581882 0.925466634 -0.266189928 -0.148357035 -0.337315461 -0.066084454 -0.287412168 -0.314389768 0.184200446 0.752333314 0.728322496 -1.412522635 1.106588623
29.284872778 28.371233146 7.564121981 -0.910992685 -0.325754594 -0.189247953 -0.167813838 -0.192476385 0.461424183 0.670359092 0.012573964 -0.202259788 -0.768755232 0.211734947 0.719103741 -0.515156493 0.691217340 -1.297968336 0.207885695 2.064494054 1.690357770 0.758372742 -0.291052214 -2.077238967 -0.217110992 -1.167555758 -0.190219700
28.320514531 41.870072365 12.644810480 0.891262905 -0.059045298 -0.087065717 -0.441116365 -0.165614034 -1.571858318 1.637223457 1.178516874 1.875147478 -0.138769012 1.120475573 -0.814469452 1.373564810 0.330026593 -0.869206307 0.179663514 1.458318588 -0.359324715 0.164320915 -0.363332428 -0.936406378 -0.647735470 -1.260356983 1.323851745
24.544979603 34.361507277 15.744952890 0.641075590 0.022772715 0.755020775 -0.135820179 -1.567423422 0.678650908 -1.417226766 -0.286750818 0.455534287 0.045865671 0.012378901 0.401871287 -0.261803213 -1.768685676 -2.452684297 -0.972804382 -0.948785263 0.338937278 1.099093443 -0.215540675 -0.157491074 -1.387562533 1.048271007 -0.464576271
26.939732370 38.198287671 5.286291253 -0.526058119 0.113269500 0.472294989 0.698119130 -1.305054252 2.770801046 0.141167783 -2.051835949 0.135223745 0.403701584 -0.520708655 1.128450449 0.163250582 0.776084085 0.764265038 -0.518478766 -1.113217660 -1.182385971 0.617585861 0.946633502 1.096324569 0.930642651 -0.253560482 0.653232354
34.894673567 29.960201805 9.394304792 -0.189409935 -0.825279061 0.380553373 -0.371776114 -0.028029336 -0.513961459 -1.138471554 0.455288857 -0.054773953 -0.465434427 0.214434137 1.711899190 0.076404680 -0.765073798 -2.114394689 0.408196713 -0.905248237 -1.824504051 1.555280121 -0.618419745 0.210338425 0.649560706 -0.462865502 0.393501237
20.708279404 34.727519800 4.493754422 -0.757621849 -0.283740866 -0.586416167 0.040203663 0.204959357 1.223480158 0.486454436 -0.491580695 -0.627564019 0.496460627 0.111945819 -1.065683320 -0.010511275 0.030246852 0.755698084 -0.497191759 0.536273451 -2.027087842 -0.843895571 -0.036382010 -0.412123384 -2.294691809 -0.257398362 -1.200868375
29.813846452 39.394832131 10.294617941 -0.932807432 -0.026751000 0.313583855 -0.175555816 -0.601024207 0.312368670 -0.471938145 1.098033414 0.036727319 1.536479796 -0.613871771 -0.886581918 0.989990142 -1.539915595 0.862786220 -1.084328402 1.173933547 1.043561128 0.934008416 1.017253956 -0.448976512 1.514514350 1.626681727 -0.725132412
25.605021408 34.994453253 10.451306284 -0.171539909 0.722500631 0.161468498 -0.649996016 1.951614605 0.713925731 -1.033919863 0.912954961 0.067550623 -0.546682967 1.071856031 0.810422097 -0.244920322 -1.790010111 -0.112098209 -0.701368833 -1.054461737 -1.707429282 0.413131276 0.480408132 -2.805956135 -0.829568120 1.079131885 1.936482869
22.718807650 39.336808606 6.720117222 -0.522137308 0.165989469 -0.775547584 0.313601775 -1.165085908 0.551302411 1.157268970 -0.770127010 -1.277215535 0.559760113 0.066603226 0.028723750 -1.844862953 1.684282313 -0.543742923 1.094436594 -0.512722830 1.177693603 -0.379203694 0.579903781 -0.022063328 -0.585974029 1.095945020 0.519910591
22.640345109 40.164336583 11.843113779 -0.808228595 0.479746096 -0.115902729 0.321211425 0.351393721 0.670179282 -0.104210715 -1.182189139 0.152813201 1.359630612 -0.410466335 1.057560207 -0.680235502 1.823446598 2.077494061 0.658173786 -1.149681216 -0.574568550 0.522571028 -0.600213119 -0.624591713 2.074118123 -0.898928140 -0.907762188
29.263318732 35.239973955 11.769892175 -0.238313946 -0.309292259 0.261983519 -0.882558439 -0.852834854 0.809025300 0.960498040 -0.261463130 0.017950460 0.212424302 0.178655478 -1.465615847 0.465554314 1.151426381 -0.551061301 0.445601287 1.359007873 -0.277081051 0.310237289 -0.042440541 0.879276392 -0.575058837 -2.157957216 -1.626735946
30.973993640 42.040693071 10.588774561 0.640164576 -0.632815787 0.287195018 0.327494302 -0.819604222 0.235527847 -1.305543481 -2.054493777 0.371166175 1.462747975 -0.408414387 -0.331181222 -1.076155957 -0.070976801 -1.467114339 1.188179029 0.393461286 0.342556174 -0.259658880 -0.970293717 -0.992910315 0.135861700 1.307818087 1.270232329
23.990737634 29.076900963 14.783086835 -0.150443316 0.386278629 -0.821518978 -0.391487162 -0.448562502 -2.015200351 -0.601607629 -1.776826750 0.535378461 0.232042904 0.743786911 1.171832980 0.449896706 0.445822015 -1.175780968 0.841881390 0.782592393 -0.730173193 -0.027264188 -1.700289658 0.793511904 0.849337719 -0.294232618 1.265084096
31.875956777 32.695924513 9.807523416 0.447224505 -0.211862086 0.867047891 -0.057729136 0.935413014 -0.049632349 0.984376779 1.163897849 -1.966871629 -0.025853279 0.810942307 -0.034858662 -0.443026601 -0.413139896 0.179647148 -0.036208138 0.798384551 -0.918797547 -0.882466242 1.503488295 0.874869357 -0.530300707 0.106612334 -0.530131922
20.416356274 33.690612822 10.222269524 0.487860710 0.334168081 -0.454386926 0.666225294 -0.121559796 0.837371079 -0.102351976 0.794309298 -1.409099391 -0.783835660 1.915056385 1.565165584 -0.701245336 0.161394243 1.128366956 -0.019118579 -0.448290852 0.473030740 0.070717602 -0.768954901 -0.776528077 0.955078765 -0.399962425 -0.590524648
26.699708760 41.014072105 3.296217602 0.315508853 -0.442947598 -0.767956663 0.338369846 0.151686988 -0.624747110 0.166218440 -2.655303370 1.766614885 1.272935143 0.566335266 -0.295604151 1.441438864 0.002540932 0.581822808 -0.264651935 0.413921036 -0.617846932 -0.457041996 1.024530212 -1.555823421 0.706474074 0.429829555 0.995682870
29.072637792 40.965431932 11.543917576 -0.253954584 -0.876540498 -0.378382451 0.154953366 0.630283202 -0.669057385 -0.253666453 -0.597287107 0.102961918 -0.332444568 -0.341357762 -1.530972706 0.666046961 -1.473599668 0.901151779 -1.667650000 -0.020097297 -1.800957170 -0.934322185 -0.243901332 -0.561459870 0.849525065 1.588413869 -1.408780811
25.976373622 29.376841601 3.465310766 -0.046519950 0.065918397 -0.792726893 -0.604214144 0.257200899 1.975813106 1.583902038 0.790720337 -0.299242886 0.136113467 -0.499190242 -0.462129869 -0.680459314 -0.517501054 -0.699530441 -0.617943579 -1.230136975 -0.348022638 0.696108684 0.473431703 -0.495268853 -0.059653593 0.334907622 -0.919081757
33.528025004 27.936195615 5.821228287 -0.980821519 -0.138343347 0.075698057 -0.114542879 0.521138300 -1.363129098 1.481447878 -2.061324886 -0.461808755 -0.006859733 -0.461425021 -1.005074173 0.726451962 -0.401908892 1.312970576 -1.415642171 0.493382064 -0.748176882 -0.886929577 -1.819087028 0.786561539 -1.403752297 -0.792673127 0.352303614
19.353636450 29.972897924 7.531379366 -0.000078188 -0.626528220 0.778496330 0.037494638 0.402017950 0.381607222 0.905833525 1.318042707 0.255260882 1.074406812 0.392962540 0.123775057 1.458975396 -0.274866544 2.893101502 -0.052022076 -0.713245019 -0.440508944 0.035630255 -0.073476644 -0.495841786 0.612128539 -0.571444207 -1.706893036
24.318154575 30.193104425 2.041963545 -0.226362621 -0.033778599 0.957339938 0.176406386 -0.104987768 -0.511014676 1.949756849 0.832902005 -1.030216615 0.668083986 0.152769295 0.771643091 -0.613046319 -0.977034105 1.664777791 -1.346219135 1.076532267 -0.191615224 -1.753983899 -0.341149969 -1.245266861 -0.323002217 0.302453168 -0.864461142
27.961300964 38.700203598 2.929651295 0.450918687 0.357900639 0.630248906 -0.520927814 -0.628366196 0.091847761 1.699412364 -0.207905443 0.500062016 0.679871936 0.597192425 -0.049570084 -0.885087961 -1.161160635 -2.591742824 0.145524308 -0.337722505 0.139262079 2.045040991 0.383944453 0.041384383 0.391942086 -1.196030786 0.420232321
22.930096691 25.825853761 10.572439386 0.064866303 -0.806491046 0.535465209 -0.242160204 -0.058860554 0.729503527 1.004088893 -0.109491758 0.369320693 0.260277565 0.245250630 0.086562344 0.293315313 0.253015852 -0.070030832 1.222797266 -0.208550052 -1.220135712 -0.168129838 -1.252831255 -0.683444474 -0.228055346 -1.850311344 0.099389075
26.491419491 28.080012193 2.357016909 0.036420380 0.655636819 -0.336945942 0.674745396 0.447814037 0.335678298 -0.810001002 0.525659766 -1.992814256 0.556226625 0.703524021 0.839922104 0.855608849 -1.076437481 -2.180717873 -1.681450111 -0.896051346 1.611726745 -0.662750559 -0.711415636 0.412853680 0.979832076 0.548909699 -0.595455348
23.968985888 24.931435672 10.396889643 0.333609372 -0.836810269 -0.433950446 0.011847861 -1.650991246 0.803738512 0.269633367 0.171978708 0.118737412 0.495067336 -0.978011474 0.339684278 0.373924049 0.954361159 1.274048609 -0.946922908 -0.036076723 1.138541859 0.110338536 -0.389640143 -0.408034479 -2.451468906 0.200642796 -0.470221631
27.375998416 28.611152210 6.676179262 -0.837734774 -0.286097421 0.366915248 0.285870451 -0.824267983 0.887321375 -0.378941954 -0.482525613 -1.250003738 0.438010057 0.255771765 -0.525747683 1.193095943 -0.397902933 0.619698041 -1.192270500 1.034458248 -2.852369820 -1.090052654 -1.772349622 -0.070320198 -1.219933079 -0.904325938 -2.178542579
33.231604002 28.959827449 10.578423733 0.052105313 -0.365098493 -0.022686352 -0.929232725 0.940500940 0.506938938 0.903016709 -0.900347256 -0.371129218 -1.695885497 -0.121499900 -1.565995637 0.524712939 -1.528293031 -0.594345305 -0.935233108 0.767140073 -0.151598225 0.408096903 1.039199956 -1.734689020 -0.503703244 -0.243127308 0.515715571
23.483395064 33.444549661 15.788047432 -0.115171529 0.880085950 0.449898690 0.098870663 2.058120361 -0.069109234 -0.686926557 0.471250335 1.007939598 -0.505128976 -1.038159637 1.838076068 -1.000311549 0.459048329 0.943873905 -0.810868710 0.229964553 0.807251916 -1.296248758 0.272257158 0.427444769 -1.500146472 -0.825130711 0.860769823
30.043151294 37.599978710 4.584599881 0.627675357 0.014102342 -0.161870046 -0.761329665 -0.591698380 0.488201611 -0.690449090 0.610911669 0.070522006 0.587534520 0.339505158 -0.348092383 0.262586822 -0.636748418 -1.693505899 -0.139662954 -1.344792218 -1.336129338 -0.271876268 -0.731000221 -0.538874765 -0.673701989 -0.099899622 -1.903029465
25.120007028 35.495435936 16.904833612 -0.031943805 -0.767030634 -0.638162831 -0.058239175 1.734521197 0.060768864 -1.503414747 -1.122746041 -0.752188277 -0.266799858 0.041125051 1.296258597 -0.340795799 -0.239951297 1.155239415 -0.050388934 -0.679764547 0.752258217 0.970626320 0.553530833 -0.542484776 -0.310123127 1.412061069 -0.021187647
28.566099737 39.864752576 15.455401225 0.307884620 -0.025478112 -0.001654477 0.951081063 0.405553959 -1.166156611 1.683056782 0.930123658 0.076539385 -0.321116078 -0.024806936 -2.957340926 -0.792811631 -1.106373715 -1.757805178 -0.509611946 -0.187646461 0.120389224 1.969706253 0.963812110 0.879038286 1.118939140 -0.758862220 -0.859144973
31.481528069 39.274379740 8.275003695 -0.090609658 0.973630244 -0.024246549 -0.207957069 0.315586058 0.712728433 -0.137486292 0.402424591 1.146661462 -0.573148181 -0.887587652 0.172393541 -1.915684230 -0.995341600 -0.916496076 0.081823505 0.879094091 -0.186651987 -2.322973920 -0.271049958 1.034139464 0.396169330 1.327793083 -0.314397610
26.129320700 30.257567475 11.105552858 0.929714485 0.122248513 0.212853638 -0.274553465 1.057650851 -0.426282286 0.600977081 0.361727888 -1.023103011 0.292261424 -1.136669977 0.026720450 0.497389149 -0.741505703 0.643954340 0.060102848 -1.006468712 -0.378439888 -1.334669813 -1.209467980 -0.725233722 -0.825801318 -1.118149467 -1.317650484
30.350909898 32.312211880 3.167645200 -0.867560885 0.097382711 0.395708554 0.285077985 0.205634239 0.910543489 -0.325711573 0.018991791 -0.733702732 1.964548624 -0.993311046 0.453826668 -0.318403328 -0.174098361 2.013537238 0.751449822 -0.021183138 -0.982176511 -0.772796592 0.522041280 0.051923412 -0.974601244 0.539316714 1.006052603
