-21.730081345 -6.303326132 36.877858602 0.019643529 -0.390518814 0.386235918 -0.835422650 -0.190269422 -0.024369566 -0.218988114 -0.205902116 0.651327283 -1.265816229 -0.659730176 -0.844786458 -0.984190743 -0.144254762 0.061786747 2.595792918 0.151395204 -1.041431209 -0.287840174 -0.288061325 -0.530879175 1.374144453 -0.450979146 -1.778943628
-20.367584021 -3.166008560 32.063307238 -0.114870051 0.070830229 -0.449121415 -0.883220190 0.800923647 -0.732783446 0.197932316 -2.562483490 1.434047123 0.649146440 -0.017241937 1.671677513 -0.572022374 -2.045668966 -0.651948867 -0.009732389 1.559080364 -0.025247625 -1.054803806 -0.243824081 1.157420595 0.877525666 -0.983036742 0.691967942
-26.819137169 -7.548596490 34.652993066 0.824606114 0.203060816 0.527711760 -0.017645376 0.689983416 0.014541143 0.817865795 -1.819958107 0.627552592 0.558698940 -0.848897082 -0.878965379 -0.329935896 -0.683632127 -1.767243564 0.451912956 0.209588531 1.379843550 -0.090394911 0.134972041 1.006419951 0.433594112 -1.424884434 1.173409552
-27.027259672 -5.323255296 33.134312376 0.059305340 -0.048026283 0.932985643 -0.351730213 -0.625844909 -0.785765965 0.693527103 -0.208296474 0.003031406 -1.051766079 -0.199068364 2.400480537 -0.366708459 -0.419582144 1.118568710 0.544615709 -0.715971536 -2.159326100 0.140269142 -0.798616347 0.461320351 0.383652306 0.164806006 -0.913333991
-17.456748383 -6.699314856 36.921947628 0.013190146 0.389483175 0.533044028 -0.750994634 -1.958325658 1.496346589 0.691010991 -0.554240978 -0.265984953 0.442123411 0.441043585 -1.378170758 0.976683320 -0.810182958 -2.190793938 0.696472212 0.996833613 -0.014555554 0.007066520 0.812555858 -0.306446141 0.263309065 -1.423601894 0.530808315
-17.340468173 -5.223856479 27.918677793 0.361642490 -0.316064550 0.484274059 -0.731297851 -0.009393857 -1.062973852 1.087712746 0.814337109 0.243454236 1.389549783 0.041718990 -0.386309221 0.247567584 0.721484026 2.317178066 -1.107385942 -0.182727822 -0.282542825 -0.396943209 1.398387973 0.266447058 -0.653124859 -1.022013549 -0.916835912
-18.573390126 -13.400201722 31.260772420 -0.986263605 -0.025817850 0.059480531 0.151919735 0.171632026 0.750018138 0.937344811 -0.947840928 1.171764032 -0.609353038 -0.381932579 0.393316172 -0.843058582 -1.687463043 -0.914214595 0.475716164 -1.090181393 -2.120835825 2.345745594 -0.124582794 0.603218163 0.677977948 -0.756683530 -1.250690509
-25.191108837 0.696141808 34.623481937 0.117622917 -0.144235237 0.363730057 0.912722023 -0.294993785 0.602626765 -0.754728118 0.492808436 0.326927711 2.648899162 1.368642008 1.951057234 0.414214804 -1.618150465 -1.151281907 0.695303470 -0.452719545 -0.444752473 1.146074259 0.613096569 -1.284012079 -0.071210271 -1.050569599 1.575781274
-25.504780204 -2.388812935 38.382628554 -0.906355357 0.248108578 0.341964504 -0.004730524 0.022217928 -0.552989607 0.297330283 1.428160011 -1.915611436 0.165196537 1.494776522 -0.294656202 0.719407138 -1.265862293 -0.339231708 -0.810713426 0.338493979 -0.745080937 0.347683189 0.604700451 1.575298753 1.200691204 0.708502038 1.787320021
-23.747275461 -5.646053981 39.046761791 0.163773603 -0.708163168 0.125586097 0.675212016 1.314969809 0.074706500 -0.890341619 1.312242833 1.205068792 0.076689499 -2.270205967 0.134410534 -0.630855719 -0.100280504 0.789992818 0.303790177 -0.760498469 -1.035760989 -2.079647989 2.614647214 -0.113394785 2.003814111 0.052221883 -1.372468815
-24.060159999 -4.049480360 41.743916491 0.083764995 0.372746230 -0.409791714 -0.828320243 -1.097934743 2.445218479 -0.350197528 1.311239898 0.832655810 0.100258393 -0.754092043 -0.102783552 3.077051645 0.882098770 0.798789916 0.079101809 -3.794355088 -0.033275567 0.109493591 -1.776409429 -0.413969581 0.321084943 -0.589638503 -1.579779549
-20.021679730 1.732837483 37.330042380 -0.518070335 -0.757129093 0.264032444 -0.297733997 -1.296775735 0.341700130 -0.573168027 -0.236720776 -1.820153136 1.060646260 -1.319164831 -1.210280132 0.000818242 0.126883328 0.359041900 1.510134973 -0.881096613 -1.255315593 0.703115387 -0.004470785 -0.506631495 1.951259165 -0.715035297 1.309315998
-22.483088690 -12.229703403 34.012544118 0.087065745 -0.426274420 0.606404103 0.665570236 1.249053277 -1.184874405 0.595394149 -0.404937934 0.687393839 2.819484546 -1.424395671 0.712978763 1.044365734 0.860936273 -1.006661757 -0.086819549 -0.986163242 1.106215511 1.549239129 -0.115260831 -1.607037873 -0.992142381 -0.221727578 0.951107846
-30.601664286 -3.853257786 30.852971533 -0.260786729 -0.370228442 -0.877942053 -0.155367096 -0.673186726 0.119296227 -0.577926332 -0.495971611 0.008571027 0.383948585 -0.018735934 -1.135976478 0.129017136 -0.085677645 -2.293527552 0.202272801 -0.873895183 -2.349464045 -0.041931768 -0.262777980 -0.724467898 0.783996790 -0.959552654 0.723765109
-32.454709288 -3.290920819 35.117485130 0.794228970 -0.342594571 0.413603598 0.284185444 1.124380391 -0.768784614 -0.550969868 -0.287747923 1.001410243 -0.732846750 -0.644509957 -1.327267754 -1.066298962 -0.728184645 1.688735370 0.101971873 0.928438504 0.062324783 -1.345812733 -0.138144187 0.563671526 -0.310847075 -0.392399344 -1.096243306
-29.182896276 -2.038805243 39.787412730 -0.349850335 0.338768151 0.433854227 -0.758031261 -0.406545708 0.095249495 -1.280614133 0.514555271 0.665773103 -0.513692182 -0.222317872 1.072555259 0.926720428 0.924888409 0.344466208 -0.580127639 -0.802975176 1.499390744 0.327936303 -1.389085329 0.040584680 -0.172522355 -0.396471341 0.636489440
-16.697811215 -3.162054730 38.843267770 -0.102656201 -0.496790030 -0.102561466 0.855653269 0.467243926 -1.650307638 1.766388966 0.261360168 -1.489591239 -0.916034304 1.804484827 1.420298090 0.174614402 0.428511923 -0.446264585 -0.766540566 0.605578969 1.244542250 0.153413229 -1.067004778 0.272942825 1.601020069 2.077545973 -0.905347876
-30.543078753 -9.246610005 31.300169342 -0.284601484 -0.153086201 -0.740831116 -0.588842821 0.065697679 -0.311966549 0.852400808 -0.475477793 1.697904168 0.861745309 -0.454588631 -3.494175196 0.542295671 1.282276202 -0.656086346 0.811351813 0.710999414 -0.903518111 -0.701735541 0.485955622 -1.000607417 -0.600223021 0.852879250 0.502772585
-20.912780175 -7.979260739 25.156435508 -0.528424455 -0.151470639 0.225109601 0.804456281 -0.267913211 -0.205126210 0.336225131 1.685114858 -0.782279227 -0.261619768 0.376504870 1.686657429 -0.071295375 0.423047728 -0.227174239 0.089162618 -0.378344127 -0.227209988 0.522230679 -0.232936775 -0.944095062 0.473395707 1.352135382 1.162026417
-23.537804193 -4.989652992 36.551253429 -0.672494568 0.548519698 -0.420368017 0.264892293 -1.069303907 -0.459991803 -1.849221712 -1.546481608 -0.586051093 0.327730190 -1.442877051 0.343944925 3.022529387 -0.259431898 0.170756236 1.782401263 0.186061454 1.149661547 1.377940404 0.097371058 -1.153211687 1.634532605 -0.994892959 0.736408493
-15.281001899 -5.332317443 31.728478690 0.033390455 -0.043942043 -0.260057673 -0.964014617 -0.146498405 -0.611919554 -1.356329740 1.069578904 -0.985008037 1.399667749 0.425346756 1.024423944 -0.706834349 0.339468276 0.227793395 1.350723241 -0.748470409 1.006572300 0.993516082 -0.712088935 -0.421238724 0.672235084 0.607813223 -1.903104342
-32.861539181 -4.558595372 36.470332783 -0.329978725 0.459497431 0.716815765 -0.407616621 -0.640410922 0.596104133 0.140927091 -0.284459382 -1.645805372 -2.782090620 0.604976501 -0.624510620 1.261103078 0.274282288 0.283742582 0.238952114 0.735472361 -1.362361904 -1.666237622 0.786100678 -0.387921615 -1.403305518 0.966543789 1.054065977
-21.429684382 -13.324265448 33.205841820 0.595729340 -0.102644854 -0.778058692 0.170866203 0.187464777 -0.228398464 0.622233274 -2.500455358 0.371177448 -0.053064122 -0.152722644 0.721185238 0.035755150 -0.833123075 0.593358414 -0.119663827 0.631025792 0.291060819 0.087722670 0.421386960 0.378076855 0.920493376 -0.144322085 -0.255267295
-21.020372226 -2.194148707 29.466166247 0.589577432 0.369031140 -0.121464659 0.708138974 -1.049913192 1.079305724 1.092717113 -1.157609753 1.497060999 -0.739404549 -0.604062066 -0.240464587 0.152127470 0.076957912 0.354063214 0.626376891 -0.712465036 -0.110359404 -0.295979725 -0.276576426 2.056155870 1.278063320 -2.069092835 0.300595480
-21.108810377 -9.003620991 28.257418424 -0.522740800 -0.306844434 0.782598929 -0.141871299 -1.612250243 0.631631867 -1.814052310 -0.345673415 1.438974764 0.461264384 0.583576891 1.518278853 0.139241369 0.347040030 -0.649784063 0.152424519 0.135015175 -1.030726558 1.576691482 -0.335434356 1.125335293 -1.207769064 -1.850047467 -0.277237528
-28.983760852 -1.272371703 31.201072323 -0.306544603 -0.272340634 -0.382256741 0.828094662 0.567009054 -0.970680300 0.790662271 0.761035919 0.156315623 -0.577790932 -1.218260588 0.264562804 -1.411758458 1.370505221 -0.774985441 1.063069832 0.274648889 -1.987633717 -0.620007915 -0.286161767 0.569197364 -0.944196721 1.895525416 0.443960808
-19.458810956 2.757032792 30.591558167 -0.897215054 -0.416886909 -0.051859415 -0.136092077 0.050561510 -0.557288487 0.869930410 -0.827609106 0.199394340 0.016342416 -0.851085207 1.859239088 0.932681550 0.056160233 1.400484120 0.725843651 0.202357197 1.320628767 0.069746734 -0.487099399 1.070195398 -1.302312782 0.585159158 0.061924754
-27.763123894 1.130940038 30.043234620 -0.210027012 0.900574630 -0.310789525 0.219690377 1.664242479 1.303179540 1.006632496 -0.428970960 0.956826879 0.507824395 -1.090848110 1.327489598 -0.206555981 -1.298869561 -0.955652584 -0.126757092 -1.428403621 0.590548890 -0.978792119 0.065755877 -1.857833663 -0.943672133 1.249653109 0.486869145
-22.520654142 -10.368182688 25.997755014 0.650362511 -0.367177270 0.576266433 -0.331853063 2.243728567 -0.117401832 -1.638214818 -1.315468021 0.775929957 0.751184904 0.134823546 0.129924967 0.536484849 -0.627167759 -0.482732972 -1.748526143 0.415674980 0.417694304 -0.329589348 0.713353502 -0.884602980 -2.190660279 -0.246170459 0.579188140
-16.473785776 -2.342476773 32.769570184 0.558790677 0.116934713 0.820907406 0.013794309 -0.355874573 0.156885578 -0.877202023 0.522054464 -0.001605380 1.322846095 0.761362999 0.330451793 0.881833663 0.032554640 0.525186142 -0.430472726 -1.201080753 1.151616337 -0.198714990 0.998170285 -0.627614241 1.992876481 0.127113007 -0.648368898
-16.038133173 -7.210346590 30.588034264 -0.632312730 -0.722378007 0.026902178 -0.278616043 0.569108737 -1.711797560 -0.125457281 -1.047106332 -1.471277680 -0.056909477 -0.968414852 -1.516228091 -0.098535090 -0.371133479 0.318094792 -1.099428621 0.432059040 -1.132560701 -0.801370342 1.201693977 1.658938929 0.576671665 -0.240140999 0.331911654
-27.457263764 -6.537983606 31.444338032 -0.108104060 0.545040968 -0.820336535 0.135247271 -0.528806089 3.239689191 1.794615827 -1.101494256 0.204631281 1.213725463 0.059124903 -0.469238128 0.651493419 0.487960243 -0.878827314 -0.110846844 -0.516929240 -0.087210171 0.829008374 -0.370260486 -0.182916010 0.540926704 -0.834739947 -0.250273491
-27.016150199 -2.995074805 27.008553636 -0.135989916 0.620759369 -0.532879826 0.558751859 0.516667102 0.967772607 -0.429336552 1.127814991 1.345336397 -0.641280320 0.622639297 -0.065278544 1.202033854 -0.255314501 0.420393887 0.122765282 2.125199327 -1.444327664 -0.057094960 1.707659513 0.307570612 -2.260229897 1.421559046 -0.221036475
-22.856012944 -0.140980229 33.256084849 0.532812014 -0.246605529 -0.381539794 0.713949898 0.088998973 -0.210300177 0.004521167 -0.220611711 0.818194850 0.441381140 -1.838475744 2.580277144 1.753907662 0.159813428 -0.760354401 0.082971029 -0.797244161 -0.039695042 0.572702434 -0.340767210 -2.628835868 -1.325576418 -0.437798632 -1.003882157
-24.776336102 -12.835352304 37.644667412 -0.192068030 0.364055649 -0.701744138 -0.581488196 -0.603955039 0.867228368 0.045322097 -0.687418796 0.743233435 2.162621238 -0.614689658 1.369806152 0.018876969 -1.732662272 0.567171010 0.270585502 0.824608332 -0.188950758 -0.427019337 0.898932519 -0.608315708 -0.753268061 1.247957283 0.961954277
-21.359137743 -3.213225281 36.985439566 -0.681707693 -0.635849134 0.282021063 0.226792020 0.553213355 -0.297221825 0.797660343 0.715366981 0.780760447 -0.591604598 -0.731158057 -0.040063128 0.985965413 -1.387921289 1.026352975 1.051143502 0.789612990 -0.424598992 -0.405887967 -2.010246192 0.157598359 0.025624964 -0.637731554 0.268358603
-25.056371789 -9.730606016 33.797818711 -0.466592328 0.516558943 -0.561224936 0.447755546 -0.455484721 -1.888576632 0.731189838 0.164209800 1.244283668 0.255591996 0.193732357 0.175429328 -1.377529595 -0.769649257 -1.173634058 0.483864787 1.351655667 -1.087064785 -1.767305586 0.792342133 -0.213757116 -0.999204469 -0.769500551 0.805977843
-26.883846931 -2.056463549 40.658067859 -0.714455090 -0.456420097 -0.500123345 -0.176383840 0.304650539 -2.283158059 0.964720688 0.687934021 2.847042455 -0.093964071 -0.983046701 1.445528876 0.276546248 0.828371183 -1.251495623 0.367712240 1.366469159 -0.290615418 -0.172420259 -0.665060247 0.546143175 -0.387432240 0.681126314 0.162219907
-20.920174856 -8.385833034 30.662999832 0.133165101 -0.287980316 0.853676811 0.413001569 -1.544889209 0.724891844 0.457218270 0.939401229 -0.458331921 0.591022686 -1.256015991 -0.274414048 0.239777133 0.229629849 0.975477447 -0.076674979 0.931067580 0.504862602 0.194024011 1.247680884 -0.803660815 -0.660383125 -0.956109370 -1.615121977
-27.673623277 -8.744581333 39.018003959 -0.770367667 -0.027630540 0.512691829 -0.378044044 -0.448551075 -0.879963308 0.315414419 -0.095244283 -0.626813021 1.098750387 -0.152826569 0.281936316 1.091788724 -0.531144015 0.789789632 -1.158976523 -0.060958336 0.594021613 -1.351754414 1.750884582 -0.114343335 -0.494074666 1.243708906 -0.441529811
-17.149046621 -9.423496483 39.468131635 0.370074829 -0.247930662 0.546941138 -0.708823250 -0.629117444 -1.014966455 0.627597422 -0.126636716 -0.755062294 0.003736730 -0.012069570 -1.244834486 0.829514980 0.721297423 -0.210088993 -0.833480527 -0.150352163 0.538706804 0.996903373 -0.468812520 -0.709955500 -0.512384792 0.020612483 -1.544056219
-25.283626110 -0.129005093 38.767956613 -0.472323629 0.607529334 -0.387125228 0.507890298 -1.367772166 -0.068636305 0.205680461 0.587354438 0.893176381 0.681022508 -0.180460345 -1.276189712 0.522351026 0.019406007 -0.121143320 -0.314890257 -0.510131006 -0.054587725 0.576917649 0.799927097 -0.384580987 -0.960552387 2.159712331 -0.393613451
-17.592273846 -4.671585323 35.236567296 -0.080316589 -0.002834622 -0.957360857 0.277491262 -1.870022529 -0.527988745 -1.625414110 0.778436415 0.231056105 -0.458380193 0.196578281 1.688650707 0.047401703 -0.719590896 1.628346637 -0.652593871 -1.446484249 1.362969114 0.115282229 -0.735007030 0.481524941 2.313472845 -0.764938348 0.154870513
-29.871289557 -4.696772179 33.530871037 0.316926824 -0.311922200 0.846511540 -0.292711703 -0.409679092 -0.545551580 0.898713474 1.985762420 -0.923636999 0.243730003 0.313373455 -0.377021070 0.235411873 1.217573134 0.889197616 0.112639448 2.278870822 -0.428468434 1.584151284 0.514373469 -0.254057475 -1.670381121 -1.004056389 0.269397326
-20.627588420 -14.084359213 29.900627001 -0.930127835 0.067799369 -0.260404587 -0.249909799 -1.624712240 0.863215660 0.130330954 0.533521797 -2.082584439 0.194674279 0.029088289 0.540558165 -0.012025001 2.122087310 -0.678473027 0.949000918 -0.550322882 -0.879455321 -0.916503366 1.042390595 -0.210876125 0.601029477 0.539530305 0.536721879
-31.416618125 -0.715471679 30.798214587 0.914145569 0.047756057 -0.309511163 -0.257410329 0.993594695 -0.538708650 0.772235916 1.005747485 0.220360182 0.027000841 -0.614806898 -2.132959498 -0.223403986 1.148923415 0.126692708 -1.098295428 0.687600285 0.101357438 0.581225216 0.348772667 0.810868442 0.094720533 -0.625014373 1.023864194
-29.072092745 -2.982630644 37.812366649 0.284138103 0.493180386 -0.495164515 0.656392221 1.158496108 -0.481780051 -0.467171023 1.167804123 -0.524382601 1.541743369 0.708786430 1.037252910 -0.465043723 0.901194166 0.766463041 1.840770296 -0.852077960 0.018405466 -1.366345555 -0.935630752 0.193580879 -0.561623022 -0.007300696 -1.403492704
-25.145308265 -0.081254265 34.290631868 -0.614038527 -0.273624293 0.234981874 0.702046973 -0.544036698 0.286392668 -0.180799610 0.500262830 1.269139348 -0.018574914 0.173763852 0.042311009 0.779080482 -0.975187206 0.411146970 0.245059445 -1.088243285 -1.398851004 1.440228226 0.236145588 0.602826842 0.038836087 -0.712288271 -0.952398903
-17.913362370 -3.539745262 33.003273478 -0.228675817 0.819666609 0.036186312 -0.523970010 1.713516152 0.582639406 -1.383502515 0.343266531 1.203202640 -0.433851411 2.423601371 0.124186218 1.283368670 0.033377932 -0.862274056 1.060765943 1.263191141 0.210702991 0.229080991 0.577086293 -0.594458961 0.931046638 -1.052670096 0.580676455
-20.454180844 -9.165752096 28.162563426 -0.550923853 0.225602683 -0.295054201 -0.747348216 1.285830704 -0.868871429 2.176944186 -0.062728926 -0.332574664 0.136372096 -0.161574237 -0.387365087 0.988634246 0.133871393 -1.962611976 0.798231201 0.685193768 -1.038429963 -0.234873165 0.414525498 0.390128044 0.022289740 2.140377658 0.710105271
-30.404035174 -4.587156715 34.114439462 -0.194899312 -0.281292658 -0.890237925 -0.300607943 1.011288342 0.867543211 -1.278278277 2.065953744 -1.880521654 0.783232920 -2.403730059 -0.099783001 -1.248203180 0.219315075 -0.402626937 -0.447002563 0.192815742 -0.242803536 -0.001957008 0.804697988 -0.054432730 -0.866899134 -0.038829978 -0.270900452
-25.937634342 -0.454544595 33.832507594 0.210426739 -0.850757156 0.397582807 -0.271773362 0.954048955 0.415596760 1.671710605 0.070845527 -0.843194781 0.813653577 -0.126131701 -0.027638047 0.540278244 0.433715320 0.405739909 -0.955299538 0.587918318 -0.045195386 -1.694010107 -0.019465498 -0.047561387 0.717270335 -1.103167983 0.216833001
-27.820736626 -12.600272484 30.940880289 -0.674385417 -0.345093596 0.645882939 0.094604168 -1.267580817 0.265311157 0.096886014 -1.343734823 -0.547519223 0.834569932 -0.430108865 0.577886477 1.102375132 1.210195316 -0.910687126 -0.909709887 -1.091614194 -0.449189773 2.060223914 0.592401905 -1.370663266 -2.269136409 0.056926717 0.095455952
-27.527623483 2.758242570 36.605677349 0.800787008 0.440135515 0.114192671 0.389847317 -0.935312903 1.358825153 -0.506403348 -0.836598437 -1.081921569 -1.324919782 0.457428533 2.688640464 1.323050332 0.276142547 -0.938060249 -0.657198732 0.924758584 0.650122628 -0.166297810 -0.350464198 -1.724743329 -0.666975193 -0.558813985 1.142052566
-22.912618570 -12.449166365 34.026144777 -0.004793836 -0.436751047 0.595123193 -0.674576851 1.844543953 0.050581334 1.380773154 -0.241748156 1.355490736 -0.243526926 -0.052932306 0.327492581 -0.995253314 -1.037924927 1.432883580 -0.262723660 2.211837956 -0.787259471 -0.322274824 -0.786738360 0.199238997 0.689005867 -0.564597087 0.626365049
-25.221328711 -11.902682188 32.399624969 -0.678851314 -0.247031671 -0.035424635 -0.690565958 0.144286993 0.806893514 0.719429419 -0.424086830 1.077277255 -0.167280801 -0.650884152 0.548852933 -0.463940445 -0.582774475 -0.706000260 0.488333085 -1.225964382 -0.351825679 -0.303602450 0.526452383 -0.372468774 -0.151818738 0.827949086 -0.545810709
-29.851801275 -3.027440086 31.297885128 0.980266636 0.068754991 -0.170144358 -0.073491296 -1.712840248 0.137295529 1.583194528 0.293195185 1.521879434 -0.459012895 1.677548961 -0.606698256 -0.856739340 -1.529220550 -0.906735534 0.544273803 1.187229786 -1.067704695 0.076193316 2.077856385 0.199119153 0.048196172 0.089284661 1.352867533
-26.897643518 -14.026900809 30.991602087 0.357820553 -0.826959860 0.411970678 -0.135580241 1.026151341 0.809562499 -1.119434057 0.202821541 -0.143985254 0.526295129 0.998613938 -1.647992009 1.368026252 1.042623804 1.062458647 -0.643373134 -1.033385661 1.659004961 -1.015896855 0.897315296 0.435535308 0.125905738 2.021557178 -1.383542819
-26.499494054 -2.068573478 38.109035269 0.138625022 -0.910850327 0.349121666 -0.171022946 0.712136912 0.516367658 -0.737147280 -0.399294730 -2.617147658 1.932327625 -1.072651219 1.178044053 1.646053988 -2.443493388 -1.423538606 1.263422614 0.608228559 -0.570233860 0.104127365 -0.578642169 -0.375364776 -1.166532107 0.531022236 -0.356400547
-22.587877249 0.059369064 41.680117140 0.402373533 -0.419720879 -0.576972436 -0.573613748 0.195408027 -1.276798095 -0.234616835 0.812419820 0.591417212 2.200555127 -1.358307242 -1.463270163 -1.826442093 -1.157129232 -0.244694305 -0.511169951 -0.607817719 -0.236184086 1.183918137 0.616642117 -0.058116876 0.681040183 -0.843865139 1.296839104
-15.810571478 -6.654287664 36.154766765 -0.426747273 -0.508444354 0.505159190 -0.551529960 -0.504557392 0.779422113 -1.997738442 -0.478658268 0.229779540 -0.016304066 0.809036792 -0.137613521 -1.235469869 -2.606235671 -0.118455634 -0.808946542 -0.560900998 1.890273044 -0.109683754 -0.233640811 -0.035005797 0.747588507 0.665015464 -0.195056651
-18.749066446 -11.787881876 35.205013107 0.415708214 -0.014864869 0.596129850 -0.686727689 -1.364728010 -1.277354814 -0.512531483 0.424463538 -0.607196792 -0.582899782 -0.298461719 -0.431067512 1.245814312 -0.129429548 0.566217693 1.960047284 -0.351699357 0.332016789 0.275987235 -1.255475604 -0.839844867 1.640849421 0.621869171 -0.177458206
-19.647078597 -7.794694619 35.306403695 0.825641236 0.400948035 0.392438556 0.059575173 0.294074619 -0.720217562 0.489372574 0.271359052 1.179244385 -0.219755178 -0.193351832 -0.227115335 -1.445075849 -0.876584353 0.662669640 1.290218993 0.263960852 -2.747297460 -0.337130643 1.545975161 0.769933196 0.072347125 0.740440225 -1.998631355
-24.087057993 2.188805422 38.057417901 -0.388699719 -0.769969623 0.256525027 0.436181405 -0.028313490 1.094806499 0.113220884 -1.053026929 0.171047807 -1.121500842 1.612196818 0.706388133 -0.985127591 0.775775921 -0.995009345 -0.672007390 0.153839699 -0.484860224 -0.125019534 0.466064921 -0.287322782 0.805404765 -1.178077720 1.750654204
-24.349456842 -8.707590068 31.642823746 -0.058241176 -0.826019562 -0.054863870 0.557933333 0.954071615 0.843581889 0.551448379 -0.577936968 0.493142276 0.448449016 -0.799099802 -0.552928992 1.217521195 2.029574856 -1.119782111 -0.346953792 0.989885494 -1.133408660 0.292525051 0.146595447 0.203225098 -2.077590342 -0.242597939 0.250889825
-23.882224469 2.542990950 32.719276399 0.399674660 0.760238171 0.427363828 0.282237927 0.542801840 -0.732793096 0.109449946 -0.527778238 1.390868503 -0.122811296 2.668080140 -0.117615979 0.061873559 0.414792582 0.013970866 -1.242498954 -1.816387983 0.952091721 0.955476883 0.321946236 0.081799101 -0.095543791 0.340916161 -0.062241990
-23.927368767 -14.021650124 35.422602652 0.154991525 -0.813913458 0.167396288 -0.534322930 -0.615265972 -0.767097315 1.071613916 -1.347796230 -0.284650516 -0.491126566 -0.669141902 -0.152229337 1.334497656 -1.163366371 -0.211786356 -1.303082138 0.780282419 1.876863886 -0.962583298 0.406872443 0.598242983 -0.270011899 -0.058535272 0.522741116
-18.866065279 -2.725529702 37.415441242 0.123462394 0.695201867 0.580558841 0.405466192 -1.537206779 -0.406878897 -1.185285895 0.507858448 0.201511137 0.647702094 0.795882213 -2.739496103 -0.516230572 -0.022895964 -0.132742095 1.086610196 1.503747404 0.863860343 -0.937759531 1.672147675 -0.105425020 -0.366143067 0.924202840 -1.093307159
-25.312271980 -8.691670164 24.562348054 0.934052605 0.060845702 0.349938269 0.037238945 1.483659525 -0.027151062 -1.277930014 -3.041810901 0.469358896 -1.212982069 -1.773124594 0.260316719 0.669060858 0.575666992 0.471152734 0.750061083 -0.442514809 0.464357015 -0.527690093 0.119888410 -0.404316604 -0.538114848 0.013157397 0.485608548
-19.176661234 -5.707784010 28.490928865 0.488077364 -0.759691322 0.427264247 -0.045769486 -1.339228248 0.505483328 1.015002175 0.454328900 1.688906684 0.824474667 -1.761766610 -0.608963599 0.360615804 2.422499850 0.804747592 -0.562064451 1.330093064 0.140727815 -0.863314077 -2.095754941 -1.373170671 0.060105653 1.334620626 -0.312046887
-16.508969996 -8.392767040 34.851285443 0.740423978 0.076955373 0.661096401 -0.093817649 -0.467539879 0.038520200 -1.166206585 -1.054633165 0.408877359 -2.292570394 -1.630981662 0.363600422 -1.189707247 0.035749526 0.835365421 0.670228086 1.294781826 -0.324592944 0.464442180 -0.471457208 0.036651190 -2.749003790 -0.729782468 0.127782912
-23.755044437 -14.516507470 29.077090490 0.322263491 0.482637507 0.707245522 0.403746271 -1.978240646 -1.389099928 0.574976008 -0.255726221 -1.122227775 -0.876920561 0.842369484 -0.453983292 0.356173283 1.205037194 -0.299148030 0.982795921 -0.224164576 -0.484576685 -0.288745598 -1.157667510 2.148200669 -0.779273607 -0.195779943 1.267425018
-22.772356000 -7.641767238 24.110645029 0.509230166 -0.348285259 -0.230781530 -0.752410727 0.404569665 1.269045857 0.928910174 0.485381305 -0.246103632 0.481093002 1.128922415 -0.432409457 -1.349325715 0.208171591 -0.663424494 0.143014551 -0.333693430 -1.016562004 -0.305375197 -1.552165245 0.655698785 -0.565657549 -0.336777962 0.007687065
-22.079513376 -4.891392349 23.669407743 0.058688402 -0.099953663 0.851202389 0.511878335 -1.161777010 -0.319903704 -0.524026640 1.434247956 0.350818782 -0.164432291 1.505221994 -0.806201707 0.339421251 -1.269402399 -0.218473744 -1.895131158 -0.399319714 1.676868259 0.346649238 -1.256821772 -2.706434675 0.837190224 0.959902110 -0.936426860
-23.384486636 -0.542287411 27.279708148 0.488430043 0.837471712 0.222356962 0.103124230 -0.590370264 -0.250265149 1.609930749 0.652075176 -1.053906693 -1.201826810 0.313183538 0.595226021 1.449745989 0.057881557 0.341473113 0.138391430 0.887080809 0.043954093 0.765180423 -0.847778828 0.522883079 1.040401236 0.895396356 -1.225339107
-14.786790900 -5.735852339 34.915303817 0.758104023 -0.421035245 -0.152789902 0.473986138 1.205857264 1.447934779 -1.553244723 -0.062796102 -0.005922398 -0.326612184 -0.047423755 -0.072839177 -0.666078109 -0.487093984 -0.442477286 -0.760272242 -0.053906754 0.609523110 -1.256697623 1.345646335 0.554531694 2.304785774 0.167491109 2.278113052
-25.408077690 -2.058674540 41.378281411 -0.321697094 -0.071146139 -0.482242399 0.811721304 1.680943218 0.023003105 0.429949453 -1.073379184 0.429837107 0.765821530 0.715995989 1.023985868 1.022685158 -2.092780600 -1.686787882 1.209721920 -0.522764402 0.637519724 -0.706273109 0.534842639 -1.027806458 -0.923941274 0.476250689 2.729234085
-21.482004072 -7.735499217 37.561814377 -0.447393523 0.641433671 0.514466868 0.351746675 -0.000467803 0.267266060 -1.605232186 0.122197781 -2.012522475 -0.310650063 -0.870657892 0.378526058 -1.053429327 1.859776709 -0.191985681 -2.020955089 -0.766813064 -0.211982490 1.140531657 0.128325788 1.677925013 -0.599606747 0.370974562 -0.722910336
-21.091704418 -0.289684514 29.411226882 -0.113858253 -0.098982964 -0.514344957 -0.844208468 -0.754480704 3.628133202 -0.946186980 0.174384994 0.850174083 0.304542567 -1.040982899 -1.039921916 -0.852267550 0.197898065 -0.032258263 0.814163947 0.066755491 0.129708304 0.785554747 -1.576699002 -0.083174358 -1.533864185 0.964467842 -1.096896759
-23.153789104 -5.038671277 27.476072063 0.640921828 -0.181150496 -0.710802123 -0.226194718 0.146008767 -1.061041685 -0.998463739 -1.353238064 -0.665634640 0.188127338 0.940013503 0.003936397 -0.351132004 -0.747285436 -1.941771541 0.315670203 -2.220547589 1.043062769 0.242977719 -0.883454539 1.764580121 -1.302489431 -1.430249358 0.744430151
-23.800720791 -4.048161989 43.036402045 -0.226431417 0.339734777 -0.059399986 0.910923013 -0.448078537 -1.178611466 -0.144093982 0.835958498 0.697415322 1.176756477 -0.142118464 2.050960336 1.244734990 -0.307296667 -0.457993163 -1.368390445 2.165953801 0.612691839 -0.759973681 -0.683278545 0.440062560 -0.112397578 -0.158216287 -0.378269145
-18.973285389 -3.364946874 34.109288946 -0.125424292 0.018326167 -0.768576249 0.627075312 -0.238068916 1.193459827 -0.074985879 0.237336439 0.347917580 0.847343113 -0.057626074 -0.038598711 -0.156388037 -0.565236163 -0.504854258 -0.072758227 -0.854805207 1.885541313 -1.882814649 -1.167686495 -1.269772057 -0.015010075 -2.168245308 1.612162910
-18.148852082 -9.146631982 38.498185081 -0.353835267 -0.367025911 -0.713063669 0.481282441 -0.471953575 0.773041133 1.511951041 1.191842595 -0.180688397 -0.396059493 0.950211349 0.109636082 -1.881636836 1.860204311 1.274293851 0.144794491 0.264415129 0.677600164 -0.425390339 0.593151474 0.768603010 -0.293997496 1.061612084 -0.459895560
-16.807940771 -11.541286969 34.630784837 0.285739886 0.379292993 -0.854932953 0.208756292 1.862313898 -0.909682084 -0.793196613 -1.390521703 1.141541932 -0.883628691 -0.174688483 -0.273650707 -0.199810791 -1.179733213 0.095696254 1.336474829 0.485451798 -0.381564950 0.182549830 0.591231818 2.750200417 1.598113428 -0.105837108 0.686578537
-29.736410028 -10.295035072 35.951211421 -0.307631499 0.456961326 0.587722127 -0.592563844 1.155840114 1.303987412 -0.416326751 0.626858324 -0.636193996 1.296099834 -0.150115132 -0.720008468 -0.275549590 -1.295238202 1.042267739 0.678241992 2.307882173 1.549062739 0.224939454 0.850954699 0.504868285 -0.243688690 1.148730905 -1.169840294
-29.058854433 -8.183428685 31.533637130 0.338769683 -0.598106723 0.041647683 -0.725099249 -1.196691965 1.101427572 -1.457965588 1.054763322 0.009662870 -0.654100349 -0.028410411 0.240985168 -1.857100678 -0.674790192 -0.633100184 -0.536967238 2.733214177 0.341100883 2.384854319 0.458501274 0.532825787 -0.246225057 0.919849027 1.583763818
-20.700509219 -0.521838851 26.658072413 -0.154743983 0.563415788 0.756052634 -0.294959937 -0.538829769 -2.091103954 -1.249414476 -1.668281103 -0.747924394 1.599329910 0.755892258 1.877563777 -0.702199259 -0.644178671 0.177983842 -0.402979411 0.602022737 -0.225968683 0.002719380 -0.248280150 0.900969953 0.310648819 -0.072175934 -0.286800133
-21.414391406 -7.076749504 34.592592550 -0.103546240 -0.492827666 -0.766130303 0.399303677 0.932150832 1.089467492 -1.398956314 -0.529807535 0.130669926 1.214448935 1.183775058 0.124537320 -0.873747823 0.683877195 -1.268752022 -0.328405879 0.475390128 0.325190979 0.409897115 0.190778203 1.642480174 0.600001757 1.199557577 0.606829285
-20.154579786 -13.101341612 30.406659338 0.921184761 0.274591231 -0.012916637 -0.275411425 -0.775998565 0.066389902 0.357615957 0.727594386 -0.371010307 0.481827396 -1.668067272 0.403985161 1.893438450 -1.093215188 -0.054805566 -1.217710988 -0.232292401 0.759793423 -1.178370058 -1.164857288 1.050756258 -0.385445535 -0.259896873 1.932917426
-27.239231415 -1.349618097 35.788275797 -0.479750242 -0.308116352 0.119201047 -0.812831550 1.340596900 -1.506203985 -0.818994488 -0.062127348 1.652554317 0.190789164 0.346002415 1.356736633 0.574288692 -0.289167670 1.467980332 -0.227667162 -0.255621738 -0.074263963 -0.611029937 -1.099282595 -0.054622461 -1.238387077 -0.032213945 0.663687728
-18.608998562 -10.714359864 35.946542624 0.721157943 -0.655967522 -0.183102679 0.126930065 -0.571911684 0.913083305 -1.578555793 -0.870150190 -0.077416899 0.670211465 -0.254540963 -1.297229282 1.368075250 0.660674008 -1.196784925 0.190380802 -0.418154719 -0.110190819 -1.178803555 1.016218022 -1.137168848 -0.811596198 0.052224579 1.833687044
-20.743473342 -12.482104879 35.003348635 0.191632010 -0.814006545 -0.101137522 -0.538926450 -0.122276254 1.990097914 -0.970135851 0.226219328 1.083991977 -0.261189509 0.529249607 -0.374751608 1.258238457 0.670516181 0.897215645 -1.267701285 -0.252340475 -0.426622998 1.688736783 -0.668930743 -0.393905998 0.366176251 0.408692917 -0.117069531
-18.664526967 -2.260711839 29.158672026 -0.330944643 -0.678620733 0.100484227 0.647960234 1.213557097 0.409585654 -0.995803645 0.660819820 1.634851278 -0.360522050 -0.156977129 -1.898448537 0.175919558 -0.293503930 0.146934017 -0.186364411 0.139918317 1.581372362 1.396665405 -0.382524910 -0.673270251 0.499459834 0.133477549 0.890679079
-25.898241730 -4.711352784 42.394190611 -0.062698422 0.160905954 0.095600242 0.980325852 -0.594946904 0.131864047 -1.255766038 0.056167302 -0.891856377 0.911821925 0.336475727 -0.510592396 0.518153148 0.830603558 -0.645351326 -0.019623670 -0.936223178 0.904025913 -1.471059730 -1.520582894 -0.097993226 0.745106350 0.246725817 0.315032676
-17.914978640 -0.637811502 27.991115019 -0.389249302 0.885838593 -0.222772940 -0.118941938 1.687538196 -0.686598710 -0.487568461 0.903131886 -0.340816627 0.713903910 0.024460784 1.758869672 2.554693468 0.625020563 -0.069988445 0.841343929 1.325363818 -1.846312391 0.848332501 -0.167397872 1.722782614 -0.183602305 -2.255352477 0.754690691
-27.065737447 -3.267998263 39.608131897 0.085942956 -0.072745605 -0.375671208 -0.919887509 -0.931792999 0.567935320 -1.318877864 -0.981368355 0.398714163 0.028713969 1.757362334 0.278470824 1.128911219 -0.789044951 -0.424687928 0.315446510 1.684237837 -0.696830495 -1.405095134 -0.008991703 0.050685648 0.581626988 -0.892670732 1.249923642
-28.793481494 2.141948762 31.106442466 -0.028543856 -0.644247079 0.313007802 -0.697249643 -1.043669193 -0.374921360 0.315853037 0.851814547 -1.350006293 -0.578541701 -0.936808087 1.049032804 0.619009423 2.641118091 -1.063409341 0.671160349 -0.253555596 1.203229523 0.388914571 -0.839102613 -0.087109499 1.543358057 -1.659023886 -0.313482577
-19.332792065 -2.989300755 36.425145980 -0.987216788 -0.144956631 -0.065991326 0.005977755 1.786294665 -1.981188026 1.695276225 -0.673195924 0.288228707 1.464097203 0.551627599 -1.154988151 1.476128172 -0.567901293 -0.480533200 0.356352837 0.398528194 -0.677925001 1.209147116 1.603833805 -0.726169728 -1.037163850 0.177970863 -0.014520797
-26.292083818 -1.727970608 33.016736007 -0.579808463 0.044056535 0.812619439 -0.039125625 1.184645403 1.349697974 1.029878540 0.626525882 0.569574450 0.607159201 0.078337963 0.003088783 1.536890385 1.889320987 -0.691699066 -0.223304144 -0.145793708 -0.283499552 0.352437891 0.803669870 -0.015987792 1.058057953 1.492896329 0.108112951
-24.465208200 -2.043479561 28.032683349 0.957162646 -0.058468254 0.146204338 0.242992640 -0.818200030 -0.492650043 -1.179693565 1.378593832 1.237652674 2.493181519 0.147664743 0.606968318 0.906509767 1.706299221 -2.266945188 -0.195129623 0.350915209 0.963277158 -1.352937630 0.093578940 0.753089472 -0.025377837 0.837183958 -0.009167831
-22.488927633 -5.157991049 41.631122019 -0.741822057 -0.482210704 -0.082368449 0.458681057 0.796405070 -1.140522344 1.010322877 -0.913399114 0.320098765 0.987779982 0.552847728 0.116577946 -1.090451777 -0.332817915 -0.092365394 1.161261709 -0.136515161 0.570226446 1.058125437 1.900420019 -1.005772844 -0.393069085 1.339150098 -0.994446285
-17.511002479 -9.604996372 29.276746050 -0.613674024 0.203184626 -0.599467004 -0.471974056 0.623661366 0.488158975 1.933791948 0.657538847 2.010072426 0.720011738 0.471747449 -0.401564092 -1.230213452 0.904384928 -0.483286701 1.055499343 2.404742194 1.939392971 -0.753922191 1.957437141 0.153110776 1.169232565 0.178941670 0.262973107
-17.308205815 -10.198593628 30.437337046 0.372627118 0.839262257 0.208270681 -0.336765820 -0.276012301 -0.392761099 -0.673976434 0.351814469 -1.532628411 -0.971030540 -0.944864770 1.527527596 -0.728037576 -1.176348482 -1.242052351 1.146168050 -2.026657456 -0.736595925 -1.232568336 1.136856782 0.448474984 1.988009977 -0.059084860 0.747683082
-24.568509892 -4.014336274 36.100680911 0.580955622 -0.443252994 -0.681175715 -0.044910953 -0.154795913 0.202492565 0.141607612 -0.156738456 1.862574423 -0.881642250 -0.123332892 1.869941963 -1.344025020 -1.401472993 0.813880342 -0.404558045 -0.615171114 -0.642630943 -0.290942318 1.414935207 -0.911803305 -0.988852198 1.455161128 1.421667586
-20.292787466 -13.865693126 30.741258231 0.738973956 -0.117046121 -0.082744145 -0.658309277 0.809341628 0.959133888 -1.037949445 -0.799408842 2.365725194 1.477660462 0.161299401 0.670887645 -0.228319380 0.558774482 0.608254614 0.904860754 0.024661955 -0.188223470 0.606891719 -0.171523320 -1.614927141 1.035169741 0.183826504 -0.196009127
-23.473157433 -7.493408516 34.749224272 0.287129163 0.014956881 0.364646548 0.885644415 -1.506438571 -0.068844631 -0.689816999 0.225520313 2.810764979 -0.848826649 -0.227513441 0.187207037 -0.668356593 -0.823250215 -0.101873625 0.303796015 -0.276434350 0.522159130 0.713093067 1.159804836 0.946889290 -0.049219864 -0.983144469 -1.606509593
-14.476723342 -1.557850780 35.406086535 -0.700148515 -0.626080479 -0.258138364 -0.226229695 0.873713648 0.345246952 -0.171817784 -0.777579721 -0.303191358 -0.462260204 0.832731742 -1.268939194 0.890831278 0.309600422 0.387599326 -1.048857175 -0.427544885 -3.026679176 0.990445253 0.901057906 0.889867058 0.092073751 -1.652563449 0.661489608
-16.819119155 -9.188008300 40.136739196 0.112031401 -0.520035057 0.679984976 0.504611669 -0.401878140 -0.806670397 -0.938434224 0.341509837 -0.336364304 -0.201554038 -0.907907504 -1.608993173 -1.767408776 1.280488930 -0.268285639 -1.205219499 0.078523771 -0.096333979 -1.216894404 0.126132924 0.165756697 -0.790532424 -0.255889604 -1.024072880
-19.513031856 -10.769198485 29.704964784 -0.248844011 -0.409940885 0.825807694 0.296760479 0.434065086 -0.061715898 -0.349597815 -1.678081036 0.225224375 -0.277096033 -1.142547907 -1.201047508 0.180183838 0.006945226 0.832643380 -0.684064155 -0.063221582 -0.092642328 -0.134637614 0.059941542 1.184790981 0.988863574 -1.660530500 0.102169843
-19.415549738 2.521793614 36.459057603 0.491710057 0.023789609 0.870403557 0.007274755 0.100316697 0.525093805 0.023436716 -0.410775408 -0.546751362 1.628579753 0.449154631 0.227321555 0.898892261 -1.246100026 0.352930122 0.974337702 0.857853160 0.746120474 -0.255603808 0.182463061 -1.673245110 -0.809125105 -1.029860703 0.690195546
-29.344859753 -3.175724559 30.168766991 -0.550892293 -0.232185899 -0.643961053 -0.477411302 -2.044713253 0.088006519 1.539128824 0.208909489 -0.279896972 0.792752364 -0.199858594 -0.204591151 1.926041818 0.992483930 1.532202074 0.488903468 1.275491904 0.172498078 1.493767535 -0.010721575 -0.458842832 0.764089419 0.527066914 -1.414272059
-17.433910398 -6.397365188 31.020476152 -0.583413359 0.784297090 -0.127026146 0.168437777 1.250364436 0.541128836 -2.680038712 1.584437854 1.499095995 -0.703199379 0.558762388 1.505864697 0.320962730 -0.667263400 -0.773233659 1.454474649 0.004264005 1.297699716 -1.012086708 2.451763400 0.013617455 -0.930491872 1.516728096 0.422464373
-18.276579448 -1.236606595 31.775287053 0.803058459 0.248528792 0.479665929 -0.251497810 -0.278119323 -0.222415300 -0.804540165 0.979727548 0.800575024 0.049569188 -0.111600785 1.256238225 -0.099751981 0.350017640 -0.665876170 0.667815678 -0.068023624 -0.579899708 0.482339530 -1.145362820 -0.839811033 0.073086319 -0.658207972 -0.691547588
-17.192497983 -7.406414496 39.163780895 -0.604448669 -0.235770210 0.295010814 0.701443393 -1.565503730 -0.405974458 -0.489308869 -0.224723236 -0.392882455 -0.144992320 0.527107886 -0.684790000 -0.873290967 -0.609622582 -0.292761961 -1.408913093 0.969718691 -0.931131054 -1.971545036 0.697502600 -0.294750199 0.508835310 -0.415187212 0.982595495
-25.725376688 -2.658761493 30.904814404 -0.180765942 0.122208126 0.799528853 0.559591335 0.204276868 0.490802150 -0.628445452 0.963435198 0.407498481 -0.372825156 2.275907983 0.580106825 0.342526696 0.715657456 -0.930919446 -0.480283957 -1.314619558 0.806369225 2.101630264 1.245761144 -1.148406174 0.060239556 -0.326333265 0.912757114
-21.594759565 -6.665551087 28.724971756 0.297530123 -0.165113418 0.714385426 0.611446521 -0.020127164 0.208659106 0.202132042 0.189881081 -0.098914978 -1.250503885 1.383071261 1.164735047 1.645577190 -1.220181754 0.154954462 1.752338542 0.186694975 0.879403033 2.665960619 1.003738180 -1.299305915 -0.121689234 -0.442168988 0.700003926
-22.659860086 -6.855797928 34.839448377 0.095512743 -0.960145064 -0.250190303 -0.080022403 -0.944273689 1.419736643 1.412075029 -0.639779421 1.388338858 0.589208839 -1.008660720 -1.888315320 -2.157832073 0.374126862 0.075419816 -0.531889018 -0.706920658 1.557867469 0.562718308 -0.321853204 -1.411341387 1.616991880 -0.177251420 0.908022413
-21.167913075 -4.796591421 39.677539479 -0.579092527 -0.172763022 -0.791500222 0.091280787 -1.147060027 1.178603034 0.621906152 -0.235755269 0.081157800 0.515455374 -1.770011977 2.328713391 1.370691646 -1.436160784 -0.447559947 -0.917435273 -1.586421092 -1.649253268 -1.151353792 0.749111487 1.066830198 0.020341776 -0.245243782 0.086396255
-21.968281972 -6.468623201 36.284842687 -0.144711403 -0.587934921 0.791971987 -0.078558958 1.999711004 0.012004692 -0.143246408 0.947101254 -0.348400148 0.982941739 -3.271909273 -0.057839161 -0.584796795 -1.682134544 -0.041308036 -0.799257209 -0.392634235 -1.567181605 0.633028938 -1.732779287 -1.533153879 -1.526383155 -0.179158518 0.174681272
-19.782659466 -7.729754548 33.824413013 0.799273572 -0.539098071 -0.072884447 -0.255387713 -1.113091130 0.803781508 0.722445072 -0.712483982 0.716914142 1.282400539 0.870643750 0.059025219 1.994331603 -1.634000529 -0.478341622 0.662279455 -0.133756628 0.475467288 0.237974118 -0.145084923 -1.042358745 0.293506043 0.935010866 -0.323642010
-25.178490472 -4.142438162 27.329130797 -0.136807707 -0.371444340 -0.668042003 -0.630105257 -0.686322919 0.124572289 0.898128299 0.730633376 0.177906269 1.213460168 -0.231833330 2.176672957 1.111942662 0.266290903 -1.303525068 -1.864214470 -0.252244677 -0.578285108 -0.666218772 0.059027743 0.207281261 0.280795902 0.658480622 -0.509344346
-22.165716552 -4.116573029 30.000693565 -0.090531276 0.223813674 0.172595249 0.954946285 -0.948301907 0.739798835 0.202289246 2.953174438 0.713229953 0.803884452 -0.162665549 -1.852849033 0.310981984 0.834393572 2.223262402 0.289805196 1.640753190 -0.815617148 -0.006690635 -0.829594292 0.243269890 0.781563820 -1.150295726 1.877380927
-24.787021115 -6.207225435 24.338201437 -0.445150997 0.693535119 0.365800473 -0.432480800 -0.092527397 -0.879801064 0.555220240 1.202470143 -1.595811092 -0.596635136 -1.264505973 1.159676315 1.601301837 -1.777976103 -0.082011084 -1.075179827 -0.487217492 -0.551956800 0.790941723 1.843285631 -0.096097790 0.439618688 -0.260939971 -1.554728177
-32.246934721 -2.308976306 31.586750153 -0.609821431 0.735082728 -0.233401375 0.182469183 -0.391306729 0.872574957 -0.757359819 0.160217415 2.265200423 -0.375719700 -1.123800919 0.767038420 -1.307671633 -1.423842459 0.020559187 0.712617827 0.829432383 2.083144162 -0.343819879 0.518183152 -0.407870513 -1.415187134 -1.315086104 1.035704137
-32.058729570 -3.148477708 34.264364878 0.049935798 0.664863883 0.095109287 0.739200011 -1.312300317 0.728758390 0.726669583 0.710239519 1.972469390 1.580809885 1.002930160 0.247204849 0.320198441 -1.716191047 -1.184235831 1.362554986 -0.807569601 -1.323266832 -0.219237271 -0.910858368 -1.494096045 0.664020208 -0.840839646 -1.446070566
-24.715759036 -5.359702440 23.936191295 0.194821930 0.827979181 0.436923286 0.292562701 -0.162613272 0.336438336 1.415525102 2.203954251 1.194885313 1.634640149 -0.265459857 -0.717930738 -2.714251216 -0.688385196 1.384968681 -1.878548577 2.525856957 -0.710511955 1.762760981 0.005250739 -0.834597574 0.239832021 -1.051452707 -1.345083943
-24.036107416 0.038959532 27.224627957 0.266192776 -0.761932541 0.339900012 -0.482771365 1.231743458 0.245406402 0.290377862 0.066650277 1.315770799 1.945918439 0.158119195 -1.189627760 1.511729405 -0.750390665 -0.291078598 -0.963244706 -1.542802920 -0.072990263 0.631509274 1.136576370 0.021492591 0.252582333 0.276055500 0.462801654
-23.981909805 -15.029412251 35.195860496 0.679410520 0.056451460 -0.332252784 -0.651784217 0.317077627 0.728311687 0.167406401 -1.455289833 -1.039309979 0.376198372 -0.101361192 -1.348444613 0.825177401 1.850995690 -0.937502523 -0.986533031 -0.988365321 -0.034685618 -0.849964869 0.874104575 -0.718312036 1.401114451 0.273142468 0.307162889
-15.818311847 -1.013708392 33.452309213 -0.029272537 -0.122145141 0.540096555 0.832177501 -0.498774147 -0.571061322 -0.199242202 0.183765320 -2.379407722 -0.735723253 -0.678402748 2.444163430 0.356374100 0.195664019 0.076285120 1.128619663 -0.103134477 0.198743812 -0.451526926 0.306318806 1.392671935 -0.668234900 -0.965323352 -0.541844097
-25.976793388 -7.985489775 38.988308191 0.683965746 -0.638009971 -0.347298888 0.067213222 -1.094932537 1.472360021 0.234159306 0.393574335 -0.322817923 0.799650695 -1.332028680 0.164591893 -0.232569552 1.014124436 0.159337738 -1.024568639 -0.566781303 1.385907957 0.977936742 1.455855444 0.038252878 0.675463852 0.522673201 0.255566691
-24.591675592 -10.684622255 31.842126545 -0.953187419 -0.224254472 0.198071877 0.043717371 -0.077978048 0.660552706 -1.987308677 -1.869468443 -0.672055169 -1.192599225 -0.503546685 0.402863992 1.523316688 1.651286007 -1.197994325 -0.102096358 0.227751706 -0.464465119 -0.841507124 2.262853869 0.044187078 -0.232304569 -0.374110320 1.731536850
-24.110155527 -4.980977224 30.318380902 0.148006580 0.429443752 0.886291255 0.090332322 -0.847090561 -0.284876406 -1.283051491 0.647494214 -1.572234267 0.212827032 -0.131665080 -1.243163996 -0.872983114 0.712644069 -1.631683756 -0.768981340 -0.089729934 0.221279627 0.602519206 0.305907203 1.145265180 -0.240835118 0.450801243 -0.068524439
-27.762493208 -13.575341076 35.808979467 -0.327815869 0.467009625 0.516707687 -0.638319616 0.379911399 0.332514883 -0.072707645 1.914492755 2.116569850 -0.107906494 2.560600530 2.200395354 -1.040522339 -0.576331371 0.469919198 -2.102283038 -0.244498215 -0.388890579 -1.117865218 -0.690534590 -0.419551444 -0.201083805 -0.289825652 -1.040482296
-20.597577146 1.144654136 29.361614239 0.669237187 -0.086891815 -0.607889068 -0.418380545 -0.833294169 -1.059418138 0.572438009 -0.461522048 0.932868820 2.061564746 0.111059150 0.093388605 0.695617987 1.014722212 0.298187875 0.376578030 0.203387266 0.750076444 0.566332039 0.665730350 0.116929489 -0.710487459 -0.008719637 -1.996922621
-21.261726924 -8.886618798 38.259215736 0.574872703 0.272021672 0.400891089 0.659402699 -0.499496139 -1.293859565 0.318231871 -1.135355718 1.637167121 1.024837832 1.823973971 0.058397597 0.631450185 -0.648353416 0.909850217 0.409684279 0.654473362 -2.101891468 -0.995057084 -0.420835121 -1.032824656 0.317539747 0.599039105 -0.643983578
-20.076733536 -1.715104454 39.828424194 0.798654737 -0.537588470 0.164483013 0.214696500 -0.338436531 -0.801780150 0.877740086 1.932788559 0.209839336 -1.302499575 0.231432871 -1.088958202 0.149359886 0.676608641 -1.054985773 -1.267321197 0.525739942 0.201272141 0.564504479 -0.950819896 0.938193739 0.826844678 -0.091101410 -1.761502616
-29.991871753 -11.386993497 36.395957878 0.960083123 -0.017652146 -0.210385069 0.183485480 1.585556653 -0.317237677 0.509044414 -0.009023637 0.972924713 -1.218115526 1.243050654 -0.495731440 -1.158034084 0.914994330 0.310876718 1.571857674 0.603169590 -0.529258417 0.657530332 -0.049253723 0.611703285 -1.728310186 2.429532253 -0.672832430
-28.102621396 -11.274818225 37.924157738 0.381682403 0.020470836 -0.694473330 -0.609595179 0.839749169 0.571377935 0.092102222 -1.539918387 -1.102552853 -0.085029738 -0.923400992 2.021246093 -0.948244246 0.077461347 -0.229813874 0.046388446 -0.347147478 -1.562813149 -1.244543933 -0.931617680 -0.389768903 0.420905847 1.778566480 0.240575670
-21.832355061 -14.892525270 35.452854327 0.048602119 0.305141148 0.605958686 -0.733035323 -1.544123898 -0.644079523 -0.476682746 -0.175059930 -0.674686697 0.180453352 0.373795511 0.632718098 -1.636658975 0.619390345 0.959459628 -0.976981374 -0.161320732 2.272072484 0.789772604 2.330154764 1.075231313 -0.059466258 0.525090407 0.171501892
-29.620741257 -5.667103580 37.871454431 -0.468468130 0.596343378 0.489684768 -0.430256916 0.219208445 -1.788791496 -0.519195307 -0.395359590 -0.647247025 0.769536290 -0.296952742 1.510619418 2.222668153 -0.965903455 -0.128140386 0.305185107 -0.176319672 -0.219969914 0.986909902 3.010436530 0.453384805 0.799224690 0.633400344 0.378946971
-31.796034804 -8.694025728 35.031084237 0.410267192 -0.684781882 0.476767321 -0.368031964 -0.042545937 0.916161337 -0.620034443 0.989739757 -1.928227129 -0.801209965 -0.721630528 -1.516667797 -0.909208319 0.649937466 0.913683580 -0.873721161 -1.004393657 0.214354291 -1.040620438 -1.770415772 0.182991958 -0.464934297 -1.511709052 -0.492783098
-32.204193239 -2.957535421 31.021567897 0.567493368 -0.531631706 -0.626403583 -0.054199245 0.052495197 -0.644999431 -0.036059598 0.866158427 -0.210248931 1.175975980 0.125006717 1.235371251 -0.004856464 1.012402236 0.351176809 -1.074475911 1.689693933 -0.366889697 -0.344846096 -1.590050679 -0.192656505 -0.072139623 -0.877240392 -0.147051942
-27.375650029 -2.413677772 26.010095592 -0.367131133 -0.867963255 0.287454414 -0.170951682 0.003678791 0.063779444 -0.976585948 2.208825411 0.236637546 1.018918200 0.502606945 -0.631164466 0.909163287 0.388424729 0.645963813 2.843892205 -0.134992578 -0.999018644 -0.045351432 -0.471746088 -0.164529087 1.374837364 -1.394458583 0.706113236
-25.394321854 1.761943102 35.577522790 0.829307341 -0.283552783 0.425441632 0.225491844 -0.558525182 0.696367589 1.524545803 -1.283460773 -0.472709652 -0.970583738 -0.089744251 0.211014484 -0.076161497 1.611538660 -1.134714751 -0.350200872 0.346361480 -1.001135307 0.090509970 0.451879845 0.799568777 -0.244168442 0.864639763 -2.339006257
-27.693096248 0.294539329 33.701731838 -0.211994887 0.568648382 0.433045336 0.666459994 -0.268375753 0.683840422 -0.403428877 0.149871551 -1.741278103 -0.562050359 -0.019981395 -0.528154470 -1.719941758 0.370948534 0.796396599 1.062124154 0.854598610 1.035240856 -0.221131407 -1.257880512 -1.317243746 0.217236669 0.286850923 0.346209649
-17.580458080 -1.245871031 35.532572105 0.040425360 0.078559100 -0.962244563 -0.257448361 -1.767244258 0.095043214 0.187969976 0.628016351 0.883257753 -0.118100426 -0.035859656 -0.299473329 -0.503399328 0.527031568 0.678559210 0.472138752 0.719249977 0.299517021 0.665078452 0.097698951 -0.734203417 0.716179092 -1.826699150 -0.378092085
-27.105224307 -3.061019240 35.578322593 0.956375876 0.183861721 0.033963148 0.224469497 1.061847974 0.267230040 1.461686756 -0.360884066 0.482676010 -0.142830188 -0.514173945 -1.593430411 0.106683401 0.748424962 -1.282196278 -1.254880758 0.308497826 1.254382671 1.602332456 -0.141426941 0.195195910 1.131280243 1.558563223 -0.518262038
-30.703499031 -7.860530958 33.439907211 -0.292652550 -0.300730152 -0.697680186 0.580653269 0.394988784 0.008677024 0.026351561 -0.101181068 0.449794803 -0.737271991 0.696621712 2.029345689 -0.258410267 1.968722908 -0.131595581 -0.380457597 -0.479656316 1.692720190 0.560288853 -0.888793262 0.628154922 0.182822106 -0.584129104 -0.015861812
-23.991870748 -5.846867240 32.379061801 -0.672353061 0.297100113 0.054509515 -0.675797009 1.175251743 0.494974064 -0.389963418 -0.443643602 -0.038940729 1.746493044 -0.674317193 0.542122118 -0.424681612 1.496077262 -0.032683077 1.306677802 1.153895880 1.240619249 -1.896439813 -0.188888815 -0.062487434 -0.505130944 -0.013625322 -0.687137861
-17.050659998 -10.342737309 33.266387317 -0.860683757 -0.157791037 -0.459134030 -0.153366884 -0.503930346 0.752900373 0.280461982 0.975113938 0.101087250 0.653495273 -0.833315580 -0.640283809 -0.557637525 -1.152846911 1.035195504 0.322660539 -0.282854055 -0.127025253 1.170210558 1.098646142 0.501376290 -1.533464557 -0.733218310 1.038273100
-27.762516439 -2.379610208 26.643964950 0.002074688 -0.392929235 -0.541438108 0.743267843 0.667935150 1.104412826 1.569980630 0.614893323 0.942919474 -0.220255147 0.272972298 1.600685957 -1.039106663 0.141778079 -2.590395804 1.214358080 -2.259599131 -0.624087574 0.518920817 -0.301740231 -0.726327918 -0.299322650 -0.450017736 -1.793014427
-28.775729126 -3.910526103 33.221769718 -0.334201187 0.057350394 -0.717603651 0.608330091 -2.252778321 -1.576086848 -0.317513399 0.387507207 1.066542228 0.203171485 0.598041955 1.050095703 1.179006238 0.776548614 -0.879852685 -0.038168514 1.588796712 0.038424140 0.487153382 0.065235903 0.492266690 0.516922561 -0.383254736 -1.209355454
-26.791425708 -10.522587327 41.319275972 0.432400321 -0.142598001 0.795324630 0.400193086 -0.293426465 0.564599450 0.215773464 -0.575582485 -0.795863918 -0.795763495 1.241712112 0.548441445 -1.854680602 0.805194678 0.866291759 -1.387105345 1.158752379 -1.294541871 0.665358344 -1.377930913 1.880429340 1.936018317 0.204268694 -0.984254165
-27.352568857 -10.038278804 38.673896747 -0.432742431 0.696250326 0.268898795 -0.505631199 0.496863102 0.796306966 -0.118848436 1.527369867 -0.550105167 -0.359115593 0.902629170 0.665846929 2.141688449 1.229853172 0.972304348 0.587674988 -0.931479182 -0.144021580 -0.342528711 -0.850998352 -0.255889239 0.364678013 1.083114671 0.597278658
-21.090393169 -9.272008335 40.486224897 0.350249408 0.820483408 -0.421450020 0.162825705 -0.114164007 -0.886431192 -1.348608352 -0.423929343 1.506577990 -0.821894015 0.121826334 -0.139776971 0.954022685 -1.247702503 0.702231688 -1.197157059 0.276426362 0.345710198 -1.084749361 -0.421922145 0.253989796 -0.909617210 -1.033610958 0.189583535
-20.290963198 -3.644557939 41.017683459 -0.128513670 0.821831546 0.263261948 0.488641273 -0.133198081 -0.755982583 -0.389711531 0.327686507 -0.562991893 0.539465276 -2.150707095 -0.402589481 -3.128996586 0.691125966 0.024796086 -1.109628633 -3.111501744 -0.717732292 -0.061358224 1.006026173 -0.766287762 -0.728725529 1.766896511 0.196793339
-27.310907865 -7.398383249 34.755400809 -0.241666776 -0.484662600 0.794190127 -0.275610914 -0.774698456 -0.994230662 1.233369561 1.490545314 -1.786498400 1.462527644 -0.350991843 -1.018306421 -0.319062926 -0.529533230 0.047085132 0.028595934 0.996071585 -0.547500605 0.662596921 -1.773117800 -2.003515021 0.709060328 -0.198116056 1.096399999
-16.633871395 -1.904704300 39.547463280 -0.066176547 0.802254256 -0.494135254 0.328388678 -0.107519061 0.445069113 -0.679371829 -0.032494719 0.369574052 0.920536557 0.106124690 -0.613417958 0.020516178 -1.738499330 -0.099393556 1.432871396 -0.201648781 -2.669732285 0.761222796 -0.292226428 1.224306488 0.129752492 0.845872452 -0.771682416
-19.391042619 -9.055712048 32.349794346 0.333842000 0.688530662 -0.567698167 -0.303634382 -0.431248178 1.481143834 -0.981202387 0.461951940 -0.089132154 2.041020669 0.300874529 -0.715072810 1.034693877 -0.613181320 0.298866580 -1.137577598 -0.007462326 -0.742983614 -1.082549410 -0.136379995 -0.502190733 0.346424362 0.736332593 1.456756988
-19.842570231 -7.795885736 29.604764019 -0.939953563 -0.107667052 -0.163553162 0.279545109 -0.476841531 1.184314700 -1.306142664 -0.071742130 0.841805487 0.436546931 0.003442668 -0.413514714 0.951104767 0.360534021 1.357481527 -1.492780175 -0.219575621 -2.469641571 -1.030550593 -0.193830192 0.841815277 0.473442982 -0.529673893 1.004148768
-18.020652274 -9.354556467 36.381205378 -0.480534077 0.560486154 -0.672107767 0.056687051 0.526479759 0.505912137 0.853904740 0.531360079 0.103358690 1.100892036 -0.398599500 0.473862890 0.474894203 -0.772603999 -0.452940075 -1.017503941 -0.030986677 1.483667444 0.398841654 -0.003941726 0.448929077 2.321488733 -1.708701221 -1.347557135
-19.473807523 -8.705545140 28.823475975 0.899637500 -0.243671838 -0.146582772 -0.331345583 0.707035081 -1.004892974 1.379073567 1.029394055 2.697187873 0.040255569 1.082342130 1.418980460 -0.745880023 -0.619589161 -1.108059927 1.776739746 0.762895061 0.437901944 -0.713020312 -0.364230835 0.690575363 2.181776266 0.140306870 -1.789359711
-28.826778407 0.528924005 31.639175058 -0.508897655 -0.238607252 0.807319399 0.179791944 -1.395353823 -0.765564527 0.360464911 -1.639991268 -0.218369837 -0.300042478 -0.561132933 1.422592618 0.538851238 -1.330196282 0.343059412 -1.014152099 -0.859381762 -0.337614760 -0.155932095 1.518379068 0.627818837 0.388193798 2.571831582 -0.361265792
-18.572558504 -7.727823937 35.031940725 0.219754264 0.176346669 0.133800293 -0.950109150 0.946862827 -1.155183483 -0.375835848 -1.894335293 0.065514001 -0.716812561 1.060086711 -2.755849681 1.341580525 -1.656998170 -1.312161034 -1.242529756 -1.160416061 1.288762505 -1.915333938 -0.219112232 1.623025147 0.497923196 -0.159902688 1.253504384
-27.250634818 1.612906668 39.136698799 0.910522872 -0.405675158 -0.069593680 -0.039146973 -0.133423788 -0.005774216 -0.900391026 -0.486234793 1.166756156 1.675843811 -1.077588553 1.227974303 -0.483914860 0.180040752 -1.422868396 0.468736925 -1.081454459 1.210823108 0.960888476 -0.033776233 0.003849426 -1.791319879 -1.080185446 -2.250005431
-25.466173967 -11.009268806 26.639517475 0.271314341 0.864753084 -0.420525753 -0.041817748 -0.383918203 -0.067135562 -2.316523678 -0.515130035 0.178081851 -1.132997915 -0.257820255 0.180881303 -1.056654011 -1.378456984 -0.553311677 -1.112795872 -0.445463391 -0.099825678 -0.094035860 1.782880031 -0.459926920 0.829522663 -2.155479404 0.896376667
-16.211784176 -11.197808039 37.402223546 0.489510905 0.588024990 0.390144308 0.512243208 0.131329615 1.882572247 -1.067897136 0.072054602 0.113112909 -0.385112782 -0.459378008 -0.662094318 0.065888209 0.983235478 1.001012466 -2.511840122 -1.139514262 -0.359381792 -0.699454136 1.787788064 -0.388621464 0.816139246 -0.856451930 -0.652528379
-21.406215869 1.862550529 35.200876908 0.724281715 0.564104611 0.277762656 0.282930898 -0.048981275 -1.158615189 1.282266326 0.744728157 -0.944848335 -0.321311384 -1.146422755 -0.497960621 -0.245406507 -1.413127163 -2.451131322 0.573030669 0.687092568 -0.900019837 1.027577184 -0.568157555 -0.326640865 -0.867566029 0.418304036 0.185725582
-19.385970882 -13.442149946 29.418714008 -0.934618097 0.260455049 0.141987181 -0.196193325 0.290531339 -1.006557212 1.259752130 1.883621720 0.051353422 0.410694650 -1.221695315 -1.030512293 -0.339019175 0.207972676 2.788006254 -0.108543907 -1.727574221 -1.253215825 1.126864859 -0.980243380 -2.139849356 2.119725692 0.223039016 -0.123815781
-25.819057192 -7.549005271 34.413248482 0.759815355 -0.268366084 -0.531688353 0.260706285 -1.195470402 1.605359731 -1.926562621 -1.012078187 0.810616370 -0.024762302 0.587161620 -0.313111967 -0.547858494 0.543016293 0.161300710 2.701001295 0.942527966 1.141350701 -0.343313681 0.195985019 1.099647281 -1.268626905 0.317120422 0.306854957
-22.620406867 -7.425719913 33.197335426 0.212316026 0.092532700 -0.570871551 -0.787696183 0.442538981 0.314789848 0.390396759 1.498168894 2.118739945 1.225739047 -1.170869677 -0.728910615 -0.286916703 -0.035016308 1.775429750 1.028064971 1.904128462 -0.314031622 -0.860873866 0.181243840 0.785356308 0.850137116 0.314118261 -1.156122063
-29.845831866 0.067127915 29.946657367 0.087895459 0.006606374 -0.963204790 0.253904069 -0.133584616 -1.368218220 -1.226733784 0.756600908 -0.282970370 0.114097929 -0.965509992 0.416843257 -0.377332549 -0.454206377 0.129968670 -1.355609984 -1.494099772 2.386350172 0.521107582 -0.953333737 1.668325107 0.715520708 -0.612716418 1.788435509
-23.597857294 -9.904900921 28.877930334 -0.516707581 0.532532096 -0.442399255 -0.503692110 1.456551737 -0.272877789 -0.220916816 0.021171260 -0.996179931 -0.448761033 -0.394932236 0.389032161 -0.149964756 -1.067255802 1.024671938 -0.171297984 -0.964333041 -2.762435213 1.401947802 -0.099562095 0.319923627 1.024815579 -0.512520342 0.161196447
-16.197688462 -8.559468040 38.995102021 0.119683630 -0.108842351 -0.209316830 -0.964373183 -0.634062837 1.738725225 0.602660068 0.205913861 -0.428356253 -0.286351355 -0.607871754 -0.116937773 0.719342426 0.344566117 2.771774418 0.501894821 -1.545373773 -0.263079059 -1.454281664 0.457701574 -1.251667019 -0.115398696 -0.675458587 0.438467123
-21.273808565 -0.101005838 33.144589924 -0.322640040 -0.275981774 -0.898199476 0.113908591 0.756948632 -0.854202958 -1.150076675 1.232411583 0.657305350 -0.437122207 -0.443052981 -0.349802113 0.944570254 0.094116103 0.664302050 -0.426921132 0.407146716 0.467648151 0.239096583 0.183950421 1.310141648 1.172452090 0.312307044 -0.344463345
-22.666660584 -5.028392451 42.449602416 -0.234269700 -0.138802478 0.164106681 -0.948114221 0.448806274 2.032872438 0.614724985 -0.442572542 1.089115381 0.719428034 -0.106785993 0.686474219 0.192663892 0.898163331 0.471773605 1.963178108 -1.531159125 0.174418980 0.223558320 -0.348358068 1.133442027 0.179656801 0.881411650 0.080851055
-27.954342951 -10.895714832 35.302818371 0.150867309 0.791066823 0.406439768 0.431577399 -0.217601672 0.190150810 1.027548602 -1.074284612 -0.210836561 0.525165783 -0.539822283 -1.196298243 0.443903538 1.773644925 -1.278480297 0.187299897 0.257399944 0.393057027 0.088652727 -0.026282941 -1.843831459 -1.726523047 0.547363272 1.010135009
-27.573274370 -6.746466429 26.595943824 0.811024696 0.364735718 -0.132343834 -0.437826344 1.360861995 -0.660232528 -0.298085211 1.798628844 -2.649140017 1.168953904 2.001059268 0.167807394 0.515279998 -0.243120327 2.154256815 -0.700005267 1.998127391 -0.874775357 1.188339029 1.727565685 -1.372476991 0.510856946 -0.012901458 -0.759259427
-17.161588562 -11.301650769 38.680040353 -0.620309044 0.151146890 0.130460638 -0.758519169 0.228111202 -1.059030019 -2.003082954 0.264411362 -0.342233770 -0.161477544 0.139462013 1.658666754 0.208633228 1.756888911 -0.103845066 0.305161857 -0.622865231 0.961128968 1.082014556 -2.244793721 -0.483178667 1.499517761 -0.281044392 0.132436873
-19.475735087 0.001719491 38.402264835 0.956054244 -0.060660387 -0.240107993 0.156935504 -0.456766443 2.157663511 -0.370355034 -0.967272333 1.093239177 -0.885531515 0.451876705 -0.157771513 0.019447134 -0.206861309 -1.286339239 1.631247791 -0.196667658 -0.552933350 -0.743901036 0.164136045 1.387848978 -1.173672011 0.120470482 -0.595178228
-31.320183545 -5.741290420 34.079994833 0.790487303 -0.196315969 0.236706539 0.529679034 -1.550429370 -0.950562346 -0.213736588 1.508130723 0.228679589 1.365239538 -0.078933156 0.139613593 0.067912063 1.967464386 -1.095392278 0.505071441 -1.020352162 1.019435380 -0.395381258 1.422407487 0.522079469 -0.026003879 -0.091958080 -1.808616624
-23.014998936 2.704726524 28.452270241 0.636015262 0.400436633 0.632183848 0.188357829 -0.467479347 -1.717582677 0.609029349 -0.242618733 -0.536880786 0.679016825 0.698468345 0.081610552 -1.150445077 0.716715366 0.611292052 -0.631147324 0.404714762 1.482744416 0.651569000 -1.452691899 -2.353069145 0.261504685 -0.238593532 -0.166140591
-24.561596407 -1.912217142 35.580957630 0.774625207 -0.086207390 -0.176283505 0.601205622 1.253964541 -2.483438212 0.492471484 0.338573825 -0.960115215 -0.932428636 0.590084014 -0.777702119 -0.490874886 -0.897055785 -0.898759596 -0.419102323 -0.656643312 -1.112524556 -1.630000875 -0.884583164 -0.435127311 -1.067921713 -1.623734251 -0.066486135
-28.038794313 -0.411133204 33.048465468 -0.758092028 0.306598422 -0.562058067 0.124034727 -1.261591880 0.379156302 -1.287773173 1.402006982 -0.759341058 0.921125486 0.550945718 0.482345337 -0.427455098 -1.094103764 -1.318799180 -0.817676814 -0.796031974 -1.383672868 -0.106124984 0.157003317 -1.924134685 0.389685497 -0.305793894 -0.636760279
-22.396788814 -8.500026305 37.296412980 0.677428737 -0.149136207 -0.339975567 0.635031741 0.092908659 0.457407248 -0.420425152 -0.669961455 0.443538033 -0.823939112 -0.369870154 0.317161685 0.496472901 -1.667220147 -1.801382376 0.018479239 -0.895342887 -0.732042393 1.034811222 0.932891609 0.091771742 -1.143241614 0.297206459 -0.420649546
-16.900945695 -11.227900339 36.604266836 -0.028085187 -0.554622992 -0.831138563 0.028517496 0.109267038 0.160812685 0.614576486 0.821660786 -0.212018395 0.692628136 -1.462689688 0.081754572 1.039974241 1.689888832 0.542459886 -0.508292349 2.329218975 0.334139586 -0.411820959 0.328338918 0.564855857 0.210827182 -0.277111172 -0.552530575
-30.098267591 -10.673280037 34.857498742 -0.185021067 -0.772133260 -0.571184318 0.208148765 -0.579497624 0.087922407 0.723731294 0.479914725 0.251783087 0.292152159 -2.691493297 0.602143634 -0.697215813 0.814366421 0.795085227 0.360901152 -0.514258927 0.896726057 -1.087724172 -0.431435630 0.468694062 1.640661477 0.248699109 -0.591052018
-24.224484662 -8.802968599 33.867296695 0.323926745 -0.450075714 -0.181463137 0.812141888 1.571317411 -1.551850562 -2.467175944 0.123882810 -0.096923979 -0.344297170 -1.465908050 2.197555048 -0.713800802 0.117375718 -0.135059850 -0.361141453 0.589336900 -1.648485540 1.753174523 -1.592645937 -1.073223396 2.154516786 2.298151773 0.689525645
-24.896123712 -13.118190358 39.803072925 -0.639221907 -0.291239971 0.037980750 0.710726456 0.429312528 -0.239882602 -0.084375890 -1.967140156 0.210001575 1.596997921 0.094192964 -1.847701741 1.152020281 -0.327795826 -0.344326604 -0.199978238 1.781219786 -1.254522126 -0.117026786 -0.683905437 0.779743800 1.198556134 -0.022420717 -1.008967443
-31.206657501 -9.562060323 32.274081322 0.456415473 -0.266634497 0.848752877 0.014474657 -0.723429728 -0.886857695 -1.124569810 0.439520801 0.475701318 0.412291815 0.512929103 -0.620493761 0.468057602 -1.814334691 0.479999192 1.174783742 0.097381895 0.463302258 1.051022228 -0.214189689 -0.983104300 -0.448212204 1.848498703 0.569815737
-21.367911361 -8.770175494 25.971369599 -0.153458774 -0.069303788 0.746477643 0.643753460 0.268367705 -0.101315849 -0.234355155 0.258892309 1.473577977 0.044127070 0.582165377 0.546700991 0.582047564 -0.570390470 0.573784821 0.649710801 -0.633751920 0.317183087 1.504318336 -1.261066197 0.790300716 1.380336765 0.367111943 -0.243845891
-19.694857412 -11.275118663 37.574929396 0.940364421 -0.206235548 0.004252623 -0.270487653 0.922383443 -2.141948220 -1.761493495 -0.197317625 1.846814933 2.295254431 -0.453996978 -0.168607884 -0.197687099 -1.138209125 -0.475278493 -1.092647499 -0.127968867 -1.686222134 -0.153516024 -0.067450743 -0.932560882 -0.611469137 -0.889630071 1.517700665
-20.304868454 -11.354906082 37.691745560 0.567853396 -0.033591448 0.141731672 0.810139660 1.086341358 -0.154927551 0.360207410 2.421856315 0.395505473 -0.062546621 -0.665707848 -0.109553796 2.076228841 0.994976050 0.510155697 1.714748110 1.168458082 0.431331207 1.061910007 -0.032379253 -0.665143566 1.194413679 -0.821838396 1.398803649
-21.906819292 -7.527712799 36.630276126 0.072154650 0.753694884 0.151855436 -0.635356322 0.029021180 0.979965150 0.382232985 0.266978246 -0.169244316 -0.201625499 -0.397718531 0.516475960 -0.758036383 -1.173847709 1.984834099 1.257330470 -0.434747514 0.333410949 1.682186494 -0.662011964 -0.618385076 0.311977719 1.283974415 0.867061795
-22.787151362 -14.016002241 29.998722199 -0.352451465 -0.021335099 0.917589808 -0.182624542 1.829028301 2.586667734 -0.458072680 -0.343022888 -0.166013307 0.106574140 0.233630081 -1.613688590 0.527772430 0.014675537 0.403401417 0.190543499 -1.210735592 -1.144763456 -1.832916011 1.697218315 -1.151157816 0.239576674 0.527646433 0.417210437
-17.233619968 -9.827487339 35.180559769 -0.084870859 -0.666182431 0.723966971 0.157701400 1.215338862 0.102841023 -1.229921262 -0.183614939 -0.018233856 -0.293532844 -1.578651838 -0.551076905 0.733198995 -0.638738760 -0.066172488 -2.048762059 -1.038357168 0.631439975 -0.089600597 1.482141706 -0.414691951 -1.141499880 -0.252078002 0.442943638
-30.827254244 -10.427360338 33.961241969 -0.686692099 0.510535737 0.298712696 0.422584841 0.607341594 0.316484386 1.510956472 0.239863516 0.261425461 -0.056777696 1.286976824 0.039331003 -1.412254003 0.348368579 -1.722200995 1.754174015 -0.299638332 -0.048320942 -2.528598988 -2.562742293 -1.168367736 0.946960863 -0.385977113 -0.739796182
-24.130809266 -4.955179280 42.243065135 -0.023646175 0.138593459 0.362199021 -0.921436151 0.311357675 -0.269282074 -0.232117683 1.062433463 0.496947062 0.904400965 0.622452077 0.220532237 0.252750992 0.759442031 0.188818949 -1.550709159 0.898709016 -0.571219848 0.052432304 -1.924326276 -0.713239836 -0.587477860 -0.235899511 2.467578302
-28.911957992 -8.268186780 33.341041555 0.238103646 0.850059411 -0.264406059 0.388323432 -0.301077801 0.111294283 -2.431179520 0.643327367 0.503197771 0.342222767 1.129030927 -1.541054032 1.040030361 -1.782903991 1.198258173 -0.816231587 0.571751390 0.337866068 -0.044189684 0.585378341 0.116824380 -0.227975519 -0.073939276 -0.684223195
-14.721760799 -5.409920674 33.292328000 0.089709353 0.144947329 -0.188889481 -0.967090103 0.754676215 0.892106488 -0.541985811 -0.131883668 -0.772524130 -2.155185118 0.701359587 -0.646719035 1.883405175 0.517498779 0.373999587 2.730685957 1.102855278 0.156418087 -0.548615936 -1.290467022 -0.504605989 0.237813793 -0.509741957 0.761302685
