-1.648679887 37.410664433 -11.514061157 0.022141271 0.208262079 0.749858567 0.627573741 2.298184772 -0.679759098 0.169798674 0.285748271 0.298405230 -0.875543685 0.687435141 0.449970531 0.619849773 1.086586711 -0.236340008 1.026760139 1.334978190 1.358992180 -0.410792961 -1.048019186 0.750538458 1.805853061 -0.191635284 -0.136180707
-4.370800374 35.349551452 -9.833061211 0.041367608 0.945253864 -0.181662123 0.267922986 0.142929776 0.250834442 -0.546042932 -2.678695425 0.614903701 -0.149750113 0.653228904 1.706326468 -0.222137424 -1.379591883 -2.365166509 -0.037997667 -0.869227832 -0.257504389 -0.490298879 0.114966123 -0.261069878 -1.399291767 0.369382164 0.332690113
-0.330169620 20.184448757 -8.801838255 -0.626202236 -0.542027518 -0.534042416 0.169928303 0.534196548 -0.859102068 0.788559341 -1.072152329 0.361818012 -0.556816493 0.985629469 -2.640557864 0.879944834 0.810491247 -0.866633383 -0.206345194 0.943163684 -0.630881155 -1.492233622 -1.207209278 0.445975941 1.081960774 1.229557304 -0.960259277
-6.064421167 34.841762865 -7.034944946 -0.894650548 0.389467505 0.197683412 -0.094003871 0.981778708 -1.275586692 -0.359591224 1.374655056 -0.585569911 -1.039822270 -1.180132343 -0.378238523 0.826224586 0.812323727 0.754012387 -0.710570794 -0.576451921 -0.957127427 -1.308276890 0.331986405 -0.839502108 -0.024341206 1.750395852 -0.125798537
-11.560206970 23.670315260 -10.900661516 -0.769721287 -0.529593196 0.044829138 -0.353624853 0.591219048 -1.634034577 0.343532840 0.020338305 0.510721480 1.856084963 -1.077473591 -0.444146196 0.498125806 0.236144060 -0.226289205 0.189389489 -0.727214333 1.115697298 -0.961775719 0.385176192 0.073652977 0.222380431 1.543083378 0.812575973
-6.194544542 38.096132886 -10.014963030 -0.866009548 -0.036324219 -0.367390236 -0.337242388 -0.612851415 2.792784343 0.496714305 -0.384208025 0.815263744 0.031055458 -0.427836442 1.778350401 -0.404072252 0.634505160 0.025825824 -1.324629200 1.349934953 1.424286174 -0.315924069 0.217042695 -0.306199433 1.560135961 -1.138296208 0.241114654
1.558631529 34.156565011 -9.856008439 0.484866108 0.128061436 0.864326911 0.038001552 0.441014688 -0.183873622 -0.654905935 0.932900865 -0.528301346 -0.138434668 0.939671002 -1.826830394 0.746367681 0.746081515 0.173751132 -1.771639132 -1.280773037 -1.534218350 -0.773869904 0.203569069 1.475529329 0.475464491 -1.758263101 -0.177923052
-11.426765537 28.908028111 -1.832877124 -0.427773753 0.444755324 0.016129495 0.786728770 2.174556386 0.153606409 -1.351037875 1.959571325 0.200232019 -0.856536228 0.157821410 1.502905355 0.651511093 0.415027760 0.484597290 0.237228723 -2.265168104 -0.658591170 -0.373338173 -0.443703371 0.489162844 0.719726382 -1.191227227 0.533480581
-8.126486685 26.818302327 -17.286517003 -0.688919392 0.690271066 -0.187453779 -0.117375502 1.428751174 0.953445911 1.699387843 -0.666873393 -0.369933392 0.468495350 0.168445531 -0.783096221 -0.451277709 -0.107603373 -0.696474868 0.194795778 0.140443914 -0.832949998 0.172831647 -0.221088050 -0.033668674 1.240383145 -0.161228857 -0.380776386
-9.653626467 26.327928473 -1.422380585 0.586287843 0.769712180 0.152565911 -0.201329004 0.192413387 1.289734324 -2.145005970 0.178686334 0.489926023 0.601058616 0.577539618 2.178565496 0.606158097 -0.707943816 -0.819582135 -0.305084835 0.274289860 0.401854326 1.703325050 -0.689085620 0.218574009 0.855660772 -0.054148013 -0.916171678
-4.753571780 32.718346647 -3.743153294 0.896342990 -0.292249915 -0.155515238 0.294913958 -0.664013320 -0.593796735 -1.363899658 0.777824736 1.254357783 -1.729972184 -0.152349376 0.170604079 0.140799279 1.183363143 0.169947466 -0.112201807 -1.344861556 -0.959978004 -1.196330269 0.886371421 1.866633116 -0.774092147 1.787931351 -1.093290654
-4.622120225 35.531295552 -8.612647390 0.278914104 0.871318309 0.317910911 0.248885476 1.273292593 0.477018548 -0.403880079 1.142788582 0.032451894 -0.566752579 0.735424624 -0.793331891 0.600028205 1.589262369 0.101274151 -0.307371210 -1.345525720 -1.188267899 0.170543446 0.388401556 0.169330949 1.449372129 -0.976063970 -2.399138818
-5.052888433 25.670345628 -9.667098370 0.457923491 -0.291090111 0.249568792 -0.802052393 1.463353559 -0.444879570 -0.458296880 -0.748205653 -0.925333948 1.154257669 0.046275503 0.549379689 1.141468963 0.487662808 1.707102355 -1.142751639 1.326016240 -0.708698450 -1.708117154 1.106592760 -0.053492040 -0.716319444 -1.277598698 -0.733134123
0.077727768 20.570196457 -10.506013496 0.008739804 0.389637476 0.920638464 0.023044975 -0.435062900 0.083871922 1.277099775 -0.073977724 -1.957481926 -0.272159517 0.631614800 0.469298226 -0.075497009 0.749450376 -0.924736163 0.820607960 0.000926236 -0.264530293 -0.347016478 -0.042297197 1.120030436 -1.190342849 0.047085603 0.471243781
3.919287372 28.028638837 -4.763505424 -0.163648711 0.283502752 -0.768825968 -0.549319507 -3.122112462 2.104019038 -0.071063216 1.584659410 0.073214868 -1.654000207 1.211691870 -1.173219369 0.606171910 0.190528786 -1.269508336 0.713679436 1.092299429 -1.539499594 -2.017300555 -0.413772107 -0.625208030 -0.081337017 -0.477946774 -0.165176688
-3.150335621 30.996944319 0.874345812 0.399326817 0.424709323 0.500350786 -0.640163398 1.204842961 0.161053590 -0.872245162 -0.138106393 -1.054391111 0.187634094 -0.716564851 -1.730197995 -0.040472285 -0.868394517 0.023349786 0.482117058 1.160043441 0.199066485 0.192992078 -0.231773708 1.164400731 0.003060930 0.789452468 0.276996384
-11.237709581 28.117911151 -14.154249468 -0.153765494 -0.597155226 -0.522746339 0.588640871 -0.315686447 0.584716296 -1.932794040 -1.372448167 -0.557424176 3.079087056 -0.440970818 -0.571833535 0.269552717 0.537059346 -0.279130967 -0.230464527 0.606245726 -1.360494308 -0.722462639 0.934484022 -0.047200158 -0.430512132 0.335456368 -0.464263266
-4.768065905 22.810112851 -7.673897494 0.195959562 -0.913408107 0.341686263 -0.102644915 1.159614396 -0.103512742 2.228619731 -0.290990130 -0.001863258 0.616628164 -0.349499026 0.217511290 1.925343301 -1.075248108 -1.638624455 -0.018273389 0.296210512 -0.509129225 0.559011933 -0.433547633 -1.120311321 -0.505407770 -0.846674502 -1.165766596
-2.235073198 22.415938928 -1.724612682 0.825292673 0.070636829 -0.560026288 -0.016522691 0.324137285 -1.250731207 -0.345358658 -1.108752152 0.670190227 -0.221787868 -0.146965693 0.666123541 0.662270119 -1.205349328 1.085558573 0.089475299 0.659399846 -0.071806701 -0.478280706 2.335147763 0.416957837 -0.591825391 1.238954566 0.185829006
3.595915341 26.941201166 -4.753932016 -0.178400083 -0.066409051 0.672789245 -0.714925088 0.853939274 -0.327346664 0.815512841 -0.679027411 0.835053982 0.031494289 0.707123642 0.700178183 0.449012735 1.043136475 0.670373303 0.665471521 0.110208831 0.645041828 -2.363362063 -0.975070245 -2.027115421 0.845311629 0.279482648 0.964422604
-4.501393879 27.745162338 -17.052190433 0.487011653 -0.776830235 0.366312348 0.158649610 0.685229513 1.269114487 -0.898279593 -0.310780074 0.021197203 -0.354489800 -0.607715444 -1.161834930 -1.371556008 0.775162064 -0.609005002 -0.674947816 -0.402072547 0.622848917 0.368531583 0.317953688 -0.094931143 -1.600566592 -2.978470471 -0.070695579
-5.532148164 29.242284247 -12.755551635 -0.660643514 0.202642668 -0.037133833 0.721877535 -1.375626555 -2.119813751 0.019409389 2.021126686 -1.296113269 1.048296623 1.570137707 1.424925442 -0.394062512 -1.276357510 -0.147007745 0.868331415 -2.255789794 -0.626519402 -0.551883960 -0.681645521 1.156435800 0.706527480 0.397947577 -1.595271190
-1.123881818 34.072926434 -6.317423365 0.528448097 -0.336487944 -0.473201072 0.619353872 0.291328127 -2.572512632 -0.727733103 0.247246591 1.147305252 -1.373908607 -0.700517786 0.314978789 0.061572057 1.466546641 -0.095125193 0.395258651 0.260690234 -0.474707735 1.088430725 -0.306539715 -0.821252940 -0.007452532 0.349481310 0.133630570
-6.330760451 38.336807413 -7.551173612 -0.583122266 0.759340513 0.198100474 -0.210063350 -1.427052563 -0.091479334 0.955619838 -0.788085727 -1.660330155 0.940820573 -0.299343738 2.970331313 -0.473908372 0.892165971 1.074052243 -1.358171074 1.133181121 0.846949726 -1.599530029 1.231176549 -0.960940619 0.118215612 0.596451871 -0.375306698
-6.288056035 34.390492047 -1.532216223 0.533343701 0.304678692 0.788339934 0.035150246 -1.428202236 -1.225855905 1.523618025 -0.202590145 -1.675418914 -0.546239358 -2.340975516 -0.478628863 1.267692371 -1.061612065 -2.033509304 0.280939848 -0.760952427 -0.336117295 -0.703394511 1.430913041 -0.133697443 2.190632628 -1.739086449 -1.476688057
2.045218847 31.044674111 -1.716876582 0.343312939 0.094663763 -0.690571910 0.629512061 -1.178021155 0.271461336 1.368081605 0.515027744 -0.276273301 0.474231465 0.421055346 -1.865251840 -0.148795372 -1.169542176 1.132407080 -0.484794822 -0.268435916 0.752133235 0.157207299 -1.257120076 0.090153367 -0.549096457 1.151619128 2.130413606
1.008761972 26.918182399 -12.159712957 -0.508552479 -0.772259218 -0.002757285 -0.380765641 1.273833011 -0.192119089 -0.331099651 1.936720046 -0.361643854 -0.651860905 0.644060492 1.357746782 0.115348912 0.224275298 -0.401782835 -1.120570863 1.417744728 -0.122933020 -0.306894199 0.056306029 -1.527521446 -0.264016067 0.400538681 0.471900322
1.660372023 27.902909831 -6.743670641 0.870110911 0.412996870 -0.189993946 -0.190375653 0.046906800 -0.019732077 0.206227572 2.282248798 -0.705577555 -1.529170302 2.146548267 0.103238077 2.258173198 0.926810830 0.811628918 1.195049001 -1.155133310 -0.000367283 0.348121581 0.293534849 0.704197813 0.078765215 0.402339958 0.669368754
-7.606882363 32.762449572 -12.058194952 0.713339324 -0.244304081 -0.549041142 -0.360577800 -0.117917163 -0.535287167 -1.607435981 1.723281157 -1.066927730 0.050317089 1.016140837 1.072604321 1.167310525 0.752238024 -0.437889492 1.710716594 -0.652621586 1.021734574 -0.471279164 -0.407334269 -2.654665374 0.909164008 0.116372010 0.899150655
-5.918788330 31.829039270 -0.847351032 -0.697696956 -0.251296838 -0.365083455 0.562834726 0.386551958 -0.542540787 0.827534676 -0.578682393 1.210332243 0.077325924 1.443524713 0.069580380 -0.100297577 0.458022457 0.967552769 -0.007507992 -0.041670426 0.559470593 -0.436034936 -1.135668616 -0.154768442 -0.474365255 -0.922400735 -0.098293779
-4.592354133 29.787863519 -11.810486650 -0.448854552 -0.530135671 0.377186683 -0.612548747 -0.588277459 0.979973777 2.086385217 0.668159526 0.009147776 0.605049467 -1.950854346 -0.657491719 1.051798416 -0.831306766 0.471733271 0.526571512 -0.426527898 0.185774719 0.462544172 -0.038849779 1.481477050 -0.141269665 -0.562406688 -0.876532033
-9.614410191 26.131663086 -7.054873439 0.013844179 0.395487698 -0.918221912 -0.016319951 -0.046811634 -0.434088927 -0.038081709 0.083099993 1.517904591 -0.271928310 0.145654014 1.847499858 0.181935844 -0.305715396 -0.334420276 0.152943418 0.133534408 0.149974113 0.831017445 -1.384324245 0.202860008 -0.109009339 0.388331078 0.646308336
-7.196539534 31.994257527 -10.039085101 0.411716523 0.716714768 -0.514799311 -0.227576617 2.242978381 0.067721579 1.512767332 -1.386216483 -1.597816367 -1.743563874 -0.087905055 0.706770855 -1.510845504 1.055336266 -1.061375564 -0.529064158 -0.283723978 0.213841122 0.103164004 -1.574414954 -0.363371811 0.833395766 0.978141643 1.084449572
0.812116530 26.431006933 -15.836967812 -0.043437141 -0.295199032 0.087931706 0.950388742 -1.044801167 -0.126371286 0.767649290 0.962489758 0.844616806 -0.010792053 0.810481619 1.874614993 -0.789541000 -0.973018891 0.546501698 1.559804531 -2.478798758 -0.692062583 -0.282375077 0.119944846 -0.521652640 0.984187477 -0.138185925 0.672089235
-2.083254419 22.131027687 -3.796072563 -0.496361301 -0.735163784 0.117281519 -0.446547551 -0.029041198 1.172406980 0.239697903 -0.105770368 0.809727310 -1.224558278 0.956151834 -1.344043164 -1.057203696 -0.032773887 1.223456461 0.104919228 -1.589951415 -0.154742714 -0.120367789 0.009701269 1.220284110 -0.904520895 -0.810507435 -0.374824785
-3.829232880 31.779448314 -3.990246183 0.180003382 0.602292604 -0.620952346 -0.468252695 1.379999024 -0.894404652 1.088426500 0.334724518 0.068580679 -1.918054466 0.666004563 -0.931426714 1.516420103 0.885972193 1.727240251 0.480112080 0.917445900 -0.726358127 0.857101314 0.221711693 -0.511070940 0.737019828 0.392385775 -0.357298564
-4.758311715 26.256383684 -4.833200585 0.802526000 0.451214593 0.314262228 0.231509530 -0.469672008 -0.003380696 0.604941871 1.116988767 -0.651072828 -0.124242772 -2.396479573 -0.321630024 0.578135577 0.928930216 0.385148997 -1.120142169 -1.109751096 0.073027876 0.415042577 -0.973696010 -1.765351931 1.508215697 -0.325319867 0.550278924
-10.093720629 34.564572973 -10.503337042 0.139482884 -0.559709229 0.773795190 -0.261746267 -1.043998001 0.553465664 -0.787582985 1.226262163 0.723533382 0.640898366 0.927863996 1.173126248 -0.595113310 -0.185685431 -0.351563982 0.604130337 1.835300572 0.697627929 0.448764616 2.944011998 -1.404690444 -1.513014536 1.144961410 3.444559349
1.337442556 33.231131201 -9.631370539 0.790877661 0.560591603 0.058165502 0.238466672 0.823974816 0.482743241 -1.240295654 0.976743603 0.012096728 -0.727717256 1.878114570 1.447669154 1.284117144 1.307588509 0.575449990 -1.725440080 0.021429946 1.257619453 -0.458436171 0.440474841 0.448445051 0.408224250 0.724063576 -0.233805257
-1.028904545 33.924857326 -3.627558029 -0.672644482 0.669770230 -0.270588019 -0.160434921 -1.913817177 1.400390846 1.140498229 0.736486556 1.187488590 -0.203737795 -0.870862817 0.846733304 -0.104657426 -0.859088134 0.068254425 0.029404818 0.882307213 0.316406324 0.718319401 0.286245872 -1.232400679 1.057551222 1.310285506 0.055022295
-0.220617813 21.522257750 -7.939119866 0.677208552 -0.468547957 -0.090398442 0.560070987 1.209546928 -0.281792577 -0.477283212 1.092487901 -0.852791317 0.016994415 -0.416426269 0.815263046 -0.400592674 -0.338213116 1.070335919 0.480439664 2.126587843 -1.872493039 1.558342080 -1.500757891 0.159757253 0.076698261 -0.995755869 0.639204939
-9.577950074 22.824351236 -8.388760960 -0.141866545 0.571648344 0.602944838 0.538098111 0.279791628 1.355997156 -1.440356358 -2.012535146 0.668857914 0.550598587 0.095159827 -0.419619524 0.121963282 0.817210228 -0.377552625 -1.308043297 0.509263093 -2.654682528 -0.184062428 0.089197747 0.358239405 0.533965201 0.199029044 3.038386477
-2.642915158 32.634163122 -11.767896473 -0.437311560 -0.741573063 -0.412224404 -0.298159408 -0.828978753 0.644337931 -0.353442133 -0.848406296 -0.595433050 1.400064115 -0.318690975 0.095917848 -0.488517072 0.151218123 0.430879690 -1.110857792 0.152880676 -1.084664374 0.206376237 -0.750426332 -0.586782267 0.702151018 -2.769297655 -0.740714566
-2.371565821 29.446926824 -10.819713213 -0.399806845 -0.421433189 0.237265814 0.778622814 -1.145355133 0.225097909 -1.225613281 -0.140146181 -0.731523524 1.063285066 -0.785671163 -1.435201887 0.233076836 -0.672543264 1.606613281 -0.229866279 0.603840536 0.473808635 -0.189208047 0.290163605 1.365887634 0.321395131 1.399904830 -0.876457864
-6.677632265 27.540864955 -17.878504337 -0.258902661 -0.722223779 -0.539373680 -0.347042157 0.052350663 -0.350704735 -0.868720195 -1.470817976 1.887448365 -0.675157552 0.707926304 -0.239059673 0.557504527 -1.228821840 1.333830990 0.799231363 0.782017370 -2.579603890 -0.038519793 -0.441226569 -0.708238000 1.375315006 0.179107434 0.551128589
-9.287738758 28.871029174 -8.199709884 -0.604206660 0.173152279 -0.630140188 -0.455934144 -0.798645092 0.232411335 0.866034308 -0.302367481 -1.780788722 1.317349173 0.915291470 0.134106428 -1.243180458 -0.021583600 1.116990638 0.118611625 1.588560940 -0.621825149 -0.060335767 -0.374878177 -0.883919356 2.168319520 -1.568128776 -1.636044260
-3.234787702 34.104391085 -4.966145538 -0.763543497 -0.194272912 0.493419838 0.368505397 0.390655056 -1.468879540 0.000618513 2.007897116 -0.812154198 0.519740649 1.152748995 -0.442354730 -1.126495889 0.652358918 1.347948234 -2.393726903 1.466304410 -0.702886647 0.718326348 0.199653735 -1.444591010 0.782789445 -0.177361142 1.743870721
-12.352636874 32.584583036 -4.462457578 -0.379725598 0.688882416 0.434367976 0.438832483 1.623067158 -1.301153587 -1.459446458 -0.774968231 -2.560707087 -0.778881534 -0.730149564 -0.862552155 -0.029517513 -0.135976453 1.817043276 -1.330818884 -0.569632141 0.021903049 -0.190542505 0.148287132 -1.328964549 0.152150017 1.576415011 0.556001803
-5.741382484 31.409753947 -1.507325002 -0.808385667 0.289116906 -0.006916902 0.512714526 -0.735090189 -1.056868620 -0.110344157 1.617834501 -0.152993334 0.384905249 -1.322908756 -1.650462785 1.398593198 -1.342055252 0.501828404 1.498997142 1.099463680 1.171695817 1.523042007 0.832829356 -0.732197791 1.276672613 -0.295202574 0.659084937
1.894493089 29.232418614 -11.224019186 -0.059403907 0.665732914 0.005135405 0.743804068 0.121026608 -2.003195168 0.248909022 1.716708379 2.096073892 -0.111309481 0.032665722 -1.017539482 0.836921298 -0.962755803 -0.194630316 -1.769244851 0.627882129 0.410027713 0.131683888 -0.538587955 -0.530138031 1.978553754 -0.364797303 -0.171425774
-3.345644982 34.068600495 -4.657694352 0.524179959 -0.302471344 -0.529354308 0.594584286 1.693515831 -1.544983065 1.271685138 1.029283660 0.504196631 -0.668417234 0.257714888 -0.943440259 -1.240737729 -0.130549088 -1.737894215 0.825197954 -0.840496114 -1.446927665 -0.100940829 -0.074424700 0.295083262 0.873932371 0.901159426 0.141743715
-3.608050237 34.016666675 -15.347187882 0.248861155 -0.636533563 0.616339212 -0.391176590 0.771502905 0.066967769 -0.857355307 0.355170157 -0.868600108 -0.594929737 -0.638684437 1.247702362 -1.102007096 -0.286665697 0.782516401 -1.288143223 -1.003309557 -0.060822144 -1.133519623 -0.060013398 -2.172130211 -0.485789389 -0.221950612 -0.204287651
-8.965329952 34.010152297 -12.810580622 -0.666996010 -0.460014899 -0.426551473 -0.401940862 0.909326238 0.554810627 1.057218415 0.764872163 0.065199116 0.666974641 -0.337309045 -0.717406536 0.431949466 -1.269753674 -1.070478372 1.155407860 -1.704593458 -0.420940220 1.743081208 0.899662682 0.852626486 -1.464022114 2.301827779 0.144250050
-5.605342077 36.907136032 -11.635623776 0.389703084 -0.497424746 -0.627079308 0.455490581 0.175034124 1.211357045 1.508109490 -0.285819904 -0.293988808 0.651819969 -0.547347914 0.028780806 1.051689577 -2.346284420 1.012319567 0.817663617 0.738588208 -0.072395797 1.064859186 -0.478455117 -1.124483411 -0.111083559 0.013049923 0.247475304
2.632594494 29.223219920 -6.624345970 0.205099050 -0.556273785 -0.066356500 0.802552597 0.179758988 -0.859824400 0.116859327 1.417051649 0.143045382 -0.608224970 1.145922814 1.169120389 -1.963019123 -0.557751057 1.017774061 -0.893134563 -0.907384106 0.086393293 -0.460472917 0.418181575 -0.303626829 0.249440071 -0.328906397 -0.591234161
-7.100716946 36.386164258 -9.704151492 0.050892725 -0.464285008 -0.597219515 -0.652056909 -1.341583574 0.914574594 0.602976237 -1.423706399 -2.512183348 0.251543525 1.497615870 0.564780650 -0.313612154 1.151861494 0.398449210 1.695480771 0.569918886 -0.262445946 -2.139189748 -1.850983930 0.625455623 -0.131975606 -2.558790730 0.718148583
0.031768310 24.666080013 -15.276866883 -0.773575515 -0.540050675 -0.256756797 0.209766866 0.423925243 0.606226940 -0.053029474 0.310276197 1.834454410 1.760624669 -0.103642411 -0.186598463 -0.747082441 0.350160867 0.653316483 0.447615732 -0.692809791 0.304494109 0.293369239 -0.648042567 -1.617338405 0.498973256 -1.601806447 -0.315761641
-2.682055960 31.649790965 -16.171809897 0.073692540 0.433436610 0.211602977 0.872883895 0.052364350 0.064139698 -3.178718183 0.163518204 0.616827311 -0.547988374 -0.256043920 0.015990432 -1.113154648 -0.640938511 0.036423620 0.293635778 -2.305041973 -0.155750885 -0.502582282 -0.393046414 -0.311867453 -0.287507307 0.415115906 -0.417419208
-2.368832335 20.535016016 -3.628883448 0.875613719 0.414370574 0.227097054 0.100122773 -1.825296917 1.377904664 0.103331802 0.193788817 0.561867734 -0.376345822 0.161156889 -0.770968092 -0.304304982 0.409254942 0.227256537 -0.437567423 2.190473352 -1.040381975 -1.272052446 0.924343189 -0.094048776 0.453497281 0.420136834 -0.650400341
-3.294351345 22.894949309 -8.404110026 0.788092330 0.320870670 -0.407364338 -0.331672714 2.037004272 0.811820410 -0.775161191 -0.102927932 -0.867628398 0.280871043 -1.521547919 -1.185680763 -0.151045713 -1.341233933 -0.253252065 0.475421327 -0.389043590 0.249249969 0.759718701 -0.061073720 -1.634524841 0.989072322 -0.685165742 -0.617197579
-8.770661001 27.674667640 -3.795795243 -0.840670323 0.148415489 -0.159304013 0.495851270 -0.101120380 -0.692647432 -1.174764537 1.841273508 -0.342115926 2.041649597 0.495552079 -1.255382690 -0.590963443 0.313763821 0.358486778 0.122490707 -2.201373105 1.855397496 -1.106499255 -0.317495796 -0.544954928 0.372207899 0.648785581 -0.203265386
1.156575985 34.467348385 -3.652695644 0.428832610 0.513463423 -0.621263801 0.408030875 0.570347669 -1.039284628 -1.671115705 0.076190078 -0.149601206 0.685489600 0.123204168 0.635344975 -0.255285320 -0.177946626 -0.061981595 -0.591187846 0.433539026 -0.523904358 0.297481748 0.202081010 -1.412674097 -0.226495599 0.285154296 0.617655703
2.529505783 29.157075169 -8.675395823 -0.137025060 0.447023461 -0.076170088 0.880677169 0.352566056 0.315700332 -0.064341653 -0.283627936 1.063991696 0.239493224 -0.437659066 1.111043714 0.736854986 -0.062628313 -0.544539117 -0.891765520 3.245068094 0.805217661 -1.433813777 0.805191841 -0.706905843 1.433831198 0.200209257 -0.633700652
-12.209169012 24.590437264 -5.547259720 0.242107058 0.647471823 -0.654933272 0.305330674 0.735774745 0.799868866 -0.458890715 -0.636939683 1.786257383 -0.741022584 0.651250073 0.570348999 1.496757144 1.021665665 0.181999222 -0.703203539 -1.542652696 1.118959819 1.105064760 0.140431204 0.276197055 -0.408676039 0.326557617 -0.794145322
0.351585307 33.994423955 -7.281279131 -0.349937612 -0.323767980 -0.877996024 -0.042906235 0.761896379 -0.035650429 -0.153391132 -0.206915795 0.964926620 1.574547790 1.184497198 1.242889171 1.237372408 -0.660637298 0.776240184 -0.134238924 1.375755012 -0.072019275 -1.133394192 0.066949402 -1.105683956 1.295853275 -0.495789381 -0.156017114
-3.682080084 21.849704853 -6.352050763 -0.092235491 -0.128691895 -0.987320314 0.011384538 -1.353665504 1.064297814 1.147560986 -2.905512651 2.001681814 -0.522349421 -0.132303403 1.004391930 -0.158026682 -0.724628390 -0.885540385 1.254532765 1.752099948 -0.261802593 -0.844099947 1.066878662 -0.421385711 0.035445759 -0.320708764 -1.576938589
-9.193773831 34.636029443 -1.835974013 0.430443312 0.868120765 0.149629163 -0.196713005 1.490305600 0.915771706 -0.756057323 1.670961939 -0.149647616 0.017258608 0.305958438 0.945978454 0.592469232 -0.099805225 0.267915432 0.821643032 0.124558588 0.472485939 -1.150709747 0.804689803 0.712367717 -0.234706546 0.578805000 1.489173078
-4.259156077 18.831308586 -8.782164239 0.023722509 -0.598680175 0.162835450 -0.783902996 1.409262092 -1.934400729 0.026957403 0.503500939 0.142587301 0.027412173 0.605400303 -0.647628798 0.220585285 -1.262937804 -0.234838778 0.585595599 -1.491477940 -0.694315662 1.263972499 -0.161705651 -0.690800126 0.287361589 1.532216533 1.112502193
-5.684612768 24.933977345 -0.990966892 -0.109757540 0.576834371 -0.424264564 -0.689358376 -1.093294342 0.163611125 0.564316139 0.207532605 -0.611467273 -0.094351263 -0.010282269 1.757052355 -0.679673784 0.286644998 -1.297444246 0.902114109 0.047730744 1.122963519 -0.154492142 -0.068795548 -0.410232942 -0.155193884 -0.429136638 0.331699180
2.079942232 22.741268188 -6.156259923 -0.942149745 -0.228585714 0.148793671 -0.194840634 -1.017992808 -0.496491541 0.568371586 0.835128639 -0.068308320 0.482363585 -0.130302273 -1.355296841 0.928266826 -0.914610139 -0.511041265 -0.267404060 -0.829719648 1.038406680 0.268286475 0.555220661 -0.766070856 0.068260058 -0.994272033 -0.412065310
4.533981263 26.109524546 -7.115854551 -0.303882266 -0.272757339 -0.888884620 0.207709255 -0.964332351 0.557351999 0.406628656 -0.776223973 3.093764611 -1.910195517 1.883670949 -0.279671787 2.190986036 -0.021477042 -3.016928702 0.012650405 -0.692868483 -0.469822055 -0.329521406 -0.230402819 -0.725089303 1.866415546 -0.976752345 -1.613964408
-9.255883369 29.012192323 -4.000165663 0.821248823 0.257578110 -0.090870769 0.500945497 2.245635214 -0.662203511 -0.180540270 -0.368647796 0.436288389 -0.722529349 -0.518906017 -0.669891024 1.701040334 0.765761445 -0.205063868 0.978192201 0.151948570 1.538349028 -0.258705272 0.590563691 -0.844404714 -0.005273573 -0.768985812 0.328202146
3.278945577 32.783991969 -4.389639560 -0.613842511 0.020231936 0.614946014 0.494600283 -0.410679517 -0.568236425 -1.157633114 1.699381096 0.066780360 -0.313079398 0.778234083 0.112885423 2.168974233 0.500425810 0.076281634 0.913716655 -0.095473962 -1.435152534 0.304867305 -0.524115160 1.429913206 -0.327586356 0.978399312 0.777819884
-0.458501550 36.778759457 -8.056815422 -0.590871272 -0.169420305 -0.345825841 -0.708923401 -1.181320618 1.250102638 -0.650761682 0.092778582 0.748105589 -0.373803547 -0.461493094 -0.062587877 -0.468494574 -1.385644076 -1.065891189 -0.626332424 1.523881528 -0.728689810 0.256727086 -0.069834960 0.015035040 -0.416594074 1.713802293 -0.456253688
-2.043145293 25.116207009 -10.727364828 0.609433503 0.631909255 0.245433905 -0.411149240 -0.326103946 -1.848002878 -0.750118481 0.234199315 -0.724105079 0.517629383 -0.350864996 -2.123417325 -0.636096013 1.371525576 0.705555928 -1.317540380 1.201725583 -0.858972020 -0.482617809 -0.089981238 1.349894446 0.503869827 0.717042247 -0.770224783
-13.636463456 27.984054349 -7.314206578 0.277477115 0.263453638 -0.470644473 0.795042396 1.064647317 0.758294752 1.146451350 0.435963790 0.768860991 -0.897925795 0.830849182 -0.984223397 0.872709292 -0.728157887 0.818403577 0.499374336 -0.190392347 1.482206862 0.202643596 -0.528186255 0.033156033 0.290526956 -0.888483026 -0.696849940
-9.299750855 31.803520506 -1.610940740 -0.754106680 0.650702521 0.025668422 0.085149729 -0.270079180 -1.223258764 -0.120007653 0.252000143 0.911646662 1.837989899 -0.786671606 0.372377057 -0.920128423 0.169656714 -0.436370040 2.116848392 0.663443676 -0.558937371 -0.475786952 0.936665313 0.189576999 -1.135379913 0.890852846 0.644015923
-8.139598877 35.321806822 -3.564568118 -0.308826749 0.914793113 0.227222227 -0.127081309 1.696514147 0.004602626 1.874182015 -0.194020750 -0.839059326 0.802072920 0.907956225 0.531777719 1.020470830 2.025978365 0.896396222 0.203503614 -1.394734970 -0.220391530 0.504180950 0.095949181 -0.321050569 -0.346816132 -0.642564173 -0.371887663
0.563114433 22.969570093 -10.777138683 0.687318812 0.071179865 0.710929984 -0.130785454 -1.421118388 1.548528060 1.320600971 0.970866426 -0.502073887 -0.065544040 -0.691501393 0.672912226 0.242935681 1.924072226 1.090239576 0.955901983 0.275112987 0.746682084 1.119319240 -0.328543530 0.262801209 0.221706852 -0.204376427 0.774707513
2.205003792 29.255946312 -1.648811966 -0.366184634 0.776025502 -0.486923287 -0.163091836 -0.297078144 0.037488917 1.081120340 0.791122943 -0.676794669 -0.063007819 -1.866175623 -0.677098625 0.297482964 -0.326543346 0.927705568 1.801971610 2.049518821 0.433736708 0.168220678 -0.708495976 -0.545963834 0.657499467 -2.176292572 1.233677092
-3.805007848 30.699669101 1.049122087 0.663504122 -0.331740815 0.095143763 -0.663820741 -0.075622258 -1.932546524 -0.880543454 0.615707604 1.290678728 0.822670764 0.145144907 -0.852036871 0.570701537 -0.839895182 1.196997703 0.888862793 -1.938514050 0.733116899 0.704235782 0.188396425 -2.236276422 -0.124937750 0.906527056 0.737546760
-5.887568213 30.062148808 -3.123820217 0.516241830 0.115276055 0.324268286 -0.784254986 0.680529483 -0.570339328 0.431043961 1.190735279 -0.481505256 0.780026936 -1.278930477 -0.177653591 -0.510541246 0.757915820 -0.397754212 1.043995155 -1.300266431 -1.023457741 0.595920099 -0.003137674 0.392157686 0.721592988 -0.251110491 -0.722757007
-3.123349888 19.601008854 -5.937328303 0.226954244 0.230455626 0.396398625 0.859214819 1.088973133 -1.160181493 0.228917125 0.461004902 0.831335721 0.128439831 0.320951677 -0.182806999 -0.277808647 0.859821704 0.065840073 -0.347512452 -0.463132444 -0.005396514 0.457689725 0.983779501 -0.499525143 1.541325604 0.751783976 0.259162672
-13.525491837 29.590252784 -8.294350887 0.466462538 0.587395602 -0.608937304 0.258020284 1.988215475 -0.845147230 -1.472410305 -0.838946651 0.568777631 0.236423768 0.978911484 -1.371030016 0.310851597 0.574405975 1.226947754 -1.220083511 -1.129450553 -0.280603398 0.325967722 -1.569195050 0.180102053 0.734380976 -0.125760129 -0.699701263
-8.257608874 30.508165385 -6.668069065 0.580465350 0.401011286 0.708503222 0.016526054 0.978069918 -0.238310706 -0.542868507 0.797858986 0.234688167 -0.234303319 0.114352557 -0.817246460 0.278735243 -0.701864033 0.818611148 0.103637937 -0.044021192 0.508391150 -0.694788732 -0.725138505 0.055835912 -0.304744674 -0.124464332 0.473790791
0.658299836 33.065350376 -13.986007559 0.937941186 0.037524198 -0.125171376 -0.321232613 -0.923681205 -0.777090185 0.310064067 0.922051256 0.774286901 -1.597944220 -0.036052977 1.094213686 -0.408281886 0.309661829 1.986059209 -0.254566443 0.368521690 0.972576243 0.842686320 -0.498843994 -0.376275916 1.841790931 0.205807036 0.302336547
-3.550510472 23.278200322 -4.043313767 0.948695717 0.177100553 0.173982360 0.195811056 -0.658205161 0.992743492 -0.338661825 2.234927792 -1.287798632 0.214034807 -1.568811487 1.582020917 0.519288081 -0.262046740 0.172693899 -0.163755678 0.659385963 2.014807777 1.543748950 0.358216773 0.108491406 -0.341815243 -1.247377419 -0.365278544
-5.436701470 29.867432055 -1.033109381 0.489934960 0.166964489 -0.708197281 0.480149149 -1.520916714 0.236019030 1.033709987 -0.773994194 -0.982485206 0.156114578 -0.705386242 1.332411220 1.349701284 1.218468107 -1.142224036 0.197117112 -0.338960815 -1.205910649 -0.471472682 -0.627510946 1.170292519 0.656044162 -0.322130734 1.585588322
-0.788895396 34.725051957 -10.429263018 -0.005354173 0.920002884 -0.227214485 -0.319279821 -0.876365759 0.291006077 0.181492926 -0.318299106 -0.637732711 1.172509467 -0.484014534 -0.677378926 0.528375704 0.788319811 -0.140312118 0.158460928 2.279555870 0.039413305 -0.114695333 -0.219201696 0.132147984 0.914767355 0.741230102 1.439677089
-11.050922287 27.622067121 -14.753086756 0.209515036 -0.812915557 -0.157065154 0.520194467 0.374587314 0.859795166 0.536219780 -0.487429097 0.278090469 0.681530356 -1.226645382 0.692210583 0.385417583 -0.255963471 0.159769707 0.004804824 -1.436902554 0.197341713 -0.464637823 0.646277624 0.346599455 0.662687692 0.414333486 -0.760420898
-5.937735965 31.467716408 -17.146187127 -0.329921465 -0.765670833 -0.128346528 -0.537054161 -0.039460989 -0.032916622 1.528594488 0.031426495 0.314694298 -0.343734489 -0.872639918 0.327990408 -1.279567233 0.783947435 -0.766963997 -0.230547856 0.877369505 -0.961620929 -1.064168330 -0.092184961 -2.670536181 0.297651381 -0.021018915 0.725089937
2.106460604 29.396251927 -10.661492859 0.577045118 0.406789065 -0.164316150 -0.688869938 0.258538954 -1.443538343 2.120010364 -0.810382188 0.088800529 -0.818999765 -0.361823679 -0.110989094 -0.336380417 -1.770678745 -1.069716654 0.911923767 0.034538458 0.128601852 0.417901659 1.198586133 1.405802221 0.559013994 -0.330534571 1.408710408
-1.116817546 22.409661916 -13.249875597 0.880465996 0.278675762 0.360858629 0.130001921 1.186318767 0.758689204 0.141281011 0.658419692 0.441457518 0.616493994 0.126632784 -0.470778499 0.686750150 1.187810359 1.062946363 -1.114859364 -1.496259130 0.203086378 -0.254305590 0.036348396 -0.342796177 1.514298532 -1.328124002 -0.023331564
-10.994989949 30.336367678 -5.230915177 -0.872747190 -0.257616407 0.296173959 0.290219081 0.118056345 0.409735236 -0.709793121 0.979770201 -0.786444379 -1.632276194 0.395180850 -0.466107423 -1.318191641 0.512062653 -1.023584077 0.227906464 0.747709742 0.008658241 -1.029246574 -1.732454953 0.498708613 -1.558076489 0.173640950 -1.193507181
-1.663847746 19.334618741 -7.887482683 -0.254638642 0.303789837 -0.748695513 0.531343510 -1.527635346 -1.716590644 0.784960920 0.958259202 1.588987392 1.418299687 -0.506524774 0.748240594 0.229457567 -0.086430032 -1.405679585 -0.459902245 1.649102278 0.738327033 -1.822246447 0.842484368 -0.150234312 -0.668168614 0.716678668 -0.583149408
-5.166944690 20.138672220 -10.002996765 -0.841813347 -0.126669995 0.355301082 0.386090848 0.489711043 0.161292188 -1.048054491 -0.731630270 -0.756818849 0.916839605 -2.563097179 0.126235404 -0.191646597 1.556994251 -0.847287135 -0.002784072 0.490916652 0.414482551 -0.335009379 -0.647512989 -1.090164596 1.148967884 -1.231825320 0.690276808
-2.272656707 25.847595821 -7.132449778 0.213890248 -0.469115987 -0.166217857 -0.840566938 0.138815579 0.868056630 0.717314912 0.269109695 -0.618981803 -0.317607112 0.532071807 -0.733672599 -1.697044629 1.335613060 -0.548031152 1.489687105 -0.258047144 0.540004324 -0.474269275 -0.249061877 0.048075529 0.407636563 0.014377957 0.574187003
-7.128018523 23.857931767 -9.889801228 0.426719810 0.877702676 0.191176768 0.104879263 1.226722496 1.198799852 1.009311723 0.555527522 -0.811992039 -0.531098517 1.625704798 0.979817353 -0.705416888 -0.495248477 -1.938833995 -0.136497289 0.026939113 -1.173742451 0.865061077 0.844120735 -1.211570507 1.591877527 0.342057152 0.295831841
-3.494725183 30.069045115 -11.072919213 0.394096887 0.274792554 -0.183006869 -0.857720923 0.150362799 -0.659866018 -0.083166549 0.194230472 -0.900250821 -0.652001686 -2.509671536 0.804725080 -0.527861549 0.894126247 0.198780065 -0.059799440 -1.164572828 0.771281568 -1.808816515 0.175434016 1.230995525 -1.265676330 -1.082162311 1.735832049
-0.024589805 36.301596294 -8.190297046 0.518785506 -0.239544496 0.141097571 -0.808437697 -2.184638942 -0.624200286 -1.009213393 -3.172276181 -1.655815020 -0.498412274 0.137975128 -0.045251412 2.206053915 0.993035702 1.069050509 0.565022090 0.334564524 -0.525908156 2.061071771 -1.462126189 -0.030659612 -0.738431497 -2.079220179 1.014598949
-10.853235108 35.711854317 -10.428660039 -0.136881785 -0.470898599 0.869034589 0.065549750 0.712701302 0.641150418 0.014158647 -2.057835079 0.084543883 1.264671803 -0.781883958 0.412078203 -0.304312181 -0.765922675 0.769555486 -2.293355627 -0.109138193 -1.092819841 -0.174854242 0.709050429 -0.545535118 -0.654701298 -0.842762845 0.222089423
-8.390105413 23.746758551 -15.693276238 0.382353559 0.008893467 -0.903060426 0.195470022 0.668680444 1.162495669 -2.449140571 1.312344591 0.161457361 0.606154105 1.149772344 -0.699666652 0.335095225 -0.637176696 -0.038676403 -0.313850921 0.482942114 0.192156244 1.938279781 -2.928270615 -0.711035744 -1.433899434 0.518955825 0.340653106
1.743229202 26.171290437 -3.013511954 0.206854070 -0.037940924 0.977322120 -0.024765998 -0.164698268 0.241207984 1.361324408 -0.116580213 -0.375000124 -0.658370129 0.726725346 1.140185126 0.032680664 2.286973306 1.115624783 2.433025480 -0.102771534 1.454872023 -0.793721794 -0.429249380 -2.873609969 1.675143426 -0.196787856 -0.501182184
-5.826879179 34.423260857 -15.495897242 -0.261998961 -0.030073910 0.953649717 -0.144928678 0.976782881 -0.219707795 -0.452149552 0.299999190 -0.968274331 1.850732766 -0.197509658 1.576934097 0.323897743 1.094109390 -1.036947900 -0.771749782 -0.238551606 -0.048021312 -0.884474260 -1.207828533 -1.073453550 1.545750143 -0.846284029 -0.665903773
-5.686868259 33.855885755 -9.657970207 -0.907591023 0.019069755 -0.082102824 -0.411307678 -0.594416828 -0.097347509 1.378751029 -0.195110802 -0.360886861 -0.222734259 0.236885344 1.220802603 0.304677518 0.634965912 -1.035227484 -0.032861250 1.489573348 0.593820964 -1.765966817 1.204563263 1.484926915 -0.601705879 0.821711969 -1.452294789
-3.739337808 32.233372372 -10.233934604 0.937023134 -0.048865117 -0.013143369 0.345582261 0.467112742 0.073349374 -0.408394138 0.175235330 0.684378634 0.237500905 -1.471372845 0.804557683 0.721605284 -0.083009163 -1.819943719 1.537574165 0.334906546 0.983404407 -1.903222861 1.240288172 0.335927271 2.263257839 -0.386317732 0.318891909
-10.049325465 31.883957496 -6.670090896 -0.251424306 -0.452349429 0.810522296 0.274261589 0.732184777 0.676795127 0.109230632 -0.843324337 -0.409504824 -0.798105540 -1.028179957 0.954531147 1.153873525 -0.622553769 0.528180467 -0.732179600 0.852425401 -0.727031531 -0.525522386 0.787167241 -0.247767907 -0.530007079 -1.096253139 0.008810020
-1.110082757 29.231483273 -7.194125484 -0.236707417 -0.649339599 0.409120376 -0.595775295 -0.632292341 -0.285800315 -2.053335024 -0.722155014 -0.837657128 -0.722146564 -1.089653475 -0.828726059 -0.454733095 -0.520814342 1.304945486 1.513252192 -2.364348798 -1.165167189 0.134423003 -0.428688723 -0.504305682 -0.345094288 0.834258018 0.317528643
-7.103289591 25.895348526 -1.146586190 -0.947639395 -0.210206262 -0.223030265 0.089724048 -0.530545379 0.061520329 -0.566925068 -1.777648780 -1.302946358 -1.241041028 -0.729758667 0.694952431 0.577981516 1.459880881 -1.854131185 -2.217861768 -0.052356172 0.140144463 -0.995882227 0.973582168 -1.007731942 -1.457415695 1.158460900 -2.127470547
-1.765217207 29.898927184 -2.708931375 -0.789452088 -0.566722707 -0.198857987 0.126673893 -1.092623609 1.049263500 0.088348206 -0.487266555 0.265774485 2.014365836 -0.092533032 -1.064858025 0.208266737 -0.008737630 0.326486106 -0.579531590 -0.209186038 -0.270560210 -1.049921156 0.767007265 -0.925720149 0.992005072 0.703568700 0.523154515
1.413678420 27.329553459 -0.702332584 -0.179990888 0.402866786 0.258861767 -0.859239326 -0.913270742 0.068666565 -0.021550240 0.651734785 1.385820075 -0.995269472 0.451283973 1.028915551 1.019182763 -2.608407317 -0.662580164 0.307530356 -0.329726467 -0.707058170 -1.224793024 0.047000918 -0.013446903 -1.567238209 0.335966209 -1.565287269
2.602985902 27.220482795 -12.785471287 0.444191026 -0.838890265 0.208139882 -0.235871246 0.391290703 -0.437900202 0.829660801 1.009067950 2.152446710 -0.746559561 1.454256244 -1.163050330 -0.426079166 0.997548011 0.410804888 -1.425018957 0.281846989 0.434132768 -1.550124337 -0.155100437 -2.332526986 -0.933634291 -0.229143487 1.173846092
2.166761386 29.956277158 -15.099574700 0.056064244 -0.787596310 -0.258947401 -0.556322835 -0.037874933 -0.919533733 -0.449005886 1.387188540 -1.195288639 -2.266502586 0.049935678 -1.230609310 1.134130513 -2.497208880 -0.245870099 -0.683263821 0.758394819 0.377884787 -0.237567579 0.104171048 0.211400910 0.798341843 0.293995302 -0.290451063
3.005491563 32.961024511 -5.819235629 0.011679831 0.852056015 -0.502539581 -0.146007190 -1.465912477 -0.642909269 1.022993235 -0.841392826 0.073969242 -1.449585282 -1.508764430 -0.683946828 -1.029938799 1.658985830 1.859408021 -0.291248897 -0.108549743 -2.224541149 0.155803157 0.637638368 -1.889742355 0.272318660 -0.208120237 0.276034013
-6.502114017 35.254724500 -14.839757046 0.234798951 -0.241998596 -0.551893514 -0.762705501 -1.489408263 0.301423222 -0.074504018 -0.164404007 2.098385482 -0.508315344 1.163971491 -2.177242756 -0.391414216 0.026059018 -0.661628901 1.460264747 -0.148513927 -0.663635827 1.891571551 -1.064345971 0.097971852 0.528826967 -0.543301407 -0.578700522
-13.141419927 28.023391020 -5.006128092 -0.495792387 -0.182238924 -0.514998947 -0.675096266 0.273230213 -0.914888255 0.910015880 0.372093323 0.675128822 -0.981477664 0.055253242 -0.890029448 0.663799786 -0.726963550 0.365362416 -0.139862180 -0.337556006 -0.977409173 -0.344703477 -0.535274958 -1.081598152 -1.076154131 -0.078566535 -0.135214575
-3.008647194 23.040863445 -9.186439183 0.461637246 -0.699664574 0.206729961 0.504602082 0.388031428 1.392513113 1.081289827 -2.213383664 0.001343762 0.066401458 -0.425280792 0.298453115 0.168967182 1.329037300 -1.307821826 0.722632420 -0.595348603 -0.728388028 0.907714381 -0.111058263 0.541750239 -0.949621540 0.487684265 -1.680222599
1.493775623 31.380463481 -2.882507766 0.399242475 0.572755720 0.443693726 0.561864939 -0.198029372 0.410292558 -0.483856197 0.811607673 -0.985415734 -0.381284485 1.001386335 0.119991960 1.277238352 -0.778703774 -0.660242177 -0.332684304 -2.046617680 -0.129223896 1.130855210 0.240016306 -0.056262345 -1.045953568 0.693654115 -1.414914666
-5.084348419 27.416418757 -16.956854642 -0.636394558 0.475021174 -0.505360425 -0.337591014 -0.475225802 -0.989426239 0.665469093 1.698929595 -0.248996286 -0.499669129 -0.772570469 -0.940087961 1.164360104 -0.549370964 0.939397484 0.617795314 0.558274034 2.867438437 0.494465002 2.044054030 -1.235300232 -0.557944248 1.273648403 -0.582005226
-5.913511459 30.235548043 -4.760338977 0.481299058 -0.279174812 0.533210892 -0.637258806 -0.936436310 -1.656909807 -1.321793120 0.520011590 -0.795399738 2.214019963 -2.007242630 -1.167976116 1.468360791 -1.082002498 -0.343439818 2.126519800 -0.226189865 -1.340667032 -0.278603850 -0.659765529 -0.666818763 0.545613004 0.028730558 0.839994693
-7.641506201 34.548840436 -15.477566868 0.031477027 0.576085148 0.134225124 0.805679040 -0.949481183 1.372713958 -0.032986228 0.504947345 0.437089426 -2.007528791 1.034423355 1.699410933 0.587417294 0.518912587 -0.328168990 0.466544653 -0.574653213 -0.686377084 -0.296198568 -0.323117492 0.741001443 -2.446147892 0.352790562 -0.779253906
0.808754259 27.261336620 -6.215890857 0.093452959 -0.181205235 -0.245784047 0.947639916 0.108204866 1.620731878 -2.300051107 0.244324348 2.127382252 0.043343776 -1.227600566 -0.074180710 -0.162240997 0.880432481 -0.795824053 0.069558178 -0.637312529 -0.232792819 1.123355875 0.202569115 -0.158017247 0.881312869 -1.540375066 1.010292406
2.340549786 34.383725094 -8.521409289 0.899579291 0.057420678 -0.429668596 0.053337253 1.868885664 0.077868458 -0.599552869 -0.457614556 -0.177198657 1.051333232 -0.949726106 1.311700215 -1.108230384 0.343423609 -0.483977438 -1.630691836 -0.900612769 0.165987471 0.578699505 1.891905269 1.885307365 -0.743429665 -0.395547618 0.460063510
-5.663994677 27.282078170 -17.972711329 0.684049957 0.284640508 0.671413687 -0.016096542 -0.050560338 -0.431703821 1.548405961 0.712925188 -0.503742369 0.652809382 0.203417802 0.044882042 -1.067561532 -0.456425233 -1.389166612 2.121118472 1.189511992 0.151895744 1.152009721 -0.514001981 0.622340335 -0.600981597 -1.776509842 2.855344952
-3.552416138 28.291925946 -15.125769401 -0.100737084 0.478343161 -0.839825664 -0.236077770 -0.463558130 0.995499722 -0.179314771 0.826100761 1.044804636 0.750213184 2.386811890 1.574675114 -0.660725701 0.310192812 -0.265129825 0.871624271 -1.082455000 -0.106922628 -1.318609549 0.069553960 0.469326239 -1.830331757 0.664165650 -1.168982845
-10.924770075 25.664714844 -6.721877150 0.308955154 0.889411695 -0.095707196 0.323007248 -0.183804748 0.699286865 -0.727541286 0.649007954 -0.415254794 0.990462223 -0.855825627 1.207832809 -1.135023972 -0.171862650 -2.819120034 -0.227001969 0.393719010 1.566559828 0.663714292 0.404605206 -0.541982243 0.023372547 0.020687770 -0.477804749
-9.138933447 21.296062427 -9.496962354 -0.708708316 -0.166188958 -0.655257216 0.201870587 -1.426483426 -0.571318175 1.345616232 -0.262952926 1.252639453 1.194690113 0.652253089 1.165194760 0.335234196 0.458713269 0.451409245 -0.407186573 0.019140165 0.302262980 -1.238551040 -0.459342950 0.975085733 -0.540570260 -0.957402245 0.256591382
-10.626162643 30.732755160 -10.629834029 -0.191554623 -0.584105864 0.541576392 0.573430185 0.998973232 -0.827451462 1.461047151 1.898309815 -0.203536344 -0.678557197 -0.758942894 -0.855177458 0.288579247 0.830499239 0.349586584 0.638121170 3.023596028 0.413559411 0.491962836 2.078188384 0.951753112 -0.875303826 -0.134919503 -1.139081739
-1.075579214 24.849960178 -4.059103449 0.780763502 -0.189530492 0.082151981 0.589692800 0.983651908 0.161571682 0.178217648 -0.556673021 1.788354819 2.035680525 -0.136581310 1.699008126 0.343623882 1.711525042 1.117017994 1.687257688 -0.055404050 -0.006090638 1.525797669 0.496510322 0.094733367 -0.053571616 1.151995289 -0.171976123
-8.800559963 34.150003797 -6.327396282 0.865718314 -0.200723656 -0.401953217 0.220625079 -0.992310761 -0.077758199 1.273305358 -1.490294025 -0.140728298 0.336214525 1.410430699 0.010122229 1.515979570 -0.578117260 -0.567750445 0.973506229 -1.195529466 -0.913403612 -0.152157721 -0.768444783 0.552787900 -0.424824469 1.138030864 1.332995183
-9.095869051 24.808297424 -14.849205186 -0.792135499 0.572982000 -0.087736864 0.191089564 1.421218284 -1.144858285 -0.250463703 1.023411226 0.647746216 0.890703339 1.064101851 -0.043318959 -1.272169863 -0.478494508 1.020804673 -1.655240404 -0.706663455 -2.535072242 -1.278301388 0.524270866 0.511493828 -0.358183691 1.144815784 -0.440221221
-0.815898195 26.749989266 -13.743008192 0.747365123 0.219484078 0.610019954 0.145422723 -1.935109393 1.377690990 0.984728488 2.811840908 0.013907144 -0.432455222 -0.025836207 -0.994528241 1.350949944 0.450263970 -0.291735526 -1.140271889 -0.957429278 -0.939068937 -0.947198536 -0.485961063 0.299108050 -0.580315416 1.160398709 0.844512375
-4.779324624 36.088906078 -6.082228355 0.080989460 -0.553344756 -0.322100621 -0.763872685 -1.341240588 0.810952281 -0.763344707 1.256211690 0.654491996 0.645735487 0.263179648 -0.497088297 0.845272971 1.658522839 0.278786631 -0.050241776 -1.630981537 -0.668443509 2.122156070 0.423100910 -0.285660126 0.208373087 0.064216290 -0.316544575
-4.520773574 26.998264448 -12.343049177 -0.400686421 0.656332348 0.616651992 0.168578059 0.511670656 1.765703817 -2.841332470 1.666029623 0.362480203 -0.928758735 -0.809707991 -0.037220001 0.610828197 -0.268693815 0.153979292 -0.315740344 0.283056896 -0.884123532 -0.203309389 -1.420786024 -0.568855431 0.212721470 -0.965006569 -0.042987887
3.678697850 25.303176890 -7.585252799 -0.645317107 0.763237231 -0.024386270 0.020977844 0.489923707 -1.318112544 0.289041359 -1.132623907 1.626158083 0.381166902 -0.140948059 -1.364067018 -1.137766923 -1.462343941 -1.255000450 1.116158335 0.452031148 0.298548481 1.433561467 0.342705718 0.610974707 0.594920334 -0.631673825 -0.510199409
-1.786475082 35.846512497 -10.048094341 -0.619767900 -0.615294693 0.160060251 -0.460087934 -1.845587439 -0.188038193 1.999513972 -0.159458526 -1.114519378 0.419034452 0.114899110 0.780621520 -0.125127226 1.356910280 0.887623231 0.117353403 -1.359547536 -0.038599698 -0.039085646 -0.908127515 0.918868683 0.958731393 -0.409441872 -0.583661582
-8.213410827 29.789138512 -14.054026070 -0.150760711 0.573521081 -0.779582934 0.201482571 -0.313703451 1.921010729 -0.933701684 -0.514658471 0.357320068 -0.663526456 -0.564511682 0.180295686 -0.179997265 -1.319229123 1.291541750 -0.704899717 -0.056849674 0.269914777 -0.707792031 0.656051465 1.510170689 1.190868439 -0.834898440 -0.121856062
-10.618131980 34.627538180 -11.252726168 0.907335696 -0.134729445 -0.161344590 0.364084929 -0.163305400 -2.031099714 0.013060114 0.774380724 -0.399833681 0.565686406 0.104071700 -0.190253484 -0.953407665 0.960736578 0.996336631 -0.130662111 0.672889679 1.056737960 1.951731056 -1.761467154 -0.528173934 0.457142570 0.446205682 0.248830122
3.893297723 32.083578005 -8.373419264 0.043306549 -0.506169624 0.803975381 -0.309096167 0.166525426 -1.149092406 -0.109520879 0.562405604 1.398756765 0.004182800 -0.452941317 0.549518384 0.606704509 1.879875657 0.303141479 -0.476095307 1.907419327 0.038540142 0.057672439 1.064890317 -0.305981266 1.595283536 -0.639129283 -0.905663139
-0.385007388 23.533935025 -6.430347488 0.731808908 0.447708779 0.194917338 -0.475415400 -0.288310796 0.343587615 -0.380315405 0.354197220 -1.009367093 0.756606372 -0.821927799 0.538190239 1.691230689 -0.645010722 0.339927531 -1.071984969 0.184695942 -1.003267737 0.088230214 -1.293164591 1.040778259 -0.904608704 -0.775658848 0.476365508
3.125107328 24.812545404 -12.520844555 0.544197367 0.129356638 -0.570101446 0.601747810 0.218040025 1.781063116 1.143826761 0.572272822 0.591612905 1.256608325 1.245094462 -1.699550457 -0.050808450 -0.003109564 -0.125768127 2.084805528 -0.107571525 0.641384179 -1.244814465 0.487591062 1.255032092 0.951525649 0.326804427 -1.198975587
1.924566385 31.338567319 -11.927723810 0.492200016 -0.370407928 -0.670812622 0.412974016 -1.328840005 -0.030289741 0.703189085 0.797215600 0.241219152 2.077987993 -0.371936411 0.545195809 0.441667663 1.088159012 1.704426173 -0.167499873 -0.474898111 0.022103551 -1.174728253 -1.206068466 -0.131492978 0.081642712 -0.428250590 -1.901685657
-11.679108521 21.624281224 -8.091156563 0.532679975 0.313494050 -0.407355561 0.672335461 0.504646711 0.182553007 0.474670378 0.318133470 0.103600352 -1.091708569 -0.742096244 -1.426749478 -0.685442151 -0.154362022 -0.439940972 -2.321090346 1.432117290 0.367197209 0.576262332 -0.435731205 2.610636620 -0.251167877 -0.855426281 -0.485936209
-3.267008314 27.529559374 -4.332004604 0.184857418 -0.184461460 -0.001434905 -0.965297698 0.489415713 0.181315892 -0.587261483 -0.794793331 0.338352394 1.559166952 -0.527462974 -0.829899108 0.257852021 -0.667384726 1.172008712 -0.391985151 0.108224354 -1.198177490 0.407464558 -0.040673879 -2.129725439 0.181223168 -0.845014939 -2.032913535
1.050559433 32.752795940 -10.135499042 0.173014255 0.931530615 -0.104682276 -0.302255524 0.159615628 -0.238009740 0.093882962 3.088385576 0.965152117 -0.642408859 -0.040723754 0.231739715 -0.205001950 0.948308207 -0.613197931 -0.007341251 -0.559436384 0.544413433 0.505577704 -0.711482467 -1.683823421 1.946454103 -0.731838411 0.509012899
-7.284856673 20.036902193 -11.212633959 -0.711743277 0.195223886 -0.215016132 -0.639591436 0.413787313 2.868682837 1.016962060 0.086788835 0.189578860 1.609102833 0.346579468 0.085151939 -1.820081245 -0.682750030 0.686914039 0.077716705 2.791208650 0.471407777 0.381560125 -0.854565570 1.189422295 -0.694337766 0.673939883 0.053486902
1.835160882 33.139085895 -4.362780083 -0.560889628 0.774069063 0.197869126 -0.216950963 1.449133914 -1.595731430 2.792124769 2.015988166 0.487594468 -1.099087164 -0.900129652 -0.572139342 0.256700838 -1.244101262 -1.050956941 -0.777384139 -1.299769771 -0.450705296 -1.302041733 1.516407871 0.373076167 0.283644839 -0.238447526 0.085117372
0.722894043 25.033784151 -14.959413905 0.396236606 0.401693492 0.050512017 0.824067610 0.126781301 -0.409388895 -1.010087850 0.798434708 -0.663469010 0.019871757 0.196223845 -0.772544975 -0.101059376 -0.786428710 -2.006620898 1.184968461 0.145994084 0.490493974 -0.021440708 0.775335723 -0.561897356 0.255999161 1.032363731 0.875535629
-3.430646117 20.032242360 -6.745467162 0.109870092 0.973703467 0.112958994 0.164530810 0.173131212 -0.408484772 -1.612157543 0.592512593 -1.270567737 0.883711231 -0.175202115 -0.775071420 0.727469596 -1.770838852 -0.249565457 -0.162820397 -1.112279145 0.000560059 0.026051327 0.316468505 -0.551107396 0.352098285 -0.267841836 -0.937967915
-1.343593190 34.341482094 -5.787034848 -0.521231573 0.573601438 0.631866449 -0.006620313 2.866126655 0.570092325 0.565836028 -0.669907407 1.148663658 0.305613900 0.712303396 -1.223327692 0.743779114 0.425393134 1.017091630 -0.343716255 -0.719440530 -0.824137611 -0.739858382 1.584916803 1.114263257 -0.119523607 -0.466244584 1.157266123
-5.909800875 23.248005363 -9.341744721 0.371879855 0.308282437 -0.645088321 0.592054364 -0.229297372 0.143920448 0.205700844 -1.508265557 0.777581109 0.277603281 -0.376788269 -0.824918302 -0.249683090 0.689329797 -1.151736001 1.265446188 0.080449014 -1.449276317 0.067658925 0.243143027 -1.228578566 -0.772362087 -0.281207517 0.091330274
0.668547858 29.889374399 -13.908110220 0.428767478 -0.824800939 0.353581952 0.104123308 -0.768211257 -0.270673428 0.578837520 -0.623520351 0.074559316 -1.678167406 1.171859368 -0.706476422 2.295797766 0.049242678 -0.981468089 -0.537248612 -0.433248464 1.141037232 0.261452750 1.200415630 0.060054624 -0.253928740 0.021210777 0.774511627
1.611899148 35.520674787 -10.002818370 -0.401764567 0.176456100 -0.340752408 -0.831466339 -0.219425713 -2.396181737 -0.753087346 0.516866045 -0.764607609 0.124873653 0.259846793 -0.653326009 0.250723913 0.031619050 -0.010700301 0.658267450 0.137991409 0.715954747 -0.741733927 -0.953913663 -0.606471763 -0.939387693 -1.035966082 -0.446440733
1.129676917 21.450892292 -9.919639912 -0.031046372 0.014849012 0.998772754 -0.035617619 -1.538813101 -0.088374025 0.569638647 -0.762075939 0.572022445 2.248516466 -0.308542486 -1.242039282 1.810639179 -0.137856187 0.762607379 -0.549015646 -1.139144835 2.094600549 -0.754204640 -0.305400537 -0.489515278 0.468913605 1.441175594 1.025130465
-7.009677489 34.735669664 -2.597762564 -0.671860281 -0.201840811 0.627213275 0.338330545 0.093334550 -0.594233895 1.699362801 -2.447455662 -0.322678454 -0.356416739 0.088198098 -1.645662818 -0.850119587 1.020347239 0.660005890 -0.194361965 1.589285243 -0.465614919 -0.558921025 0.921512782 0.993707227 0.394055860 0.349080001 0.883892009
-3.848966942 23.989147515 -10.444224264 -0.195078816 0.511792242 -0.686674659 -0.478007186 0.309014234 0.324752535 2.037375243 0.723383185 1.823922330 -0.865576205 0.029815778 -0.752025126 2.360563979 -0.053870571 0.580606795 -1.907662053 1.064481265 -0.091652951 0.211904514 0.462833226 -0.295115305 0.488505977 0.172099591 1.093744375
-0.031816735 33.302413275 -5.017395065 0.034334310 0.893167521 -0.427268125 0.136069407 -0.657459943 0.124371640 -0.365462831 0.339677373 -2.260557187 -1.931341682 0.521524195 0.074582598 -1.115492873 -0.197321082 0.239793677 -0.342210103 -0.323884864 -0.501407723 -0.700056663 0.296919362 -1.638358409 -1.208536952 0.706648517 -0.189673136
2.844809695 25.937793244 -11.914650064 -0.426679959 0.785133607 0.199289678 0.402235075 0.419974478 0.719618040 -0.243705030 1.694709264 -0.357327385 -0.336787502 -0.462108281 0.156690910 -1.721769393 -0.623160356 -1.251619756 -0.094852443 0.352802855 -1.709849568 -1.767227173 -0.898407505 0.152310851 1.306175002 -1.487539217 -0.281266941
-11.875454623 32.037662406 -5.307684716 -0.858378120 -0.492116854 -0.144343008 0.013156797 0.300996350 -0.097391466 -0.132703766 0.245431095 -0.257722776 1.759171316 -1.228534667 -1.430439394 -2.418594995 -1.285163910 -0.564222060 -1.878427981 0.730011340 -0.310345425 2.031502211 -0.492448808 -1.702095114 0.333748005 -1.185230776 -1.326756265
-6.451289774 34.927850593 -6.184621711 0.175483422 -0.175098413 0.921303169 -0.299577343 0.101080399 0.172200500 0.269210466 -1.000752838 0.778299671 0.224440481 -0.620892286 -1.205958685 0.574901658 0.066203959 -1.870920615 0.612729479 0.670053690 2.479448508 -0.524485511 0.309162754 0.079086495 0.300663154 0.715113773 -0.510393574
-5.979562496 24.700138720 -12.345506942 -0.393304246 -0.480577207 -0.782862834 0.038511046 -0.679480609 0.531288975 0.243329954 1.383159639 -0.374481149 0.814720067 0.720452743 1.804820229 -1.259332568 -2.046941988 0.272627416 -0.818690835 -0.361677794 -0.615833963 -1.446831767 -0.574905222 -0.757724031 0.981663661 1.973743596 0.326711870
-0.912586269 32.368616362 -16.200431968 0.223586639 -0.265671728 -0.262520027 -0.900283724 -0.887473399 -0.026280593 0.356457046 -0.134531269 0.494064168 0.903764810 -0.409519304 -0.195373487 0.989483092 -0.343683596 0.899421988 0.949318113 -0.588397869 -1.810074489 0.287301150 0.126585679 0.733249874 -1.854927162 0.492350195 -0.631872154
-13.702992936 27.099413539 -9.346841832 -0.088135005 -0.403270548 0.219937640 -0.883873588 -0.455993300 1.258329045 0.373730129 -1.006079069 0.459744110 -1.284459683 0.767735587 -0.083365788 -0.091035522 -1.000706344 -0.574733984 0.457933605 -0.872874194 0.055548930 0.597690352 -0.100342013 0.374095809 0.765453819 2.030681648 -1.063185685
-3.527845620 26.074201011 -7.401775669 0.586550208 0.153473846 -0.776598040 0.171172767 0.377785366 0.052694845 -1.324519803 0.431541188 -1.754510105 -1.574989406 -0.357754463 0.185649703 1.018906218 -2.202618713 -0.910217139 0.576876249 0.243955069 -0.682503106 -0.065199861 -1.403061377 -0.089977486 -1.117069392 0.666496854 -1.498866876
1.518650736 33.868318037 -12.123234456 -0.092271729 0.113262485 -0.118265469 0.982176571 -0.115413741 -0.825651946 -1.400882968 -0.269052722 -0.766442080 0.643715027 1.094610779 -0.503126708 -0.075675217 1.514022314 1.144497678 -0.489725779 -1.635445578 0.483435569 -2.014932347 -0.231786943 1.580177552 0.868762109 -0.789701559 0.929664815
-9.845695126 30.301351929 -10.429583116 -0.576978795 0.397101369 0.106605907 0.705720308 -1.157230236 -0.028479241 -0.274082569 -1.932691279 0.491445781 0.082987225 -1.831499854 0.108944183 2.373064121 -0.025622483 -0.825469157 -1.706307995 1.419231400 -0.478167733 -1.524162967 0.120322747 -0.244462705 1.691073118 1.106280714 -1.654978543
0.294777219 33.590051032 -13.984536504 0.513708190 0.051711532 0.463281910 -0.720277505 -0.372676119 0.320238260 0.583067250 0.984852317 -0.731566192 0.080879685 1.150344220 0.388560050 -0.586448849 1.471571362 -0.071183251 -0.824297254 -0.527336404 0.021769478 -1.240713715 0.423707952 -1.117151427 0.046938319 -0.696665898 -0.114972039
-1.303649219 25.546788305 -12.432075709 -0.268706460 0.756711331 -0.105158581 -0.586622939 -0.192098660 -1.306466859 0.058726092 0.421065402 -1.178973958 0.510483663 -0.288496999 0.686516385 -2.861163762 -0.938697448 1.921984326 0.488076819 0.755369019 -1.748703894 -0.827441761 -1.983124700 0.045783650 0.216048293 1.081592778 0.173947420
-6.965486526 29.392573432 -7.415759513 -0.049408819 0.880059957 -0.188379849 -0.433089220 0.482578479 1.506808071 -1.969480570 2.580121384 -0.239509904 1.347606685 -1.325727257 1.939573136 -0.816055653 0.966166169 1.313810882 0.780945226 -0.967373960 -0.020076054 -0.549821523 1.229157070 2.030583125 -1.160487925 0.008201385 0.482435540
-6.442062520 26.886260109 -9.018329599 -0.436036730 -0.420818127 -0.083075362 0.791127397 1.281569577 -0.859867705 -1.217278302 -0.740921609 1.391288589 -0.769688820 0.810268209 -1.702454131 0.365574670 -0.428334657 -2.856953311 0.903213182 -0.278088769 0.790383332 -2.021764449 0.761347404 0.120385775 -0.173613358 0.195165820 0.179366518
2.678740682 31.037362169 -6.367030928 0.931314328 -0.033821770 -0.012923324 -0.362412330 -0.136002347 -0.000645542 -0.746350127 -0.934000778 -0.309031289 -0.175284111 0.641702631 2.035312905 -0.084778704 1.366578664 -1.947197953 -1.076392485 -0.484877097 0.618334444 0.792337863 -1.128844433 -0.025192476 1.143174259 -0.495219294 -0.285359916
-7.385610637 25.492662300 -8.064201219 0.683228112 -0.016881406 0.513529468 0.518846655 1.921010739 0.993249355 0.854429657 -1.473019895 1.043936210 1.132894762 0.193292058 -0.646621050 0.341163936 0.272829661 -0.653676646 -0.448337205 1.667939443 -0.372982485 0.928837638 -1.057092725 1.448043364 0.531906276 -1.255639216 -0.609750564
0.751491527 21.315806857 -5.569729871 -0.697176864 0.634321154 0.322069066 0.088614959 -0.743866906 -0.176806319 1.395475224 -2.155971466 0.370785249 -1.044421852 0.197435077 -0.111328380 0.707003296 0.755009001 0.464739804 1.613196533 0.725125535 -2.025064475 -0.168743406 0.958877607 -1.677045887 0.085161721 1.733994724 0.072394091
-9.481320206 28.066133714 -16.647705074 0.718769537 -0.527768823 -0.383914752 0.239666196 1.423882301 -0.764787080 -1.509270855 0.431054561 0.236756727 -1.375095228 -0.637583911 0.818614838 1.151424310 -1.376412187 0.762914824 0.045060185 0.086931264 0.544645640 1.088882480 0.777736812 -1.899437981 -2.082562291 -1.099908673 -1.847344230
-3.531263338 33.660998412 -10.308712038 -0.584269647 0.070893151 0.601601911 -0.540072478 0.433052945 -1.260801105 0.903651191 -0.761436143 0.427739932 -0.398460708 -2.130571428 1.306054601 0.849058076 1.428532355 -1.169086408 0.692810944 1.603920957 -0.074712866 0.548261985 1.993533497 -0.139267338 -0.381803235 1.025351303 -0.175574010
-10.661659595 26.840468430 -13.909557656 0.152130665 -0.341319874 0.913621722 0.160163518 0.115770718 0.582231981 2.217822069 0.060052099 1.744106189 0.290520232 -0.568189400 -1.283319322 0.795887229 -0.326787956 0.240872094 -1.432265870 1.491426355 -0.419022067 0.589543431 0.393591714 0.569009971 2.214211807 0.768897818 -1.591179953
-2.452050003 21.284242799 -4.359098123 -0.086765394 0.273918630 0.550813833 -0.783609898 0.551166307 -0.087315102 1.426293821 2.235863986 1.022321778 0.560264155 -0.319800209 -0.408213095 -0.572324298 1.793512878 -0.419579979 -0.403885920 -0.568898103 0.561056285 0.082206759 0.400133622 1.729451332 0.711825818 0.072011620 -1.232360377
-2.419507400 24.960250943 -12.610577629 -0.242451656 0.417576245 0.816212274 0.317245642 0.514822313 0.851060464 0.159695100 -1.942061110 1.735315088 -0.677012123 -0.410434696 1.062928483 1.320791693 -0.672257856 -0.921785230 -1.105886906 1.013907815 1.312798009 0.576540060 -0.482398232 -1.096112259 -0.303357135 -0.944701542 -0.348689195
-12.295760819 33.388136498 -4.550469212 0.850173733 0.343252763 -0.105407314 0.385060336 -0.088252870 0.440804038 1.017014354 -1.334088992 1.254916343 -2.735726286 -0.415922100 -0.059929581 -0.002390538 -0.447636546 -0.436768143 -2.110898222 0.743633610 -0.203481978 -1.350536066 0.314002799 0.870993790 -0.481126171 -0.960173148 0.740113802
-9.120595080 27.087479452 0.466173637 0.654840495 0.108982512 0.590537166 -0.458881895 -0.560213995 -0.532735029 -0.867636086 -0.908837490 -0.178061962 0.846050454 0.190507705 -0.128290587 0.075690055 0.309813879 0.738608171 0.028574695 1.266883267 0.614758907 -2.190617129 -0.433958926 0.105072566 1.310352665 0.186085208 1.242298036
-8.506931382 22.547544436 -13.814170618 -0.682287342 -0.502026823 -0.465468846 -0.256499133 0.466344076 0.230276410 0.689956895 1.890508423 -0.417779261 0.786517823 1.271930592 0.325057067 1.526350486 -0.493906346 -0.340610737 0.492290868 0.928283647 -0.237485979 -0.882697056 -1.443053889 0.392782280 0.577222958 0.198296894 -1.497927012
-13.227436465 31.057283557 -5.407169149 -0.728764404 0.497655641 -0.457752961 0.108182865 1.603657459 0.540503995 1.173967342 -0.952859140 -1.012135312 1.706349950 0.552568072 -1.086137139 1.178299644 -2.010696868 -0.299388425 -0.834549925 0.633126085 2.053638566 -0.785874728 1.019260137 1.043221426 -2.062347034 1.327833112 0.087345142
0.464455658 28.689280815 -3.158523628 0.248260631 -0.095886015 0.328264011 -0.906319629 1.444706321 1.525494756 0.586814162 1.413501315 -0.479526099 -0.340101518 -0.081492168 0.709419330 1.400339951 0.033776580 -0.317828040 0.767118814 0.312064420 -0.062314338 0.898799805 -1.033747872 0.124009428 -1.772904001 -0.812512628 0.095249221
1.988718775 27.443012490 -12.877158631 -0.921388232 0.102874149 0.198697846 -0.317773190 -2.522904447 -1.333529586 -1.666747780 2.804977747 -1.261047096 0.278018273 -0.342065103 0.213266713 1.042672985 0.411617104 1.276872367 0.550903865 -0.108597528 1.709964313 0.550748615 1.701992889 -0.839726861 -0.127145614 -0.988496427 0.399411023
-1.608851487 30.995739648 -8.826317561 -0.431917297 0.424499106 0.218846641 0.765084378 0.787361735 1.197205929 0.826788340 1.765373203 0.018519413 -0.188438383 0.532908697 -0.138271902 -1.175644096 1.916414973 0.348492587 0.284996075 -0.422893196 -1.034938360 -1.519612447 0.345123485 -0.580268284 -0.322131610 0.103321847 2.091598577
-3.570501958 21.750314262 -9.303356791 -0.446080201 -0.361641233 0.136700655 0.807180899 -1.467669255 -0.217941446 -1.185021618 -1.524662244 -0.397786024 1.149660297 -0.486617374 -1.659434095 0.222325558 1.530978510 2.006971416 0.694982725 0.458397807 0.366887283 -0.303712976 1.473736101 0.891735049 -0.232655727 -0.007146828 1.221120334
-5.294988294 27.710445334 -2.930175016 0.888968821 0.287266706 -0.192207009 0.300447568 -1.212256375 1.562976786 -0.565073687 -0.973331783 -1.687253021 -0.354537179 -0.088044584 0.111646806 0.574017789 1.559449518 0.619416092 0.772808926 1.281159109 0.937423750 -0.005596967 0.188746720 -1.284859448 -0.242848361 0.256864541 1.645542201
-13.042715548 31.664115958 -5.841409442 -0.444716459 -0.476048225 -0.378588837 0.657476883 -1.888940324 0.226250233 -0.545127922 2.026225843 1.329597118 1.802203213 -0.278436890 0.368909444 0.574829087 0.452517045 -1.177511277 0.693334397 -0.025092756 -0.332549797 -1.836969139 0.908375155 -0.470355715 -0.785808774 0.496696031 0.930418483
-5.740563529 27.922710922 -11.643609379 0.414287137 -0.064885857 0.753667170 -0.506104526 0.715632010 -0.558497574 -0.921279260 -1.066031173 0.003780874 -0.476165568 1.803074786 1.845148398 0.869076874 0.810034231 1.556613260 0.473110672 0.089640759 -0.629057203 -0.243532650 0.029285037 0.672859359 -1.921485130 -0.416130019 -1.746858162
-3.406739070 26.452778615 -4.611832642 -0.395046539 0.606966480 -0.335430889 -0.602508127 -0.054438856 0.239646133 2.665052901 -0.245239458 -0.824872858 1.121370981 1.089195994 0.685151686 -0.136442583 2.267796194 -1.232933639 -1.165217780 -0.938682727 1.782211631 0.989300329 -1.924470192 -0.710928471 -1.060257857 0.930990680 -1.203744794
-0.547381744 29.680560125 -3.928752139 -0.766664322 -0.364099754 0.390163423 -0.356972955 -0.928608474 -1.025930552 0.105648606 0.172752863 0.023975674 0.370147520 1.023409544 -0.171132704 -0.750880810 1.057517550 0.459666762 2.003798679 -1.275142131 1.019948745 -0.477328850 0.609397501 0.256492064 -1.576594131 0.602220455 -1.462928516
-0.847135737 30.765352320 -0.134506191 0.641119391 -0.336453751 -0.576997329 0.377940316 -2.229448380 -0.805703337 -0.339418883 0.741688827 -1.086469124 0.616374535 0.859140559 -0.019350703 1.775919592 -0.936614672 -0.011087346 -2.995303259 0.378719362 -0.944606680 0.912389280 1.774433468 -0.671736492 -0.450826224 0.619620472 1.507278837
-10.552830227 22.130963904 -8.343917989 -0.582650764 0.102545704 0.063632993 0.803712205 -0.286047272 -1.572248404 0.063792905 -0.071863331 -0.747512970 -1.200493357 -1.987115952 -2.004957297 0.066033906 -0.781216603 1.610958836 -0.754210953 -1.116739638 -0.375034513 0.273922839 -0.681596616 -0.996227596 0.227335493 0.033138681 -1.885637588
-2.743987759 34.221581601 -7.881252336 0.184871242 0.942992896 0.275794042 0.022905631 -1.151592345 0.970821939 0.556066975 -0.762042140 1.034827132 1.373212757 -0.339365479 -0.400399582 2.753837561 -0.842149770 -0.991853675 -0.331843796 0.029600952 1.450065139 0.090506424 -0.804589203 -0.113246489 -0.237228531 -1.153836389 -0.334898710
-0.901647548 29.615830443 -5.952927184 -0.280105372 0.427905055 0.495557574 -0.702040551 -0.013445367 -0.702256199 0.626783323 -0.159315645 -1.309666489 1.098522769 -0.090010246 -0.901212734 -1.284177172 0.164022279 0.114028528 1.199052660 -0.921566749 0.449933990 1.131808761 -0.718462965 -1.295218697 -0.332711410 0.571977576 0.851756395
1.646822719 26.284191537 -4.356155633 0.211561463 -0.470742866 -0.667277344 -0.537013825 0.157161892 0.862928294 -0.404979211 -1.182575793 -1.910443408 0.281053571 -0.490047636 0.486863610 0.439727694 2.035472580 -2.339031551 1.097716073 -1.765944158 0.352005762 -1.150681078 1.001099011 -0.375107603 -1.441666410 -0.676288418 -0.176834884
-2.092973747 30.677911359 -14.732867005 0.462687338 -0.762476825 0.153693434 0.425356141 0.500263235 0.781642195 -0.268086209 0.817090296 -0.473063026 -0.525751489 0.062552290 -0.527784554 1.544372453 -0.533657028 0.592814758 -1.043272162 0.613756973 1.405083869 0.375223216 0.583615921 -1.307030711 0.233331801 -1.206034702 -0.511087974
-4.284673337 21.670258359 -12.012227189 -0.304230460 -0.713703597 -0.473845186 0.416583415 -0.872416985 0.065789668 -0.568137159 -0.026893241 -1.294617746 -0.005315468 -0.257963065 1.023516406 1.886246163 -2.230664870 -0.472105173 -2.246971819 0.874109120 0.068333214 -1.607574985 0.449040807 0.757394345 -1.544722594 1.547115709 1.327430042
-1.816339765 30.489875817 -12.205014955 -0.640748391 0.645991212 0.011342402 -0.414738718 0.265226121 -0.331707551 1.335453650 -0.028769486 -0.498527182 -1.167506481 0.169823660 -0.998358141 -1.615545179 0.993374521 -0.548341269 0.402658190 0.023425868 -0.417127828 2.062524209 -0.630099957 0.361218008 0.107516988 -1.207625545 -0.995271308
-2.687425857 20.454233638 -3.169478009 0.229386911 -0.799827537 0.324411963 -0.449904918 0.887425607 0.135998744 0.172499905 -0.445501897 -0.263283775 -1.798130164 -0.852602499 -1.129479263 0.053634412 -0.363079468 -0.189443834 -1.562801530 -0.442964306 0.076594851 0.944267785 -0.125194419 -1.208285721 1.787296885 -0.113673710 0.198692171
