28.024967448 73.672759068 15.800468336 -0.407800518 -0.328574754 -0.729267321 0.440348206 -2.043736975 -1.127927102 0.074271925 -1.103532655 -0.444598956 -1.152679307 -0.315799105 1.373769470 -0.004523361 -0.759244898 0.975151193 -0.820584933 0.103263471 -0.410246475 0.764394542 -0.174642524 -0.331067409 -0.509884967 -1.241220544 -0.143935736
16.240512911 63.893767809 23.700679636 0.513356931 0.303975440 0.731158654 -0.330863440 -1.487319195 0.955501249 0.483621582 1.193428762 0.727222968 -0.162077312 0.134963055 0.714863143 0.517478767 0.429051845 0.411944423 -0.578164508 1.426977221 -1.086227147 -0.387098177 0.014779397 0.453463292 0.452496694 -0.315660613 -0.796313821
27.497470079 66.447752093 11.969171085 0.587783634 0.277253413 -0.751346201 0.114541833 0.060787601 -0.564767037 -1.141086441 -1.121418064 0.835791924 0.225881689 -0.971024430 -0.655591538 -0.644390219 -0.412664172 1.056812065 0.306837061 0.465947425 -1.370505055 0.124091263 0.473381023 -0.400578852 -0.003183761 -0.155069959 0.165567296
17.061386442 63.850905100 14.672327544 0.477840049 -0.388906285 0.210675321 0.758970815 -0.325668874 -0.632863517 0.603330752 -0.523840266 -1.823348108 -0.638917716 -2.258667018 0.283996499 -0.543779134 0.135188867 -0.555485617 -1.289583530 -0.099118487 0.872881613 -0.576398260 -0.259517459 -0.258831270 1.011830435 1.086936911 -0.585568722
22.759748565 75.647908303 22.288563673 0.692479395 -0.490134748 0.529141696 0.015788704 -1.245683843 -2.116921929 -1.773113801 -1.274517635 1.919503208 -0.227090049 0.109981893 1.038888567 1.183355177 -0.676308121 -1.262403870 -0.877464760 2.627354483 -0.157952767 -0.096875248 -0.329504615 -1.582408316 -0.041327064 -1.446041951 -0.249493090
15.048386393 67.027898503 23.264734668 -0.087093408 -0.774678323 0.338451696 -0.527009187 -0.669731989 -1.032043941 -0.173163788 1.031980625 0.296084088 -1.523016258 -0.246252973 -0.213433622 1.652401357 -0.136600709 1.144906044 1.743998818 -1.025971206 0.919344982 0.951015331 -1.206243311 0.720508030 -1.245845011 0.882741222 -0.738200295
25.256973988 63.913118563 12.731901072 0.669581534 -0.374092103 -0.310019391 -0.561786121 0.431246237 -0.072075021 -0.355445688 -0.448385702 -0.342779026 0.388632338 -0.560493973 -0.699762606 0.557187798 -0.215918213 0.049179133 0.302187035 1.143645171 1.014928833 -0.240167317 1.986021442 -0.659326171 -0.877280988 -1.205366970 -1.283621222
26.699188102 66.068709019 28.196127073 -0.049504599 -0.823369394 -0.222692215 -0.519634789 -0.895339957 -0.730122090 -1.898587838 -0.842491525 -0.061571796 -0.703381227 0.835821493 -0.313596720 -1.678081852 0.520242421 0.322514229 0.388330399 0.579670610 -0.846391656 1.381809732 1.210400248 -1.514630439 0.056927587 -0.019110305 -0.028613617
14.921974784 71.594414819 15.395331742 -0.568208292 -0.664488019 -0.377447492 -0.305169461 0.534087775 0.139604442 1.200327198 0.064671546 -2.178477168 -0.708648738 1.319984483 -0.014174114 -1.845839514 -0.626741596 0.272959951 -0.448656202 -1.446715965 -0.099920336 0.359498244 -0.050457292 0.565378291 -1.798218914 -0.194367702 -1.387995821
19.010756072 70.892648932 21.075266224 0.026076663 0.375866309 0.691692321 -0.616121951 -1.254504243 -0.748697520 0.493631889 0.892490391 0.206442559 -1.165915514 1.462004798 0.089482392 0.059948673 0.133595484 -1.189744872 1.337732017 -1.333043863 0.020612183 2.210720805 0.951830330 -0.177560593 -0.265941420 0.336043659 -1.161332487
19.488043550 61.773761557 16.873405072 0.369649301 -0.332349658 0.460081008 -0.735682381 1.502958294 0.700124066 -1.450470658 1.478436593 0.860490717 1.934734724 0.368454893 -1.935856226 -1.103658419 -1.169884108 1.759118114 0.094690918 0.134607175 -0.344377160 -1.228696098 0.164082053 -1.688084555 0.255793351 -1.658398594 0.016289763
27.853326536 62.621863638 26.253436040 -0.488734562 0.308219716 -0.333261467 -0.745034179 0.412923827 -0.759079345 0.674670098 0.611910346 0.512273410 0.483203559 -1.134027230 1.393741593 0.043623090 -0.506526838 0.122560677 0.300235262 0.942546568 0.193906323 0.152661046 0.065691332 0.198024791 -1.541266953 0.025972053 -0.632052232
24.667927294 73.639867089 19.187755063 -0.584361024 -0.588579293 -0.506075469 0.236609868 0.032969928 2.556492394 -0.952236644 1.485528741 -2.266742123 1.094374797 -0.771857616 -1.556842294 -0.322267756 -1.964077417 0.838848980 0.513367415 -0.269667186 -0.312146260 -1.768924060 1.392379088 -0.138101489 -1.700149864 -1.336739904 0.462544850
24.989345788 62.931257114 15.416825051 0.222456363 0.949538362 0.033406772 0.218572763 0.747055433 -0.764385527 0.720650548 1.439805389 -1.626274078 -1.133862495 0.154072535 2.126166332 -0.011071559 1.498967717 0.590699022 -1.522176879 0.791743041 2.186880685 0.323545269 0.601138342 -0.087107004 1.171839986 0.114079682 0.289555459
19.577810833 63.238806177 20.085506723 0.579553320 -0.495976164 -0.468500066 -0.445682939 -0.900645179 -0.987874077 -0.204928377 -0.338478383 -0.358289034 0.818850011 1.094572016 -0.961938472 -0.651863872 0.021722774 0.797328589 0.649660798 -0.467259541 0.449476538 -1.086027284 1.320600792 -0.318169077 2.938123438 -0.473429023 -1.300846261
30.046241303 71.686165606 21.452386775 -0.062957382 0.312438509 0.267247849 0.909393827 0.087521273 -0.644368771 0.270459341 -0.861696024 -1.496687783 -0.159537421 -0.830365679 -0.586008861 -0.605564864 0.673210315 1.536610539 -0.292238090 -1.237720140 -1.800758476 -0.237374483 -1.084448968 -1.528413099 1.004797544 -0.372488065 0.372936133
13.173734064 71.374378632 21.094962256 0.535217995 -0.756814975 -0.093641364 0.363323665 0.704735160 -0.763469184 0.398354367 1.177566016 -0.450387366 0.268110193 0.438219356 -0.475674391 0.247547079 0.334404367 -1.341568530 -0.340191284 0.658376303 -0.870491775 0.791820478 2.139252088 -0.208278288 -0.542356611 -0.613275793 -0.025623969
29.749926800 61.468159570 19.632731853 0.748390388 -0.163459006 0.202033471 0.610225743 0.104467197 -1.066395154 0.162673591 1.044963852 0.237176981 0.070879042 -0.245847591 0.054607140 0.849738537 1.131127460 -0.597270876 -1.432540569 1.991769579 0.498939977 -1.033158337 -1.611834012 -0.390993753 0.141747396 0.736739733 0.352885520
17.851866177 66.585611687 13.563471672 0.790736347 -0.039679294 0.307312276 -0.527940098 -0.803263879 0.685530014 -1.182793611 -0.955756156 -1.858997122 -2.454639124 -0.204164266 -0.812797917 0.878357313 0.813046584 1.271768818 -0.025280413 -0.046413943 -0.909147923 -0.730058795 -0.075288103 1.431986129 -0.445183102 0.665980597 0.379885669
29.820088500 66.840170584 15.229737996 -0.700136580 -0.221494287 0.498352930 -0.460861591 -0.563024875 -0.649997337 -0.951767997 -0.128346203 -0.760755914 -0.284672520 1.104325340 0.794399505 -0.413945010 0.457220688 1.314376707 0.002715706 0.224053816 -0.242519446 1.081511808 0.230794157 0.491088562 -0.921016927 -0.630701988 0.027237429
21.936322421 76.953895598 23.262789758 -0.537148900 0.568900556 -0.605436846 0.145840472 -0.048248023 -1.049917694 0.161631221 0.919051457 -1.020477417 -0.982767136 1.071640515 -0.492784688 0.094234048 -0.297134724 -0.508744639 1.286628251 0.351056026 -0.563530226 -1.607561457 1.093308883 0.318226425 1.911290063 -1.255099598 -0.769950738
26.106370954 75.224324463 23.191132755 0.120865415 -0.688621795 0.641676995 0.315344588 0.424620662 0.497026472 0.739652989 -1.275119387 0.068312494 -1.634731640 -0.493732850 0.238077879 -2.045647936 -1.479542546 -1.434395265 -2.054859440 -1.195849037 -1.498603866 -0.254857101 -1.297612139 0.109265327 0.124914901 -0.460729522 -0.605462537
26.781742344 71.160871466 18.003403359 -0.532927848 0.448689441 -0.005225390 -0.717383015 1.185347630 -0.795155551 -0.061833974 -0.781244922 -0.197365437 1.104563835 -1.535684369 0.945435974 0.980021681 0.567909458 -0.556892157 -0.874042972 -0.859298727 -0.097516340 -0.860172738 1.830985109 0.364533875 1.056949247 -0.127077455 -0.198220873
26.852602720 66.553035828 24.084639674 0.436639267 -0.559480781 0.513015616 -0.482848200 1.298785209 1.378918527 -1.867502022 0.238946942 -0.556001623 -0.727838018 -0.538712680 0.635633967 -2.214882375 2.349911398 -1.875424667 -1.203790074 -1.210631241 1.004187111 0.557652408 0.930592022 -0.318414190 0.528629816 0.441417620 -0.018390590
21.785704505 64.518028344 18.030833088 -0.539147721 -0.105754450 0.241453450 -0.799897470 0.444950880 -0.065032093 0.747340186 0.619356774 -1.756908151 -0.389590042 -1.215743854 -0.838586437 0.184747346 1.131825789 2.617293959 0.479581789 -1.581469186 -0.406281101 0.372846532 -0.202112966 0.859926463 -0.495457124 0.095036538 0.698754147
22.601062956 67.947963428 11.074587254 -0.252698634 0.656498461 0.095515064 -0.704294003 2.815928399 -1.115005227 0.920161083 0.666279005 -0.238520802 2.722655026 -2.666494023 -1.019317242 1.102943341 -0.428567823 -0.000584499 0.252962309 -2.559049345 0.677354748 0.107999227 0.807214518 -0.793023043 0.506004883 -0.460951174 -0.338855601
20.259308750 69.201109436 18.186205384 0.794444333 -0.257362386 0.525049850 0.164150720 0.055499905 0.485246481 -0.723191870 0.353932902 0.262259470 -0.119040183 -1.854046461 -0.333245788 -0.917939435 -1.594913933 -0.518112014 -0.968646384 -0.598840707 0.671397417 1.332393000 1.145665582 -1.540647161 -1.253749084 -0.213465318 -0.142526370
21.704929052 65.842005692 24.521985876 0.415794014 -0.760917295 -0.173748038 -0.466831691 1.402452191 0.857570522 -1.353359647 1.574499656 -1.288380730 0.169243600 0.759116160 -0.549530143 -0.930894277 0.626288356 -1.186256633 0.079837937 1.933899939 0.463944807 -1.212172433 -1.064507626 -0.378132289 0.766325646 1.622877902 0.542168138
21.153577204 63.026787713 26.335551039 -0.057325147 -0.217072919 0.817688885 0.530073638 -0.893441875 -0.538229709 1.830521914 -0.144738435 -0.080042066 -1.860068802 0.096897551 1.719834865 0.871405697 0.419061490 -0.897649928 -1.766700173 0.144606188 -1.224236620 -0.171128221 -0.577953917 -0.597187794 0.540442856 -1.464995460 -0.945281588
28.373488446 64.030025270 19.706091661 -0.172139621 0.921782163 -0.344814990 -0.042287316 1.998759014 -2.563325794 0.243231314 0.683722047 1.369822400 0.084753022 -0.775535095 -1.232498155 -0.443331347 -0.592600768 0.255185757 0.327526326 -0.440713848 0.062657080 -0.233328444 -1.636352773 0.544105023 0.134541060 -0.717812482 -0.295725332
23.916898100 76.820814851 24.029194316 0.358401951 -0.757596672 0.529570820 0.130958281 -1.153310880 0.343599772 -0.283226061 0.284969429 -0.223509075 -0.080178052 -0.901643082 0.295965808 0.946929822 0.555375392 0.504024259 0.458134819 0.381671589 0.285920384 -0.555774044 0.484766007 0.813791004 -1.336058905 -1.377647104 -0.792646071
29.779992484 65.956119046 25.029337857 0.679968244 -0.641650136 -0.272701668 -0.227072875 0.469790280 -1.449974398 0.802236556 -1.101442254 -0.369639534 0.539469436 -1.135457212 -1.716109534 1.209284825 -0.073274697 -0.863772489 1.041533321 0.740069900 -0.477680518 2.374948441 2.235060266 -1.730746269 0.161076550 -1.328124402 -1.072422572
14.801761348 71.200294837 21.377213573 0.216230764 0.018653974 0.974645623 0.054426064 0.841116421 -0.794444461 -0.251066295 3.024666939 0.714321667 -0.080000960 1.163647949 -0.113772587 -1.125934032 -0.419194561 -0.275592468 -1.423328874 1.398950466 -2.109498725 1.302287429 1.132404600 -0.078180047 -0.797077863 0.056207972 -0.369862638
17.102087375 66.577685633 21.103636925 0.011656703 -0.159055192 0.616041062 -0.771400660 -1.533947268 0.786994320 -1.702879482 0.508096536 -2.001388159 0.072741965 0.001628910 0.282878506 1.580871938 0.069535612 -0.019813104 0.304575202 1.528794220 -0.979781160 -0.990485727 0.964565703 -0.354575179 -0.316356714 0.649012788 0.633133680
19.487809775 69.422220059 25.408662390 -0.748950256 0.380296799 0.537650894 0.073344221 0.358994904 -0.289939969 0.816347612 0.613887700 0.868968717 -0.953749997 -0.299150638 -0.562226993 -0.211363183 0.180366512 -0.225833157 2.645021302 -1.302625825 0.413380321 -0.217191506 0.289599251 1.089892467 1.936230861 -0.072754567 0.222909716
15.175223994 65.045209192 14.665088030 -0.554111438 -0.608758261 -0.092795935 -0.560145346 -0.558994763 0.160287111 -0.331912696 -0.018749224 0.621722087 0.411588597 0.022668220 -1.914921902 1.155995874 -1.079555893 -1.078364393 -0.885704276 -1.762002479 -0.854601191 1.422115166 1.401999810 -1.641111140 1.216189427 -1.364747831 -1.047212809
21.470805132 76.785000068 21.044239315 0.801309260 -0.208786903 0.464937522 0.313280385 -0.482456351 -0.422795455 0.766930972 -0.906804369 -1.239318532 0.793075793 -1.636682903 0.643427418 -0.132812750 0.176522163 -0.358793905 0.344153341 -0.529694195 0.368909666 -0.387397039 0.419789792 0.266255940 0.451820387 -0.217145216 -0.644571587
18.666389285 61.160832451 15.863644634 -0.648124913 -0.532458404 0.440207916 -0.320373432 -0.075674391 2.143257477 0.018722028 1.476975183 -1.475441705 -0.094004812 -1.166974586 -1.993332286 0.532408230 -0.675940209 0.531975495 -1.205418850 1.217856728 -0.605526078 -1.056629417 0.209173518 1.535964564 1.895820719 0.932401777 0.139957821
18.275811189 59.903607777 21.267389483 -0.713362409 0.523008779 -0.429257395 -0.182521177 0.854751317 -1.947630222 0.513241728 0.375522958 -1.208611164 1.001256507 -0.995713597 0.774204815 2.921279292 0.002720192 -0.188733327 1.127302007 0.298922485 0.045440674 -0.186156337 0.776101742 0.340665822 -0.701215345 0.481090825 -0.352912510
25.039870570 60.854222861 19.056951087 0.115153524 0.349223916 -0.921746235 -0.123151128 -0.790473816 0.141008529 0.939983660 -0.071035976 -2.061675192 2.057403782 -1.183051198 0.376695647 -0.672844365 -1.088652394 0.279200398 0.893443174 -0.644306973 -2.207929429 0.627340673 1.662339480 -1.209082308 -0.814687805 -2.047063813 0.586040654
20.575382141 63.406896915 24.126157136 -0.333647922 0.759827703 -0.552032432 -0.081247279 -0.484546940 0.046728855 -1.500580788 0.455891052 -0.393713714 -2.207565716 0.451733091 -0.761619367 -2.046092968 -0.077854558 -0.436059364 1.711323543 1.681148002 0.259829252 -0.815676833 0.430031983 1.113565239 -0.812407470 0.639183458 -1.456088608
28.021032517 64.055092012 20.571776575 -0.777615531 0.013621012 -0.104191111 -0.619897384 -1.581399482 -0.173533857 -0.185530441 -0.077497970 0.375475072 -1.964778125 0.252583608 0.885761943 0.288468589 -1.638859192 -0.188832881 -0.241112241 2.403784898 -0.140992838 -0.378590444 0.010572027 -0.790916017 1.090368081 -0.091999967 -1.008857377
17.498817812 73.790384872 24.246362121 0.860607519 -0.148926566 0.000032347 0.487006751 0.442762355 2.154458753 0.767949827 -0.178446406 -0.058644418 1.035861943 -0.562771251 -0.055124394 0.819767890 -0.136553353 -0.573960716 -0.157907295 -0.642089644 0.711221602 1.110271426 -0.388801961 -0.071349199 0.615523344 -2.060867678 1.483093474
19.859729333 60.892298700 16.631520629 0.805692957 -0.294085467 -0.027633943 0.513428634 -0.953976329 -1.688002090 -0.423871489 0.938531023 -0.180061693 -0.279468278 -1.287458761 0.096804000 1.378814187 2.722928988 -1.452042752 0.446836637 -1.277151178 -2.542330519 -0.170029650 0.125084281 0.148850577 -0.097920901 0.781974647 0.447806736
27.122875636 69.584958874 20.064467799 -0.448838794 0.187791319 -0.447381407 -0.750418573 -2.684786964 0.726108900 0.539454354 -1.412008967 -0.744376573 0.363074642 0.619409256 -0.462437779 -0.450852129 -0.204692008 0.391883518 0.378693663 1.023468327 1.283704713 0.041344734 -1.073756962 -0.706720525 0.672724317 0.504925820 -0.330585929
22.035653274 66.350823758 27.951652439 0.283176550 -0.005069444 0.849432581 -0.445252325 -0.377540300 -0.549600159 1.221609671 -0.758528118 -0.357610590 1.658055089 0.235478942 0.285401221 -1.040966978 -0.403271394 1.421807988 0.422004702 0.610907744 -0.697211147 2.147319053 1.010138715 0.880930869 -0.952068968 -0.169608470 -0.218683994
25.902747407 61.602099807 26.077091015 -0.374801343 0.823182856 -0.194180534 -0.379720765 0.716420411 -0.645646835 -0.497228661 0.486959033 -1.460663597 -1.638521703 -1.340739359 0.095297230 -1.442273014 -0.119581699 0.382134903 1.035186323 -0.770955500 -1.068817995 -1.288201054 -0.739896322 -1.286264079 -0.786666132 0.568029680 -0.612156531
23.069220840 59.535623350 16.676391278 -0.620747411 -0.743628342 0.022243454 0.247375764 -0.653804942 0.241294581 -0.885379143 -0.646791013 0.444816670 -0.580927534 0.920204143 -1.282313638 -0.216178720 0.155677145 0.326451551 0.772403708 -1.948062643 -0.050517225 0.851063793 1.392328608 0.175912028 0.614047340 -1.528093836 -0.530981478
25.861425604 71.428782122 19.897228891 0.714789305 0.176567426 -0.117188316 -0.666458620 -1.641062155 -0.838416961 -0.554436954 -0.274849257 -1.545326157 -0.622204320 -0.519088699 0.133056788 0.300822716 0.243522798 -0.846038261 1.854172537 -2.223894625 -0.701490326 1.357348695 0.795139384 0.562188315 0.138332520 -0.364258905 -0.121082968
21.994380903 66.673630555 12.049110892 -0.914936231 0.174187001 0.323752882 -0.166537241 -0.299830236 0.888458420 0.292779566 -0.385391987 -0.069735429 -0.631230813 0.105275371 1.055490382 -1.416744461 0.725536733 -1.021501938 -0.739511789 -0.155324054 0.325216124 -1.130870248 -0.795410672 0.214977406 -0.315039151 0.836549932 0.203324776
28.474717547 71.858409483 26.001856017 -0.687915417 0.161980402 -0.285457848 -0.647339591 -1.050045326 1.301991922 1.068100440 0.656669598 0.473884936 -2.015950431 -0.917980804 0.596695531 -2.300986489 0.277188871 0.836887175 0.903577200 0.655749980 -0.011679519 -0.503996934 -0.421461123 -0.236078145 0.068101119 2.146362800 1.494457168
16.635029711 66.140054953 24.046946689 0.676804278 0.701500179 0.075922675 0.209926691 -0.643867659 -0.536673033 1.432646667 -0.742710806 -1.485665280 -0.311385120 0.519746513 1.243993892 -1.686617623 -1.943615937 0.099088879 -2.783087542 -0.389324321 0.245660854 0.438079694 0.324711156 -0.650977010 -0.513583929 0.185380725 -1.257015661
19.726426770 75.700381564 24.312632345 0.380987366 0.415711283 0.137144237 0.814385790 -0.056621246 -0.436861162 0.643453624 -0.931625743 0.004162803 -0.204384057 1.111332624 -1.174944059 0.847840138 -0.602396733 1.681473756 0.027818410 1.254371111 -2.058182371 -0.689031680 -0.998860237 0.198578392 -1.425331409 -1.634648476 0.275963085
26.272118571 60.064919584 20.365968294 -0.877729695 0.198689138 -0.351872528 -0.257485791 0.369170909 -0.137003093 1.130796683 0.163926085 -0.279721512 0.299696903 -0.692423043 -2.568583868 -0.794913631 -2.024721533 0.790897222 -0.232923878 0.949974816 -0.859168272 2.715446084 1.030386134 -0.267095004 -0.060792048 0.146434448 0.337664280
23.598671033 67.556597916 19.732195746 -0.524544400 -0.468595859 0.474316808 -0.529428616 -0.490037207 1.191989563 1.403647242 -0.516549036 0.050414937 -0.492101115 0.057166003 0.137930639 -2.671950939 -1.908926903 0.397383668 -0.434386843 1.264679674 0.449383839 0.409031469 -0.966678418 -0.414159163 1.644647144 -1.273431032 -0.402922935
22.926622976 65.085691388 21.829431732 -0.353291777 -0.749956158 -0.034419760 0.558180940 0.344337589 1.315199766 -1.424174723 0.947885296 1.068665993 0.968194069 -0.360723587 -0.013693557 -1.779664700 -1.270499617 0.367629811 0.609956111 -0.657124924 -0.224485409 -1.868417224 -1.623937093 -0.784649386 0.172823214 0.972827489 -0.462581051
19.048621019 67.369040163 22.348475095 -0.069361734 -0.763949872 -0.222309031 -0.601787535 0.672236135 0.579961191 -0.203889936 0.495085951 0.468053121 0.472374361 -0.368755904 -0.155386465 0.755467867 0.207514355 0.517445408 -0.554008966 -0.347653650 0.403885542 -1.158505027 -0.400287482 0.123390241 -0.789414447 0.192397260 1.231399453
23.095726421 72.512317423 24.297769029 -0.265459110 0.218608759 -0.077851807 0.935778162 0.206847826 0.546261220 -0.695812596 0.947831374 -0.790358144 0.786237525 -1.516766741 0.514222609 1.292003597 1.236333741 0.562803070 0.366093771 0.179851903 -0.726576957 -0.627397949 -0.533481788 -1.303269053 1.411671840 -0.151147798 -0.967828175
19.411035081 71.118844844 25.151105776 0.439526214 0.156352935 -0.730757859 0.498360732 -0.517984205 -1.890378089 -0.483703539 -0.519735009 -1.141046634 0.589119692 1.551623478 1.815382837 -0.438289608 -2.881896674 0.293812881 -1.211659315 -0.153787361 -1.697309654 -0.833947844 2.148477292 -0.352494329 1.017821392 0.170727430 -0.324733439
16.555911169 74.639402769 24.662729942 -0.317389022 -0.238570715 -0.735440291 -0.549068120 1.429022008 -0.558666259 -1.867735440 -0.226357104 -0.172855122 0.897413384 0.209461446 -0.106386725 0.504885258 -0.858801363 1.045440328 -0.658611842 1.847815672 -0.702516464 -1.380796505 0.306388771 0.399142030 -0.534573607 0.158794525 -0.972237793
32.002919797 65.891405858 22.004366101 -0.300880348 -0.602111646 0.138755541 0.726415503 -0.356938565 1.275345502 0.430135180 0.744823776 -1.023786701 -1.353046293 -1.077464173 -0.155912322 -0.029577650 -0.053080568 0.401059702 0.482608389 1.335439850 -1.332333764 1.862465313 0.228598561 -0.734327174 -0.353051854 1.582311934 -0.594217086
28.699058556 74.251599952 22.719296151 -0.520039096 0.267145635 0.240626475 0.774784775 -1.003552429 0.321994480 3.055398376 -1.578841784 -2.072598432 0.204463595 0.176305725 -0.812735428 -0.742904697 0.722330626 -0.503881676 -0.996148738 -0.423651229 -1.014683352 0.870875516 -2.160769365 -0.304196216 -0.429629537 0.674846415 -0.371896962
24.523555145 71.980035247 16.610562867 -0.704082166 0.084542858 0.680905323 -0.182999316 -1.123819634 0.664034769 0.951251501 -2.659903137 0.258700536 1.460355362 -1.184451488 1.559424684 0.331947113 -2.578481746 -0.529207600 1.002677843 -0.974878277 -1.133031835 -0.060675694 -0.113558284 0.324759252 0.605912183 1.471911565 1.345894806
28.241715744 75.664325944 19.784984371 -0.749646961 -0.288417836 0.588322815 -0.093385499 -0.127853374 0.155301350 0.184908058 0.009956093 0.791525978 -1.903556318 -0.258433515 -0.813345080 0.816627909 1.158026504 0.918071150 1.265778261 -0.841328798 -1.015407424 1.357386175 -1.494776395 0.323293410 -0.585245946 -3.010397540 0.298870179
26.829056094 63.959929527 22.620551362 -0.487861471 -0.401093954 -0.286091748 0.720601371 -1.409103509 0.350376875 -1.926460314 -0.430583923 0.737194154 -0.205679256 -0.908386679 1.153695367 -1.225341316 0.548083309 1.252847902 0.957874178 -0.407809082 -1.118379398 0.105082514 0.193923380 0.094697470 0.626692039 -0.338433826 -1.491636490
19.712868585 65.178800071 19.875946360 -0.268694126 0.261569059 -0.557059758 0.740992254 -0.831140998 1.236328078 0.484975412 0.777069937 0.215316931 0.286037782 0.219959543 -0.715530097 1.203635457 -0.077823004 2.329952450 -0.050886271 1.282262305 -1.433033325 0.440095927 -1.207578359 0.358093377 1.174068780 -0.093361150 -0.012200716
20.858319283 70.176252188 14.927728542 0.344323226 0.792678540 -0.502593736 -0.022400566 0.115384186 0.249916495 -0.990051849 -0.899372590 -0.549218328 -0.200215550 -1.761238254 0.022153734 -0.668311226 -2.230710120 -0.888032963 0.275176902 -1.705287801 1.322108331 1.023238882 -0.880443426 -0.932290479 0.525421398 0.815206980 -1.237781759
27.282590217 66.950181739 19.942298728 -0.058250356 0.987876212 0.045798268 -0.136418493 1.359950423 0.479644881 -1.848258612 -1.974164870 -0.236990007 -0.703675982 0.212988271 1.054249368 0.415658904 -0.661576029 1.239316547 0.216046573 -1.653724141 -1.445017905 0.344800556 -1.148326645 1.945153780 -0.871213189 -1.625438231 -0.344313988
29.455645647 71.862461169 22.545934069 0.335042166 0.738425944 0.574749329 0.110168417 -0.015574392 -0.924205775 -0.448180069 1.028927598 -1.311097129 -2.229453887 -0.857375092 -1.747983271 0.311040617 -0.736687308 1.607842137 -1.332469147 0.436719061 0.101018809 1.298172146 1.128882000 0.005434770 -1.076155063 -0.345950391 -1.288260328
18.248839051 60.024208010 23.368911231 -0.441297937 -0.724089103 -0.050833016 0.527605066 -0.711416796 0.465400432 0.214834571 -1.862534265 0.785237441 1.959238292 -1.100013010 0.019489063 1.213792694 -0.891603386 -0.026491129 -0.359975270 0.134615985 0.078346753 -0.560867779 0.380231776 -1.105078339 0.330140999 -0.924214535 -1.495838385
17.738150177 63.491140611 24.254262449 0.753261456 0.318393551 -0.469004873 -0.333552327 1.237383525 -0.666654804 0.511558962 0.878678481 -1.413813928 -0.005869168 -0.163964424 0.162143314 -0.962455565 1.685085936 0.556372355 1.275565916 -1.283353518 -0.031590564 -0.581732347 -0.497262131 -1.432781889 1.295020613 -0.993050192 0.064879093
23.140412665 68.903567960 21.857047577 -0.849151119 -0.111378082 0.226433283 -0.463966883 -0.218248868 1.978607064 1.024337419 -0.527810488 0.317775599 0.504960051 0.070659333 0.958775465 -1.857003124 -1.277561099 -0.490365050 -0.314569927 1.684161932 -0.401928064 1.372722445 0.161178330 -0.905856533 -0.630443312 0.402647479 0.263550378
27.145841003 62.006178824 16.380284591 -0.617360346 0.495509257 -0.040266238 0.609684680 0.676912885 -0.056109524 0.881810383 0.665917850 -1.556162841 0.068073455 0.381615136 -0.815406397 0.170999116 -0.269152256 -1.330061950 1.576918834 -1.258506928 2.129731026 0.473165662 0.110694568 -0.889758722 -0.695534883 0.477612289 1.866531268
25.491875369 68.519627804 14.296393311 0.600587112 -0.289038347 0.720904128 0.189866250 -1.768643234 -0.486889501 0.732666050 -0.537733930 -0.571662351 0.814385160 0.560435742 0.461297016 0.601276574 0.785660831 -0.404902573 0.651683200 -0.881357909 0.401409121 0.027603171 -0.491430112 -0.743316249 1.427546369 -1.497077393 0.889408827
24.743026836 62.168809372 15.052907963 -0.481751528 -0.751031807 0.441642707 0.093906382 -0.543595535 -1.723794814 -0.646346396 1.095592899 0.652372800 2.080742115 1.406585463 0.342102704 -0.251545280 0.150356720 0.293011417 1.056510160 1.203518281 1.167290543 -0.421618822 1.099721174 0.664713861 -0.174648127 -0.943809774 -1.917466891
16.075244949 72.227917462 22.992168195 0.760781214 0.496112895 0.187595041 0.374021444 -1.156935193 -0.710787149 -0.864934299 1.390218751 0.197806920 0.918310540 0.256618342 -0.826084078 0.946546119 -2.322683097 2.152340400 0.998923797 2.291268397 1.451294788 -0.304498479 0.308280833 -1.219074419 0.462077005 -0.215252311 -0.245253789
23.481974752 70.892919144 22.797580735 -0.474428517 0.800183513 -0.211246146 0.299998322 0.852488842 0.566093057 1.661566226 -2.224805116 -0.122038593 0.532239680 -0.134465365 -1.739938258 1.032327338 0.449975760 -1.006313780 0.213202922 0.199181796 1.165707222 -1.050221999 -1.603909041 -0.188851514 -0.296810861 -0.215533035 -0.950128038
20.611731253 75.636690625 22.800990248 -0.774140667 -0.069605215 0.209955546 0.593110453 -0.932185222 -0.078644835 1.135580269 -0.324797899 0.538230945 0.138320706 -0.248505807 -0.922112567 -0.554769809 -0.764582579 0.990701026 -0.326880339 0.608674338 0.939292868 -0.153452130 0.488422200 0.790180998 -0.166797783 0.822085515 -1.302463064
28.145157140 65.133590987 20.771838633 0.220921482 -0.382097966 0.866462167 0.233319858 -0.053222333 -0.897843305 -0.710749623 0.388920918 -1.824292026 -0.645395825 -0.781409702 0.471604501 -0.878587313 -1.542444730 -0.494389021 1.793357474 0.970768260 1.525626418 1.887307758 0.071671097 -0.363414651 1.183707028 0.175035773 1.007882138
24.648205570 64.643911122 21.972531275 0.140474677 0.263354563 0.630898273 0.716155436 0.534744952 1.334375573 1.310063368 -0.255287435 1.372266725 0.703089208 -0.628930708 -1.754970510 1.352962749 -0.950211966 -0.073780346 0.482642252 0.136509309 -0.933096644 0.037174557 -1.111811470 1.513590164 -0.317573099 1.340237890 -0.166037744
27.362099505 72.629280952 24.029182648 -0.516841304 -0.795878706 0.232520193 -0.213041101 0.392211168 0.141945832 -1.181212586 -0.889354433 -0.436220845 -1.131259591 0.290780483 -0.333204785 -0.540856541 -0.989281221 0.324585485 -0.824377655 -0.026979778 0.345903666 -1.322051266 0.270882099 0.076396069 0.941141535 -0.399855004 1.958620743
21.734265944 73.373282903 12.748750729 -0.887406779 -0.138853618 0.435096591 -0.062608603 -0.571129749 0.196750854 0.914087626 -0.630647145 0.252138779 -1.847592433 1.411406041 -0.683782625 -0.646463802 0.828431159 -2.182309393 1.033888536 -1.273951872 -1.088817835 0.718160004 1.792003165 -1.113694803 -0.007584121 -1.408173190 -2.425192983
18.406975280 59.368752902 21.097162660 -0.285231454 -0.070786451 -0.745098862 0.598715277 0.115755563 -0.177246484 -0.788805484 1.714712535 0.933706662 -0.829409230 -2.080182974 0.820394427 -0.614393381 0.113557077 0.215444815 -0.511603232 -0.284683192 -1.996774900 2.136893187 0.111582221 0.967871141 2.358757745 -1.718018370 -2.164528926
18.338152142 62.014500803 26.516022101 0.657846214 0.629683936 0.028161174 -0.412241977 -1.126089786 -0.869496125 -0.085872385 1.099570915 -0.323864742 0.487927520 1.265091342 0.046952630 -0.784537230 -1.203551403 -0.936835092 -1.123686859 0.714366905 -0.626991514 0.423151765 0.479955242 0.600958473 -0.203204722 0.184674046 -1.772036813
25.062637019 61.949572434 17.097481190 -0.456519480 -0.252942557 -0.036227698 -0.852230943 -1.991793566 -0.127029152 -0.557036413 -0.938728370 0.602439397 0.001594459 -0.380475079 0.713475787 0.322440885 0.538265421 1.264912209 -0.330329424 0.761094409 -0.230307870 -0.403433719 0.410945601 0.587026653 -0.226785982 -0.399219368 1.472234191
18.333288008 64.463923045 20.053066855 0.230625376 -0.731633290 0.243855857 -0.593345587 0.138016687 1.084125385 -0.968503557 -0.640657396 1.544859449 0.880705008 -0.563811908 -0.973561912 -0.143610674 0.290742268 0.496414843 -1.796100472 -0.395079497 1.746407883 0.307926102 0.343859105 -0.225317623 -1.242873969 0.149333378 0.152229064
27.423414766 68.982507449 12.782001695 -0.719140530 -0.505494253 0.190515496 0.437054121 -0.178288807 0.930028123 -0.208191839 -0.103968952 -1.165823955 -1.824148901 0.295907006 -1.042194295 -1.364939349 1.176302311 2.054160152 0.143492696 -1.451373558 -0.613423236 0.109242542 0.589509802 1.176763192 -1.484350732 1.294718165 0.593745073
28.271005648 74.922561179 19.514837424 0.657471052 0.088898233 -0.546421319 0.511128811 0.267270156 -1.149201554 0.018602944 -0.457036081 -0.489496578 0.885583363 0.712283785 0.741955325 0.486392230 -0.420427450 0.967030736 -0.601095120 1.795938696 -0.663151162 -1.117472626 -1.305263340 -0.260289845 1.448908778 -0.934881626 -1.194981582
21.205120195 76.415542832 25.618205705 0.920759429 -0.178574078 -0.202128395 0.281882040 -1.906842155 0.202004933 -0.002125240 -0.701873981 1.047658069 0.572190545 0.955522240 -0.796342476 0.512549764 0.043916527 -0.040732400 1.988030090 0.034926261 -0.235678110 -1.075412543 -0.797028594 -0.662819473 -0.247307567 -0.113612244 1.345112891
21.656424760 68.899841394 11.436161541 -0.194942919 -0.312614196 0.732629221 0.572297167 -0.478799351 -0.475229436 0.357924312 1.018103444 0.268253135 1.217081231 -0.144756243 -0.156786974 -0.233163122 -1.032433687 1.145520859 -0.804037998 0.610074916 -0.994336529 -0.726411157 -0.754378038 1.194840634 0.614829524 -0.004507563 1.010018511
30.345406067 64.846550357 19.617126035 -0.912403076 -0.297830937 -0.176274766 -0.218505301 -0.852798228 0.087289054 -1.330198653 0.723802607 0.310573286 -1.449111944 0.076876210 0.000163160 1.328223166 -0.408898935 -0.645012130 2.016473450 0.376727499 -0.554026787 -0.330941528 0.810778619 -0.370432797 0.013602237 0.793227349 0.972581667
16.276435412 64.688215667 26.968450756 0.584213201 -0.058784413 0.528524995 -0.613107379 -0.467992901 -1.774722975 0.618136564 1.244504164 0.416543717 0.284346801 0.722495923 0.581652613 -1.644132943 -0.099334053 0.449176016 -0.046287980 -1.574989708 -0.599357643 -1.422268283 -0.348709629 -0.950215348 0.472372100 0.655750354 -1.261751921
19.624761367 75.767596265 23.940337611 -0.618817975 -0.550368801 -0.042278281 0.558901641 -0.520971524 -0.482100375 1.264452320 -2.074603531 -0.578767426 0.334899081 1.243043219 0.919757735 -0.322617615 -0.862547516 1.092969722 -1.600718222 0.856430496 0.114625249 -0.922986481 -0.871526469 -0.780795857 0.878113136 -0.209559545 0.053531790
18.300021801 61.701233614 20.205063548 -0.053665246 -0.793820840 0.598753924 -0.091990505 2.348426485 -1.138635617 -2.126700963 -0.317582096 -0.524475816 0.026381238 -0.284187259 -0.505034452 -1.583292494 -0.713532703 -0.573073502 2.134337935 -1.376063595 -0.446294932 -0.677564527 1.119433205 0.001515573 -0.459910826 0.128778176 -0.365127804
24.766129929 62.877890012 25.836663287 0.182291641 -0.061809674 0.758681472 0.622375888 2.001978823 1.249672706 1.032525199 0.548588332 -1.819193916 -1.372017606 -0.073008056 -1.945462168 0.936055563 1.476996391 -0.778191136 0.034370822 -0.017415006 0.794906109 0.614908430 2.375528206 -1.077630050 -1.034238080 -0.128060970 -0.200023827
23.116480726 67.463721568 18.130069851 -0.816836130 0.429671875 -0.382836176 -0.039965983 -1.235047335 0.061252050 0.464058444 -0.176704553 -0.684748972 1.575458569 0.379232208 -0.978307573 0.010106579 0.475465604 1.288838360 -0.229143824 3.170871926 -0.964052310 -2.331905359 1.622386573 0.058896928 0.833650057 -0.388474780 -0.640246913
26.695229083 66.119526850 14.211352544 -0.221230212 -0.913784038 0.319041241 0.119451300 0.188977697 0.432319563 0.625982472 0.635780447 -0.348927543 -0.422515160 -1.357092857 0.961554981 2.312364039 0.313302642 -0.171211684 -0.454730848 -0.683175492 1.010072866 -1.168749713 -1.804834157 -2.115064664 1.587958964 -0.857091618 -0.146698311
18.475256852 67.906095967 29.234656615 -0.740632209 0.481423505 -0.463188467 -0.071775932 0.265050707 0.519811223 0.053089034 1.426306958 -0.689499592 1.319944069 -1.279399550 -0.376853868 -0.239263542 0.606169251 -2.608476746 1.126805690 0.913502555 0.025897918 1.122468967 0.670973091 0.004395212 0.816605694 -1.909984659 1.471509056
24.693992559 60.870185940 20.189201999 -0.134438085 -0.405941964 -0.877269696 0.218026151 -2.854803715 0.282624646 0.302956440 0.000070331 -0.996157178 0.574685911 0.626487344 1.146937051 0.093384480 -1.109996323 0.982273321 -0.862717178 -0.487593673 -0.078033931 -0.384546049 0.198414194 1.390131678 -0.334849478 0.089240792 0.502355651
20.719800057 64.640472868 14.746954155 0.292875151 -0.103113727 -0.602547284 0.735206417 -1.360396798 -1.384186239 -1.402283142 -1.039927280 -2.027407188 1.326087950 -0.694239567 0.074662778 -0.560044352 -0.816655330 1.769583811 0.952958678 1.420132121 -0.273331187 0.433769080 -0.314815214 0.059854887 0.465931895 -1.127779434 -0.305647330
24.456726415 66.776863687 11.751188594 0.195042799 0.520312752 0.773339654 -0.305251906 -0.850000019 0.398186527 0.328963519 1.647864196 -1.766592607 -1.029912441 2.424471846 0.809015639 -0.193530155 -0.659413973 0.936328535 -0.108327958 0.246892846 -0.184216395 -1.013831783 0.717225201 -1.774225647 -0.669317120 0.232201089 0.908049966
22.184193004 65.678384664 20.398970205 0.548204559 -0.205723558 0.804468105 0.099903188 -0.179162603 0.722318006 0.638862672 -0.216209193 0.551515068 1.159671220 1.498976599 -1.645665166 -0.066432717 -1.231012619 -2.050157289 -0.374368180 0.685432921 1.411183392 -1.149857506 -2.066009459 1.191774753 -1.813276456 -0.651676076 -1.958344211
15.791362024 66.740774570 16.160942532 -0.179408296 -0.222360383 -0.947277401 0.145031202 0.362709684 -0.342215580 0.435577769 -1.039347339 0.075381720 -0.089916109 1.384395667 -0.967690633 -0.660467274 -1.736637492 0.678109201 -0.682336214 1.101732448 -1.053471168 -1.003899562 -2.055628046 1.168292803 0.008077806 0.629973865 -1.092295628
23.761746144 59.688410373 20.331219055 0.159757495 0.262237436 0.810132429 -0.499394150 -0.461146569 -1.094733321 0.439116433 -0.464147160 1.600605534 0.531322783 1.119603802 -1.184551277 -0.518650885 -1.226008151 0.618244925 0.260964493 -0.901238486 0.570955568 0.087814283 0.766184393 0.908679690 -0.753025468 -2.081228129 -1.571751023
30.833841262 72.683682810 22.023059371 -0.608054619 -0.483768548 -0.463456463 0.425964410 -0.914885914 -0.342952471 -0.812869709 -0.100663247 -1.055784383 -1.799266474 0.876173042 0.619801929 -0.195426810 -1.194230416 1.796276836 -1.792761302 -1.210782705 0.009344196 -0.843459099 1.429143604 -1.813180430 0.193380718 -1.103532685 -0.668802958
19.112160427 68.818019423 13.224017918 -0.387221300 -0.234073234 0.890785003 -0.042088757 -0.131107120 0.811924656 -0.000316475 0.819251033 -0.478108161 -0.009691812 1.139387238 0.186534458 0.398585905 1.738675983 1.239211573 -0.466822566 1.995220095 -0.235335087 0.745474587 0.788530193 0.764460523 0.544846367 -0.510829713 -1.054896799
28.477517790 73.073323463 19.464903219 0.399929340 0.094376618 -0.034786105 0.911010156 0.220478322 0.361385396 -1.978376636 0.469704166 -1.101796447 0.303576676 2.665331547 -0.477794856 -0.096283831 -0.577629129 0.466410489 0.528917852 -0.648605496 -0.928044041 -0.845622447 -2.618920480 -0.777346478 -1.166903584 2.005500994 1.714423440
27.960247193 74.037602882 23.785938246 0.257196628 0.576267245 0.456717982 -0.627036396 -0.815224531 0.490556396 1.326199259 0.719551823 0.809193496 0.605801084 0.416075852 -1.069314907 -0.116434643 -0.090838304 -0.890531269 0.286624011 0.306787199 -1.545044401 -0.058961649 2.249418642 -1.204680738 -0.018949168 -1.342622080 -0.351538158
16.766908763 71.556179293 23.463667401 0.060957678 -0.382159868 0.735047046 0.556725998 0.359825316 1.130292159 0.111168767 -0.462453789 1.496503317 -0.201173233 -2.420429732 0.048267675 -0.652575727 -0.183302166 -0.060144957 -1.323020581 0.742532917 -0.245250623 0.578192594 0.115783338 -1.909042675 0.399006709 0.781430595 -1.488437750
28.239162618 69.422959138 17.786696822 0.272559616 -0.952977919 -0.096796790 -0.090414171 0.415609961 0.835770607 1.202532328 -0.217006563 1.032548875 1.655790070 -1.903921177 -0.091144439 0.515053637 -0.485259123 0.466119532 1.178662712 -1.030727061 -0.514118217 -0.889209977 0.324581739 1.624235151 -1.763540140 0.005631848 0.300100207
28.545588220 70.082137273 16.721130263 -0.929283664 0.201598370 0.304571332 -0.055011567 -1.157439584 -1.464418909 0.659591325 1.770384341 1.155428014 -0.654458438 0.617258403 -0.070771956 -0.648625729 -1.428469407 -0.424475774 0.662267560 1.204560670 0.395351572 -0.662434110 -0.791535212 -2.367179829 0.697347553 -1.281029897 1.652905929
24.885947179 66.025662192 18.143965946 0.796800935 -0.580974502 0.109556432 0.124796979 0.122836123 1.530692927 0.143785702 1.173973183 1.418867720 -1.438137909 -0.506846702 1.572721488 -0.167625980 1.328902584 0.199241896 -0.432161205 -0.716104994 -0.265321818 0.881708944 -0.825061219 -0.248775210 0.866149171 -0.436134473 0.291283735
17.499374137 62.828004295 24.483250261 0.542082491 -0.270962340 -0.548359589 -0.576218487 0.552909419 -0.352813567 -1.893800154 -1.456291563 -0.011632143 -1.237348258 -1.681466387 0.576596428 0.013009926 0.107366871 -0.254406882 -0.519813233 0.095385661 0.467857326 1.004371159 -0.697073653 -0.566132103 1.770189433 -0.278423148 1.666814256
15.496156607 71.543667822 19.798300778 -0.421967585 0.673540868 -0.532504279 0.291076020 0.785705386 0.346146115 0.357498055 0.760191368 0.347026324 0.628577975 -1.060553616 -0.409568418 0.310831936 0.531104845 0.528062133 -2.456315955 0.817699527 0.230656670 -0.806997196 -0.660535248 -1.962487986 2.117783283 0.910840514 0.339598321
18.938492776 60.858509934 18.542161039 0.872554594 0.110815936 -0.474697014 0.032110033 -2.074937386 -0.490967123 0.528101814 -1.370693834 -2.255231001 0.906771351 -0.267350200 -0.880192400 0.166386727 -0.220715331 -0.314220221 -1.208898306 -0.396271951 0.625232002 -0.654160716 0.489534606 -0.567215531 -0.501593542 0.211610930 -0.842746057
24.604894285 74.882325480 17.908700799 0.535803196 -0.294132195 -0.739536195 0.281935105 0.198775799 0.187490015 0.799816610 -0.116120675 0.486758407 1.339837894 1.006172172 1.123909152 1.183009807 1.519553440 0.287984317 2.665828497 -0.056629922 1.084661802 -0.286996165 -1.695013507 -1.178550613 0.366461523 1.150081727 2.205739616
21.275655757 71.501776414 25.914244597 -0.736916758 -0.051193125 0.329226428 -0.588169121 1.504126976 1.573170625 -0.200400836 -1.459174691 0.934530505 0.998132795 0.435705218 1.140676780 -0.109482085 -1.104954051 -0.269586469 0.996044003 -0.411537236 -0.882634268 -0.214760188 -0.202622726 0.514290212 -0.916452992 0.120723526 0.417852917
22.593364231 65.933522843 22.542595437 0.398857852 0.179415934 0.828277137 0.350256079 -0.729499999 0.467668395 1.270941651 -0.314018789 0.542484570 -0.612989335 1.549690198 -0.688531208 -0.320520145 -0.609241207 -0.893774713 -0.209846070 -2.314206501 -0.179204073 -0.207906244 1.640527330 0.507135560 -0.131263882 0.550542073 -1.185370278
27.092467398 64.214864330 20.873072373 -0.602593135 0.217677578 0.755406850 0.137326166 0.439308015 -0.574813853 -1.539397188 0.252920333 0.703098467 -2.167979488 -0.531891494 0.903093620 0.335799836 0.110596111 0.549606938 -0.660750655 -0.985934284 0.078314495 0.598834703 -0.794036670 0.638739329 0.332722513 0.223712061 -2.092781498
16.075504840 64.629779909 24.699879555 -0.251602892 -0.511309994 -0.020340059 0.821489109 0.124149277 1.220432222 -0.075278084 0.807381097 -0.787346784 1.972395876 -0.651413009 0.869498679 1.622928970 0.263892421 -0.930146720 -0.497130992 1.192997722 0.616142722 0.909346995 -0.276338204 1.226066600 -0.149992742 -1.583316687 0.014098724
20.507231454 74.471330672 19.611364383 0.844200481 0.395679624 -0.335628767 -0.134597602 0.645491482 -0.893832108 0.715163618 0.026193207 -0.995667457 -0.477919088 -0.020761607 -0.665356305 1.096688936 -0.048265342 0.568847609 1.472788690 1.139227727 1.336625153 0.539850430 -0.213214604 -1.532305441 0.986408772 0.153294950 -0.175474797
16.045714754 69.395063067 23.985451012 0.035423210 0.222254481 0.919841038 0.321310765 -0.154247837 0.885765250 0.952647187 -0.104043032 2.508730196 -1.129589821 -2.347454214 -0.504440856 0.262539170 -0.092493856 0.362982531 -0.287213343 1.363296145 -0.247986351 1.513519357 -0.801557449 1.283530001 -0.711114205 -0.909432397 1.064278284
16.973931173 71.529779499 25.947275099 0.052626304 0.409243410 -0.230039103 -0.881380914 1.020112909 -1.411683174 -0.738052428 -0.228988887 -0.726784964 -0.914849138 0.621108597 0.205377339 0.456321006 -0.608829294 -0.086225261 -0.586718518 0.733320566 0.370836282 0.889999020 -0.034822020 1.336562428 0.756125568 1.428623046 0.395029683
20.257892136 64.052963277 13.256945716 0.866453773 -0.201859310 0.352910902 -0.289766413 1.205842270 -1.143711017 2.080303135 1.053336797 1.536657878 0.911892874 0.638164930 0.083250106 -0.656198067 0.722937167 0.289099039 -0.243101169 0.151790413 0.823857037 -0.048252843 -0.563706129 -0.552739259 -0.822630010 -0.304929162 0.600261481
16.615403307 68.917997576 13.343983123 -0.708983799 0.261061397 -0.572830811 0.317889575 1.725826323 0.348810957 -1.178039085 -0.333415742 0.395825823 0.531577199 -0.155074388 0.658884692 1.201252461 -1.209885386 -1.160990213 0.431614782 0.532751677 0.194417014 0.435413859 0.964098900 -2.024956813 -2.099229468 -0.949877611 -0.122884788
24.144022561 64.518219590 13.724115628 -0.489527282 -0.052121599 0.765405213 -0.414489129 0.571792062 1.891246826 -0.102364830 -0.604425287 -1.768236744 -0.475863483 0.047751130 -1.461900176 0.557987923 -0.028377073 -0.505709810 0.129108844 0.760774122 0.629731541 0.746077720 -1.257418599 -0.452305464 1.318319189 1.430814618 0.578407156
18.712571575 68.166735945 12.682141892 -0.563108727 0.170294329 -0.514035609 0.624240174 1.501412238 0.231721159 1.107619162 0.173136688 0.606792415 -0.730011563 0.513871553 0.679361785 2.013451276 -1.343786772 0.213374208 0.164632071 -0.581437635 -0.211155633 -0.521440582 -0.928071544 -0.622957828 -1.434483716 -1.933513541 -0.041594733
24.201991873 67.517193617 16.854889609 -0.581717401 -0.521527940 0.583071622 -0.222802506 1.808469638 0.597131273 0.751170294 0.686802188 1.408760967 0.116821554 -0.243350570 0.152595088 0.474188022 -0.647216180 -0.247885236 0.275782101 -0.321321440 -0.017230813 -0.405510241 -0.709578589 -0.653268610 1.822345462 0.818562717 0.316932981
25.778345499 61.933852108 24.393074558 -0.681105768 -0.575296867 -0.375215816 -0.253656341 1.152998501 -0.819807408 0.439270987 -1.853933949 -0.179532598 0.041365253 -0.354851003 -0.276510209 0.008132748 -0.421296047 -1.489107020 0.803849268 -1.053062518 -1.151840163 1.508278226 2.432603727 0.620364420 0.306019780 -0.260842138 -1.989248054
19.858181618 66.115637885 17.556926152 0.458308834 0.711138543 0.174910710 -0.503628066 -1.676039488 0.643058396 0.235141358 -1.113293072 0.068522170 0.873458437 -0.784611666 0.614061508 0.579112332 0.441099319 -1.120834258 -1.363394561 0.402638944 1.907628855 -0.015219631 0.266724173 2.261353784 -1.969298015 -0.713242265 0.051570707
21.144232075 62.444390897 24.443261967 -0.168144261 0.209578018 0.012295300 -0.963147646 -0.030388096 1.040477759 0.228114221 1.289731904 1.166277506 0.681647047 -0.984090815 0.456658066 -0.911101734 -1.084434730 -0.044394859 0.778815360 -0.313945934 -0.625358477 -0.030171381 0.306126438 -1.949045986 1.258880047 -0.715921761 0.734367620
24.244677357 68.868429995 17.193940939 0.380157711 -0.210522712 0.863401405 0.256316829 0.341806397 2.153428169 0.829811704 -0.374455979 -1.396486285 -0.891492065 0.953814617 0.044908177 0.123580179 -0.040061539 -1.182277034 -0.648989220 0.297825061 -0.119842343 0.219905370 -0.983487734 -0.203794462 -3.068369011 -0.875423860 0.200236261
18.069896332 75.412174772 21.956363445 0.081124506 0.906658347 -0.313379274 -0.270523359 -0.358852105 0.388848295 -0.531281465 0.416936437 0.659311323 0.076438522 1.211440141 0.583061984 2.999194413 0.530600318 -0.335785252 2.752025217 -0.011286797 0.019457055 -0.624739221 -1.246571552 0.466154108 -1.158290417 -0.300511777 1.318234340
21.747726898 60.383325318 18.813570039 -0.438819677 -0.522881995 0.516934534 0.516536928 0.379022209 -0.599461481 1.401970541 -0.920458879 0.430620553 0.548253130 -0.939192126 1.927436913 1.026390842 0.130729594 0.172758027 -0.019370262 2.005944005 -2.360448610 1.517048767 -0.070835173 -0.528648897 0.690595758 -0.592833444 1.328564725
28.357657788 67.224207900 22.313971259 0.906655564 0.306813798 0.240078039 -0.161875004 0.132657514 0.260710823 -0.526712198 -1.469442862 -0.566745135 0.694871412 -0.266388952 0.264285537 0.353847588 2.280949765 0.402818513 -0.571980549 -1.509075175 -1.215748234 -0.382881276 -1.796645253 -0.866443664 0.094107294 -0.140443631 0.125001224
23.755646467 67.922855112 19.048732648 -0.893089831 -0.117365914 0.432069080 0.043955735 -0.207381939 0.024976102 -1.772393540 1.338748157 0.171932732 -1.096149723 -0.745698702 -0.316720995 -1.524610607 -0.557601186 -1.023709291 -0.874461603 -0.497770307 -1.827140312 -0.404523917 -1.383860809 0.748205024 -0.484186296 0.405655728 0.832450901
22.997030161 63.074430255 12.863930669 0.382301056 -0.103205266 0.832158976 -0.388208725 -0.848311612 -0.261581612 -2.351680174 0.419377546 -0.869949601 0.111247767 1.609998690 0.120793761 -0.337012863 1.344971569 1.303514844 -2.510773925 1.012948896 0.243778427 -0.131286762 -0.314190236 -0.370375655 -0.963632951 -1.103520103 0.360240777
17.506339942 70.643046291 24.648056759 0.563055057 -0.564405452 -0.382994320 -0.466616373 1.862871725 -0.215857293 0.186249580 -0.648633202 1.062569669 -0.324723383 0.373048703 0.210305379 1.503707090 0.687410379 0.463569348 1.260828753 -1.124106025 0.136474909 -0.302058858 0.534625977 0.484607082 -0.960223755 1.417038772 -0.335848429
24.023931203 74.188594899 20.249597989 0.149443732 0.756191525 -0.238189562 0.590852504 -1.763214689 0.715819074 0.615627764 -1.191302152 0.130340552 0.186620537 0.804888305 1.142834790 -0.336128678 -0.994120130 0.508376549 -1.440055760 1.423335790 -0.782700403 0.860205919 1.403528705 0.824468402 -0.605743173 -1.840375821 0.928958518
17.812381957 69.600682858 25.570344888 0.731086377 0.161939985 -0.469025235 -0.468298495 1.262930254 0.615362445 -0.106527196 -0.729200839 -0.208028327 -1.690122348 -0.377098193 0.470363362 0.632051325 -0.451087758 -0.333165080 -0.148655770 -0.612966014 -0.786970576 -0.482405180 -1.130812504 0.616907546 -1.059020623 -1.762710946 0.401738987
20.956123540 74.252135565 15.268624561 -0.097928064 0.478839473 0.494799190 -0.718537832 -0.350124410 -0.213288299 -2.626472841 -0.848735569 0.525109024 -1.045637262 -2.226501444 -1.097579072 -0.129277176 1.048682131 -0.417203404 1.895339456 0.262672466 -1.082393271 -0.622122423 -1.000716980 2.586558164 -0.174511754 -1.258107962 0.451242700
17.610623727 72.190970369 12.640253970 -0.384844452 0.626522618 0.616760173 -0.281017873 1.061868017 -0.337883685 0.478804477 -0.955708004 -0.111583121 0.997119615 0.401910658 -0.412762005 0.105137244 1.132362212 1.843150795 0.229693896 -0.817702625 -0.066731883 0.230443861 -0.299656081 2.045139968 -0.665888764 -0.546518813 -0.884563923
18.844312039 59.354121046 21.745127504 0.026424692 0.419475070 0.595608438 0.684538524 0.506655052 -0.013313088 0.078921821 1.495074426 -0.542163518 -1.067986290 -0.079582874 2.328191639 -0.059566767 -0.110719080 1.345411985 -0.983538489 0.279623094 0.594128080 -0.453056906 -0.258806430 -0.456174146 0.841943872 -1.074509198 -1.187692661
26.543255259 68.636639381 18.718824117 0.469873242 0.596442439 -0.526742301 -0.382123150 -0.373040104 -1.091895049 0.763803050 -0.902597041 -0.424896008 -1.494253770 0.940496408 0.617689631 1.092315949 1.008886998 1.140109032 0.552005855 -0.113889425 0.339461343 0.352080963 -1.222306320 0.558250647 -0.840472386 0.019763597 -0.554597730
20.121970472 65.284172243 21.447778841 0.458478242 0.322778880 0.827638968 0.025004714 0.110056688 -0.456991786 -1.162918183 0.415940764 -1.294548934 -0.235721736 -0.150377147 -0.033150148 -1.413130662 0.499277335 -1.269906690 -1.078439892 0.602283055 -1.421133849 0.337685141 0.795205051 0.024263846 0.140312022 1.149976337 0.554688494
22.232885614 67.674280037 12.967917891 0.903358978 0.407483941 0.033631453 -0.129492551 1.363094311 -1.634027605 0.395184472 -0.159335983 -0.518913612 -0.164208628 -0.076761420 0.686427164 -1.218543044 0.255970494 0.278080983 -0.527445610 -0.625265384 -0.342089275 -0.619764568 1.816486558 -0.057834264 0.779209925 -0.710196232 1.519564564
26.224816304 66.800687399 23.915287911 0.240826027 0.645173015 0.099681601 0.718204834 0.850379950 -0.853550294 -0.890241841 0.022609773 0.497582369 -0.176450909 0.044363224 1.359073905 0.910826633 -0.316283766 0.508278367 -0.149925778 -0.073435236 -0.118401191 0.108106956 0.391805759 0.228253193 0.277820179 -1.619003382 -0.845395184
20.047414389 69.211214631 27.528847523 0.647276025 0.347334813 -0.311939823 -0.602566030 -0.651926539 -0.564840276 1.779621604 1.293146232 0.383342416 1.654092522 -2.331515420 0.763604245 1.572540772 -0.464534109 0.365818192 -0.862651028 -1.329389799 0.013737953 -1.687868643 -0.211065656 0.063101624 -0.509862443 -0.812841911 -0.494227938
25.454730310 77.238586828 19.628527703 -0.625479888 -0.484990770 -0.341992408 -0.506557061 0.301648797 1.727841529 0.026686837 -0.294682834 0.485895869 -1.307214726 -0.919540430 1.250708765 0.539449145 -0.486151821 -0.515252319 -0.212000627 1.636542322 0.433280125 -0.003532019 0.109621112 -0.680756284 -0.380153947 0.365400228 -0.801722185
25.604621483 76.697051594 20.123177586 0.333998410 -0.479791303 0.433112433 0.686045908 -0.528359921 -2.002029039 0.309823062 0.768944352 0.372915361 0.374651957 -0.224809106 -1.427074353 -0.190373150 0.766727926 1.427684671 -1.282641695 -0.313936023 -0.930159250 -0.406463203 0.064583618 0.526947853 0.575810312 -0.408724510 0.705942473
25.163683921 73.578801834 14.031635885 -0.677450926 -0.165469982 -0.415092618 0.584275659 1.069544255 2.558812215 3.280170663 -0.527106189 -0.923888652 0.790637420 1.975174208 -1.276020583 0.100627908 -0.325034263 0.010302931 0.169057575 1.100977334 -0.956289342 -0.762050988 1.583382254 -0.300612139 -0.488028938 0.668751432 -0.667399472
23.598368912 69.664273671 25.579310046 0.623336111 0.400865310 -0.639138265 -0.205575713 -2.223121850 -1.263516322 -1.636479107 0.417200648 0.134146842 -1.311803040 0.507428882 -0.606507270 0.632705712 0.464719204 -0.030269308 1.046784038 0.437275134 1.235442964 -0.623446085 -0.711174549 -2.119186591 0.416745723 0.075377179 -0.730125385
14.241976092 68.029662380 25.332771330 -0.231795046 0.325143444 0.759810034 -0.513070667 0.665816430 -0.072306027 0.764580771 0.794365912 -0.784950077 -2.142078232 2.149862186 -0.530288824 -0.162824137 0.531888776 -1.179781016 -0.052041241 1.410971672 1.019362750 -1.880808327 1.625669097 0.010898961 0.174799324 -1.032140365 -2.451842819
18.056459384 70.678479002 12.764702142 0.469225917 -0.348856554 0.110313355 0.803714569 1.121502186 -1.238921656 -1.030576947 -0.525527142 1.006604872 -1.165591283 1.460275733 0.609494070 -1.314308411 0.684228014 -0.077808356 0.390621936 0.137087344 0.597129907 0.939306801 -0.826829375 0.261958956 -1.718647135 -1.019858081 -1.347490662
19.190818146 67.260183162 16.247995739 -0.709447846 0.605170476 0.344658821 -0.107994194 -0.554310949 -0.186271329 -1.577850863 -0.312126392 -0.363299276 0.349855648 0.204099824 -0.364093686 1.517866224 -0.706621131 0.723304951 -0.066725011 0.730506134 -0.557760682 -0.336455470 0.409947951 0.080135695 1.188515011 0.185338157 0.931040841
15.838532461 67.266325578 14.353953010 -0.007102496 0.788347565 -0.581487632 -0.200822818 0.147096794 0.128458581 -0.909388925 1.547060803 -0.200707261 0.547304739 -2.071918339 -0.721542561 1.398125005 -2.090666692 -0.565256745 -0.042455844 0.007037697 -0.050578509 0.339716620 -0.146382078 -1.172221709 -1.126642239 -0.087900814 -1.811103812
14.442102666 69.179976951 26.192010255 -0.554772448 -0.309773819 -0.685241049 0.355966878 0.334814790 -0.615788010 -0.979486980 -1.513871583 -1.076377780 -0.179820532 -0.255103869 -1.829695332 -0.529011321 1.647516915 1.502333734 1.213360100 0.142687281 1.292781144 1.143264730 -0.048478692 -2.075653316 1.441663568 0.270179147 1.008250146
31.211671149 73.009935169 20.235761693 0.895352952 0.367448229 -0.213713584 0.132858549 -0.662009716 -0.664177866 -0.329819954 -0.933259398 -0.164083539 -0.559476943 -0.343194085 0.554241520 -1.548390442 1.600611097 -0.873873808 -0.191949977 -1.666680174 1.722920668 0.170660781 0.817449700 -0.091812235 1.789986511 0.237095015 0.759362962
17.935408306 75.973179710 24.670421134 0.196552912 -0.953071630 -0.217149400 0.076599995 0.744253345 -1.129931612 -0.350801824 0.078507789 0.975207757 1.103904721 0.466267142 -0.406775131 -0.299012955 -0.226323764 -0.803787265 -0.252970808 1.017623234 0.106739292 1.568319786 0.285244358 0.779874955 0.638482296 0.126722035 0.213606457
16.550100674 70.708934950 21.647789857 -0.225528856 -0.742896467 0.615441018 0.135918825 0.023215802 -0.227350782 -1.239805671 0.494604176 -0.307023076 -1.194111801 -0.649417404 -0.973743918 0.140261640 0.544533668 1.017350036 -0.226566672 0.087996517 -0.805658889 -0.548978228 -0.106138688 1.709613170 -1.705781167 0.845897015 1.493573566
27.084717647 60.118583264 20.460684255 -0.234432316 -0.935143084 -0.202864427 0.171449485 0.152693753 -0.261361389 -1.536929306 -0.705324073 -1.145186507 0.288365514 1.726910242 0.408914655 0.271840806 -0.876315580 0.141100437 -1.279929146 -0.519416344 -0.971807235 1.061590760 -1.112535090 2.380648838 0.944127473 -1.235369793 -0.509671965
25.213265332 62.495861425 13.161100224 0.257599178 -0.615084880 0.066406032 -0.742228734 1.689873165 -0.870271787 -0.493546266 0.452005409 2.038304583 2.354044427 0.746218972 0.128020098 0.021815281 -1.532442281 0.788770914 -1.530085829 2.096253879 0.060964359 0.118534693 -0.883206974 -0.461472029 0.546604664 0.152316395 0.337302974
15.061075462 63.527912467 22.771620303 -0.446722355 -0.300790352 0.487604265 0.687172745 0.081190703 0.324414808 -0.098182669 0.153792314 1.210240129 0.511786544 -2.019192466 -0.248726014 2.143837356 0.290558429 0.701625161 0.053138058 0.586583803 0.055637815 1.557364446 -0.239401135 1.054152258 0.306322132 -0.281235572 0.306295630
23.168567797 76.619815298 20.080756499 0.247202040 -0.551971535 0.667689444 0.434061496 0.189095690 -0.663652727 -0.734071650 -2.503491319 0.812974339 0.342233432 0.412109506 0.015883209 -0.941647957 0.805600098 0.198526449 -1.268258873 -0.967129843 1.205396649 0.298732411 -0.834706802 -1.543853346 -0.477487454 -1.368694145 -1.372522156
27.958404591 70.064866356 19.645400942 -0.687338759 -0.525241023 0.461666134 0.196345814 -0.082723351 -1.986559273 1.618362275 -1.033495728 0.560433285 -0.149015835 -1.470373109 1.174492070 -0.898692556 -0.196285487 -0.828796636 -0.954143534 1.292148335 -0.617281896 -0.396921989 0.314628205 0.677733079 -0.478250481 0.574277202 0.598163413
20.407848867 62.110216870 13.104853569 0.700970013 -0.324320477 0.364690302 0.520056009 0.443149908 -0.261671431 -0.948416114 -1.344422564 0.197076794 0.066928322 1.772336087 -0.515126251 -0.428715842 1.729723020 -0.207539454 -0.186654404 0.559894409 -1.502240828 1.500123931 0.754638102 -0.373588611 -2.032986843 -0.279373097 -0.152404325
16.268526264 62.353741071 20.219909899 0.244605846 -0.414462807 -0.532838677 0.696039874 -1.135155675 -2.129013100 0.921292227 0.237976780 -0.019329762 -1.109819637 -0.875347285 0.255712015 -1.271492287 0.219863021 1.374587988 1.091789472 0.274631213 2.107793103 -0.294946007 -1.973830001 -0.191957541 0.287572050 1.010732446 0.929332599
18.727608492 68.857711876 13.819822057 0.642691663 0.288994623 0.688872216 0.169954710 0.882134698 0.313497577 0.584378642 -1.290399032 -0.147365146 -0.409186680 -1.018948906 -1.095303817 0.858999485 0.502207337 -0.048671615 0.593115304 0.570353369 -0.515715039 -0.217528515 1.099527824 1.168893699 0.988245952 -0.509381701 -3.205362198
16.241144897 66.865505389 24.429544018 0.084973059 0.988583976 -0.102712103 0.070224822 -1.528380841 -0.991082662 -1.074811435 0.264815469 -0.464130594 0.128831598 -0.017172384 -0.210190592 1.151314694 0.306673542 1.571362895 1.781605903 -0.861875658 0.987626232 -1.694225065 -0.146380823 0.360599229 -0.836192454 0.097972874 -2.503028703
18.479403307 72.284931611 22.101862087 0.204877312 0.649660858 0.373202381 -0.629830168 0.151001329 0.653840978 1.617835084 -0.184589593 -0.268705900 0.922114717 -2.069268591 0.063748354 0.426180079 0.108050288 0.446943012 0.403620449 -0.250013332 -0.506194954 -1.471740491 0.065642907 -0.136023151 2.168740402 0.725025266 -1.217368118
23.368052241 62.306041226 20.233816864 0.880037707 -0.419195275 0.121079743 0.187479738 -0.285415086 0.831267075 0.220147967 -1.123168166 0.353394240 0.174497477 0.689486229 0.279713785 -0.524069761 -0.024346043 -0.087642614 0.279129881 1.154740169 -0.584278590 0.057826313 -0.340468834 -0.598089217 -0.259431898 -0.142936915 -0.858428008
18.478587773 60.357743136 22.616564024 0.396886824 0.034254176 0.735780455 -0.547662873 0.587244937 1.970035994 -0.577018943 -1.308064842 -0.840577085 -0.482526191 -1.283516568 -2.505751284 0.543404076 -1.230373675 0.005241565 -1.626665781 0.069447874 0.288550299 -0.170359510 0.662139964 1.289437685 0.640928913 0.329716735 1.502924684
24.329145484 66.620117013 26.124526675 -0.375127234 0.074785173 0.815938184 0.433510803 0.276417001 -1.585214143 -0.531481592 -0.064217078 -1.267466023 0.139979614 0.327717572 0.156309709 -0.819252823 1.043757493 1.180273685 1.030122218 0.208678632 0.889221396 -1.560034769 1.877184257 -0.154947083 1.510175636 -0.190817708 0.121535370
26.025228198 66.766802453 13.314553315 0.402192232 -0.337774128 0.404066983 0.748919168 2.241757621 -1.449307747 0.431657771 0.019268879 0.126809902 2.412170577 0.168701987 0.894664733 1.291546947 1.897060538 0.922736523 -1.761342848 -0.049515774 -0.080135655 -2.113007367 0.273836905 -1.526251654 1.529014258 0.186326991 -0.160689464
18.881382914 63.818264142 15.111965646 -0.859942619 0.104571192 0.339723971 -0.366266544 0.441276845 0.664545278 1.287350228 -0.611798595 0.670928277 -1.425776385 -0.347258224 -1.584089615 -0.126606564 1.446609021 -0.093065957 0.853231881 -0.448811816 1.522788002 1.173946006 1.145859014 0.852707956 0.766718291 -0.681268403 -0.113415956
23.152705945 60.957708813 16.651999173 0.542509514 -0.829616593 0.092996317 -0.093655868 1.607394508 -0.452316506 0.641687891 2.825938977 0.938891562 0.525217612 1.421062300 -0.104066546 -0.725526328 1.152263127 -1.561344607 0.320562420 0.668973805 -0.701225362 -0.325360732 -1.553935947 0.962312764 0.413808140 -0.931350765 -0.364306572
30.334598047 70.592397783 19.734329322 -0.316976837 -0.408476770 0.382791468 -0.765599834 0.836919982 0.416680109 0.045453167 -0.353930501 0.214815166 -0.294509607 -1.357962350 -0.464654078 0.770728118 0.503445658 2.177788854 -0.098553557 1.028910362 -1.230397078 -1.746001375 -0.888391595 -2.384948345 -0.821905000 2.417674160 -1.503060671
24.579098889 69.181711869 16.352978298 -0.663945131 0.201884176 -0.604243994 0.391546726 0.119382061 -0.812771136 0.176008560 0.855987675 0.921893116 0.281916380 -0.927968433 -1.041267852 -0.024140264 0.525886336 -0.152803610 0.043798928 0.573919490 -0.383579865 -1.472980695 0.039685800 0.939513324 -0.922392100 0.634693136 0.808184646
26.342471581 71.356899109 24.955441064 -0.566828604 -0.696362499 0.265969787 -0.350777245 0.530622709 -2.238244717 0.748888236 -1.587339220 -0.693780504 -0.367810354 -0.775766808 0.733023788 0.346787639 -1.080521162 1.651038925 -2.111238514 0.317676302 -1.260263025 -1.626786392 -1.706469578 0.016724336 0.083714405 -0.400656493 -0.198674479
21.069927348 68.179041406 29.687465564 -0.711100915 -0.329668741 0.101307759 0.612691397 -1.694549118 1.851674605 0.106351878 0.735998978 0.554137342 0.465054014 -0.314071403 0.532856193 1.871827828 0.506773768 -1.222486451 -1.208622458 -0.811470365 -1.007576521 -0.692748899 0.823435972 0.421868603 -1.098255609 0.010246634 1.915191972
29.216147997 61.794289742 22.006519001 -0.410456317 -0.447348235 -0.347869154 0.714417399 -0.194876638 -0.400440822 0.167705709 0.317086742 0.597215943 1.564617531 -1.357281838 -0.872109295 -3.446106383 -2.334706249 -0.873234206 -0.760323146 -0.766382119 -0.198348346 1.731395345 1.487043021 0.242793477 -0.702367113 0.435907671 0.636501002
21.488150388 63.471554742 21.571243728 -0.736440739 -0.136068408 -0.631302088 0.201489705 -0.673848692 -0.376076843 -0.140179017 -0.279813887 -0.041961985 -1.291554726 -0.398470980 1.375710091 -1.671135781 -0.393496347 0.807841339 -0.506359990 -0.720812052 1.281443217 1.230723808 1.665302724 1.317428596 -0.286938999 1.193913263 -0.041872304
24.555602987 75.696358925 24.100355754 0.328012926 -0.677134101 0.387955449 0.532341525 -0.318624488 -0.272207382 0.061775189 0.065460193 0.917481056 0.214389748 0.761651674 -0.918451257 0.091109456 -1.386045217 0.540453548 -0.749788666 -0.697701861 2.028962427 -1.183564312 0.956808142 0.375260837 -1.530305272 -0.298761709 -0.144084516
26.196378352 67.699522581 14.694723204 0.735007623 0.172605808 -0.645202210 -0.116983490 -0.070301762 0.413058944 0.639219234 1.131317884 0.501460418 -0.187121285 -0.433822243 0.591292864 -1.341138219 0.321630876 -1.526767160 2.440369662 0.349628822 -0.230280043 0.186805888 1.124687047 2.262554295 1.303597308 -1.879736368 -0.911506950
17.496150434 64.862656048 13.359700749 -0.006207577 0.634143893 0.453883197 0.625949705 -1.153417641 -1.803400470 0.050378569 0.923122103 -0.334304195 -0.978691058 -0.646230018 -2.969919601 0.195812722 0.641504447 0.738463988 -0.700477596 -0.715856608 -0.386758049 -2.411174725 -0.029324159 -0.629427694 1.123999239 -0.881493066 -0.426121610
18.117983766 66.646430294 16.893303736 -0.951650754 -0.199593529 0.232936028 -0.016250312 0.282314392 -1.073333969 0.084392886 1.295279794 2.085194641 0.728742737 -1.794779178 1.427230577 -0.206903050 0.463069165 -0.846822680 -0.571928040 0.478433731 -0.231180835 -0.568901050 0.550692074 0.094156322 0.723212718 1.065460128 -0.338510018
26.426072620 62.284039729 25.559140057 -0.284185724 -0.218847419 -0.657132373 0.662964046 -1.033697075 0.939500178 -0.193150423 1.831159230 -2.549032409 -0.310776514 0.853730978 1.603710122 0.203641248 -0.409902926 1.072486124 -0.041089527 -0.634096092 0.477455813 1.123377725 -0.223983802 -1.425869712 0.447687590 -1.218585164 0.520785634
28.731020856 66.022263964 16.772439164 0.016968145 -0.100315050 -0.728658717 0.677277968 0.471207475 -0.498565512 0.546147020 1.200605436 -0.764745740 1.503778052 -0.060208100 0.435135538 -1.276940074 0.706605616 -1.250005390 -1.056998751 -1.505401044 0.703249120 0.992048429 -0.256691357 -1.901667941 0.564129779 -0.173930866 -0.636620529
27.193253262 63.332568885 22.102332044 0.166635897 0.727584281 -0.257701810 -0.613549810 0.823964423 0.241632498 0.459501924 0.931112644 0.700549471 -1.931929813 0.840961780 0.561760220 0.173350082 -0.612480568 -0.957134461 -1.054406547 -1.382793267 -1.208303015 -0.108270394 1.306434583 -0.291863876 0.369524939 -0.355192585 0.195854034
26.790908196 62.799891966 26.919047955 0.622935501 -0.611266025 -0.131274982 0.470183037 -1.410769517 -0.504907039 0.201634290 0.706364058 -1.011177968 0.367255430 -1.679469116 1.448749657 -0.423442541 0.657909220 0.962328049 0.011879018 -2.552672081 3.631505817 -0.352673090 -0.797862534 1.757848718 -0.426002183 2.013628069 -0.027853274
14.854692534 71.384688284 21.810612632 -0.764060921 0.247165626 0.577517599 0.146947216 0.995108598 0.637132584 0.119442305 -1.428860080 -0.127047253 -0.616174041 0.781075947 1.178706705 -1.979912203 -0.384365409 0.970093945 0.003197443 -0.516590865 0.106516655 -0.015909477 -1.542239476 -0.206574180 0.214283244 0.588145942 -0.170239027
21.254780053 75.165079481 16.600327934 0.250424301 0.735345257 0.533487623 -0.334583292 -0.713657234 0.071713090 0.810881778 -0.858072087 -0.377266470 -0.447472513 -2.477477528 -0.050023573 0.522943191 1.391437746 0.837587582 0.215189567 -0.651091513 -0.989088170 0.557895322 -1.035581260 -0.635992000 -0.276490291 1.122548493 -0.642631618
20.795421387 75.082351253 22.754778671 -0.313608234 0.893860007 0.262462263 -0.183787172 0.687752159 -0.580912949 0.067936932 0.469490417 -2.601554167 -0.533707558 -0.031307255 0.023082086 0.836966780 0.947846348 1.522725408 0.379540128 -1.148683427 -0.383356316 0.190786932 0.776573327 0.465474657 -1.298645489 -0.696295181 -0.928441064
21.972270377 72.268670623 17.743810768 -0.046112263 0.460309587 0.514425243 -0.722049453 -0.844007922 1.767292648 -0.311636062 0.625648404 1.432301696 0.228151700 1.487422268 -0.949325758 1.096182656 -1.248342526 0.068889011 1.747779973 -0.316761273 -0.054154202 -1.180682137 -0.982841923 -0.382518216 0.338655794 -0.542786441 1.421797362
31.700077358 70.985984317 21.178395341 0.444219264 0.553970751 0.262266902 0.653453690 0.676243658 0.745151858 0.215537792 0.079933822 1.052663714 -0.426411861 -0.247869245 0.592130787 0.001667415 1.026668561 -0.793366268 -0.873673211 0.594596651 -1.423112615 0.787453413 -0.569380902 0.929174267 0.216816561 -0.790497874 -0.563650062
23.344503432 62.259910127 19.039141345 -0.188649938 0.156732216 0.830105532 0.500770426 -0.534103812 0.328289610 -0.112288113 0.766786979 0.554091326 -0.936309632 1.013744649 0.950287847 -0.845398781 0.326445017 1.593012437 -0.473965631 -0.683809086 2.027356928 -0.452519068 1.681981837 -0.126203778 0.351305869 -0.678997868 -0.520193095
24.556992788 72.542517277 15.803420411 -0.034338231 0.510000722 0.706540136 -0.489409017 -0.266118117 -0.968537248 -1.552134116 -1.276141349 -1.256647371 0.269336519 1.135324095 -1.358468982 -1.649396739 1.305322589 0.831963750 -0.335932496 -1.419093987 -0.295607481 0.586851094 1.034271061 -1.507595097 0.219857071 -0.016597276 0.313945840
24.172151542 72.705196477 27.104114113 0.448828118 0.291035273 -0.843094139 -0.055173020 -1.348039022 -1.643529245 -0.474002117 -1.430766172 -0.032054686 -0.008898689 -1.724001098 -1.412820745 -0.341881947 1.607519615 0.167723029 2.174650019 1.373524063 0.411997671 -1.719667324 0.105694079 0.992544568 -0.944435270 -1.103169584 0.057493334
16.771344113 62.321574312 20.509791828 -0.382667985 -0.073723885 -0.286222248 0.875332409 -0.130454476 -1.262340834 1.431970929 -0.600195012 -0.565000434 0.257434224 -0.242426571 -0.309390814 -0.000388921 0.674398451 -0.301226876 0.310667561 -1.303098810 0.485338893 0.236976090 0.506047191 0.111205824 -1.979989190 0.671445772 0.108051160
22.007506243 63.244954703 27.165361825 0.559639963 0.518401480 0.638446444 0.102221111 -1.883350952 -0.277024813 -0.025051506 1.027626475 -0.504272852 0.535185201 0.559015802 -0.404702037 0.970835411 0.041719336 -1.333893471 -1.711238983 -1.251009218 1.466040994 0.946705078 -0.455267605 1.176117091 0.750175015 -0.279558772 1.654627711
