-17.134594504 13.102920208 24.976110484 0.275694738 0.420874522 -0.408970835 0.761314589 0.498460831 1.243993791 1.640117245 -0.782280858 -0.034409433 0.389376896 1.017106865 0.025294691 -2.324393025 -0.426210565 -1.028385463 -1.580172624 0.215371289 0.933728112 -1.281815951 -0.477237004 0.668059944 -0.979178714 -0.184511759 -1.236247289
-24.449205833 16.408445274 30.078125705 0.758344749 0.185429457 0.521534279 -0.344283536 -1.396820416 -0.583292256 1.650878606 0.275323355 1.083649644 1.699886743 0.410598740 0.741411585 1.290104546 -2.331001539 1.588940921 0.557363750 0.013003206 -0.767566434 0.211631478 1.535868915 1.044967438 -0.901237844 -1.383531823 1.183397052
-14.488396994 21.727089250 19.284564285 -0.503805684 -0.461777427 -0.043812318 0.728712509 -0.391665510 -0.209405456 -0.580038532 0.726476438 0.739435039 0.825879720 0.009603925 0.648725680 -0.540167081 1.388630632 0.691657303 0.728295575 0.944692879 0.208586920 0.093902157 -1.037348459 0.780774286 0.523794383 1.055929421 0.284387184
-21.929902429 17.391514308 14.236647276 -0.495117803 -0.521776444 0.653323365 -0.236170031 -0.586024680 1.092167842 -1.465170917 -0.689898000 -0.813521396 0.515529617 0.205614891 -0.441164243 -0.158415021 -0.069048746 1.367155060 -0.374655861 0.090795205 -0.855191679 0.884347699 -0.583417738 0.539287363 -2.328246043 0.558111991 -0.864819388
-25.521894286 23.290221753 18.022898023 0.384281633 -0.780425355 0.097969976 0.483389880 -0.043018893 1.149273236 -0.170295430 0.683180612 -2.310334724 0.100685781 -1.524008440 -0.630154684 -1.094437545 0.555500296 -0.330505735 0.433754587 -0.603589186 0.412321255 0.088258558 -1.190055165 -0.716383552 0.480143838 -0.296273571 1.130110094
-24.999123326 26.306990818 26.935472064 -0.407491214 -0.291038717 0.863897231 0.054119771 0.773916590 0.224061017 -1.012166640 0.248818682 -1.680209097 1.156809805 -1.216369685 -0.091760309 -0.206997836 0.625844016 1.040203845 -1.178936907 -1.053815857 0.185811206 -0.898513316 0.169384890 1.539324968 -0.057444154 0.374831612 -1.619001167
-16.027570429 18.989740576 26.725783247 0.197082059 -0.179409947 0.945498009 0.187094223 -0.382110153 1.052042829 1.791654089 -0.389819649 -1.231983435 -0.831018681 -1.546062477 -0.820798494 -0.322468907 0.520184252 -0.099345030 0.940407188 0.970557535 0.612045524 -1.298862674 0.073713009 1.452415467 -0.059042537 0.736755741 0.140714001
-22.092129383 18.861221694 20.792700072 0.108505790 -0.098902253 0.813395511 0.562878834 0.846220246 -0.520079324 0.047003963 -0.784028842 0.386587408 1.676276520 -0.104483360 0.053572815 0.031474135 0.041016933 -0.788508326 -0.961644393 0.293198318 0.618355488 1.023482971 -0.999467922 0.262668767 0.634705182 0.208472967 0.027362877
-24.721490398 13.028742285 23.789524676 -0.307071629 -0.004750428 0.951674126 0.000898075 0.954217430 0.831378443 -1.555041575 -1.424986105 1.210205276 -3.036618069 -0.093632050 0.314921696 0.420114567 -0.040448592 1.025099577 1.167328090 0.918728303 -0.628419278 1.990087464 -0.581786658 -1.554909640 1.683438597 -1.384838250 -0.188201317
-12.960063036 21.651104630 23.715492181 0.284817170 -0.113719455 0.310566559 0.899719666 0.484151409 1.026875700 1.142088712 -1.271417387 -0.620415604 0.882804110 -0.928028181 0.566297694 1.516902054 -1.078653539 -0.498422375 -0.780013786 0.802151929 -2.324955031 -1.792463905 0.336618081 1.094289016 0.728248716 0.666609912 -0.176767874
-25.189163148 20.014561733 21.451907531 0.285832517 -0.503426605 -0.257618455 0.773624041 -0.394528609 0.056430078 -1.831259226 -0.863131520 -0.748142352 1.534715831 0.937707160 -0.384342860 -0.744532560 -0.274733329 0.089251827 1.122064529 -0.149355065 0.300918199 -0.317568828 -0.774639455 0.907912284 -1.047681403 0.859129111 0.075058028
-22.673128504 15.082935834 28.374477013 0.734862150 0.367145092 -0.102928706 -0.560881257 0.265111670 -0.530491972 -1.066434486 -0.324162536 0.005786512 -0.485404193 -0.051568304 1.883243761 1.199569581 -0.223628121 -0.617368713 -0.278824520 2.143975620 -1.095868811 -0.370297669 1.034027570 0.082420663 0.433326561 0.945738865 0.264490025
-16.275715649 19.179133789 21.453583102 0.493549821 -0.812188398 -0.300384952 0.080792707 1.506919497 -1.967638547 1.373415170 0.211627860 -0.661796911 -0.772879690 -0.426230876 0.847664387 -0.508341564 -0.210937339 -1.032754969 -0.392146462 0.344189370 1.168088383 -0.146711802 -0.432241705 -0.349484378 -0.188355592 -0.394424746 0.201039798
-25.569263442 29.237161500 21.729962366 0.557130323 -0.581591413 -0.235173560 0.544105347 -1.604108708 -0.083812620 0.245188757 -0.038445194 -1.283021372 -0.049409362 -1.839185244 0.355294187 -1.042610974 -0.050323739 -0.387638135 -1.044192892 -1.908830951 -0.550195040 -0.152026855 -0.557993960 0.294062953 -0.134926263 -1.137189811 0.457726377
-18.336491298 17.929069481 21.132340974 0.126126328 0.898205566 -0.192004258 0.374770965 -0.945236013 0.220394435 -0.264111124 0.189895811 1.010712654 0.301592268 1.129084794 1.032098386 -1.241204883 -0.317826841 -1.208547141 0.885451216 0.342568398 -1.411082797 0.038333635 -0.077857603 0.303369450 1.238305901 -0.097351467 0.075496162
-21.853840950 14.870296850 24.973054725 -0.382423541 -0.160807881 -0.889086112 -0.193439772 -0.176783869 -0.759178251 -0.851477160 0.299979753 2.073700989 0.206420237 0.078740267 0.206313901 -0.281502726 -0.681194871 -0.812690466 -0.143087273 1.828222515 -0.874930661 -1.227516610 -0.250814930 -0.454035906 -0.245963789 0.988360840 -0.540097995
-15.814738525 18.625301448 21.689276291 0.211767032 -0.255735256 0.366251089 -0.869260802 -0.416528948 -0.043438860 0.894748710 -1.085250440 -1.030128000 0.685875668 -0.113334191 -0.701172081 0.531913203 -0.129721060 2.349351288 0.429439224 1.033083957 0.693629117 -2.239462642 0.410624543 0.961566809 -0.343591582 -0.171834667 0.007619788
-20.659315921 23.970246766 14.190704309 0.552268240 0.767358337 0.051460314 -0.321734066 0.102621819 0.032383797 -0.224069569 -2.742555429 0.831065838 0.985676276 -0.994198419 -0.372063107 -0.138205599 1.980186743 0.806308644 -1.487450804 -0.211622144 0.035357616 -0.273884901 0.664506538 -1.426153861 0.580969256 -0.682892539 -1.464002125
-28.721858711 24.003299397 22.783458065 -0.263466080 -0.192517228 -0.389261534 0.861393173 0.035124850 0.689829098 1.347038306 -0.218069552 1.094159441 0.166931422 0.746732431 -0.011699175 -0.113169700 -0.301999989 -1.318526265 -0.017676573 0.018163512 0.512666252 0.222805862 -0.596338833 0.696439581 0.542613396 0.421071000 0.149638901
-25.311683648 25.432021528 30.258721872 0.471784142 -0.161816613 -0.488734821 0.715802613 -1.023528071 -0.751739257 -0.584335914 0.213461851 0.794640142 0.464035430 -1.395239430 -0.227882768 0.051880505 -0.709436560 0.178600445 -1.843788868 -0.337281063 -1.789004665 2.648303763 1.275342075 -2.265565529 1.662234963 0.396138028 1.900297771
-18.138582862 22.291232589 28.734372904 -0.429193831 -0.560298957 0.198256495 0.680111826 1.765337292 -0.634936659 -0.526542654 0.328569737 0.387930922 0.277806433 0.925150086 0.152035638 -0.066495847 1.644178419 -0.295319701 -0.842236328 0.010309488 1.651824603 0.020873501 -0.896474837 -0.801178321 -1.550119038 -1.125532556 -0.013648876
-28.316330982 18.735058422 19.529637752 0.004787841 -0.749153718 0.559927321 -0.353874524 1.126719773 -0.149008057 -1.115014981 -0.544525036 -0.792447136 0.885081163 -1.904755826 -0.616130951 -0.567285956 -1.082852915 -0.809197673 0.364835539 1.441585145 1.295391857 0.523505745 -0.471097370 0.429565069 0.118342828 0.723415120 0.432787976
-13.771236110 26.163972872 18.514731378 0.529197180 0.333413623 0.130177273 -0.769311106 -0.888593153 -0.932385182 0.322481568 -0.756762535 0.284403320 -1.111248093 -0.500127828 -1.301440037 0.515765395 0.581036919 -0.481468781 -0.743935950 -1.164948405 1.508068918 1.658938355 -0.424643247 -1.116977931 -1.252780246 0.517654081 -0.894945778
-15.972218658 26.029961169 18.196697432 0.268865126 -0.347251534 0.811636071 -0.385194503 -0.060611967 0.684752861 -0.374426920 0.639911090 -0.078230310 0.072374323 1.615462739 -0.304438233 -1.703534744 1.144063832 -0.304907956 0.066149350 1.123634810 -0.102921514 -0.202999954 0.268459290 1.059540871 0.413356704 -0.157810157 -0.130334383
-17.232991994 26.011400240 23.253237471 0.755915898 0.581012455 -0.199461664 0.226342057 0.497736703 -0.423207116 1.073093167 -0.207357397 -0.777520245 0.585173343 0.434688686 0.096516331 -0.103603511 -0.492251758 -1.888370227 0.793767612 0.592669516 -0.413124550 -0.810739000 -0.419125009 2.466729453 0.468367029 0.782476903 0.315396288
-16.245364344 15.518258844 26.000233818 0.415552412 0.406366417 -0.533551372 -0.614414731 -2.014307254 1.463983682 0.902201004 -0.802552829 -0.858364889 0.880550040 -1.662355951 0.853830188 1.154131419 2.350084324 1.085902543 -0.268357061 1.386581672 -2.188101033 0.536734522 -0.287863889 1.413806454 -1.051718144 -0.287290709 -0.478537137
-18.729632353 25.980365269 19.093716842 0.011685946 0.423347412 -0.088974198 0.901512063 0.130039352 0.560124987 2.069734983 0.602144127 -1.960806439 -1.524515383 -0.392950766 0.207991255 1.037421762 0.401419617 0.034081440 0.867603133 -0.183606940 0.071342781 -3.098468870 0.634854632 -0.490776572 -0.679859332 0.108268459 -0.402822614
-17.020926345 20.282065418 19.413151364 -0.419043680 -0.574833343 -0.588641544 0.384018430 -1.734305827 1.428230529 0.638444820 -0.285562852 -1.746668534 -0.901631812 -0.196235274 -2.085596232 -0.651933630 -0.126379025 -0.214176185 2.576832483 0.651647049 0.037646923 -0.163426367 -1.652689446 -0.504928173 -0.049552794 -0.493527513 -0.170337777
-23.693154026 19.872207639 19.453757427 0.228184646 -0.119797591 0.848734043 -0.461769238 -0.093354450 2.152214626 -1.424293483 1.092111565 -0.843715335 0.993045360 1.096759063 0.819195586 1.176836927 -0.456923798 -1.077028020 -0.768006907 2.805773570 -0.288435764 0.362106805 -0.248718601 -0.225427227 -1.828170119 0.006169700 1.174701468
-26.170249603 20.620933617 18.886703462 -0.234549227 -0.532706252 -0.779430529 -0.231729925 1.575612529 0.393814922 -0.709335978 0.729059617 -0.152766122 -0.757765567 -1.031277164 -0.552624206 1.942829034 -1.772032987 -1.663853897 -0.966230583 1.211074755 -0.232517415 0.325334745 1.015105482 -0.118862871 0.167046897 1.420931876 1.638956959
-17.151923045 16.177522891 29.410908421 0.015044632 0.842470224 -0.532213704 -0.082256633 -1.041417368 -1.684134823 0.653095452 0.335492279 0.812943759 -0.072547215 -0.498694617 -1.640060106 -0.256422913 -1.168614336 1.716780807 -0.382014232 -0.926023279 -0.905670955 -1.332275019 -0.311975001 0.843437640 -0.343738660 1.757286903 -1.860580202
-29.946718934 19.736305292 20.334257317 -0.896213956 -0.099272458 -0.425651514 -0.075936248 -0.161550563 -1.038663344 0.745840184 1.584213683 0.058016692 0.026259540 2.164527327 -0.179061294 -1.425130828 -1.088713996 0.828985134 -0.517815857 0.582433818 1.769344264 -0.347653274 0.723160330 -0.600924962 -2.081609529 -0.629822834 2.423001569
-24.877575960 25.623380758 16.413701269 -0.619132241 -0.138086852 -0.668668104 -0.387930736 -0.548188707 0.402738390 -1.070027543 0.370880893 1.303112368 -0.446502707 -1.270004434 0.508426680 -1.691290294 -0.112689362 -0.700662907 -1.504552362 1.115780789 -0.367247452 0.026361497 0.584352331 1.028740755 0.667253503 -1.491893272 0.668022470
-24.760490911 28.521854988 21.363285001 0.846264524 -0.520497354 0.041061018 0.105985156 1.470662001 -0.254562390 0.642019522 2.637283727 -1.144203269 0.889027447 1.266894153 -0.817127893 -0.352165375 -0.466273430 -0.974500511 0.277694101 -1.059959561 0.399457908 0.192051892 -1.701859265 -0.378197888 -1.651128178 1.125454379 -0.271857708
-22.513456624 17.321683608 16.190690890 -0.678335288 0.416907827 -0.143063693 0.587862128 -1.443254727 -0.115179618 -1.427416931 0.792740144 0.229980489 1.586381887 -1.664300655 0.759837559 -1.229459451 0.176634293 -0.657945523 -0.608641340 1.239065483 0.035067861 -0.159279116 -0.662666278 0.001464959 0.589631913 1.297600066 -1.410329680
-15.637085726 20.244892784 21.279967294 -0.547512729 0.044107706 0.448570654 -0.705030985 -0.653439660 1.174578623 0.301357564 0.802100814 -3.055003142 -0.705752291 0.478500691 0.023591644 -0.044505375 -0.432333548 2.410888756 -1.352480222 0.078468860 1.630389516 -0.049733200 -1.510437005 0.023740359 1.090680825 1.930621465 0.107604907
-18.223091217 27.661498576 16.375871314 -0.262710299 -0.066063218 -0.150656223 0.950747944 -0.299953519 0.315071543 0.990301833 -0.239350188 -0.278653122 -0.228191957 2.232056091 -1.390543492 1.683479459 0.234418602 0.262067813 -0.963026577 1.136189248 -0.344781429 -0.783968800 -0.131032570 -0.088899871 -0.798465793 0.036986266 0.160191068
-19.916576430 20.296262064 23.082359296 0.204640618 0.127814464 -0.895601994 -0.373741553 1.268581673 1.304288338 0.414232454 0.132725063 0.524568138 -1.307241779 -1.184483945 -0.956477380 0.199542370 0.612692268 -0.831010496 -0.337819694 -1.538718812 0.390684386 -1.287870352 -0.432614820 1.159192163 0.868572092 -0.407748248 0.938012398
-15.344865251 18.365240112 25.502665474 -0.685949906 -0.267288267 0.417604651 0.532574938 0.858001923 0.626632646 -0.407061886 0.167807986 0.311991941 0.270956777 -1.302800055 0.112574085 0.986304009 1.172955066 0.966608863 1.088907462 1.066385274 -0.496676041 -1.900922008 -3.195176613 0.337799393 0.924257889 -1.799368971 0.586568353
-18.060009899 14.831297504 24.031354723 -0.482808556 -0.001322927 0.792779383 -0.372014783 1.727628959 0.481805942 0.740074829 -1.992188367 0.807490923 -1.335469042 -1.377186965 -0.513753311 0.290070738 0.969421836 -0.130022526 -1.329999074 0.500361654 -0.017643661 -0.712580635 0.977471764 0.463273239 -1.196549460 -0.483191629 -0.987566153
-17.523852924 26.475243629 24.719159957 0.556434771 -0.555456826 0.028839704 -0.617265204 0.156457451 -1.998717101 1.425182292 0.178567803 -0.153707052 1.254608186 0.114423761 -2.306128177 -0.487294144 -0.100531761 0.517371350 0.849034557 -1.710194659 0.935214835 -0.752351134 0.922616848 -0.750660726 -0.084878350 -1.489921998 -0.845179095
-26.958162099 15.012993341 26.045999662 0.450301701 -0.516918677 -0.411220236 -0.600767324 -1.093077570 -0.009231423 1.318059819 -0.467011606 -1.386779020 0.476984854 0.376084270 -0.494517749 1.128566875 -0.301936174 -1.198834309 -0.289553791 -0.444496711 -0.917223914 0.905922315 -0.054320990 -1.886659983 0.800177234 -0.710677138 -0.775282742
-24.868400406 24.589707363 17.032587433 0.292317650 0.283037933 -0.427785086 -0.807118232 0.379774467 0.499659834 1.387807281 -0.490198431 0.341466455 -0.437140601 -1.794590821 -0.543926628 0.738426420 0.857770832 -0.039801234 -0.536299419 2.053941248 0.923209857 0.756052911 -0.687243872 -0.778329504 -1.174889079 0.080628124 -0.513190096
-15.832826339 22.750377425 18.085043768 -0.209067732 -0.776363286 0.180273065 -0.566614820 1.396143284 -0.470755254 -1.739092332 1.859663453 1.013107529 -1.999771769 -1.210244997 -0.217006799 0.430540364 1.192017692 -2.738807156 0.024745064 0.731562258 1.104375770 -0.547547054 -0.057360132 0.501819296 0.849670037 -1.288640219 -0.271155839
-25.365513817 14.846450088 19.852829379 -0.328587974 0.115868241 0.828608572 0.438192114 0.618506635 -0.013454482 0.965142076 -0.895486412 0.719527911 -1.522487295 0.697819403 -0.833702591 -0.306021362 -0.069545696 2.185213016 0.553787348 -0.003487694 0.773704365 -0.411466587 1.412425922 -0.107737549 1.992468962 1.071379790 1.596304038
-15.419299322 22.607372373 22.074258310 0.282168544 0.475008694 0.664277303 -0.503471269 -0.858886143 1.349565345 -1.013269334 -0.022097974 0.579831739 -0.837181517 -2.565636071 -0.188759584 -1.406287079 0.358606411 -2.326058981 0.333117331 0.133532100 -0.356053440 0.361581062 -0.063454533 1.723425740 0.325855607 -1.881545928 0.205597056
-14.756968858 18.594987813 29.459413812 -0.370502022 0.787206757 -0.490256708 0.051789311 -1.314333297 0.882982859 -1.950334266 -0.066296774 0.897247866 -1.283653231 -0.647902553 0.399414482 -0.260878932 1.809832133 -0.770928484 0.141788008 -1.833740839 1.048093572 -0.064777768 0.318936865 -0.590069874 0.591104474 -3.359797275 1.031451511
-14.385821068 17.858967261 16.836262886 -0.693510435 -0.423284497 -0.146739203 -0.564217261 0.061567937 0.243748960 -0.831572965 -0.367829086 0.082189314 -0.919131811 -0.627685560 -1.219423255 0.845916945 1.089020036 1.897652697 -0.099677962 0.026278478 0.980402770 0.389255839 1.184673922 1.332455270 1.301624696 2.229816581 1.030411029
-18.331939684 22.246760698 27.938265826 -0.413847455 -0.308860841 0.743617914 0.424697142 0.130888927 -0.012374823 -1.835891925 0.666262197 0.512393507 0.444499716 -0.315924063 0.024530264 0.729288716 -2.207396039 -1.087105630 -0.971864100 0.813597298 -0.338074411 -0.989203582 -1.471364134 0.969621156 0.697876501 -0.049308556 0.020753465
-19.494999756 18.307905392 23.354805782 0.816332370 -0.164601799 0.088453907 0.546519547 0.842270544 -0.219064766 -2.351509439 -0.119205907 2.282741568 0.220396107 -0.144331143 -0.936302220 0.427411354 0.453839076 -1.248132790 0.570303330 0.339943787 -1.128829492 0.248957333 -1.121485186 -0.430614602 0.973660303 1.343615464 -0.252399313
-18.261134090 18.309171264 26.635150906 -0.857073883 -0.368874082 0.087082591 0.348959730 0.044534371 -2.390686837 1.725288194 0.109899172 0.859358179 0.623027672 0.700559073 0.024229456 -1.107843682 -0.920902809 -1.335302534 1.046087748 0.024916292 0.383121667 2.285453526 0.732505454 -1.996476994 1.151848199 1.494178375 -1.582919286
-21.844028705 24.333618206 24.666320393 0.456706576 -0.322567456 -0.630402942 0.538480706 0.335596958 -1.274770964 -1.722068990 1.476565237 0.233840999 0.162348536 -2.217702230 -0.874357178 0.816726585 -1.310874151 0.409951689 -1.461892490 -0.527494914 -0.980845966 0.892675082 -1.326141506 -0.582541809 0.118692314 -1.098333708 -0.344224726
-19.992390423 26.355057242 14.540953735 -0.838661458 0.342778571 0.417058557 -0.072193981 -0.235858827 0.932466533 -0.528691904 -0.722169134 0.781051031 0.382276775 1.451056851 -0.379034989 0.950590189 -0.215947883 0.726180200 -0.205515652 -0.406365486 0.882080391 -0.144383895 -0.518858588 0.272399447 -0.498780620 0.302962320 -2.630617710
-14.782442932 21.214468179 23.278356911 -0.288677470 -0.275156707 0.650392868 -0.646485283 -1.758163609 -0.031487412 0.985734955 0.568721386 2.067141675 -0.380863445 1.709669422 -0.692817487 0.304386958 0.449283820 0.220703073 0.907761875 -1.254124779 0.998542520 -0.307929742 1.684210253 -0.432037213 -1.127086459 -0.080035676 -0.201260944
-17.749379873 24.545659172 20.738796039 0.256917321 -0.103858677 0.133875318 0.951464274 0.040130408 -1.243889660 0.307350395 -1.514200922 -0.709559944 1.126285717 -1.164259410 -0.952666001 -0.464335321 -0.268177993 -0.843829606 0.827002236 -0.414636473 -0.625676751 -0.795740868 -1.006720172 0.792710022 -1.045569659 -0.314261827 -1.206507168
-17.688155849 24.506857117 24.772477794 -0.686446661 0.442776677 -0.120340259 -0.564143615 1.034059415 0.135133051 -0.383138244 0.277004116 -1.062988621 -0.265455093 -0.098222926 -1.514060488 -0.039166072 0.183245746 2.279339845 -0.534429960 0.148627300 -1.149917203 0.151289239 -0.736296835 -0.495123030 -0.215499946 -0.773060652 -0.223773560
-17.895871550 23.214878725 23.790629497 -0.773090654 0.072480357 -0.629998500 0.013391363 0.984788399 -1.908610845 -0.428900745 -1.344714830 1.101885561 0.230580246 -0.294260294 -3.327470947 0.499037897 -2.086713645 -1.509547936 -0.247640327 1.275347450 0.746612567 -1.214627464 0.187337066 0.652889848 -1.388149399 -0.925044456 -1.320860776
-27.398690748 21.907010156 28.785896111 -0.234253707 0.031659894 0.964862703 -0.114729313 0.001480929 1.723117748 0.123298085 0.640344388 -0.904908086 0.238490641 0.640928413 0.083270184 0.897500268 0.273062592 -0.152497184 -1.666442500 -0.244803847 -2.418497829 0.965779583 0.381956201 -0.482632640 1.881970088 -0.634367909 0.667715524
-17.620455685 21.246388445 20.376081189 0.460203870 0.732388162 -0.497999345 0.061778882 -0.737173959 -1.633633950 0.402296492 1.267292933 -0.174425962 0.882835692 0.944187663 1.725149693 0.045328891 0.561665065 1.386614009 0.696664529 1.003628438 0.189547780 1.450483078 0.653812156 -0.413469412 -0.550118437 -0.506880888 -1.977284635
-19.807745370 17.965544037 15.534764416 0.772256994 -0.510054642 0.377728513 -0.028010160 -1.020829853 -0.714278285 -0.849681750 0.887590067 -0.780510231 -1.458720293 -1.033180475 -0.116559937 -0.465507523 0.327307604 0.471611963 -0.385312321 -0.836044798 0.996359463 0.016076182 -1.629268680 0.513705867 0.299294031 -0.947176100 1.257794227
-25.737578221 25.565829164 23.272684411 -0.005737915 -0.395748785 0.888754067 -0.231227559 0.931908927 0.228060118 0.232266135 -0.088672760 0.263467101 -0.356231803 1.563534291 1.188904772 -0.501131348 -0.514842642 -0.542404876 -0.843119660 -0.746730739 0.059993207 -0.219060051 1.797217065 0.082406694 -1.710084859 1.024937533 0.086326326
-12.608319128 17.783584505 22.509825391 -0.228654056 0.631189522 -0.671365675 0.313982867 0.653328830 0.360501665 1.898786938 -1.613382701 1.116901184 0.355937826 -0.772414233 -0.124044322 1.272121051 1.072100350 0.344294149 -0.420863047 1.161832669 -0.052944830 -1.900524796 0.250381753 0.344991237 2.428859932 0.471487354 1.194339441
-24.995435327 22.098478219 16.227303165 0.366706823 -0.564996881 -0.497027562 -0.547054140 -1.007985422 -0.354870276 0.253734449 0.591901182 1.350135207 0.334174246 -0.887375455 0.330604191 -1.278226723 0.011854398 -0.211542119 -1.016083467 1.124010735 1.325631807 -1.201340127 -0.066152748 -0.826180155 0.225127394 0.589702328 -1.424731401
-21.230896279 14.654070233 18.171297839 -0.754338297 -0.643691611 0.083839997 -0.098008671 0.846393081 0.282103776 0.388223838 1.929869613 0.539316280 0.009499989 -0.537780838 -1.130704407 0.857910345 -1.577654091 0.009041073 0.300538078 0.017294767 0.371546853 2.181977923 -0.348575757 1.810750244 -0.192592222 -1.152731497 -1.136077551
-19.847289940 28.934360072 21.918675844 0.070766363 0.418231560 0.888794832 -0.173546050 -0.402789729 0.115265184 0.057902859 -0.090929868 1.063330212 -0.280049934 -0.492306049 0.124509238 0.452161203 -0.353722209 2.631851888 1.131073789 -0.792895474 -0.557246507 -0.404549949 -0.188156708 -1.139739307 0.401363430 0.148160318 0.858167677
-30.624571704 22.295629067 22.024636465 -0.544127174 0.700823809 -0.398921925 0.231587794 -1.162868120 0.856353454 -1.214768302 0.992466927 -1.253565237 1.712197789 1.881151768 -0.482225383 -1.344813673 -0.588678244 0.402630457 -1.627547635 1.413523603 -0.911383381 0.686969980 -0.799676497 -0.136274658 -1.644298112 -0.054935794 1.319271062
-25.621551187 24.520862782 25.144040376 -0.582137504 0.610277276 -0.048761046 -0.535070026 0.004216578 0.603533871 -0.611035393 1.264710726 -1.352020668 0.681274821 1.010809779 -2.149982430 -2.249726472 0.776343811 -0.330284451 -0.925558964 -0.434985565 -0.131100263 0.714397719 -0.582138999 0.784627843 -0.058881309 0.626980517 0.771485337
-24.478245878 21.845546296 19.661818670 0.155582941 -0.846457333 -0.016107874 -0.508964113 0.490670861 0.810822228 0.079557033 0.443636462 -0.791782144 -0.584891068 -1.376905977 -0.602579275 -0.136459237 1.066845027 0.593253268 0.905701999 -0.228225926 1.695413723 0.491790374 0.364066192 -0.722625164 -0.660952570 1.594431538 -0.217200247
-13.215666783 24.787970839 25.243987840 0.386291486 0.824365057 -0.101958319 -0.401005787 0.092620088 -1.487070068 0.175864626 -0.311017885 0.463437105 0.980151559 0.151921891 0.586858033 -1.034317233 0.824924330 -0.125597743 -2.103922473 -0.191144994 -1.344313583 -1.323981302 0.835134820 1.945349525 -0.105384161 -0.786345075 -0.391889822
-19.729068043 23.739699512 16.260179769 -0.636667403 0.484238536 -0.451224987 0.395681272 1.077383560 -0.653433424 0.890441030 0.013391913 0.040718055 1.170980302 -0.086537843 -0.024528356 -1.271172565 -1.284303632 1.688134676 0.861041430 -0.270701330 -1.451343537 -1.403138945 1.692807405 0.000857945 0.588422389 -1.298574266 -0.153734141
-15.125030208 19.989125734 19.817566983 -0.591440164 0.693287640 -0.394249776 0.118818750 0.466185603 1.365164631 -0.230037349 0.037694274 -0.755452543 1.136560590 0.716131399 0.007897373 -0.239645691 0.477927437 2.001340354 0.415696132 -0.114289921 0.836397201 2.575526303 -0.599742797 -0.433999277 -1.205793105 0.781094411 -0.571614419
-21.736708478 26.419003553 27.758544151 0.539173721 -0.343523720 0.016186271 -0.768779004 -0.316644141 1.200102541 -1.523967373 -0.575679847 1.452539211 -0.210794869 -0.229591656 1.169445299 0.131450027 -0.424343592 2.232162920 1.013200825 1.253467893 1.082058172 1.567477321 0.990397440 -0.838115266 1.645310869 1.456902904 -0.963549136
-17.065541611 17.271302835 27.804959841 -0.182753483 0.860725671 0.009739857 0.475034335 -2.072235918 0.605041881 0.153128142 -0.517295607 -1.061789003 -0.852276207 -1.135577873 0.547877782 1.679499793 0.592933013 -0.385995043 0.743033685 1.549149269 -0.102170862 0.698679885 1.523377068 -1.454623418 1.127034110 -1.460892909 0.779223477
-15.484819961 28.106704351 22.385963100 -0.046129866 0.591402908 -0.346110630 -0.726857667 0.568760408 -0.634199795 1.485803501 1.072356210 -1.268846081 0.176156435 -0.886708288 0.267897860 0.277824795 -0.076441607 2.169729659 -0.346323559 -0.960357833 1.199808685 1.899117338 0.982715135 1.736470961 -0.132358755 -0.039800705 0.377385381
-17.937073644 17.035868915 18.037667888 0.110220465 0.992420423 -0.011874404 -0.053029722 0.281388412 -1.112023417 0.348436846 0.038699806 0.319825994 0.492182631 -0.449248610 -0.113338252 0.091309023 1.448090732 -0.388232585 -0.866576593 0.458404292 -1.282337267 1.264785802 0.682979099 -1.412166620 0.320742004 1.710364043 -1.712718760
-15.323129470 20.128565516 27.272521037 -0.505342022 -0.554076745 -0.591447177 -0.296342095 -1.081180803 0.166829983 -1.013202897 0.151277867 0.957372356 -0.730418087 -0.370998934 -0.682898641 -0.411804619 -0.377845700 -0.745529871 0.645826985 0.369432452 0.868380622 -0.009212876 0.203851512 -1.461333237 -0.581521323 -1.413024752 -0.885727543
-19.021444090 19.452633987 19.900196029 -0.587298354 0.218702817 -0.289420010 -0.723523171 1.648084983 1.941964177 -1.230109286 -0.901836951 -0.119954303 1.148546022 -0.046643458 -0.275584333 -0.180583873 0.478926025 0.180980973 0.219125663 -1.174642100 0.600901040 -0.227818944 -1.604368481 0.467864918 -0.270394554 -0.015121404 0.287497866
-22.259167354 20.442349123 27.112443538 0.654155579 -0.470236488 0.162643310 -0.569653647 -1.518194789 -0.530067845 1.280118008 -0.256602998 -0.877414143 -0.030658045 0.363937949 -0.368038538 -0.832325901 -0.464278539 -1.202987891 -2.763391394 1.434704682 -0.452207801 1.934536015 -0.225660240 -0.639488518 1.034961363 0.006624668 -0.582364115
-23.819779733 18.566599864 29.811287279 0.319941162 -0.879672750 -0.345951945 0.064270974 0.248692136 -1.109212546 -0.071621547 0.795561125 0.597124559 1.735705333 -0.540749292 -0.428733350 0.802011156 -0.654124522 -0.964061751 0.289232082 1.446580903 -0.213847489 -1.483093261 -1.043503963 0.286577414 0.965024509 -0.012388696 -0.364278603
-12.990755133 17.657609930 23.938742630 0.095963881 -0.623704201 0.747432372 0.207674870 -0.856614361 -0.348130381 2.289643397 1.683876000 0.190764841 -0.376879049 -0.926221107 -0.943306320 -0.728551984 -0.544355267 1.201901682 0.179542022 1.871127957 1.697006683 2.260662884 0.122641420 -0.647151643 0.613931656 0.474034658 0.269731382
-17.837759570 24.439754472 31.240567653 0.360411415 0.008119219 -0.784713533 -0.504244347 1.485448451 -1.399074540 0.229956817 0.362613685 -0.266472198 -0.342766345 -0.946106643 0.311580654 -1.294082439 0.840649646 -0.076029411 0.954873653 0.583650674 0.957227437 -1.373394231 -0.082820716 0.178598831 -0.681240293 -0.038591427 -1.727464555
-21.804329056 21.377204542 13.743272558 -0.112026668 -0.671242576 0.679741900 0.273558731 -1.340536884 -0.264820644 -1.972697650 -0.315325730 0.693439593 1.133183801 1.150944924 -1.002223727 0.257136825 0.305875229 -1.506127923 -0.130227994 -0.130777830 -0.655375880 1.905654588 0.774047000 -0.582956969 0.560071503 -1.610553340 0.426545104
-20.641146554 19.073331658 23.926794793 0.397997806 0.910115779 0.104106913 0.049485017 0.568040106 0.679496783 -0.912170036 1.125462447 -0.373388608 0.780757791 -0.055699788 0.270398881 -0.086433834 -0.086461105 0.910823897 0.657877085 1.719252222 -0.424385193 0.591179199 -1.199469265 -0.900919441 0.716695273 0.154419504 0.736959408
-23.521357326 25.370244907 15.458943012 -0.152622370 0.506144627 0.846086360 0.068278112 1.567767203 -2.525998963 0.059171196 -0.217919842 0.113599917 -0.966064852 1.865448169 -0.914331751 0.178878339 2.091242865 -0.197428080 -0.540282651 1.153992481 1.712938424 0.088881304 0.080767453 -1.233779791 -0.702241142 0.720331990 1.160103521
-14.917700822 21.708421124 18.532240066 0.077687584 -0.899609037 -0.312498551 0.294979450 0.512971278 -0.839900269 1.784965486 -0.282883916 -0.659535244 0.624633554 -0.603932875 0.421635327 -0.054994986 -0.509330686 0.862106229 -0.089354030 -0.424235470 -0.380870289 -2.169010520 0.828313490 -0.433323622 0.382233051 1.706005272 -0.615876567
-25.779733457 16.253731148 17.907085594 -0.346214892 -0.282960176 -0.636755148 -0.628181239 0.327775345 -0.126896593 -0.566070123 -0.863680112 -0.305966385 -0.292880047 1.328088833 -0.553157867 -0.489177158 -0.109290640 0.345895152 1.437440959 0.596759069 -2.025635737 0.215065492 -1.882687774 -0.975992602 -0.001724713 -0.352132608 1.658372036
-14.320183318 26.561664871 26.302315053 0.433018574 0.043717279 -0.299469815 0.849059211 0.901006625 1.595498471 -0.883793128 -0.372912775 0.051012396 -0.346272904 0.276950765 1.599042314 -0.251871089 0.836659577 0.171152423 0.049822997 1.705498869 0.923597573 0.089791585 -0.194193454 -0.146357756 -1.020094702 -0.734210762 -0.800681550
-20.979746019 18.773237251 15.675740111 -0.029677707 0.383797200 0.822185055 0.419321689 -1.253203023 0.144180498 1.116285956 0.531731934 1.119923193 -0.371607750 0.224454427 -0.947734526 -0.561575616 1.297227444 1.602429037 0.515525141 -0.297843993 0.474596705 -1.207840855 -1.416367203 -2.744769614 0.643287921 0.765863818 -0.797700972
-18.214243105 14.520207594 19.228930948 0.841307873 0.204317200 0.162778519 0.473242749 0.143161092 -1.956983433 -1.452636137 0.259722913 0.106522851 -0.620325548 0.749853799 0.628246954 -1.097839780 1.495046955 -0.380047070 0.962480402 -0.611016084 -0.386770843 -1.161774628 0.620246847 -0.009640091 -0.520814168 -0.648908558 0.812416872
-15.084934236 22.753013791 28.041226405 -0.943339478 0.219158103 -0.249037045 0.007804257 0.979485761 -0.227054647 -0.160647890 -0.949820172 0.374600303 -0.613947307 -0.676346947 -0.536184128 0.579351138 -0.353774789 -0.333646584 1.033552670 -0.629620477 -1.274830488 0.250112622 0.036162385 -0.956652564 -2.248036940 0.668062055 0.716292686
-16.371771193 17.428163911 22.605019193 0.676391712 0.546009883 0.272766604 -0.412269134 -0.849630310 -0.021857398 0.885038186 -1.941231221 -0.130281119 0.260836332 0.033331978 -0.027295350 -1.372184461 0.554155119 0.269218887 -1.231372600 -1.057604106 0.211186828 -0.136137480 0.324723526 -1.160594449 1.276202878 0.169625531 0.512369134
-23.854850894 18.141897763 21.733834267 -0.310096825 0.305885474 -0.194801639 -0.878821004 -0.607891940 -1.481613820 0.797145540 -1.094996295 -0.062998810 0.688757691 -1.532293501 -0.719620862 -1.158887761 0.291579199 0.713321483 2.801599013 0.504080011 0.461948889 -1.425307072 0.800955456 -2.232387803 1.783789878 0.766301437 0.679152852
-26.611814482 16.293011722 25.882124630 0.157489039 0.912565538 -0.377178431 0.012560745 -0.496810115 -1.058598630 0.324542903 -1.660561231 -0.439503055 -2.109259148 -0.351182443 -0.570621128 -0.490916243 1.029040620 -1.022738569 -1.830280936 -0.478317141 -0.548952907 -1.491653109 1.146570495 0.470014827 2.312552338 0.425848699 -1.220888834
-24.228420082 22.375823145 17.037338947 -0.314163047 -0.935582267 0.160601852 0.013944390 -1.042620877 0.486367818 -0.989754687 -1.347503538 0.558973755 -2.080585035 0.743322646 0.829035299 0.505050762 -0.715028305 -0.906111198 0.654154989 -1.181473985 1.461867545 0.394955173 -1.146099014 0.262540865 0.281856128 0.255383724 1.374285757
-23.702032330 28.257652611 23.689237824 0.702120118 -0.210690526 0.603804546 0.313140402 -0.052164890 -1.200776716 -1.025534863 -0.636257435 0.958015970 -1.500859034 1.276886623 1.373276749 -0.740293607 -1.350726153 0.321831476 1.598122262 0.005711131 -0.117308613 -1.534032775 -0.268463898 -1.906373663 -1.631113806 1.337128890 -0.635522062
-18.707268946 12.266050785 23.940105187 0.116255505 0.327719625 0.926963612 0.140794057 -1.462939780 0.969955846 -0.609238309 0.302092346 -0.314650942 -0.733023733 -0.015289803 -0.699265819 0.229267908 -0.616975191 -0.932083777 0.093882411 0.284735565 -0.812786233 1.066107244 -1.356462892 -0.532765849 0.414769094 -0.094206947 -0.401722982
-24.601321340 14.349623416 27.323421832 -0.410043998 0.580144669 -0.033519923 0.702974037 -0.691400886 0.531005256 0.448579170 0.603728707 0.578371885 -0.558939457 -0.300722195 -0.031983428 -0.678465987 0.998098780 1.701441214 -0.148448803 -0.329002577 0.347889968 -1.139747990 -2.855899452 -0.407638760 -0.012688131 2.099205767 -0.019684146
-16.656942637 20.276461614 29.104887984 0.344227803 0.437394813 0.825925252 -0.089668696 -1.288667851 0.535696954 -0.916155110 1.074820744 -1.320645556 -0.662825185 -0.799337518 -2.136146476 0.122113036 1.447894529 0.224036079 -0.494543170 -0.310702665 -0.405610171 0.073809452 -1.380514460 1.169965419 -1.590851344 -0.902384889 0.685117617
-17.536134088 21.807964873 24.687819658 -0.617926688 -0.330463346 -0.686482630 -0.194170501 0.339495030 -0.085228878 0.246197973 -0.022406865 -1.238535043 -1.308070291 1.507780874 -1.152859219 0.529201248 -1.735411252 1.041036829 -0.383681470 -1.114744167 0.930631503 -0.941494805 0.205368325 0.713690582 -1.013626494 0.508758963 0.397748721
-21.012949857 28.020541331 24.445151051 0.141756699 0.106573470 0.224880148 0.958110668 -0.716764340 -0.325849481 -1.814312724 0.447711825 -0.094059852 0.215653287 0.194460502 0.970125477 -0.605502103 0.492751183 0.224290568 -1.622565391 0.398558205 -0.076802880 -0.125516395 -0.354776248 1.886009906 0.434767075 1.632664121 -2.007540804
-24.066010435 22.241301064 14.674213608 -0.052452505 0.903547895 0.264814788 -0.332750755 -0.622099183 1.196094621 -1.436748095 0.338193675 -2.480510671 0.390368222 0.123928364 -0.639519509 0.121919190 -0.653224745 0.673849644 -1.125949955 0.378492799 0.928460804 -1.969542818 -0.029771972 -1.394973793 -0.688822481 2.009035310 0.476830248
-26.415205583 23.595337373 19.636286136 -0.739944178 0.120155194 0.216527690 0.625428735 -0.103742033 2.799952088 0.497791808 0.056970246 -0.525050467 1.246588989 0.170621935 0.886750537 -0.813110418 0.779016969 -0.083919415 0.039167061 1.313836427 -0.045048338 0.577564080 2.585222184 -0.682566932 0.298978578 -0.295168115 -0.504388017
-25.425628994 17.809718245 29.933684295 -0.342629487 -0.414816636 0.144176194 0.830509132 0.463841932 -0.247151560 -0.067325578 -0.217658639 0.466624894 0.201588654 0.846645360 -0.404044543 0.422330077 0.744295793 1.430591446 0.492912345 -1.288944781 -0.953865996 0.634193556 0.798762223 -1.042104378 0.544298452 0.782059335 0.985030847
-15.937548205 16.480981363 20.509330080 0.062670281 0.328527515 -0.250356666 -0.908550300 1.764429919 0.310822478 0.528856923 0.881541782 1.239724901 -1.829957753 0.003777883 -1.100959330 0.162497562 1.377943962 1.916573675 -1.241563661 1.447305616 -1.275501266 1.493177772 -0.868819682 -1.451024936 -0.980659825 -2.086489267 1.099765098
-11.947256682 21.642547535 19.229456508 -0.524876654 -0.004458266 0.573855052 -0.628629463 1.249304129 -0.673315144 1.036094696 -1.192977088 1.828432545 -1.754578065 -0.768026540 -0.257417224 -0.813316884 1.001660081 -1.205125489 0.265995267 -0.932107571 -1.543173666 0.948399801 0.089326772 -0.214801740 0.416869849 -0.418098403 0.262507541
-21.944551235 26.917248163 22.461781360 -0.753831609 0.396663107 -0.506408169 -0.133966607 0.894212762 0.390574626 0.250425492 -0.150422380 1.274769214 0.204208115 -0.253187608 0.927697368 0.484525710 0.603331443 -1.979178002 -1.620006887 0.297293289 0.382387331 1.182171204 -0.558676342 -0.675180328 -1.685134736 -0.088595772 -1.028419406
-26.088398378 16.262793069 24.038796434 -0.089394636 0.632611774 -0.758644241 0.127553355 -0.441706773 -0.018221742 0.791558863 0.367219216 0.498208400 0.547228040 -0.805992756 -0.827690648 1.590928609 -1.593585357 0.331228608 -0.762169215 -1.215014857 0.044029005 -1.088450340 0.922022912 0.704843188 -1.891184612 -0.202482238 1.544692091
-17.548410928 14.085347950 24.447091659 0.736221524 -0.171105152 -0.186682182 0.627575220 0.476445068 -0.159665753 0.991066056 0.690375232 1.337145747 -0.764681870 0.579294960 1.703158358 0.994762286 -1.380425767 -0.865103223 0.764099888 0.948204462 0.010988051 0.503347840 1.583132895 -0.081812333 1.548158660 -0.234220825 0.700667869
-27.381018551 23.916043258 26.553424580 -0.013969043 0.703373635 -0.380715967 -0.600104781 -0.924051341 -0.747783057 -0.301102059 0.498585162 -0.702815444 -1.696793820 0.030826762 1.788804637 -0.506240871 1.543169208 0.622573158 1.693759966 -0.729794367 -0.144808724 1.542535143 -1.704750686 -1.316928750 -0.773143848 0.543718685 1.679758277
-21.021243492 19.121448904 28.096384173 0.878234834 -0.108562214 0.433280491 -0.170838630 0.854194790 -1.655631712 -2.216909876 -0.784054140 0.197287250 -1.092927589 0.521916949 -0.118691892 1.256119652 -1.764154492 -0.226472298 0.383795016 0.277767397 -0.262322027 0.236786396 -0.004337273 0.129626463 0.506049418 -0.159086912 -1.476487333
-23.594886648 17.699754362 22.089397465 0.861608032 0.327709964 -0.248595332 0.297385508 0.062125433 -0.144970947 0.249741178 1.060733867 0.395603278 0.643975508 0.254223378 -1.248799791 0.422307096 2.755419623 0.364970344 -0.247441177 -0.734871374 1.261828791 2.018553858 -0.271380149 0.152887208 -1.379522614 0.961172564 -0.238453765
-19.981581589 23.522779284 13.876809857 0.229885406 -0.299585020 -0.756258549 -0.534298160 0.742289901 -0.289467434 -1.354929756 -0.510576672 1.497737269 0.152907011 -1.176172575 0.040180282 -0.844156186 0.891011507 0.334239943 -0.813053965 0.986902491 -0.433407915 -0.417841644 0.277462112 -0.975993391 1.587729477 0.200982543 1.742203707
-18.164301830 31.024039256 22.556094306 -0.294208278 0.865491267 0.402937512 -0.044807559 -0.101808844 -0.530799789 1.521951842 1.935363342 -0.910894425 -0.835720444 1.749704023 1.011715847 -1.028651427 0.276463950 -0.583856368 -1.703830721 0.799017904 -0.332811224 0.057222796 0.148350201 -0.291229049 1.429549160 -1.073015507 0.055625830
-25.078876484 15.974187388 16.632363232 0.760207228 -0.331139430 -0.232519822 0.508297335 1.207411668 -0.066084034 -0.110205120 -0.111448312 0.544418243 1.541840230 -1.404559987 0.979920585 -0.098368094 0.447581592 -1.473277872 1.110159191 -0.832017230 0.580448398 -0.171192996 0.300124822 0.246138656 0.370033741 0.509633476 0.462302955
-19.150759350 20.351699958 17.689041591 -0.161586352 0.715448403 0.182510697 0.654762002 0.443887332 1.443532041 3.112855563 -0.017494221 0.714516689 1.105923143 0.486752674 -0.867581213 0.236683505 -1.111105418 -0.213532246 0.123546790 1.919071157 -0.090125544 -0.457533669 0.052119335 0.634729354 -0.038131164 0.581032418 0.240997854
-22.087673481 27.924762585 23.617236458 0.496993771 -0.245939875 -0.158649803 -0.816909425 1.203841409 -1.282748097 0.412891743 -1.987594279 -1.695065198 0.915415218 0.588170762 -1.409778652 -0.537472147 1.191648530 2.077626954 -0.194658662 -0.736293100 -0.713946783 0.964670951 0.615371025 -0.904845759 1.913499890 1.394954193 1.272971762
-27.951690745 23.523332114 25.140992608 -0.199931249 0.383552699 0.376637533 0.819181904 1.030549534 0.501356453 0.988952551 -0.300064430 -1.751911955 0.154389925 0.225320656 -1.074673456 2.436196999 -0.185702120 0.266318863 1.419814036 -1.681040363 -1.593274230 1.669515560 1.648747059 0.309581940 1.430984216 -0.641321613 0.701155405
-26.687383535 23.577482719 23.248727180 -0.301159729 0.684957001 -0.660926101 -0.057562260 0.606555946 2.416159823 -0.938262124 0.392931721 -0.247608277 1.042287507 0.956760368 -0.856441134 -0.095187489 -0.219848182 0.067907715 -0.924282516 -0.737639407 -0.127285291 -1.332656134 0.530791336 0.077010101 0.523435561 -0.892965649 -0.834004323
-26.415397998 21.011600021 24.301646303 -0.386080726 0.328056224 0.443086193 0.739591382 0.626588717 -0.478937386 2.104076238 -0.103469364 0.000190748 0.556994398 -0.464221988 0.244060962 0.571799007 -0.808942103 -0.072462895 1.043494103 0.766619863 -0.025295432 0.742123412 -1.738595866 0.104410521 0.328774895 -0.938585445 1.446734321
-25.309461510 25.413954056 18.024680137 0.756553693 -0.347548552 0.413325736 0.368779541 -0.550408455 1.147419788 -1.771437462 1.387940522 0.912290085 0.375649062 -0.745408920 -0.200147891 0.585994579 -1.506557335 -0.211179647 -0.412720679 -1.346898467 -0.191403682 -0.233404352 -1.413267672 0.533266249 -1.324593524 -1.463277534 -0.758257055
-20.723074379 19.111616301 23.117204921 -0.448435458 -0.364750374 -0.037265585 0.815152796 1.341590974 0.195123941 -0.780323597 -0.970517169 -2.210755319 0.599872336 0.110659920 1.729327464 -0.448173080 1.092039511 0.104957720 -0.508709348 -0.125094452 1.069634817 -0.723912460 1.351679847 -1.546839867 -0.466513677 -0.754691222 0.249356615
-26.832107406 26.737431232 18.123723925 0.736431720 0.516551291 -0.343308242 0.270152802 1.670681612 -1.502869603 0.567989977 0.154251478 0.647695739 0.319384577 0.606830375 1.663891710 -1.034366285 -0.341642416 0.125536336 1.040069626 -0.741905443 -0.557061947 -0.364665667 -0.756671003 0.524887234 -0.382278854 1.122688713 -1.487577510
-18.157667636 26.418402950 15.013769708 0.721097706 0.660381597 0.089001226 -0.189718282 -0.174114217 0.559974713 0.179507538 2.658858873 0.413655994 -0.389283571 -0.417198177 0.676182173 -0.525264238 1.020240169 0.163870139 -1.198193865 -0.466227305 -1.033774022 0.147403352 -1.312552758 -0.415706975 0.006590753 0.698327885 1.092398605
-14.106314545 17.630577099 28.541158941 -0.352321229 0.366152337 -0.444664777 -0.737614706 0.862467491 0.220002961 -0.606570699 0.660606774 0.016397307 1.269537186 1.712817686 0.536280847 0.682287851 -0.307961188 0.680303426 -0.624563806 -1.586648091 -2.099826035 0.572387075 1.364400474 0.123250052 -0.385678551 0.957398419 0.774467690
-14.436021732 15.801894221 18.071590700 0.009662385 -0.109635972 0.082013413 -0.990535407 0.534278347 2.182600328 0.690362930 1.316261532 0.766823654 -0.206978131 -1.085722660 -0.080976785 0.950161794 0.225182320 -0.043213320 1.262413853 -1.566731133 -2.216638898 1.198243206 0.343041633 0.612857157 -1.400763187 1.036160640 -0.486133162
-20.561129572 18.959225897 17.773287941 -0.735582214 0.430267597 0.460682012 0.248114259 -0.486743109 -0.460501759 -0.273776545 0.368120051 0.608818357 1.613485149 -1.631613956 0.738556982 -1.128904401 0.099998766 -0.508229972 0.609208191 -0.936976576 -0.864988433 -0.290284540 -1.642477146 0.927792524 -0.506134128 -1.017020833 -0.234160428
-27.721552878 27.975240048 22.876240681 0.256991531 -0.459730370 0.373942289 -0.763394069 0.909869927 0.268225006 0.749506741 2.085088818 0.754703542 -2.159153232 -0.075553429 -1.423033371 1.457882009 -0.633074933 -0.008658934 0.308213658 -1.144314436 -0.350010353 0.578206326 -0.251869873 0.145196790 1.149501262 -0.381578025 0.749115376
-21.255275606 16.983524412 19.469148786 0.412760482 -0.366332443 0.815241730 0.175528479 -0.269628605 -1.087499085 0.298786373 1.114771605 0.555797153 -0.743863972 0.717004893 0.378784950 -0.462099038 0.425117045 0.957001819 0.363707364 -0.801522407 -0.290608415 0.300369527 1.167113794 -0.087993125 0.220663787 0.088377370 -1.159989159
-16.752721010 20.721443069 20.882829433 -0.143381346 -0.299543271 -0.712792132 -0.617772608 0.335886179 0.176286828 0.110417860 -4.044031220 0.385557492 0.694104786 0.577034489 -0.475757685 0.014485065 -1.103768359 -0.284924266 0.922068915 0.870063473 -1.624217525 -1.106051802 -2.215974453 0.754831333 -0.723980490 0.354653036 -0.272134232
-19.726952244 25.048120351 18.096259718 0.120800946 0.313000383 0.250297420 0.908178999 -0.726051487 0.443647937 0.652185170 -1.414070546 -0.701441138 -0.969539649 -0.807926447 0.683610253 -1.064634551 0.659329028 -0.178187985 -0.355941857 0.082859499 -0.556143634 -0.260473557 -0.463150664 -0.480532474 0.320507884 0.338623733 -0.305333270
-26.156710169 15.631588439 19.302818183 -0.406453167 -0.648624871 0.626494334 -0.146923279 -2.386590922 -1.811269922 0.599085501 -0.039490235 -0.423692747 -0.113027003 0.889854557 0.464288238 -1.375477177 -1.273673423 0.107996000 -0.567781529 1.056152216 0.497608354 -0.099821589 -1.109989852 0.690589315 -1.232550829 -0.001272219 -0.016878496
-21.183314762 22.818358716 31.757636132 -0.305070174 0.444508508 -0.579400808 -0.611260238 -0.882595238 -1.837625732 0.147618033 -0.421996554 0.195633947 0.727427547 -0.799288322 -0.059030679 0.624302361 -0.177373117 0.823805409 0.245316210 -1.922822433 -0.821264209 -1.345547101 1.019396607 -0.434015951 -1.545949815 -0.035285680 -1.442178332
-14.162505203 27.586044053 20.960816457 0.026090935 -0.825690380 -0.456247865 -0.330745438 -0.040760659 1.867248726 -0.731858574 0.567681417 1.298001172 -0.905046162 -0.132281814 -0.606579258 1.289125400 -1.538260866 0.045748215 0.266487703 1.143621610 0.507905690 0.150254599 0.736054037 1.465218483 1.060876885 1.180215775 -1.280798116
-18.141383804 13.472776318 19.392725628 0.712148253 0.483250532 0.334854300 0.383648781 -0.518202136 -0.174625530 -0.278053565 -1.560037618 1.480067328 0.475716628 1.088152484 0.484496417 -0.017255524 3.208955223 0.360513195 -0.697581591 3.867718841 1.671065762 0.010795918 -0.361187843 1.099844741 -0.176417713 1.181284041 0.349193439
-27.121183279 25.339432517 25.962466579 -0.230578141 0.813575129 -0.131378280 0.517367352 -0.985675330 0.662302024 0.009369352 1.317922111 0.529783611 -2.725077926 1.857375514 -0.318497752 -0.236520578 0.032899076 -0.040434384 -1.123048925 -0.103548175 1.684384242 -0.763759290 -0.231821735 -2.456675319 1.824648969 1.024294167 0.950235977
-16.172742495 22.224507047 23.676187809 -0.387143394 -0.082849823 0.446498080 -0.802430909 -1.008158151 -0.994767926 0.546701766 -0.120096942 2.021292436 0.237818007 -0.503425684 0.307449728 1.844801952 -0.985493483 -1.298622646 -0.803415673 0.235674116 -1.277161595 -0.692798734 -1.402285104 -0.603479166 1.917706837 1.318524956 -0.572521042
-13.632210005 24.989219634 20.823189975 -0.515157325 -0.463729584 -0.065045609 -0.717869677 -0.446806768 0.226778904 2.064826439 -0.779871067 0.405452476 0.657878439 -0.181197639 -0.893793925 0.018221240 -0.342900637 0.134177696 1.153089423 0.176616590 1.997380830 0.308121661 -0.496403710 1.059129469 -0.883846550 -0.069556761 -0.381418538
-16.524042532 26.403042818 23.976676608 -0.962488636 -0.111977002 0.039428331 -0.243971686 -0.517587469 -0.921995803 0.333248748 1.061059582 -0.198664645 0.674578706 -2.652958968 -1.020869577 -0.703985585 0.952960733 0.546641977 0.411622906 -0.727143397 -1.552237935 -0.761937959 1.132271436 -0.467439074 1.605364229 -0.099024678 0.433483575
-26.148171817 16.171622219 19.304328607 0.268964648 -0.203323115 -0.371896851 -0.864875980 0.336500030 -0.843213306 -1.953662395 -0.051808983 -1.574259145 -0.323454030 -0.786406878 1.079730691 1.184773915 0.987532106 -1.115683688 0.443844270 1.012179834 -0.536791379 0.229204308 1.711970286 -2.621559647 0.601211468 -0.482544204 0.144706990
-28.743577841 19.769258122 21.759569418 0.891055027 -0.100276045 0.008065657 0.442606596 -1.412840107 -0.116724091 -0.303513675 -0.458376935 0.994009884 1.325990549 -0.143247191 -0.409155102 -0.248308168 0.766143248 0.247333190 1.393820160 0.624577685 1.075777473 1.202235257 -0.945156818 0.206182849 -0.965845278 0.651426508 -0.725230978
-18.831835165 22.569289306 30.886533741 0.175283834 -0.531642225 -0.801130260 0.211713083 1.446372534 -2.130907489 1.356086425 0.391194368 -0.192065056 0.849914932 -1.203893387 2.330345168 1.073357105 0.923595662 -0.418352090 -0.828665122 0.213682985 1.574224143 -0.658701569 -1.021828752 -1.224377994 0.238253044 -0.446171011 0.036597879
-14.354035511 22.824964199 26.808898849 -0.324274165 -0.857641469 0.038236684 -0.397284952 1.887847442 -1.090406917 -0.638077511 0.486148118 0.210247548 -0.337370677 -0.316797573 -1.356997411 -1.381048958 -0.173657769 -0.254459132 -0.973437643 -0.094215101 0.314996013 1.336916782 0.038123311 0.262776832 -0.083247195 0.412456812 -0.855239251
-24.124366361 29.325900840 22.954152322 0.819514297 0.015443728 -0.530456990 0.216271103 1.251075874 0.046941067 -2.055684899 -0.258964453 1.552247084 0.024490585 0.365021214 -0.018901476 0.634017298 -0.038990240 0.191794768 -0.066761779 -0.088512654 0.274302609 -0.583958965 0.818278834 0.272358505 -0.282524891 1.018249802 -1.425027813
-20.573851771 15.339774106 21.328845255 -0.953035557 0.250522511 -0.166545068 0.034991996 -1.108767576 1.382009094 1.200381456 0.777697442 -0.100754706 0.439753745 -0.388114628 0.410181197 -0.063405289 1.242645608 -0.610728583 0.119448410 2.298490586 -0.667160526 1.647817494 -1.779733567 0.776426233 1.621042611 -0.286663165 1.069553990
-19.920896462 26.313949606 20.470103206 -0.547802235 -0.003313660 0.208628529 -0.810170271 -0.438102858 -2.186918368 -0.638187133 -0.026660899 -1.375638351 -0.040981147 0.954157017 -0.261709180 -1.537256328 -0.246178628 0.617669811 -0.169807163 0.362025368 0.981126527 0.857009467 -1.877537066 0.723648108 -0.270441720 0.211419925 0.578440476
-29.921597011 23.940044638 24.045608138 -0.212806594 0.260926911 0.482694302 -0.808478021 -1.025905184 -1.229993194 0.604163926 -0.557824095 1.481648249 0.128432660 0.845802915 0.967619633 0.697209845 -1.965395818 1.952512270 -0.441218191 1.121627756 -0.299440270 -0.880323435 1.821245505 1.053695702 -0.322382142 0.487319055 0.442349837
-22.047619998 28.228836763 27.415283313 -0.813454975 0.417389378 -0.326659381 0.239521939 -0.077585125 -1.009797858 -0.121019316 2.260991595 -0.561742359 -2.959922025 2.604884200 -0.574831937 -0.611402873 -0.011829488 0.449752891 1.694959192 1.256657100 0.853435245 -1.952049341 -0.440709946 0.690813418 -0.585818174 -1.497645985 0.772708957
-17.790662309 20.677457248 30.414511957 0.160261222 -0.874766210 0.114231680 -0.442777079 0.400880071 0.109686747 1.216376497 1.076354703 -0.290301977 0.828490325 2.149220247 -0.028733998 -0.125643949 -0.294816261 -0.985390744 1.132735594 1.000927262 -0.902485226 -0.159541271 0.670139755 -1.384146852 -1.035561891 0.650955011 -0.720518551
-22.129711952 20.958272527 25.882506195 0.926816405 -0.317548400 0.146764671 -0.136508226 -0.913493512 -0.258188282 -0.158676614 0.479019688 -1.572621681 1.237635226 -0.172332834 -0.194680806 0.114381299 -1.008958284 0.710597387 1.089112203 1.943689469 -1.845244413 -0.169291110 1.170397137 1.032918436 0.142185688 -0.379721403 -0.889107460
-12.641251547 18.944656006 20.276335998 0.496945868 -0.820451461 -0.064613127 -0.275189660 1.087607516 0.101151146 1.242924815 -1.161060222 -0.954277351 -0.370913803 0.072884715 -0.181474465 -0.249682374 0.086337710 0.200772169 -0.447012405 -0.241809130 -0.551470402 -0.893238881 0.100946219 -2.051169923 -0.141141927 -0.995688162 1.054102143
-16.927679302 27.269786348 29.366732039 0.715867540 0.053908319 0.530529281 0.450739660 1.929287158 -0.182698046 -0.520303603 -0.191924512 -1.316834939 -0.179941729 -1.173231042 0.182972382 -0.910710027 -0.916989874 1.583559958 1.462878915 -1.216081575 1.808117191 -0.241647420 -0.471452305 0.051806259 -1.239694109 -2.225447688 0.267971107
-13.799132889 25.615440494 28.675578129 -0.474740849 0.390347690 -0.785640014 -0.070848959 -0.893278786 -1.421339348 0.268527907 0.727269247 0.110121415 0.008885337 1.059394386 -0.794754047 -0.528504418 -0.815398853 0.355704506 0.131326794 -1.272672896 0.310424455 -0.665960314 -0.375584997 0.490286121 0.628974216 -0.144486883 -0.624577296
-15.579548785 19.083591404 26.848656083 0.685786307 -0.681042943 0.254040319 0.036621954 1.694590802 0.705501078 -0.085514886 -0.145278878 0.370404743 -1.172434930 0.951618566 -0.867078394 0.823376725 -0.674128027 0.093899002 -0.436201753 -0.827724538 1.201400563 -1.029343231 0.298333361 0.289811934 1.141237469 1.632953934 -0.656892345
-15.116245154 20.654256971 29.779595809 0.416403652 -0.145382400 -0.820861674 0.362847170 -0.749343790 -1.766811171 -0.924678123 1.187659682 0.660903398 -1.235535799 -0.297451612 0.572962526 0.117130790 -1.115360778 1.309349443 1.145140921 -0.600086252 -0.377315052 -0.596359501 2.361348377 2.176481467 0.666548279 0.135533541 -0.656647370
-21.226541113 22.865585545 29.727373270 -0.192015654 -0.786739224 0.243350746 0.533808763 1.296847234 -1.345152548 -0.435672331 0.203822168 -1.623893237 1.033489945 0.096821065 -1.301843229 0.555244704 1.047416011 0.815019904 1.372459038 1.016583797 1.278853890 -1.697938346 0.130099183 0.394722344 0.045677519 1.984705983 -0.631276408
-17.880640421 21.953682341 28.428798191 -0.084167622 -0.346961499 0.917576976 0.174888600 0.023863367 -0.319938295 0.442027112 0.010680652 -0.674971989 -0.545441200 -1.046693188 -1.389414814 -0.938899514 -1.035366732 -0.499965486 0.901031996 -1.164123184 -0.303239627 0.888466397 0.252824832 0.899829800 0.557451746 1.066961892 -0.247174368
-19.688675283 24.456357863 15.204347463 -0.118183960 -0.553153053 0.534477447 -0.628003273 -0.047974596 -1.237869231 1.449008032 0.100987630 0.015590768 -0.908776850 0.103671683 -1.231413947 -0.765678159 -0.756631712 -1.366608180 -0.232934471 -1.697975787 0.465644258 1.585887907 -0.577100815 -0.562247594 -0.981716379 -0.577993055 0.224919340
-16.010725004 23.839692328 23.604249786 0.094773636 0.174296390 -0.045907865 -0.979046063 -1.007086036 0.907243598 -0.798760973 0.015028447 0.051798479 0.465932516 1.301663058 1.170555846 -0.401133175 0.375687401 -0.999835920 -0.059303882 -0.867284967 -0.085789864 1.061466949 0.760576660 1.543227639 0.590750006 -1.480509368 -0.783116454
-20.780138004 17.995501633 23.492480918 0.604836495 -0.269518056 -0.268719543 -0.699516003 -0.092964613 0.303471970 -2.914064271 -0.607938993 0.815500512 -1.356071940 0.904411396 1.275788780 0.682444784 0.436635556 0.669155090 1.235337604 0.244595608 -0.846930127 0.313592826 0.940059069 -0.587057451 -0.124038003 1.338636047 1.027880619
-17.496048008 21.865578185 26.388823307 -0.162852507 -0.043374075 -0.383118054 -0.908195082 -0.756082295 1.553360703 1.121606736 0.009622136 -0.103324787 2.407351089 0.515226326 -2.076306027 -0.528135252 1.772626357 0.479573572 -0.544154313 -0.297270514 1.000133706 -1.675401528 -0.867842425 -0.906372263 0.926072424 -1.339668616 -1.413191487
-24.464732360 19.936651101 22.029878358 0.439683251 -0.582460736 -0.630262608 -0.264928622 -0.850264397 0.622134597 -1.202940948 0.331380327 -1.629353298 0.964684655 1.660119017 -1.224914789 0.543525357 -1.224484972 0.546637324 -0.836835346 0.663735045 0.340833030 -1.431281721 0.222157770 0.751081546 -0.637466423 0.588074670 0.558205803
-15.941288270 26.708477850 19.609290604 0.278574261 0.912514033 -0.283729912 -0.095978420 -1.195200231 0.464339982 0.095347708 -0.738946377 -1.407698134 -0.455107572 1.492032796 0.165454395 1.049400991 0.268049977 0.369288842 -0.791531907 1.172888011 1.305929197 -0.334679008 -0.152443113 -1.930712493 -0.387800576 0.141375433 -0.436513952
-18.283901538 22.801037116 19.419024148 0.300480694 -0.200977206 0.746916307 -0.558064105 0.244622669 1.353890511 0.205410348 0.761505463 -0.396278903 -0.985666151 0.106634001 1.165543794 0.602219925 0.036105123 0.777636469 -0.807246706 1.288127950 -1.628775472 0.196360938 0.458646870 -1.056854664 -0.613086172 -0.451308225 -1.132379660
-26.398798467 16.308215920 16.650132427 -0.271590825 0.816340331 -0.067617669 0.505227413 -0.051204360 0.142083186 2.096819308 1.998521463 1.828507699 1.028961641 -1.134836224 -0.787619865 0.240318872 1.106150426 -0.521534146 -0.785906333 -1.021737491 -0.125254450 1.642423054 -1.603607297 -0.463451311 -0.010536796 0.031764092 1.495379565
-25.602374762 23.064383240 23.069766870 -0.120794725 0.183765273 -0.255529713 -0.941458190 -0.037744587 0.592891541 -1.185672129 0.096651822 1.238923776 -0.378494533 1.638622223 -0.958759033 1.135310642 1.681137788 -0.435002618 0.080291226 -0.273522484 -1.118948750 -1.321681052 -0.574130993 2.084956668 -1.325247839 -0.802689257 -0.855795264
-27.937919700 27.492881554 20.878678238 -0.311084897 -0.117803820 0.377598848 -0.864157137 1.041205880 -0.031250664 -0.084423034 -2.617745705 -1.244659242 -2.111115004 -0.113060940 2.311343220 -1.192965258 -0.016337528 -0.704827857 -0.563353151 0.423356719 -1.785592925 -0.172134992 1.433033149 -1.818967378 -0.006963001 -0.874699169 0.135483057
-24.727056078 21.830890469 31.229132420 0.243186195 0.785935404 0.568063561 -0.021674984 2.184612132 -0.516061077 0.897853768 -0.158139980 -0.434015673 3.507063150 0.542241721 -0.782357434 0.768066319 -1.438283804 -0.857547510 0.681355065 0.382558508 0.082409835 0.151821013 -0.155402255 -0.835065517 -0.213147885 0.556015209 -0.419652252
-20.028035193 12.535149139 19.952604545 0.215524975 -0.352277665 0.910739455 0.001754223 0.292814591 0.756035877 -0.058466641 -0.548475886 1.338247654 -0.808239559 0.267983222 -0.146159679 0.686063431 0.583184498 0.300114888 -0.621434472 2.221873338 0.911769246 1.047140738 0.709304082 0.510353722 -1.825774369 2.277833175 -0.799623844
-17.506652779 23.056681486 25.485788563 -0.902596753 -0.096323363 0.184066729 -0.377041578 1.075566483 0.792363690 -0.157149638 -0.858013166 -1.356841899 -0.214052896 -0.862303738 -0.297503801 -0.393483291 0.627347498 -1.220635507 0.047274490 -1.072808825 -0.058359168 -1.085622417 -0.189299769 0.087875654 1.414860987 0.336910447 -0.806661304
-28.286626128 15.551098044 21.239988930 -0.320866295 -0.518443557 0.792330361 0.021764592 1.160389224 0.418149533 0.515396102 -2.182549704 -0.412667071 0.907314204 1.541031091 1.486164490 -0.575089028 -1.391942862 -0.702279395 -0.834925380 0.397767250 1.678865952 -1.296205214 -0.888636120 0.784028342 -0.740821596 0.559326424 3.249375322
-26.390274782 18.817500539 15.576673445 0.187906659 0.964589790 0.181297211 0.037268568 1.390012281 -1.466498105 1.458549950 0.164600283 0.724649534 -1.027731121 0.174454853 0.237897202 -1.480424662 -0.533894368 1.421675880 0.592471786 -1.524256207 -0.503643593 -1.032961623 0.831478676 -1.556235093 -0.649021900 -1.534315668 -0.459023453
-25.635650724 19.093630155 14.899883607 0.847454472 -0.156752444 -0.494176916 0.114187409 -1.653189251 0.398236532 1.140870878 1.252872145 0.002590214 -1.417896283 0.707183092 1.652830121 0.294842396 1.538445795 0.555931097 1.026535689 2.317979636 -0.037453846 -1.588562837 -0.227535345 0.667029576 -0.301135165 1.624040007 -0.666621311
-15.285858814 21.590749451 27.249954814 0.298052839 -0.019256992 -0.690524320 -0.658763871 -1.493175429 -0.346563034 0.364715959 1.385716178 -2.555955459 -1.312051614 0.361937255 0.988806044 -0.175677703 0.150113714 1.436282051 -0.506572677 -1.040672409 0.216443735 -0.368000238 -1.040317622 -1.552002006 1.674156445 -0.507600607 1.032169933
-24.420780685 21.732178094 24.320938590 0.124741489 0.044453778 -0.793521090 -0.593959344 -0.976530072 1.286409655 -0.613163073 0.948108570 -1.882353624 2.349236743 -1.151085256 -0.013339105 1.506876694 1.635282614 0.033578074 -0.739661442 0.815621481 0.563370329 0.497020695 0.644328490 -0.153529841 0.010663552 2.006931313 0.255930162
-29.805219640 21.215594484 18.623880949 0.690371604 -0.197528607 0.573564332 0.394199766 0.962664022 0.777086502 -1.046230416 0.693469535 -0.086707284 -0.885454229 0.731794183 0.438257472 -1.877144248 1.029539508 -0.157316770 0.279590209 -1.759715552 -0.529647275 -0.184456514 -0.634392689 -0.417319296 -0.020118772 0.905683819 0.785442812
-27.812966353 25.287952686 16.887572944 -0.072260459 0.437390094 0.444261908 -0.778524045 0.706869826 -0.273523846 0.872055387 0.301735572 -0.816849918 0.202728349 1.179553106 1.245070619 -0.831330741 -1.122406596 -0.235885519 -1.609063003 -1.139582442 -0.775993200 -1.143789390 -0.090246881 -0.547029182 0.480837206 -0.672216399 -0.837220415
-21.701394027 30.624966532 24.171002587 -0.579630739 0.784493836 -0.210282588 -0.066172967 -1.819198722 -0.957889714 -1.683143261 -0.851235170 0.995851343 0.368297033 -1.370092673 0.108305225 -0.541715959 -0.371246807 -1.076947139 0.709448999 -1.041337530 -1.275137161 0.168806060 -0.245839983 0.153869628 0.206386781 -0.046359573 -0.203370338
-17.907350776 26.490579194 16.730229871 -0.008074009 -0.646473821 0.178547233 -0.741705666 -0.797374937 -0.347070444 -1.582311753 0.423076561 -0.735297712 -1.681716681 0.121783903 0.680934080 -0.213637183 -1.170373187 0.823868362 -0.539200166 0.098437790 1.010190384 -0.871407731 -0.069701760 0.580905416 -0.628684360 -0.179033377 -0.513108370
-21.783409344 21.298028928 21.198822820 0.606040998 0.004118942 0.583428271 0.540655894 0.565315320 2.365696014 0.511756065 -1.727742289 0.000847571 0.698310329 -2.479263200 1.437239012 0.531094009 -1.397562467 0.637939867 1.279856254 1.117323519 -1.219227372 1.394304103 -0.121838858 -0.545609500 1.367419890 1.419373451 -1.101266941
-15.533134129 16.306383855 20.931270169 0.348215626 0.086985412 -0.822243990 -0.441694732 -0.420243245 0.663181762 0.394729767 -1.087436567 -1.302352019 0.670985343 0.399241944 0.139390537 0.285678561 -2.516503774 -2.187073828 -1.634795916 -0.077490769 0.801713623 -0.453524976 -0.046488495 0.822495217 -0.127353323 -0.818911946 0.918086255
-20.946930923 23.491586565 17.446063689 -0.147929904 0.194746706 -0.967008311 -0.071311922 -0.330375483 0.151231084 -2.122336758 -1.171656034 -2.024279709 0.621628814 0.487593072 -0.311380116 -0.019483437 -0.108141782 -0.888392978 -0.013573613 -0.758742111 -0.731788897 -0.844240901 0.166430604 -1.757743917 -1.035344153 0.202803441 -1.356796514
-27.067247146 16.586530262 28.300823177 -0.465081038 0.140959617 -0.706577583 0.514371591 -0.774203795 0.745141660 0.648378781 0.850076930 1.850918276 0.291542767 0.639081383 0.783661710 -1.619139925 1.286868105 1.312572556 0.830239489 -0.837870413 -2.204214506 -0.461873012 0.190551832 0.268114570 -0.108243285 -0.544779719 -0.530329896
-28.110666335 20.238595993 20.178931394 -0.144025615 0.600918199 -0.497036386 -0.609186976 1.513160647 1.135762487 -0.404483617 -0.756509031 0.799839305 -0.399933570 1.753693158 -0.926585677 0.230622298 0.582271690 1.108945421 0.796984131 2.104771561 -1.960012947 -2.200262995 0.514414165 0.073343288 -0.412583166 -1.069267050 -1.092197925
-25.579648681 17.378283977 28.313012458 -0.698813199 0.167313765 -0.229182868 -0.656613608 2.333648184 -0.140218006 -0.990073056 -0.647776586 -0.826645190 -0.006062119 -0.384343642 0.913737909 0.650725975 1.461891268 0.512014839 0.156498434 0.130381943 1.835814520 -0.395644812 0.347065487 0.628686364 0.643695823 -1.222948864 2.192424189
-17.561210418 14.878759197 29.354568096 -0.048556070 -0.574015073 -0.313448933 -0.754916400 -2.009286657 -1.878061224 0.591535973 -2.004355730 0.205396661 -1.727988581 1.280269162 -0.126129986 -0.194502082 -0.526750916 -0.479836119 -0.424334019 -0.414505399 0.705140078 0.263813721 1.776083679 0.612879666 0.774142519 -0.539378262 0.018185825
-13.326133754 21.865525072 27.854121682 -0.217041924 -0.910419631 0.061258811 -0.346808674 0.679564049 -0.417543151 0.076590661 1.788866757 2.262169671 -0.370532121 0.307873926 -0.710223892 -0.242279468 -1.670227962 -1.111131039 -0.171793187 0.274367966 -1.536093984 -0.111962259 -1.052907111 1.224581332 -0.119081534 2.009273793 -0.055022988
-17.200474340 30.728369047 24.183399301 0.647115775 -0.683296802 -0.055483297 0.333568970 2.423852198 -2.163657418 -0.118779394 1.727412481 -0.842856252 1.515586225 -0.473613041 1.033779037 0.783134870 1.152021575 -0.685545815 0.317972652 -0.338891322 -1.147378270 0.917663947 -0.153501889 0.892528017 -0.184762947 -0.644649167 -1.207785724
-13.475525136 22.545039524 25.087434845 0.139370165 -0.818209719 -0.384257827 -0.404295356 0.566904765 0.537730957 -1.080102176 0.486562402 0.982161866 -0.683502033 0.446025307 0.916279826 2.008910804 -1.798959017 -1.945887957 0.565882997 -0.929416849 0.090343157 1.066181664 -1.761397393 -0.575856129 -0.108976012 -0.461055829 1.969571681
-22.366781404 25.846133363 16.849235246 -0.182591116 0.557401110 0.282592628 0.759016398 0.757632427 1.749704971 -1.482096517 -0.182014475 -0.279344757 -2.025719035 0.156156241 0.082337671 1.247459756 -1.830553801 0.812429053 0.404348702 -0.034534150 1.250661518 1.724507082 -0.042342111 0.767366353 -0.413565684 -0.606458291 -0.052664497
-22.849586112 27.071104178 19.839259480 -0.256608237 0.612519705 0.153499857 -0.731716897 0.973505925 -0.543018226 -0.694540166 0.075051580 0.367007367 0.879638522 2.651550107 0.760984207 -0.924983282 -0.729169117 -0.192396841 1.582072330 1.090410299 0.702685083 -0.770617886 0.821211462 -2.161898901 -0.876285365 -0.464529873 0.281320673
-21.211639602 22.329030114 28.920474556 0.084179456 0.917614581 -0.026446026 0.387553747 -2.933789271 -0.259057211 0.618719077 1.530074086 0.590854187 -0.082112031 -1.007801020 1.094304790 0.220606273 0.202510275 1.509609000 -2.407828025 -0.306991404 -1.079259695 1.014756252 0.441212255 0.600576573 0.356689257 -1.560512403 1.489152382
-16.481630224 16.618445670 22.827845589 0.215290050 0.677449655 -0.267280166 0.650594707 1.627021396 -1.707010114 0.832864232 1.520466207 -0.691279931 -0.241733270 -0.884377227 0.301058304 -0.292861410 1.271453725 0.044507753 0.090048260 0.286436886 -0.028282745 0.848152557 -0.827949204 -0.229001151 -0.098776297 1.676263171 -1.290634518
-25.402202823 19.652735117 24.280048333 0.888328998 -0.253022878 -0.380712790 -0.043689664 0.792521870 -0.218995456 0.769099166 -0.679706300 0.502769097 -0.532383107 -0.652797558 -0.162685675 -1.211591985 -0.141982732 -1.184434924 0.677707063 -1.317322246 -1.332112073 -0.485849465 -0.191761270 0.664279696 0.426718856 1.238518217 1.180057329
-24.637310627 14.205898030 22.813173074 -0.250980389 -0.449844742 0.273944812 0.812159339 -0.433398544 -1.270405383 0.116862809 0.324042866 -1.082693690 0.964676711 0.164038387 -0.783499856 -0.163221383 -1.608680413 -0.551105556 0.007267503 -0.970669248 -1.088321247 0.734226145 -0.554808763 -0.228548913 -0.503451971 -0.190179487 0.709921279
-19.997647516 27.050176273 21.962991054 -0.065213244 0.887202523 0.456472771 -0.015859564 1.172204852 0.574174098 -0.476818098 0.841354781 -0.123941173 1.031943707 -0.796762342 0.256447230 0.755378476 -0.435796346 -0.208841911 -0.803746575 -0.527891947 -0.915004159 0.541754109 -0.141830602 -0.159622980 0.038028118 0.412042941 0.324623470
-28.276922727 16.277527833 22.723868178 0.441377697 0.012629591 -0.853785384 -0.275820122 0.251681133 -0.349499693 -1.333160620 -0.796743122 0.391471193 -0.577671161 0.045098132 1.348881942 -1.076369010 -0.585101863 -0.508031811 -0.600481643 1.229896084 0.092320610 1.304988723 -0.419162451 0.868744123 0.339486371 -0.686185189 -0.066217940
-14.462199137 26.388276647 28.883038622 0.157064699 -0.744492723 0.598350583 -0.251073387 0.199970925 -0.841191420 2.706729624 0.007388451 -1.258942456 -0.036231988 -1.013707615 1.585164718 -1.235672653 -0.800588794 0.661153521 -0.948959020 0.700234967 0.438636492 0.092745054 -0.363557882 -0.265153010 0.207393066 0.899807250 -1.417645512
-14.536405189 21.846677776 27.159417952 0.679996544 0.643341418 0.299736861 0.184049814 -0.135336577 -0.743703701 0.495004218 -0.803761336 1.364116382 0.383693192 0.618833027 -1.398955728 0.843353852 -1.811659361 0.885663609 1.447235740 -1.031614650 -1.899827467 -1.033574840 -0.920904799 1.864063887 -1.122697459 0.604663319 0.949132725
-14.208872144 16.717553645 21.783372661 0.349746251 0.632829529 0.284835752 0.629343262 -0.464564822 -0.636471619 1.484173362 -2.035645674 -2.015177462 -2.131454190 -0.022893809 -0.553735751 1.000680507 -0.729631686 -0.123259666 0.595667647 1.936751809 -1.955201775 0.083678106 0.554282802 0.159614896 0.675647234 1.410472668 -0.878453802
-30.723285419 21.993227748 24.124980025 -0.166821291 0.904636761 0.175770501 0.350581970 -2.008849990 -0.154685027 -0.303800401 0.360021821 -0.963256552 1.034161066 0.353830418 -1.379345906 -0.690543617 0.471653269 -1.895025002 -0.753516077 0.850481844 -0.316236290 2.270267725 1.991783481 0.315375963 -0.437774928 -0.916563237 -0.736583671
