-31.817888170 -7.252649637 34.213412550 0.221880315 -0.113835757 0.966308482 0.063706079 -0.231381250 0.608398245 -0.280149315 1.753504335 -0.661194202 0.616893959 -0.945324007 1.893792063 -0.265455912 0.184109700 0.253073708 1.013295043 -1.630218955 -1.932621239 -0.301507723 0.852803967 0.371165957 -0.641391909 -0.461413872 1.032706112
-38.003868509 -9.754683453 28.555420500 0.024098573 0.774254680 0.524226820 -0.353744527 -0.152890584 1.461892055 -0.246297476 1.034233882 0.356795336 0.983483485 0.581560376 -0.261739923 0.546889978 -0.109358945 1.511640695 0.001883994 0.045020199 -0.553069562 0.219285097 0.328346314 0.041633306 -0.741300860 1.043146245 0.052971924
-34.631893033 -11.201837039 39.026888533 -0.071958495 -0.940156490 -0.214502650 -0.254786898 -0.591561315 0.674575563 -0.250618517 1.702220183 1.193688221 -0.818180458 0.303667192 0.665800503 -1.118271276 0.126531677 -0.703610313 0.502213607 -0.447737776 0.829961004 -0.452436518 0.827113560 -0.624374603 0.135301213 -0.432560287 1.706428041
-37.229025595 -20.371064569 35.685450386 -0.143776037 -0.927340830 -0.105920073 -0.328859202 0.469795506 1.357068979 -0.742707485 0.068701766 -0.110512302 1.645910261 0.276073350 -0.566585317 -0.623339587 0.004836280 -1.195080060 1.275596249 2.125824256 1.361724767 1.281197657 -0.627959378 -0.785969388 0.360648387 -1.165008735 0.949010991
-26.893892160 -15.918110689 35.924495717 0.630763188 -0.056800669 -0.461563279 -0.621185016 -0.199922979 0.214798512 -0.375522319 1.091486134 -1.224892609 -0.771104302 -1.390980671 -0.839898585 0.848136308 1.410116596 -0.649448149 -0.655698978 0.562473312 1.127303232 -0.532288567 -1.812338952 1.076946274 1.095562085 0.532357287 -0.674928034
-32.441069570 -6.911254438 41.953378750 0.234116947 0.777492180 0.361030507 -0.458641622 0.300836296 -0.036506802 -0.253509206 0.309664283 -0.500701774 0.149725127 -2.969175642 0.341036243 -0.002391617 0.213706671 0.371004928 -1.537896102 0.538662407 0.361983167 0.923022097 -0.396339577 0.957000527 -0.710094728 0.849910956 -1.651887317
-27.973428927 -17.941515255 34.310853513 -0.355430396 0.441884631 -0.820915212 -0.067122437 0.505497231 -0.426264845 0.670155990 0.050709217 -0.206795143 -1.256381035 1.504749498 -0.381799389 0.799701880 -0.743878048 0.517420722 -0.292611009 1.334949848 -0.167295325 0.345718464 1.275926782 -0.925790618 1.226082802 -0.148474935 2.750576178
-34.304981071 -16.788653250 27.897728353 -0.464554136 0.716438879 0.398579904 0.334722046 -0.365794011 -0.553522168 0.318514089 1.797314055 -0.112731190 -0.456985409 0.543111294 -1.675532419 1.509224165 1.028374138 -1.912617808 -0.131410053 -0.342120986 0.181088253 -0.635797680 0.219055209 -1.782601063 0.447839725 -1.081310488 1.516471535
-33.494368719 -6.366469165 38.298241285 -0.014035670 0.823324737 0.250666669 0.509024163 -0.180940128 -1.362496669 0.256883578 1.356759579 -0.166168490 -1.860395715 0.719833303 -0.035500495 0.217671724 -0.791831432 1.690202136 -1.795299709 0.308432910 1.332703795 0.760404936 0.091209765 0.446074657 0.801077284 0.085202708 0.726115773
-41.010550637 -17.695878838 40.222762056 -0.098191223 -0.085951844 0.777363305 0.615367416 -0.583689805 1.198007660 1.544059792 -1.458361607 -2.357310400 0.137119974 -1.172913618 0.854265225 -0.693840954 -0.918223145 -0.697959779 0.544093704 1.224545837 -0.424521232 -0.792597656 0.357833838 0.067431912 0.921461406 0.394268322 1.173943327
-31.268845041 -10.286308655 30.971751284 -0.186936763 0.584201539 0.744745822 -0.262900875 1.425033177 1.642333553 -1.703504742 0.979630085 0.355248815 -0.934886994 0.560273583 -2.136572395 -0.009724694 0.774617630 0.429452431 1.416960997 0.494197481 -1.751410671 -0.420043442 1.468670567 1.039592364 0.975851562 0.560326635 -0.234428353
-28.296360150 -12.256098706 41.801066096 0.162096326 0.513987109 0.783760239 0.308645299 0.230364498 1.200654051 -0.803584370 -0.067561044 1.196956965 0.675955967 0.711511435 1.642434529 -1.278702903 1.007012094 1.056642845 0.871832693 0.305090993 -0.115944829 -0.889441154 -0.940825701 -1.156652358 2.272590258 -0.731256142 1.342467559
-39.608464682 -20.910666327 39.979158293 -0.739854220 0.563056985 0.140665698 0.340287711 0.039926123 -1.168013727 0.755106769 -0.540753211 -0.620611318 0.331087541 -0.257693124 -0.359404249 0.326739332 1.201936941 0.403336066 -0.928084384 1.085193678 0.644720244 1.110548385 0.133366772 -1.179146641 -0.476438704 0.021495183 1.769917222
-32.947790033 -20.068350655 37.851211307 0.394996841 0.913320637 -0.020410911 0.096986106 -2.435105008 -0.279179480 -2.091171021 -0.121134939 -1.252947050 0.359694888 -0.176916168 -0.847013186 -0.990230303 -1.203535989 -2.800934201 -0.810553730 0.215574201 0.252774261 -0.152798276 -0.530611622 -0.540234346 1.852216194 0.059983702 0.915105126
-31.475361829 -19.472980122 28.057660226 0.691241816 0.607210170 -0.125877750 -0.370992389 0.926129936 -0.843433122 0.539163458 0.372195304 -1.309782279 1.170101395 0.314214863 0.194869633 0.188518659 -0.000005625 1.371678065 1.597034499 0.545023681 1.113763212 0.483434571 0.613137675 -0.216903668 -0.243133157 1.216145272 -1.614028416
-33.609234633 -11.979247270 28.618379621 -0.914513501 0.128957065 0.359050935 0.134601478 0.189160309 -0.288994520 -1.696121377 -0.013437181 -0.983869547 -2.287493434 -0.554670122 -0.416194808 1.241290460 -1.351969118 0.709537150 1.003914485 -0.437192743 -0.222250982 -0.823284310 -1.183380977 2.297076058 -0.217846980 -1.557005489 2.758125131
-41.460904293 -11.972965519 37.914109786 0.122034085 -0.002228698 0.511654315 -0.850477852 1.978900935 -0.821769056 0.031218874 0.214511231 -0.403648011 -2.770730046 -0.192046066 -0.718416901 -0.957692399 -0.938266089 -1.920042019 0.570817545 -0.566746916 0.245130142 1.811122266 -0.618434321 -0.695657350 1.076220680 0.212802827 0.135167100
-31.982933464 -22.551096323 34.170719551 -0.771173787 -0.143892455 -0.476724192 -0.396635848 -1.297342700 2.482935754 2.555289308 -1.123865087 -1.731841849 -0.720282787 -0.910495330 0.267521156 -1.228620599 -1.727077810 -0.833072393 -0.914645379 0.761992596 -1.118327544 -1.556011263 -0.387476954 -1.187632103 0.911834985 0.578946580 -1.538168776
-28.131044492 -20.391750468 37.300965047 0.045784885 0.670206914 -0.104368442 -0.733371437 -0.151424379 -0.428384782 0.148711070 -0.593499003 -1.714406596 0.906295283 -1.801740400 -1.231108785 1.728489200 -0.086184769 0.537934162 -0.601577511 -0.489450110 1.078430418 -0.710642065 -0.139921236 -0.117505393 0.405777791 0.176444097 -0.707693404
-35.804312171 -22.458291865 38.449909765 -0.189968294 -0.085620135 0.425523011 -0.880631255 -0.025368229 -1.390394603 0.304137574 -1.043629708 -0.403867935 -0.590029213 0.482156042 -1.062679622 -2.213323377 -1.435303926 -0.990863869 1.430263786 -0.258971386 1.030963117 0.612640969 0.642400778 -2.124436339 -0.247002766 -1.132134504 0.271334724
-31.427623046 -12.287260008 27.145346596 -0.425542000 0.772333009 0.356845049 0.308346137 0.230334744 1.498147937 1.772248019 0.124789709 -1.226087778 0.094904748 -1.515882053 -1.228014929 -0.201689732 0.896425823 0.151853408 -1.961876000 -1.554215793 -2.304296550 -0.510055558 0.550178639 0.695584191 0.280826069 -0.691843007 0.418850459
-40.498315556 -11.032023034 41.584575954 0.429834445 0.131814276 0.801114980 -0.395072317 0.663275847 0.096944342 -1.777937383 -0.513021190 -0.307705712 -0.688981439 0.857757594 -1.550484040 0.322955885 -1.767160785 -0.375297891 1.208637348 -2.644281928 -0.733532982 -0.633217485 -0.433066650 -0.176424275 -0.116995097 0.600481500 1.951094924
-41.879786928 -14.294253608 34.744332906 -0.836415106 0.495240420 -0.037906191 -0.231753786 0.417674716 0.707686189 0.868700371 1.260927011 0.224885441 -0.202347652 -2.563437768 -0.739095209 -0.750896179 -1.045414183 -1.789236062 -0.145655076 -2.450009794 1.636708465 -0.011423722 0.099327545 0.805818834 1.481297198 -0.109611831 2.549418070
-35.719383487 -20.647290397 33.741220895 -0.592281632 0.123171775 -0.669343313 -0.431289591 0.143796923 -1.609821280 1.008973442 0.597622902 -0.722935121 -2.467492616 0.473845811 -1.883687303 0.744660226 0.144623312 -0.114695722 -1.089567198 1.730998879 -0.300994967 0.053471525 0.905853398 -2.044019040 -1.146251346 1.725777509 1.097908738
-31.810781942 -12.137965733 29.397910121 0.164198298 0.815875459 -0.195803969 0.518697368 0.245533008 -0.359513181 0.814543669 1.171561793 1.171572979 -1.032666738 0.954646629 -0.407114032 -0.589640855 1.080513756 0.181740311 1.209317405 1.451795173 2.388629887 0.456378677 -1.550496639 0.233488849 0.139360934 -0.129063156 -0.467631992
-33.321576131 -9.523851378 32.343336488 0.334839995 -0.363440861 0.725306012 -0.479295429 -0.457969116 0.294521392 -0.307189896 0.939769570 -0.475554840 0.929623163 0.604749862 -1.310963571 1.180225012 0.307178578 -1.618542859 -0.876641318 0.693831308 0.311756726 0.559813353 -0.276759915 -0.474250431 -0.581270322 0.141621968 0.063254805
-31.223241666 -19.348173635 43.572576880 -0.234836664 0.497613931 -0.266230924 -0.791424799 0.527385854 0.600717256 -0.625769981 -1.432761798 -0.678683194 -2.271090142 1.993102744 0.277881087 0.428601360 0.371297110 -0.684944507 -0.438155264 -1.004337947 -1.928437587 -0.451927688 -0.101093801 1.567321648 -1.013462582 0.988233451 0.514858466
-32.350835959 -11.264174422 39.711374167 -0.631811130 -0.673088567 -0.300860644 0.239268365 0.619981112 2.724278845 0.768246079 -1.147882871 2.131686064 -0.516053774 0.853813217 -0.036075597 0.476413227 0.307605517 -1.136557466 -0.476133902 -0.544604618 -2.549878159 0.676193004 0.259133591 -0.607500440 0.629427604 -0.661706031 -1.555683893
-37.732047631 -8.769973575 37.458546225 -0.331933166 0.763778254 0.412662604 0.369015891 -1.785774752 -0.745085013 0.699958725 -0.324821466 -0.246287424 0.285217345 0.460170929 0.415697369 -1.721416554 0.031129562 -1.213849992 1.160981024 1.591709419 1.561407945 0.049480942 -0.530521655 0.570806901 -0.578637198 -0.930661386 2.066232962
-32.772649981 -12.933641398 44.673763212 0.742114823 0.006618355 -0.333176459 0.581562752 -1.159479475 -0.354251191 -0.751742652 -0.465923801 -0.035080399 -0.133343896 0.263682225 0.626820356 -1.093224309 -1.005570253 -0.665209711 -1.704808669 -0.044130274 0.294074484 1.590548843 -0.412790163 -0.081133289 0.969637544 -0.453799856 -0.351462999
-35.215650306 -12.520169450 43.477431365 0.375947306 -0.812566362 -0.165799232 -0.413412803 0.688013986 -0.632928478 -1.170926778 0.622776191 0.414642119 0.329076004 0.442099039 -0.972503371 1.039972024 -1.172788974 -0.074206547 0.169552653 -0.611761718 1.308400371 -0.726843041 -0.232744767 1.329877268 -0.436710008 0.071834039 -0.058183008
-34.627879112 -21.677149169 35.681745898 -0.588341586 0.510006277 -0.617747610 0.110161999 0.268261486 -0.792017229 1.259648624 -0.395653329 -0.379489494 1.602126892 0.555965256 1.630987397 -1.569890389 0.948909451 -0.470429118 -0.448903311 -0.077161795 1.186685245 -0.858666155 -0.625014286 -0.418438177 -1.002840529 -1.278165847 -0.560091767
-37.801289229 -20.333707029 41.858293970 -0.837295652 0.062049122 -0.542906608 -0.018393294 -0.705295772 -1.993971106 -0.535115305 0.327192453 -0.412820540 -0.613708445 0.308698224 1.855564920 -1.539392959 0.444762950 3.315479840 1.818148740 0.227513308 -1.088474867 -1.376710995 1.639958941 -0.321642621 -0.879410377 -0.929457211 0.100427888
-34.214489288 -6.293432616 36.674630529 0.842424371 0.206327411 0.342226331 -0.361429545 -1.015662920 -1.897691770 -0.489709260 0.487148034 2.192654921 -0.192524712 -1.041650163 -0.432385172 0.201257042 0.142196058 -0.941131614 -0.537024473 0.592656018 -0.348546555 -0.331194168 0.241421787 0.355024100 -1.655227471 -0.712252090 -0.749958477
-27.935508307 -12.853278969 39.704419228 -0.590769984 -0.637156573 -0.259801070 -0.421338025 -0.677812567 0.368164148 0.421825652 -1.020500288 2.385012383 1.790166045 -0.623406660 -1.702080103 0.439407617 -0.644022562 -0.095232775 -0.053909578 0.398364332 1.364157536 -1.153588168 1.176435486 -1.694635609 -0.089942765 -0.377668635 -1.428474885
-35.927013656 -18.811959671 33.077207268 0.241373694 0.768513964 -0.369215272 0.463470722 -0.286261680 0.986977339 1.013704518 -0.844072898 -0.967700086 -0.531575457 0.985373360 -1.600026336 0.482590640 -0.344818335 -0.169635643 -1.790666738 0.685037748 1.177334917 0.009797594 -0.146677349 0.503646743 0.745290329 -0.171318815 -0.678767986
-39.894402252 -11.848883110 40.888288567 0.152228652 -0.675713299 0.667639488 0.272938617 -0.447098744 0.231889178 0.132997847 0.571306052 -0.732267554 1.035328108 -1.564643007 0.175466386 0.219523731 -0.191466091 -0.705646404 -1.958964576 0.080706254 -1.820359290 -1.475125298 -1.096832512 -0.549912415 -2.937944777 0.171304668 0.876782821
-37.288360936 -6.853700040 33.953406139 0.197234040 0.684078441 0.698594702 -0.071420324 0.875335729 -0.509086401 -1.013683702 0.594809874 0.128475030 1.213854948 -0.352063313 -0.723491434 0.535631265 0.291051417 0.744488278 -1.707135743 -0.115880588 0.377828423 1.466067495 -1.515385728 -0.156982724 -1.321133241 0.305103960 0.772006987
-32.599119847 -9.424374407 43.410965051 -0.860830959 0.295576569 0.360024555 -0.204906980 -1.591918577 0.897664231 -0.001752931 2.331210157 -1.104961221 0.259761145 -1.277621384 -0.196197714 -0.566839839 -0.225586984 0.951236730 -0.697456652 1.044976224 -0.946617743 -0.932482361 -0.575538405 -0.466209948 -0.046112301 -0.303291049 -1.239081759
-29.816590491 -15.576500863 41.773036201 0.303774492 -0.231387475 -0.759875298 -0.526089751 -0.124386761 0.146853064 2.580091236 1.756162830 -1.508963212 -1.348262272 0.047046033 -1.239656927 -0.302534509 0.809404745 -0.773963549 -0.301417526 0.382927063 -0.910262276 -0.722737849 1.150512261 -0.060060721 0.958868060 0.294766674 -0.922442072
-35.655084799 -19.123804096 37.502542160 0.265863384 0.913462860 -0.146765477 0.270854500 -1.643398648 -1.403258015 1.723539165 -0.141901414 -1.397100579 -1.015976740 0.781449727 0.295703485 -2.049510225 0.659540551 -2.027235703 -0.356542033 0.774748873 -1.572603212 -1.375007756 0.955089630 -0.859967095 -0.383888465 0.499527199 -0.637043631
-28.464838339 -12.054752281 28.168139468 -0.663177376 0.270584607 0.090852924 0.691899910 -1.377329239 -0.127353953 1.710562893 2.122593454 1.296848497 -0.745411211 1.541479066 1.624990572 -1.251950837 2.216166063 0.853139697 -0.583704528 -0.241187281 -2.565861940 0.488763802 0.842066041 -1.174530083 -0.352713325 -1.301713613 -0.274900007
-42.485741511 -10.994410994 37.983314579 0.234846000 -0.179766894 -0.145069848 -0.944185342 -1.998851502 0.396940945 2.178928553 -0.196932182 -0.171788284 1.042255144 -0.403832049 -0.071236693 -0.911577018 -0.480173446 0.964157208 -0.019383511 0.284778208 1.596052973 -0.919113475 -0.751797257 -0.750938443 -0.567674818 -0.232950395 0.972141289
-33.005997550 -8.260239241 31.634198237 0.028327301 0.809552322 -0.557449823 -0.181857903 0.431980347 1.101071901 -0.132371903 -0.074679187 -0.108983427 1.624269290 0.502154476 -0.046411524 -0.166888995 -1.021239106 0.777750025 1.019508377 -2.017704197 -1.632154069 -2.297980201 -1.309841948 1.718742352 -1.065009598 0.252533813 -0.777265042
-31.401019085 -7.953321741 38.683720329 -0.651706886 0.622145509 -0.433435323 -0.018625820 0.168716616 -2.096486750 0.623056028 1.174828801 -0.233375071 -0.757213737 -0.133020414 0.166145288 0.540747217 -1.799289525 0.085191957 1.617186871 2.114189289 -0.340657889 0.439124176 -0.654219920 -1.627501388 -0.091027180 1.056976309 -0.528690777
-42.101023247 -13.881443520 40.391159756 -0.628797570 -0.293429423 0.361580260 0.622713823 1.214668779 -1.050811952 -1.019920575 -0.053682435 -0.026917891 -0.086705586 0.569375113 -2.055189682 -1.553383100 0.472164191 -0.233898218 1.322146479 0.840755371 1.127085882 -0.142162503 1.335925475 0.509569489 0.373595576 0.761085667 0.491109628
-35.067793028 -21.301892598 29.275492490 0.494220335 0.041384933 0.189120117 0.847506418 -0.543852796 0.899934255 1.674477718 0.483083164 0.155740484 2.045472974 1.859410467 -0.502498181 1.269842904 0.932996190 -0.200553286 -0.729175943 1.380389328 -1.485521674 0.350819208 -0.000001789 -0.133075848 -2.438712807 0.630693179 -0.620910905
-34.514554509 -14.278535169 45.115760004 -0.239372365 0.384596090 0.488576206 -0.745707724 -2.188620129 1.320284118 0.441605918 0.647744028 -0.746998155 -0.489021544 -0.480647305 0.927092972 0.582565373 0.174485526 0.677529960 1.193934920 -0.209081468 0.109192693 -0.731726452 0.058442683 0.535599861 -0.260139880 1.234277366 0.706740572
-37.066561894 -18.006662193 27.894213678 0.362281215 -0.484645717 0.180484981 -0.775432797 0.038385167 0.928001703 -0.696946952 -0.040743785 -0.275140075 0.814041682 -0.162029406 0.816052526 -1.347079099 0.359776547 -1.164205196 -1.040403024 1.003602032 -0.809027548 -0.352706483 0.025642465 -0.070569457 -1.248754610 1.435443686 1.221137574
-32.024840555 -16.427059928 35.827158654 -0.051772502 -0.031026501 0.848860503 -0.525159795 -0.599221149 -1.986556569 -0.780401016 -0.200361905 -0.683832716 0.363987012 -0.733563409 -1.277234031 0.076699461 0.340565943 -1.216916199 -1.761057982 0.271888359 1.156624569 0.342600575 0.175229766 0.344715817 0.821478656 0.706203774 1.017396693
-30.901986494 -17.729442108 40.160526530 -0.127536357 0.052484210 -0.880854611 -0.452852117 -1.682502383 -1.229120700 0.810846314 -0.240978810 0.504326592 -1.187577180 1.088339286 -0.867230955 -1.187459310 0.004013461 -0.147230850 -0.507034673 0.270814916 -0.468589842 -0.527259072 0.464815788 1.772523967 1.043663882 -2.087610461 0.131630383
-33.337778978 -10.485280933 27.265408918 0.139941723 0.830266745 -0.476104637 -0.253767258 -0.401840008 -1.865997505 1.261289534 0.934547159 -0.308137535 -0.481871057 -0.607594307 -0.004748966 1.451126196 0.535920366 0.510875598 -0.134226356 -0.618963407 0.298858472 0.275492346 0.923565084 0.724926250 0.117979300 1.309483461 0.649426707
-30.588069530 -19.253105325 27.934441640 -0.209634896 -0.325369906 0.905909269 0.171802301 -0.873157322 0.064427110 1.496298082 0.210663226 -0.867819650 0.030157576 -0.240161927 -1.443028363 1.045889732 0.539445063 1.184294109 0.807506590 -1.125335386 0.404391714 1.227145029 -0.272696861 1.376858824 -0.672345513 -2.043358827 0.079327329
-36.983272730 -21.062741292 39.864107350 -0.735396248 -0.406813689 0.218696706 -0.495849505 0.590039297 -0.491263172 0.741766187 0.541195561 -0.516229277 1.107999738 0.240562966 2.311048939 0.744144098 -0.181269086 0.342007589 0.084076728 -0.312023959 -0.998800152 -1.511898312 -0.159004345 0.032741409 -0.505082256 0.103795482 -0.909937198
-40.506953497 -18.287908341 32.015102781 -0.782265831 0.051587934 -0.469589131 -0.406060220 0.711474736 1.352883702 -0.735951594 0.396234502 0.851237677 -0.092383188 -0.935209035 0.156285236 -1.749839717 2.620599378 -1.820733141 1.353510631 1.599504327 -1.108841911 0.787803301 -0.223068459 2.693000539 -0.831095859 -0.664058056 -0.290324930
-38.113826160 -17.119203316 37.072099962 0.180109154 -0.166202068 -0.921450225 -0.301441616 -0.739610341 0.994962456 1.045809369 -1.378069067 -0.275791667 -0.963880532 0.308663117 0.053440417 1.273634811 -0.971066185 0.313991301 0.141435743 0.950705690 0.120728438 -0.309622523 -0.044912524 -1.491095246 -0.222313714 0.117125558 -0.740267255
-31.027916580 -19.330304397 31.203571819 -0.033068940 0.095076502 -0.222859857 0.969639308 -0.703021201 -1.200657286 1.163994317 -1.352567227 0.670263766 -1.144293238 0.622989660 -1.031143618 0.289859736 1.290649963 -0.625472833 0.192063392 0.479413068 -0.617294970 1.545067753 -0.004852473 0.435615759 0.287102987 0.522813126 -0.370692622
-37.406748509 -21.744912908 40.959721897 -0.634236476 -0.236034360 -0.112276570 0.727616551 -0.093375521 1.029310970 0.642148957 -2.091034432 -0.568054845 1.864291443 0.770055204 -0.313656012 -0.331656239 0.432340757 0.963432897 -1.303788547 0.157290487 1.513938420 -0.051562486 -0.340827247 0.415698383 0.463655119 0.202737101 -1.190829875
-30.578590553 -14.413468824 36.544387277 0.819253119 -0.495813203 0.219775913 0.186258266 0.795274097 -0.755929921 -1.290944561 0.471322813 -0.334476392 1.657740838 -0.969724928 -2.787667818 -1.012233059 1.396988472 0.917841694 -0.185629194 -1.046172204 0.398968362 2.565723620 -0.065030898 -1.442934561 0.621557489 1.027422669 -1.363239381
-40.134660550 -8.928459541 37.725060244 0.019475209 0.845980774 0.219132231 0.485714228 0.490565004 0.126197469 0.183754807 0.701763707 -0.552042897 -1.537188281 -0.046837757 0.722550227 0.247987706 0.817773222 0.700897927 0.220080363 0.980742669 -1.384159417 1.212257698 0.099523875 -1.147298436 0.677329319 0.975740434 0.648564086
-31.711181742 -12.729871493 42.399971949 0.890846121 0.012399783 0.440477810 0.110538377 1.269327538 0.786556461 -0.920008126 -0.731252405 -1.056166168 0.273219578 -0.595597730 0.679321567 0.093755364 -0.589947799 -1.468974105 -0.480157746 -0.540755747 -1.186759921 0.156785369 -0.577830647 -0.283496389 -0.318993510 0.417775071 1.299984778
-37.648193498 -17.826487895 38.361554490 -0.213508594 0.014621110 0.735366193 -0.642990564 -1.040498181 -0.540700105 -0.254610974 -2.283607987 -0.752320356 0.579412349 -0.439433809 -1.711457388 -0.847839700 -0.738211000 0.330274236 -0.671037066 0.382675836 0.134519130 -2.362904353 0.726362335 -0.860945599 -0.568189843 1.643671207 0.710594032
-30.156163264 -18.791179281 39.556041037 -0.131838349 0.895047248 0.261938516 0.336001915 -1.889537028 0.782825675 -1.581955133 0.738543591 -0.108513895 -0.742994714 1.749164084 -1.210818626 -0.273230204 -0.607877747 0.803506716 -0.919556983 -2.258515304 -0.398226599 -1.488102280 0.461527916 -0.838714838 0.250399556 3.013145059 0.067632828
-33.525749739 -6.454786314 41.867505085 -0.558067162 0.756948991 0.324835029 0.100356723 -0.541866035 0.985438850 -1.258435680 -0.241743961 0.204735283 0.003432898 1.487041641 0.676249925 -0.961511664 -1.899714978 0.872059746 0.287792972 -0.036089539 0.438722776 0.800520513 0.253379738 0.164829970 -0.730539804 0.584814066 0.322400538
-28.525834970 -11.838653716 35.204666887 0.462041190 -0.328305285 -0.789890620 -0.234107638 0.531495884 1.262044954 -0.187045653 -0.796534821 0.395158460 -1.460520610 0.435922712 -0.399410977 0.842087731 0.118366221 -0.854162495 -0.934495590 0.000237892 0.687930845 0.193341046 -1.271009064 -2.083819257 -1.041656860 -0.125214002 1.077113420
-26.404660122 -8.554454873 32.756116787 -0.085484844 0.256805671 -0.656155037 -0.704417317 0.009678518 0.926780693 -0.453340989 0.770405070 -1.493997898 -0.007816395 1.367630038 0.141142102 -0.676493002 -0.345526664 -0.119202150 -1.319568027 -0.188947186 -0.181913262 -0.224348217 -0.590734072 0.077860039 -1.847742610 0.816940103 -1.502066387
-29.164875762 -9.294340440 36.134464195 -0.019040621 0.306301720 -0.941721064 -0.137761200 -1.392866644 0.057430116 -0.702466749 0.454153412 -0.600168641 -0.390450774 -0.588940793 1.663582211 -0.120819596 0.746543975 -1.268298821 -0.693836943 0.112227425 -0.946097613 -1.951701661 1.368803175 -0.432794605 -1.403425251 0.249018686 0.234370084
-34.051578039 -5.954661415 38.555883302 0.559092815 0.706324793 -0.374047136 0.220475060 0.127397578 1.655636281 -1.981017971 -0.333412983 1.087349543 -0.966339817 -0.257632036 1.168396193 -1.453997489 -1.013820237 0.158620390 -0.136458936 0.863518999 0.687019233 -0.082610706 -2.133579797 -0.501006678 -0.505195635 0.030124055 1.248604844
-35.843778083 -23.508538293 37.679872822 0.296842915 -0.281356861 0.314250089 0.856720189 -2.339211204 0.332955688 0.013951871 -1.025849420 1.195645968 0.556431695 -1.402055151 0.344525850 1.095551495 -0.661392551 0.384474554 1.747868975 0.361492829 0.290003517 -1.727191091 0.223760448 0.398550372 0.748411563 0.822198514 0.089648320
-30.995467027 -22.237513506 31.615167246 0.470615001 -0.645817902 -0.027633291 0.600564035 -0.426363046 1.728414015 1.705110946 -0.380010629 -0.819290694 -0.350344617 0.164029140 0.234486665 0.343343171 -0.711807017 -0.088921011 0.572923032 -0.566631937 0.572369016 -0.610084335 -1.027423512 2.179221019 -1.167894581 1.103330030 -0.870137334
-37.894285937 -8.607051528 33.029747927 0.143283980 0.163078751 0.806017308 0.550646094 1.223476210 -0.181306945 -0.610493875 -1.430932583 1.832025423 -1.247080725 -0.086795436 0.123180099 -0.756274237 0.316653741 -0.649305601 1.117085510 -0.112214885 0.646038978 -1.485560779 0.562225101 0.671271139 0.779593235 0.173151089 -0.542864566
-29.146389545 -10.656493005 37.515273490 0.796373385 -0.243325584 -0.487115133 -0.263250715 1.311451503 0.689190908 1.208204087 -0.322816586 -0.539689428 0.534174590 -1.818289342 -0.444069601 0.820857557 -0.495534461 -0.883528848 0.501081589 -0.014575118 -0.304720303 0.068352727 -1.041212258 1.462713534 -0.378029736 -0.045265935 -0.574673835
-37.846099601 -18.505312249 29.281954556 -0.205026816 0.326028206 -0.804242185 0.452619179 1.003463720 3.259476416 1.612777559 -0.317000321 -0.279781107 -0.219360729 0.404586255 0.985903043 1.222313490 -2.995409002 0.689716918 1.513075307 0.247079924 0.622408642 0.252276736 1.039708670 0.870939706 1.029051139 1.045336122 -0.606456428
-29.940431435 -16.326967511 30.509890881 -0.247297698 0.659941247 -0.525177869 0.476979669 -0.013241202 -0.070474458 1.758624505 0.090020278 0.078528427 -0.053235726 -1.485983071 0.168643458 0.133808963 -1.413065522 0.508859992 1.631454987 -0.999686982 0.963595160 -0.241162331 0.420590830 -1.366554826 -0.390443733 -0.550679665 -0.610340290
-28.939504182 -12.564398935 28.426016435 0.427901412 -0.485039387 -0.515384837 -0.562152688 1.493033386 0.758800755 0.126054336 0.195818057 -1.256743568 0.840656402 -0.276616419 -1.496063897 0.499407498 0.486374931 1.690607518 0.455491307 -1.646621349 -0.796742272 -0.275848138 0.837146755 0.077336708 1.621743375 -1.509156679 -0.075312267
-29.570532579 -16.278837594 44.537671410 0.018357173 -0.005950179 -0.477735116 0.878291961 -1.281320800 1.496811513 -0.269749050 2.084989385 -1.031472610 -0.600323642 -0.797307870 1.531382511 -0.903068389 2.185874615 0.609442170 -1.048587278 0.059585788 -0.303825496 -0.006197855 1.463927140 -0.192912372 -2.320512911 -0.944560668 -0.572593820
-34.436928497 -9.294461632 29.589897889 0.229859374 0.203085660 0.064885859 0.949584492 -0.493763197 2.274064973 -1.916147296 0.296269595 -1.468793634 -0.791383195 -0.631358404 -1.737967410 2.030341687 -2.043948936 -0.500873975 1.552741255 1.692547377 -1.442507727 0.923319105 -0.510753774 -0.139938028 0.466529268 0.518125902 0.930150873
-26.834598601 -16.545933123 38.697135936 -0.103519819 -0.425790247 -0.865448316 0.242869357 -0.787122060 0.097428381 -0.921872394 -0.669801508 1.421839118 -0.198618352 -0.141230816 -2.321925023 -0.964644876 -1.613534363 1.125887694 0.188565424 0.072921737 0.168594631 0.881070085 -1.715894310 -1.193232754 1.262750517 -1.633626623 2.151921618
-33.022709251 -7.092489106 31.212401921 -0.061820485 0.443251324 0.802152502 0.395294643 -0.925021632 1.533704272 0.215810703 -0.304912431 -0.533738762 0.148106299 0.594842681 -1.209368479 -1.486711078 -2.342113376 1.065381361 1.734753309 -0.372439583 -1.631336754 -1.075433364 0.009281549 1.084689950 -1.098896249 0.513164585 -0.262484965
-36.261168492 -5.499785028 35.522922858 0.778204421 -0.102659565 0.399922719 0.473202611 0.198777636 0.455924079 0.906316456 -0.095988350 -1.230282552 0.294980937 -0.555701134 -0.753426380 -0.837889867 2.142426770 0.562770840 0.597089137 0.433057723 -0.593366415 -0.602449662 -0.429348365 0.035921170 1.513003324 -2.310645160 0.525814624
-24.562347689 -18.332950082 37.997761034 0.391502400 0.826307712 -0.211941839 0.344995786 -1.268724581 0.177077008 1.026050990 1.751766129 -0.063055714 0.984500356 -0.298326428 0.193296525 0.828273764 0.162109524 1.074169461 -2.251104291 1.227933408 -0.138984257 1.795873915 -1.152101146 0.469146323 -0.658905490 -0.263301722 -1.765229333
-31.575332854 -18.779908995 40.957782842 0.126332109 -0.115403767 0.813614580 0.555655905 1.431293346 -0.758694271 0.664535374 -0.224882718 -0.829513901 -1.570030732 -1.205522251 -1.030316573 0.121316234 0.245681946 -1.649723180 -0.249740235 -0.243162080 -1.122803854 0.855494732 0.241267804 0.788089704 1.183881253 2.228861650 1.618840850
-37.059080649 -10.722549160 33.857450267 0.964882979 0.001952309 -0.088852489 -0.247188716 -1.987328341 -0.183343298 0.643655996 0.839108830 1.322194916 -0.282729018 -1.971436493 -1.416374366 0.289203780 0.323586100 0.054250352 -0.875272408 -0.072554704 0.666633045 -0.947975252 0.751122993 -1.304493473 -1.710431298 -0.683627057 1.746831569
-32.878188464 -10.870233748 36.764356736 -0.456419778 -0.253686935 -0.813699834 0.255375223 -1.597183768 -0.599312037 1.857055271 0.984040281 -0.260438567 0.823664994 -0.650175660 0.998303222 0.870565087 0.745304768 1.088698337 0.144356786 -0.478341575 0.644709831 -0.467712570 -0.801168089 -0.882892501 0.145840670 -0.259924159 -2.040520186
-38.729685977 -18.575999170 36.388127154 -0.369448588 0.609437755 -0.191506103 0.674847225 -1.521456160 0.106131431 -0.010310434 -0.031262903 -0.034835085 -0.361947430 -0.303863727 -1.014629765 0.030524175 -1.114051962 0.855520519 -0.566538745 -0.875033923 1.492256058 -1.127921546 0.226868482 -1.724364097 -0.497070394 -0.286648448 -0.702579063
-38.093819953 -6.438818162 34.058528115 0.224527377 0.518746131 -0.600376408 -0.565719079 -0.042571223 -0.320802590 1.036145360 -0.715740946 -0.574820572 -1.360046991 0.079609228 -0.414830449 0.172392332 -0.027903613 -0.105710952 0.559390680 -0.954044519 -0.266054919 2.307019640 -0.250981186 -0.403046707 -0.191198281 0.693043331 0.064385536
-41.147517605 -17.324498286 37.099806292 0.197195328 0.210767837 0.323279343 0.901211067 0.526604516 0.312132506 0.399491049 1.489778950 -0.756510874 -1.579475982 -1.239018303 -1.477283803 0.831198556 -1.280088079 -0.664671386 -0.049472911 0.618327164 -0.227588115 -0.865704509 -1.793154963 -0.631878131 -1.209225654 0.520058451 -1.367211217
-38.757375699 -15.746442134 36.138071829 0.095117349 0.164011264 0.436487575 0.879506448 -0.108707082 1.637095625 -1.593067822 -1.081096870 0.340076680 -0.435411919 0.221854055 -0.356652248 -0.782427450 0.388305851 1.143009160 0.626392860 0.148780122 0.679070284 1.919504120 0.661199292 -1.021231666 -0.827356446 2.463829321 0.640826826
-38.487561971 -9.392317575 30.989000390 0.547881324 -0.614298424 -0.209495846 0.527802039 -0.893097622 0.989476550 0.136187989 0.769304699 0.630394776 -1.038444093 1.176077936 1.016800487 0.488166949 -0.549781460 -0.112852129 0.380088968 0.316913586 0.244698889 1.620570938 1.222319087 1.260813606 1.310731344 -1.200832557 0.679504694
-26.133044628 -10.285394726 35.718973562 0.208308176 -0.785447531 -0.530433028 0.241496755 0.516576227 0.701861467 1.154823117 -0.569118997 0.521753821 0.319606759 1.192059374 1.750549389 -0.031350162 -1.352197870 0.882850061 -0.472156921 1.040257767 1.685471504 -2.817456005 -0.431108047 0.612602561 -0.541321689 1.589052011 -0.395020158
-37.893064787 -13.984517959 38.040770161 0.434409337 0.541792135 0.290660009 0.658229876 -0.460052834 0.163771465 -0.840036800 1.059217325 -0.658293651 -1.295468862 -0.633246511 -1.573111278 1.005445259 1.396586847 -2.049662635 0.559647763 -0.555081094 -0.530780017 -0.530963978 0.233458767 -0.860197565 -2.306355560 0.236027610 0.379413005
-33.867884626 -12.318561963 38.012494346 0.106421353 0.428712103 0.014778982 -0.897029548 -0.029794856 0.970146122 -0.948058486 1.330822664 0.526236354 0.871902867 -0.472791210 -0.032060372 -0.118974369 0.305935468 0.492598538 0.404464060 0.509961732 0.293295253 -0.033830020 -0.126238457 -0.895018499 0.747086105 -2.226393048 0.772064829
-40.868155844 -12.697314780 37.664837985 -0.748479487 -0.633388118 -0.162445612 0.110496032 -0.631473868 -0.699094786 -0.950757738 -0.863008662 0.389398591 0.041891257 -0.410447892 -0.530726460 -0.050629497 -0.661638945 0.867196344 0.205214040 -0.195675396 -1.970006002 -1.390200097 -0.015765600 -1.116782258 -1.380708578 0.557613311 -1.000398489
-38.309934807 -14.210044796 34.958917913 -0.963678360 0.189686488 -0.142812877 -0.122260120 -0.517922073 -0.634890416 -0.182420701 0.107458203 -1.071601972 -2.228523841 -0.670293257 0.272124057 0.892416666 -0.450666323 -0.277387838 1.660605461 -1.471178508 0.201167379 1.629972805 1.222200309 -0.789562471 -1.148764947 0.171784357 -0.078993871
-40.568786520 -14.668951896 35.456696895 0.159146695 0.560873261 0.609725219 0.536962449 0.371163428 -0.624632967 -0.787349474 0.113820800 0.280360445 0.866008225 -0.090533732 0.617836317 0.351702944 0.110526107 0.118092221 0.113731323 0.674173502 1.157834937 -0.213447268 0.587890835 2.092549761 0.270095120 -1.365852780 1.095954635
-33.692644440 -9.206395118 30.988882241 0.774647318 -0.283859234 -0.387467637 -0.411356656 -0.030234696 0.598956414 0.911750592 0.949665751 -1.768238949 0.382220326 0.395721432 -0.341038722 -0.443571731 -0.014165240 0.058060245 0.397146979 0.313645398 -0.167944907 0.396565990 0.158223198 1.639958121 -0.196407208 0.311275989 -0.929276786
-38.973496523 -16.381335735 42.085122675 -0.838468809 0.185310698 -0.253163107 0.445576529 0.786666775 1.198475324 -1.454336939 0.102607008 0.835159995 0.769622614 -0.302390662 -0.595561892 -0.493545591 0.969868409 2.433216621 -0.591296693 0.207824738 -2.006442240 1.368674732 -1.181212587 0.461217801 0.468683776 0.812814632 1.496432064
-27.072589419 -9.922377720 39.565908991 -0.145051518 -0.689031037 0.003379987 0.710059760 -0.570389801 -0.474428762 -0.119570090 -1.017961561 0.723387772 1.029735894 0.789181579 -0.317934750 0.957284903 0.683933464 -0.977758181 -0.909800278 -0.599239420 -0.074446387 0.686100569 -1.447232695 0.527757122 -0.663400522 -0.282216911 1.126310849
-34.864860221 -9.487745593 38.664589730 0.496418822 0.405836682 0.443034684 0.626566206 2.910365304 -0.533802136 -1.011064115 -0.410709124 0.560465696 0.313852492 0.202483715 -0.259618538 0.039563067 -0.751067639 1.126751779 0.846193028 -0.697284226 0.342300878 -0.353725170 0.317220027 0.212405698 -0.503100894 0.780678290 -1.256215045
-27.955540773 -13.856827359 29.942141608 -0.720314332 -0.369673866 -0.377850853 -0.449129411 0.225137868 0.253438087 1.561453304 0.470161068 -0.344140473 0.088272992 1.392428084 -0.141442876 -0.241726340 -1.470839791 -0.549684635 0.774127545 -0.219935284 1.991003172 -1.221389052 0.841557597 -0.769236933 0.457994849 1.990095211 -0.246255110
-24.525989794 -13.566101248 33.225755084 0.593793956 0.475018530 0.637402859 -0.124433634 -0.484783045 0.789116936 -0.712528287 -0.181216942 -0.038977097 1.019484599 0.522582453 -0.885406660 -0.110902254 -1.199206339 1.213704156 0.618170904 -2.964982154 2.188264991 -0.739232746 -0.607578001 -0.947930853 -0.135683710 1.100707467 -0.714616402
-29.419778216 -14.188535423 40.856731859 -0.600673734 0.539437508 0.543892572 -0.228864832 0.454202687 -0.805477835 -0.790898615 0.491631868 -3.005239067 -0.264091056 -0.406195460 0.912633108 -0.940334137 1.051952108 1.299804747 0.841232451 -0.550235741 -0.371629788 -0.783909311 -2.028445493 -1.190195960 -0.175082008 0.428784643 -0.031527520
-27.542980233 -10.579040041 41.334201524 0.587745744 0.677476615 -0.362387860 0.253486520 0.172151056 -0.343774935 -2.336248936 0.094622122 -1.039858694 0.297095982 -0.468675443 0.862270319 1.613107474 -0.880258032 -1.224274793 -1.107648576 1.137821122 0.079634579 -0.102162435 1.068919497 0.013705216 0.374453153 1.797857175 -0.268602827
-36.258755722 -21.819649539 41.334273461 0.230136895 0.148955952 0.957410873 0.090628666 -1.604505976 -0.268039857 -0.315484195 -0.369041364 1.225178942 -0.850759479 0.111216179 0.839564461 -1.153907443 1.056201075 0.884657604 2.549986104 0.139816706 -0.184166361 -0.292175231 -0.240763724 0.405818338 -0.303113108 -2.019547127 0.143302857
-35.025340986 -15.482366633 45.076430192 0.043716992 0.401082017 -0.801826600 0.440790362 0.774381181 0.259555141 -0.208974699 -0.830080585 -0.873108956 -0.245857720 -2.859757494 1.973131994 0.439293000 -0.277962671 -0.648981605 0.704021919 0.091866231 -1.093094535 0.101892638 0.212520670 1.902064568 2.383236332 -2.441013917 0.292468200
-30.854077487 -16.397354991 43.827137775 -0.088352208 0.855457771 0.056642182 -0.507126762 -1.061485161 0.655295305 0.502898568 -0.559470823 1.104054056 -0.863826982 -1.553437708 0.075172681 -0.455146563 1.314222077 -0.992494793 0.482475805 -1.095519552 1.120357654 -0.527845091 -1.336570203 -0.667506564 1.038659222 0.890648219 -0.693147136
-32.367084238 -13.805878090 32.269833255 0.172621632 -0.432420906 -0.544791557 0.697435367 1.070667018 -0.337754765 -1.493293675 -0.661627744 0.025041195 2.592908918 0.439397645 0.257528815 0.062319411 -0.581675632 0.004238078 -0.068231339 0.941937151 -0.851460289 1.644841250 0.571225688 -0.487013044 0.555727390 -0.383514524 1.370484065
-35.732136683 -11.815626354 37.409011776 -0.630441577 -0.108004055 -0.580881520 0.503443345 -1.466404178 -0.264196716 -0.109750330 -0.115657244 2.670223259 -1.483920098 0.943861232 -2.249272114 0.765222565 -0.475893694 1.419363763 0.960715444 1.210819178 -0.071211260 1.347749872 -0.634139269 0.521815238 0.460374768 -1.653230115 0.263404626
-31.579017228 -17.100082580 36.669894804 0.135245097 0.354832138 -0.006906846 0.925070383 -0.287974191 0.118931803 0.315039746 -0.332017555 -1.869125604 0.338730754 -0.548226159 -0.050101887 -0.317177451 -0.578058100 1.356498857 0.761215918 1.265635741 -0.264299753 -1.181625290 -0.852185164 0.649078771 2.107575092 0.020167164 0.919244654
-27.078908436 -7.832565542 35.627414588 -0.939568758 0.215718869 -0.067615488 0.257107106 -1.541172445 2.827200980 0.560016695 -1.157162461 1.774193669 -0.320017102 2.494322037 -0.153797865 -0.425748499 -0.076293194 -0.583689396 0.285535661 0.252539442 1.032223796 1.029491542 0.516226963 -1.727944512 1.466847469 -0.175581700 1.119255976
-28.228772178 -13.041196652 41.892818382 -0.594653195 0.704237770 -0.387856929 -0.001935018 0.934808959 -0.654046557 0.885992756 0.938667079 1.882970100 0.982112390 0.864846645 0.868051997 0.523998337 -1.082364430 -0.009758388 -0.639868979 -0.655730192 -1.944873126 -0.360020267 -0.423240538 0.451018757 1.415124198 0.874909622 -0.547948675
-27.743765894 -17.237656551 34.948853309 0.397738211 0.052429526 -0.110655323 -0.909291405 0.488072974 1.524307225 -0.606213433 0.438571752 -0.032058576 -0.986921291 -0.247637988 -0.202021268 -0.626427289 -1.715495086 -1.086116573 -0.418576998 1.350687706 -1.695439905 -0.268480028 -1.267755175 -0.318791360 -0.768741369 -0.042105202 -0.935127541
-42.965025208 -14.885699977 34.953573824 -0.030749581 -0.454949937 -0.733553409 -0.503958743 -0.728598703 -1.272985295 -0.257883102 0.091652539 -0.962598710 0.656471091 -0.989720328 1.599967917 -0.130949700 0.111404350 -2.959847939 0.706845401 -0.830138065 1.194529449 0.552486870 0.015014580 -0.074019692 -0.308416092 -0.562511347 0.459460275
-33.009662853 -14.335980850 37.545125981 0.728777330 0.157670560 -0.593578872 -0.302799802 -0.299034084 -1.187398672 -0.558901126 0.216549473 -0.644906905 -0.575229659 0.648188747 0.308146179 -1.540754089 -1.986434521 -0.473787543 -0.932227957 0.155677745 0.596380936 1.361638572 -0.854317259 0.012037789 0.232612493 -1.058536511 1.051774859
-38.356581812 -18.708527324 41.247538473 -0.694804909 -0.714458405 0.065322615 0.050282023 1.174734508 -0.226253651 0.272165742 -0.823599443 1.908235015 0.984642849 -0.559247043 -0.967218478 -2.043714758 -0.923129188 1.824621552 -2.026113212 -1.100821995 0.342830094 -0.686413362 1.179008342 -0.822444583 -0.598535333 -0.221435318 0.912626352
-34.419572824 -5.515085788 32.919756615 0.709517894 0.030814296 -0.696596159 0.101924617 -0.993440100 -0.007665256 1.475026466 -0.599571482 0.327337403 -0.831693648 -0.225247235 -0.969322034 0.832182266 0.059013293 0.033101821 0.611321042 2.332802431 0.579556037 -0.560264158 -0.682523817 0.460419248 -0.331250633 -1.550843983 1.807704042
-31.781789527 -13.814649033 28.990235161 0.213671784 -0.157687530 -0.838600970 -0.475633709 0.353835301 -0.248579334 1.634043410 -0.037834753 0.293520671 -0.602432647 0.948911986 1.459238495 -0.695391995 0.141442556 -0.383412957 1.954483897 -0.176680496 -0.486828364 0.668340228 -0.546378551 1.154836353 0.258298736 0.613044588 -0.265139029
-31.280570183 -11.068371257 29.534184135 -0.003207254 -0.921223370 -0.153441022 0.357481565 0.968651016 -0.544954941 -1.456534027 2.418005669 2.787812915 0.965188284 -0.869364612 1.084222617 -0.375705787 1.039101169 -0.875362791 -1.321412513 -1.380520118 2.716594894 1.597445007 0.805690446 -0.670566859 -1.348903961 0.232055439 -0.348767491
-24.512789223 -16.969584726 36.100792429 0.643314005 -0.125871385 0.174412833 -0.734767752 2.621974502 0.864230641 0.278880385 -0.864946063 0.575424256 -0.358585307 -1.221641909 0.116300538 0.308102829 -0.504807633 -0.525459175 0.299748339 1.545802597 1.263064834 -0.726812349 -1.556677183 0.636078040 0.701424551 -0.795084682 -0.390562722
-38.258038113 -7.612582237 39.484224553 -0.353510064 -0.046507078 0.720045973 0.595316321 1.078983650 0.393610423 0.211915839 0.746438819 0.551032665 -0.386385514 -0.009118750 -0.135848900 1.231642540 -1.551905320 1.763447668 2.096673260 -0.031842188 -1.114811113 -1.000433857 1.751463586 0.803374948 2.245353651 0.341765960 -1.208251558
-37.241487647 -17.154222379 34.951675410 0.059572364 -0.276886221 -0.934533778 0.215480329 0.664737508 -0.703235568 2.062372540 -0.281967462 -0.967403212 0.661994805 -1.452831384 -0.657952372 2.671275826 1.230007788 0.085659676 -1.346118634 0.409428113 0.102043646 -0.541289908 -0.267830727 -0.180009077 1.023333632 0.089917407 1.998238412
-34.588681743 -17.566059168 35.419785850 0.559063668 -0.695166938 0.408922763 0.192283430 -0.641845217 0.865196332 -1.924214196 -0.122140408 -0.679800280 -1.197249984 0.801598107 0.441823088 1.645120948 -0.202995320 -2.078893144 0.499548401 -0.039844004 -0.423073080 -0.756204101 0.401515870 1.085763428 -0.388659250 0.275153723 1.576970769
-38.153582793 -13.234113964 42.847133914 -0.838096553 0.371572955 -0.222134269 0.331939866 0.678349312 0.523934114 0.691744984 1.361135049 -0.945047984 1.755229735 -1.108885340 -1.652931949 -0.066087231 0.499360960 1.876926354 0.727849519 0.522085552 1.317215851 -0.742995192 -0.616671429 -1.349534456 0.124248962 0.607204382 -1.186438704
-36.085105314 -8.198466257 28.610830774 -0.108359933 -0.386721383 -0.787538995 0.467425960 1.899878783 0.265958976 0.704195973 0.999775630 2.596130377 -1.819374649 -0.136007152 0.545141848 0.467809953 0.381939262 0.955592505 -0.443687655 0.196764068 -0.326701531 -0.398327039 0.545767080 0.222173523 -0.862185902 -0.094957834 -1.033253508
-38.653283338 -21.367115483 31.639805970 -0.392182150 -0.865824165 -0.040885485 0.308009827 -0.728322608 -1.042283260 1.036220902 0.808751338 0.896635940 0.095115032 1.234263098 0.806367631 0.367893602 1.035832417 1.179540257 -0.002643932 0.537689437 -1.102750737 0.344379044 -0.286195646 0.950847690 0.035616476 0.248182214 1.512686560
-31.926462656 -21.508437304 29.491413757 0.292065678 -0.616053690 -0.666352396 0.301910542 -0.133260890 -0.169944978 -0.662805655 -0.482901598 -0.306161285 0.789919287 1.155865785 0.902374753 -1.803487139 -0.409543902 -0.119726404 -0.457511554 -1.160715125 -0.295313843 0.699279420 -0.366203160 -1.032020979 -0.115301290 1.591241883 1.184964332
-38.365642463 -8.876007045 31.125874388 -0.555477780 0.242827836 0.455197142 -0.652130846 1.377957891 0.910975637 -0.219516858 -0.071806425 0.586521530 0.176488873 0.852047916 0.972636954 0.622017738 1.087477493 -1.214940287 0.485608712 0.474097830 -1.218844985 1.729858778 0.471197102 1.910519625 -0.088420097 -0.061967048 -0.572331245
-28.932790009 -11.474041528 33.849201940 -0.397723728 0.313953082 0.004211548 0.862108787 0.676418513 -1.690436359 -0.484217242 0.353460655 -0.353819291 1.580471163 -0.521711255 -0.071456115 -0.788885042 0.570323743 -0.047871674 -2.192348723 1.383029075 2.540265000 -2.231052232 -0.113535191 1.971311282 0.975240980 -1.330103981 -0.283722053
-36.372589871 -12.840197283 41.061349338 -0.157565698 0.199265963 -0.219001721 0.942074505 0.789009656 0.635023248 -1.091659294 -0.173995797 0.824335888 1.271653796 -1.360989700 -0.831461782 0.457759104 -0.153336823 0.135683164 -0.870305123 -1.002261040 0.399334515 0.226702590 0.450509350 -0.154547610 0.812342642 0.881372192 1.037514785
-26.149783192 -15.249114198 33.765268156 -0.004110533 0.670739680 -0.295213069 -0.680397405 -0.344544250 1.618738680 1.605868970 0.164144739 -0.214532137 -0.606589104 2.208219370 1.111130763 -0.071146620 0.602140481 0.748968578 0.961115769 -0.031331061 1.023166077 -0.095772136 -0.026047407 0.822800397 0.718469093 0.072961369 -1.470364168
-34.725292234 -19.968963656 35.054527892 -0.973441205 0.136710851 -0.013784820 -0.183118383 -0.200861785 0.469630846 -0.763038947 -2.755783426 -0.390006219 0.611023229 -0.615137318 -1.652349308 0.706594102 -1.285232147 -0.695969332 -1.189383489 -0.661709776 -1.546644994 0.371367739 -1.065179872 -1.707638152 -1.232265236 0.605987107 2.116027375
-39.513933403 -19.896095537 39.720154291 0.216450568 -0.887381221 0.054781852 0.403364190 0.570037222 -1.640767888 -1.743318545 -2.632306390 0.840073224 0.477353583 0.856956864 -1.095880891 -1.506005788 2.319361102 -1.396295098 0.633131419 -0.123076350 -0.862372897 0.614390703 -0.119453879 0.033795404 1.039778574 1.043715549 -1.028253388
-29.885509409 -16.966644931 31.799471448 -0.215723386 -0.059641290 0.920878766 -0.319199993 0.556619613 -0.340340189 -0.440381119 1.314929255 1.094181254 -0.139457302 -0.584195026 -1.023181954 -0.196218214 -0.324316874 0.447447840 1.712924199 -0.943783805 0.436727665 0.010130402 -0.808980384 -0.821260607 -1.150918555 -0.300320784 -1.342557259
-34.297194332 -6.304779436 41.696972083 0.327639923 0.927149869 0.181019435 -0.016648283 1.140587550 -0.628631288 -0.008923842 0.748009165 0.956301142 1.746384018 -0.585359256 -0.626404451 0.759408997 0.147623317 -1.005947578 -0.253748843 -0.082371765 0.508242325 0.203991798 -0.181615313 0.633052975 0.883100047 -1.115224211 0.258643489
-26.935063305 -14.938675622 43.387369382 0.509559859 0.391590980 0.754932974 0.130696056 -2.060869300 0.690944307 1.427594266 -1.263866763 -0.517748239 -1.081587750 -0.851160715 0.008819720 -0.563986914 0.166956279 -0.403129139 -0.866397782 0.264870567 1.624879247 -0.284868771 -0.476230854 -0.789940082 1.150821613 0.460991416 0.136358731
-32.618713796 -13.776759801 41.648571074 0.082523807 -0.541896322 -0.479154763 -0.685528198 -0.120668586 -0.959428078 -0.919318781 0.267530496 -0.161616506 -1.327366196 0.607352503 0.600308829 0.999975509 1.555417761 -0.621984567 1.269793100 1.234613064 0.095400887 0.321685735 -1.409643555 0.957544183 1.436873753 1.662609130 -1.814872500
-24.977218652 -14.582057876 40.828339466 0.796218967 0.590934772 0.128995555 0.013841926 2.247898404 1.259572751 1.297705455 1.143762059 0.642781184 -1.434376023 0.734534486 -0.475464919 -0.547302026 -0.050296404 0.307657805 2.993134225 0.985988559 -0.082087791 -0.458424470 -0.543898899 -0.695342330 -0.332548691 0.303786197 -0.584349700
-38.664393678 -7.444983360 35.387029557 0.158250648 -0.787715996 -0.215101571 -0.555150031 -1.178176346 -0.509105169 0.706671169 -0.595229188 -0.353597857 -0.224308883 1.350111136 0.030439931 0.807964470 1.387768110 0.448455956 -0.428762962 -0.962572410 0.388211631 0.790695838 1.261619665 0.627844193 -1.089189618 -0.081417595 0.883359313
-39.286289043 -9.585647744 35.293593182 -0.749174231 -0.508368952 0.424599286 -0.003798194 -0.462280533 -0.325780104 -0.370919857 0.647417318 -2.014040888 0.747567594 -1.559126302 0.146243191 -0.839353131 0.073157073 -1.023543710 -1.176832617 0.027184538 3.044405928 -0.055863406 -0.534826457 1.770763862 -0.292997399 -0.760043372 0.445841167
-40.763417644 -19.815577291 35.040876144 0.362992285 -0.055864738 -0.495495633 0.787146625 0.224722785 -2.673144715 0.737216615 -1.682568370 0.135708063 1.710622181 1.163929264 -0.696651157 -1.074230039 -0.337122079 0.467447300 0.008631089 -0.815035533 0.183481356 0.990713779 -0.968102156 -0.329271885 -0.659315171 -1.655202831 1.693770289
-34.778536389 -14.035049496 37.164413546 -0.808524105 0.019578940 0.466334801 0.358381487 -0.822629102 0.481441438 -0.394298364 0.742602173 -1.595420944 0.702891582 1.042281548 1.282681800 -0.204309285 0.596024613 -0.064318115 0.160035588 -0.499058346 0.967454599 0.968513629 0.123664747 -0.107432939 2.333738734 -0.619667707 -0.975439861
-36.416554670 -4.894603978 35.969823599 0.036518144 0.168258811 0.350764152 -0.920499814 1.241863750 0.029579949 0.980680797 -0.009743889 -0.526957909 0.008767566 1.267951116 0.692640530 -1.683429920 0.478875138 0.885353685 -0.609184408 0.290522775 0.276096783 -0.568741772 -2.263061234 -0.181608745 -0.806116415 1.293405512 0.551074604
-27.774172150 -6.882611098 38.941530351 -0.351039793 0.380315568 0.506305205 0.689772551 -0.461639196 -1.660831150 1.146598932 -0.331496849 0.801287543 -0.376593049 0.874396177 -0.298269995 -1.236548037 -0.313266244 -0.516549892 0.389044391 0.245271734 -0.475226515 -1.056217144 -0.724065290 1.405577515 1.426255934 -0.424409769 0.231927582
-38.568273830 -14.430942767 43.548628143 0.640674753 -0.134819480 0.508453629 0.559316079 0.104384124 -0.339290485 0.418322382 -0.520009872 -0.534422336 -0.212947938 -0.519065412 -1.152719092 1.710599042 -1.497505632 0.540084466 -1.294320190 0.578046473 2.193738375 -0.197219333 0.067669509 1.040862287 0.191401928 0.326085947 0.421680661
-37.387979059 -11.585072594 34.251961223 0.374118418 0.656292848 -0.293956284 0.585580746 1.356918661 -0.579468725 0.245110149 -0.906608895 -1.935703001 0.452376474 2.091876345 -0.576616473 -0.143252368 1.147447375 0.887821305 0.084277643 -1.662185381 1.739739106 -0.182204285 -1.273305980 -0.374478837 1.990512577 -0.560392446 1.281736400
-37.587988100 -14.548660818 43.644637230 0.912720415 -0.128636750 0.387754126 0.006384962 0.850040371 0.304533726 0.924403798 0.415533475 0.051916278 -0.181524441 1.731034311 -0.871667032 0.441928267 -1.320796396 0.188427190 -0.457561829 -0.634466370 0.507603189 0.374025092 0.061568646 -0.284924236 -1.420819895 -1.648693936 -0.367776937
-32.096463744 -15.901653101 43.372583280 0.230151624 0.139339774 0.936754574 -0.223842635 0.253157692 0.584367386 -0.232319597 -1.265673240 0.795731908 -0.582176833 0.398464026 -1.209975416 0.778547331 0.205525896 -0.165584727 0.322969403 0.000742324 -1.012920874 1.177696671 -0.176787987 2.154374623 -0.996776953 -0.076576063 0.142703992
-29.356397161 -17.552283351 29.065977544 0.198630573 -0.530525477 0.782761040 0.257631070 -0.277818981 -1.032398941 -1.845262148 -0.826406088 -0.472407360 0.044717366 0.317584782 -0.081291104 -0.976785306 0.793655310 0.430284395 -0.391447802 -0.139574499 0.053168760 -0.660005309 0.126697663 -0.842162340 0.359153229 -1.273721925 -0.559450773
-40.287329539 -17.604052243 37.014895797 0.911748359 0.387291723 -0.021800435 0.135073283 1.143716886 0.064837573 -0.484935350 0.286313574 1.533607360 -0.363052037 -1.442148153 1.276394474 1.326705866 -0.615546434 -1.030075047 0.359681070 1.795873055 0.499758732 1.902511454 -0.247018791 -0.179774251 0.196260242 0.177001875 2.372617622
-38.195716147 -13.845854828 32.756116253 -0.607662726 -0.540012419 0.569534737 0.121502188 -0.210561642 0.133430985 1.073280501 0.640102623 0.198957977 0.817469946 1.527929039 0.344875996 2.086199050 -1.076272193 -0.988460740 -0.088108441 -0.257133341 -0.384602591 -1.811276399 1.632036281 -0.609386855 0.347965826 -0.037192182 0.606082082
-38.414499422 -17.465142322 35.497567929 0.270655037 0.259352597 -0.561095141 -0.738006995 0.391143233 -1.552444326 -1.025782565 0.346485732 -1.170531858 -0.278717495 -0.685204549 -0.950201288 1.046916595 -0.772549898 0.634533777 0.183375463 0.525082510 1.082599022 -0.267940007 -0.958274787 -0.098498769 -0.462448602 -1.071074921 1.077549353
-27.945592191 -18.864619743 42.679962470 0.151109466 -0.208185942 0.946726519 -0.193735492 0.043094562 -0.263507774 0.192807768 0.075145904 0.036387988 0.416248486 0.121134338 0.756309699 -1.933752783 -0.047321285 0.884405650 -0.022443097 -0.803572006 -1.407287848 0.992911097 -0.665056650 -0.942512520 -0.882299674 -0.066804728 -0.561807216
-35.525720034 -9.059336052 29.513639053 -0.421884398 0.559838497 0.076806058 0.709010044 0.035557970 -0.986233664 0.421938940 1.074144330 -0.505053416 0.180669730 -1.116137308 -0.630317798 0.457801209 -0.550649734 -0.061556841 -0.275431336 -0.801304667 -1.649807846 -0.186585758 0.486297148 0.027348773 0.398935337 -2.532858576 -0.070650640
-33.824880375 -9.979092871 31.849249674 -0.293421568 0.623434419 -0.558348148 -0.462039667 1.448451750 -1.233806069 1.744771901 -1.640434163 0.552499021 -0.942862823 1.498337492 -1.195223616 -0.581263616 0.555563367 1.110547732 -0.695792185 -0.936357163 -0.103433565 -1.629924417 1.402502834 -0.106593713 0.377968099 0.175613742 0.724733266
-35.296732045 -10.128011610 27.436657713 -0.326822349 0.084487722 -0.876835429 -0.342357426 2.009701232 -1.717627544 -0.527349653 -0.860645360 -1.584002882 1.490331126 0.475069936 0.643451025 -0.554502499 0.232081279 0.315318157 0.448948799 -0.851196998 -0.630656954 0.920221925 0.157072609 -1.395808957 1.162751846 0.314146067 -1.577680251
-37.672279267 -21.336860520 36.739279384 0.623957144 0.560634333 0.012580725 0.544250266 0.833740041 -0.737664698 -0.124621458 -1.578333368 0.141503034 0.582218239 0.030267538 -2.518769889 -1.038117864 -0.819305985 -0.182725534 -0.984256659 -0.241455378 -0.240585884 0.729702950 0.348878652 0.652111935 0.877930821 -0.376097529 -1.081630187
-36.998606453 -14.998735685 31.872339087 -0.045054980 0.139868498 0.871179825 -0.468457644 0.914685094 0.551579175 -0.766402128 0.573411462 -0.826950820 -0.898843501 -0.931746001 0.487525771 -0.673046730 -1.320904505 1.364201266 0.717341428 1.403532945 0.299998091 1.885153366 -0.126540101 1.112281822 1.162485908 0.814455996 -0.222118312
-25.207646787 -13.852381154 37.585461375 -0.229048570 0.367183867 -0.446226711 0.783322720 -1.051615451 1.210040848 1.380309328 -0.693602195 -0.209296741 0.083581599 0.834322288 -0.257113692 -0.749670399 -0.766583975 -1.265673449 -0.138518444 -2.570220919 -0.101980886 1.582047403 1.208376141 -0.853820740 0.577653810 0.346471866 0.882520695
-30.382153577 -11.584114033 34.862833426 0.294790285 0.396562972 0.813964704 -0.305447144 0.016526328 -1.001771294 -0.214508276 1.787525508 1.069366650 -0.835774989 -1.799068846 0.081033048 -0.497482799 0.599816243 -1.706961113 0.922478699 2.941960782 0.411345783 0.000028431 1.298590833 0.487942975 -0.130465193 -0.153094459 -0.089376995
-29.602178567 -10.168556645 42.528694897 0.968303945 0.067536609 -0.137335529 -0.197396124 0.354791701 0.345463786 0.155937742 -0.152554550 0.886533022 -0.444231663 0.666207464 -0.658369756 0.315067311 -0.067938168 -1.650140491 1.017858325 -0.443635618 -1.056469673 0.518447810 -0.579538568 0.585635494 -0.236156595 -0.020180968 0.546637653
-26.394871181 -10.273504077 31.351790079 -0.052797573 -0.662261389 -0.684557439 -0.300005636 1.367463008 0.368443570 -0.707032630 0.907714783 -0.940248464 2.388630796 -0.531667948 -0.625963043 0.500443883 0.688790664 0.812374471 0.673974254 0.428499065 1.809952759 -0.995170305 -0.628811472 0.683256019 -0.651750260 -0.265755938 -1.177977458
-30.231355635 -13.717135746 41.410503418 0.573835231 -0.065858908 0.747985152 -0.326946393 1.215729242 0.402528054 0.587894717 2.225054853 1.346716879 0.427791503 1.292170792 0.524026399 -1.060275351 1.072901864 0.446486510 1.389936135 -0.093829827 -0.886378006 -0.113197272 -0.416699702 1.039435147 -1.295930862 0.028556182 0.297620665
-32.410203432 -13.445708348 43.876250183 0.102356847 0.387620570 0.915992354 -0.015211097 2.222972543 -0.849874456 -0.153748574 0.162658426 -1.484648976 0.169189341 -0.719102759 -0.160423792 0.308175575 0.693485748 -0.742496440 0.947963062 -1.523795226 1.288661046 -0.393163419 -0.049498795 0.791060794 1.584684578 -0.102441696 -0.126665434
-30.647842639 -21.832541633 34.238563245 -0.651394714 0.142724140 0.732385681 0.137571657 1.627627314 0.515089027 0.684800121 -0.209086327 0.046856407 -0.090451699 -0.425300963 -1.384249790 -0.460427867 0.039296619 0.786891687 -1.167145099 0.907933434 0.237350345 -2.023303652 -0.148650166 -0.084538690 -0.577694435 -0.073509544 0.096634673
-32.356371276 -8.455205286 42.474825943 -0.377430754 0.664257109 0.583521751 -0.275337765 0.292787431 -0.086951463 -0.796510548 -0.348271633 -1.420951300 0.911184347 0.345727337 0.760978955 1.443238562 0.088892712 -1.001993751 0.206016190 0.128960501 -0.844392613 0.465510114 -1.135638932 0.773429356 -0.118293189 -0.019070174 0.025252379
-30.198862681 -15.019893396 34.281204696 -0.182262902 -0.832361432 -0.236805346 0.466773939 0.703320044 0.068396254 1.142206576 0.138039058 0.210953346 -0.507970979 0.549343519 -0.882754147 0.176732618 0.001460921 0.343136521 -1.028094976 -0.202791326 0.644817670 1.195270989 -0.183298226 -0.462431356 -0.074724517 0.192145796 0.280169199
-35.614259296 -9.654041050 41.298576664 -0.571028263 0.121077514 -0.635982940 -0.504769907 -0.010680618 -0.530682261 -0.096157331 -0.504301563 1.362139211 -0.284297999 -0.736981061 0.300271846 -1.786671186 -0.668171868 -1.074015913 1.567309531 -0.597555418 0.725534335 0.913501175 -1.171667541 1.364009677 -0.850675389 -0.492921646 -1.022078402
-38.872221469 -18.041274583 34.395750439 -0.366933489 -0.249551505 0.094073902 -0.891198049 1.229565054 -1.527977177 -2.192180005 0.929020058 0.571394026 -0.930568916 -0.561734057 0.685219993 -1.090507701 -1.244752885 1.199317976 -0.702553545 -0.079854591 0.473988468 -0.967088037 -0.338222792 -0.436508048 0.590186397 -0.975783898 1.263613166
-35.301482560 -15.093611773 39.189403176 -0.836954018 -0.020518614 -0.392696272 0.380626582 -0.143243521 -1.298328085 0.263427786 1.641363211 -1.457851453 -0.602394053 1.098169797 0.297301895 -0.728500005 -0.273427128 0.213261596 0.575761085 0.620857007 0.296026765 0.391164743 0.695113741 0.488440513 -0.948113717 0.012127223 0.558895124
-36.457419986 -21.529219480 37.707731642 -0.213875397 -0.178598591 0.030433034 0.959913375 1.154188302 -1.551146497 -0.215870169 -1.409718197 -0.369194523 0.030920915 -1.071699474 1.293979652 -0.753682444 -0.678180876 -0.925730900 1.216298278 -0.979447451 -0.086491065 2.893922196 -0.248421336 0.225311670 0.367499802 -0.581275127 -0.348861076
-24.490746078 -16.594918930 37.948629823 -0.670857306 -0.137325752 0.197796087 -0.701404891 0.320375767 -1.518114856 -1.349622833 -1.779544541 -0.478981916 -0.432178849 -1.120005748 -0.373380187 -0.832012035 -0.110795674 -1.249064627 -0.865594925 0.348971435 -0.391479237 -0.558816889 -0.974025750 1.670268306 -0.361628609 -1.046044690 -0.931658697
-29.753881119 -19.949666003 31.727182516 0.572505621 -0.401250572 -0.602450909 -0.385082062 -0.484896286 0.514024675 -0.179414949 -0.636376637 0.984416776 0.696201797 -0.124853689 1.254246317 -0.583169500 0.821461936 0.779073463 0.608521397 0.671678301 -0.199930261 2.603098708 -0.333276043 0.587853125 1.460055960 1.046217801 -1.816669280
-29.763154761 -21.776420137 40.821018080 0.504939835 -0.790978018 -0.113477444 -0.326362387 -0.015790847 1.126622542 1.026358495 0.683822071 0.237243391 -0.399149130 0.748634474 0.511718870 0.730699427 1.773400380 -1.101005435 -0.734517283 -0.009041447 2.062188750 -1.961485234 -0.043743134 -0.492593689 0.180446633 -1.040770842 1.123517890
-28.538193534 -8.135058922 40.115847701 -0.683005140 -0.130053373 -0.621967454 0.360203533 0.066249410 -0.990753553 0.475231237 -0.270587297 0.966901459 0.487174677 0.006986697 0.574818374 -0.246585128 0.989799502 0.999125220 -0.009879638 0.559058016 -0.745404276 0.806060361 -1.670646642 -0.124862787 0.303353281 1.128733756 0.695277412
-36.876141325 -15.033111391 30.104550880 0.025111834 0.762271159 0.329207919 0.556717363 -0.821204399 0.564692683 1.469955757 1.168213518 1.918590001 1.827419523 -0.054499161 1.348588005 -0.964582752 -2.547699878 0.457341339 -1.484544248 0.509495392 0.884406248 -0.024219975 0.665160734 1.236993718 1.729075926 0.096957279 -0.683862352
-32.170254613 -11.735260977 36.726530201 -0.007389701 0.540913635 -0.805325648 0.242504500 -0.407623387 1.678228962 1.148472119 -0.813044429 -1.607668630 -0.577529659 0.558551481 0.630611538 0.294189540 0.765361682 -0.314678332 -0.832281106 -0.443123796 -0.956459589 -0.256262507 1.246422847 0.157830702 0.595838972 -1.778790709 1.062854307
-32.347387684 -7.254977337 33.713233285 -0.298393735 0.651268130 0.520690779 0.464426652 -1.051717879 -0.102871342 -1.449996621 0.151690851 1.132477259 -0.765003721 1.401056785 -1.324090069 0.574506678 0.253376841 -1.355208747 -0.417122193 0.475701436 -0.789581969 0.103306877 1.301465827 0.801988452 0.031783559 0.315445825 0.097849427
-32.090813124 -7.497626325 35.884875536 0.103671627 -0.420582946 -0.287310562 0.854291999 -0.579715195 -0.861014172 -0.508580291 -0.503321286 -0.369071324 -1.005132840 -0.097133575 1.648355132 -0.916683685 -1.080451980 0.200353631 -0.051744911 0.938431066 -1.322223352 1.419914848 -0.506062439 -0.347559460 2.637887036 0.959866181 -0.269879580
-34.790107299 -5.260785342 36.618996670 -0.558021299 0.102691920 0.006192962 0.823424706 1.313537607 -0.555152202 0.200294133 -0.639405930 -0.752430349 -2.317971354 -1.826982470 -0.693320836 -0.257832073 1.655978998 -2.222965543 0.516014510 0.097710405 -0.641605036 -1.110168610 -1.133056803 0.292922217 0.055941603 0.236505412 0.433026833
-31.259670107 -15.323521830 38.389255615 -0.224358333 -0.017614820 -0.549554861 -0.804575982 -1.222400209 -1.724063196 -0.897751983 0.301832653 -0.529447424 1.577195978 0.697689481 0.434913190 -0.303186822 1.262194269 -0.124398983 0.051043768 0.288776128 0.121399153 -0.891945377 -0.816334796 0.358613565 -0.590146302 -1.077495030 -0.720320104
-29.685403285 -6.422810453 33.569606584 -0.254680911 0.579410915 -0.697373798 -0.336289179 -0.943362755 -0.059646716 1.127715565 -0.763258167 -0.187502502 0.421037529 -0.066688349 -0.721149148 0.340957473 0.356289022 -1.176915634 1.096857769 0.014677866 -1.284780844 -0.510672522 -1.137023907 0.044641368 2.289264504 -0.308237060 1.014915265
-36.384304064 -16.034290843 34.979420474 0.116309648 -0.821786678 0.520764985 -0.199856331 -0.407580647 0.211960768 -1.010693671 -0.474742563 0.230995772 0.828907767 -0.652110814 -0.565769152 -0.609264310 0.814847516 0.487433747 -0.480267275 -0.524297741 -1.654951780 0.787739698 -1.352359185 -0.517044577 0.574992759 1.382513406 -2.008483671
-28.940642544 -17.313604733 30.316289593 0.356750615 -0.726656402 0.201138153 0.551582193 -0.739098204 -1.480914492 0.369345105 0.421997747 0.024061580 0.792679490 -1.131430110 0.246178907 -1.322200700 1.005908755 1.838639660 1.261429248 0.199618265 1.515891069 -1.165124269 1.597985778 1.089222493 0.478012535 -0.405728619 -1.431040438
-35.783478278 -14.038678127 32.647069792 0.296019213 -0.360458749 -0.465734488 0.752019616 -0.408680021 0.337199474 -0.486247685 0.763388147 -0.208885239 -0.665663329 -1.066707869 -2.625180968 -0.444593250 -1.165043689 0.179429704 -1.432214601 -0.931534482 -1.952991103 0.614762224 -0.419472283 -2.282890327 0.496356757 -0.938795971 0.216609495
-27.080829021 -12.708229944 35.455867573 0.128022819 -0.932303619 -0.035739061 -0.336367120 0.631009961 -0.908645389 -0.115641626 0.978546978 0.616988147 0.664456405 -0.545791853 -1.043443485 -0.027796906 -0.869167521 -0.167661829 0.221855760 -1.982812815 -0.794852613 1.226582439 1.152038140 -0.487535880 1.108985578 -0.289715953 -0.181460970
-25.472106588 -11.143221994 39.845704580 0.059426013 0.305851133 0.368200244 -0.875986423 0.600493905 0.532922958 1.056704752 0.136153473 -1.593890489 -0.212358175 0.431513505 -0.408724660 -2.165566112 -1.158094156 0.257890518 0.652684001 -0.812202623 -0.323589188 1.004474395 0.348090737 -0.238533834 0.055517476 1.827506158 0.883623435
-38.637810137 -15.549205620 41.967739759 -0.276015253 -0.354907768 -0.885359515 -0.118298713 1.948548350 -1.102860724 -0.126559513 1.335530507 1.835452381 -0.390302113 -1.018642932 -0.184753086 0.224720632 -0.823148368 -0.398169793 0.636622784 -1.588903296 -0.435137785 0.000333803 0.156647938 0.340491398 1.318530380 0.682301608 -0.242610631
-30.532095695 -19.458119812 42.383128874 0.102757950 0.956909729 -0.270009705 0.029314408 -0.466907735 -0.294042269 -0.600664448 -0.341412243 0.799592602 0.203944399 -0.142244337 0.172681626 -0.391761604 1.519743804 0.422242000 -0.707516680 -1.831661600 -0.263792571 -0.833430085 -1.342666620 0.606642109 0.748179225 -1.187475965 -0.441627812
-36.022708389 -12.295094128 35.730979960 -0.679041906 0.012744930 0.014312991 0.733849300 0.373818362 -0.751953961 -0.799894356 1.999887103 -0.204999100 1.597314453 1.994922360 0.238130253 0.042864213 0.045973790 1.746548343 -0.748819557 0.399457616 1.783538441 -0.087143617 -0.598130492 0.044067390 -0.019927372 1.659942049 -0.006833842
-37.240480544 -6.632986786 38.787758582 0.182509699 0.723801582 0.017548329 0.665201876 -0.809676853 -0.633086487 -0.372910234 1.099491116 -0.524710427 0.007935845 1.062967387 -0.356151957 -1.444499467 1.352409136 -0.772679269 -0.594123958 0.037659477 -0.705978788 -1.310946113 0.083550952 -0.263723106 0.000688078 0.378441049 0.958853945
-33.944275776 -21.292225128 29.984554747 0.056338485 0.276602693 -0.346720999 0.894483915 1.890845560 1.589024823 0.123608357 0.058867444 0.208816758 -1.683304057 -1.245588554 -1.368180256 1.069004901 -0.662971934 0.700713826 -0.433236850 -0.815545318 2.125253349 0.505529308 1.893389952 -0.132097155 0.825603918 0.361894072 -1.690448336
-29.044581393 -17.758071069 29.442023500 -0.078749304 0.026684119 -0.467916746 -0.879852501 0.639872787 -2.191015062 0.820856419 0.596961906 -0.231996456 -0.530940272 0.342824411 -0.978986570 -1.714337710 0.037943065 0.853874205 -0.913305470 -0.151159041 0.143839815 0.297345771 -1.132577530 0.712780734 1.379318908 0.196417011 0.829220222
-26.194260891 -16.109300725 40.077453754 -0.698644328 0.520548012 -0.001139967 -0.490840678 0.869459321 -0.789686243 -1.683557853 -0.176354048 -0.408583301 0.074450115 0.975743442 -1.175931126 1.548292085 0.608665433 0.291594091 0.627706549 -1.506259721 1.478390083 1.407985994 -1.536623220 0.321221850 -2.049848307 -0.262181653 -0.012895375
-26.591636094 -19.871028345 33.395786605 -0.276259431 -0.867864591 -0.298932081 -0.284835725 1.574262220 -0.993247244 -0.636105317 -0.688613093 -0.040867170 -1.008416736 0.501816993 0.629934390 -1.971127885 1.321729942 -0.790992878 0.334158525 -0.533473947 2.602247477 0.726242503 -1.007651682 -2.072293345 0.836812767 -0.875449282 -0.474278510
-40.280551685 -8.353290563 37.055750160 -0.713216009 0.647920316 -0.162157326 0.212666850 -0.710823018 0.199145901 -0.361073196 -0.651142629 -1.276803337 0.573580559 -0.578980114 0.363252602 1.245326187 -0.761575576 -0.046043630 -0.115052999 -1.703146307 0.994227611 -0.627505688 0.283974614 0.354501117 -1.128282975 -0.485945649 -1.656961937
-26.082221980 -9.656296404 35.935124117 -0.404712272 -0.022352213 -0.109429702 0.907597651 0.592160302 0.882034139 -0.266354103 2.006680154 -0.412789443 1.432062917 0.973559397 -0.451560548 -0.810581457 -1.108794101 -0.168365748 -1.367167993 -0.996595621 0.174392964 -0.777315828 -2.150760890 -1.523383601 0.162355058 -2.053310330 1.146598261
-28.408102416 -15.470702449 40.981971511 -0.316522821 0.482655544 -0.762353016 -0.292702594 -0.073771013 -1.402416502 -1.535957980 0.084293845 -0.475443687 1.126237376 -0.716774041 -1.022493136 -0.287419222 -0.245269430 0.068610869 -0.215559886 1.386580639 -1.524964891 -0.185239487 0.680024061 -0.110958755 -0.202058755 -0.774299153 -1.916474065
-35.136197780 -19.140484606 30.652457932 0.243637491 0.537807512 0.600554619 0.539201264 -1.468049833 -0.860913779 -2.010422490 -1.599704349 0.313595556 0.358482398 0.699233136 -0.824854175 0.272282827 0.056106259 0.786777085 0.186615123 -0.447530025 1.146431904 -1.063824759 2.031927059 -0.446840086 -0.207055767 0.575003682 0.034932535
-28.048552035 -16.562474957 40.641550576 0.015303449 -0.985683193 0.167392036 0.013204296 0.471174341 0.135056568 -0.084623917 -1.140269212 0.089387879 -2.024141989 -1.275748531 0.050629202 0.740057533 -0.092207851 -0.595767678 -0.286008374 0.191333245 -0.362904597 0.568895762 0.590535451 0.203519730 -0.360669530 0.208447825 -0.574962492
-32.628861486 -16.175838812 30.940805900 0.018060901 0.176886116 0.753732948 0.632670332 0.285001314 -0.713351065 -0.037243803 -1.548869892 0.773464377 -2.013781743 -1.824043858 -0.527103462 -1.458686445 -1.530224311 0.342312784 -0.104685732 1.994728621 -0.436079265 -0.365859879 2.739418328 0.880536346 -0.965932764 -0.460717518 0.116934282
