-13.050045033 19.709928421 -33.127261126 -0.688969310 -0.031779062 -0.246217671 0.680946576 -1.183221289 0.369462005 1.040687370 1.099957896 -0.168567150 -2.761690506 0.117198123 -1.268307645 -0.337088312 0.160523924 -0.617446208 -1.348177318 1.279042682 0.076413806 0.206318328 0.395273444 -0.104641608 -1.357282231 -0.799720250 -0.762385587
-13.865513765 30.037773959 -38.333513431 0.285877895 0.838649984 0.225336376 -0.405171015 0.835239190 0.775203948 1.074193871 0.448103457 2.127975298 1.923381697 0.830632018 -0.595869338 -0.785725947 -1.829983805 -0.186065949 1.526230463 -1.192075833 -1.375413455 -1.045952960 0.604198781 1.405118668 0.246269873 0.226727759 0.609942978
-18.387873060 20.071772457 -36.821174295 -0.379598717 -0.695435679 -0.609141926 -0.034930547 1.106203850 -0.457245165 -2.087395497 0.672765229 0.394406804 1.005270006 -0.830840921 -1.370927585 -0.040037242 -0.376577466 -0.192581504 -0.666761970 -0.963891646 1.108934580 -1.019788453 -0.043422505 -0.009487993 -1.418585456 -0.100698536 0.861429900
-16.837248705 26.427218202 -38.650922926 -0.483113370 0.627729370 -0.140557917 -0.593970354 -0.073194260 0.116027309 -0.645527544 -1.565644368 0.619476283 2.172362227 0.764379173 0.007584736 -0.579070007 -1.394703995 -0.685134474 0.480269253 0.340940383 1.583282811 -1.714518529 0.824009836 -1.831937925 -1.009825935 -1.755817271 -0.263956605
-8.897370538 23.273542513 -34.836421581 0.366804810 -0.437445784 0.564430593 -0.596249548 -1.379411109 0.338336845 -0.245917416 0.213143225 -0.054575286 -0.547010279 1.413969225 0.650343469 -0.536560006 1.064476454 -2.102114309 -0.302908196 -1.758824189 -0.962390568 -1.268800368 -0.979523903 -0.521299942 0.646624687 0.005414579 -0.103864433
-15.001047949 20.785610506 -31.519132345 -0.528173317 -0.343955562 0.075627316 -0.772662946 -0.427430603 0.767650419 -1.472184721 0.157985260 -0.299931761 2.256956778 1.083696772 -0.858077245 0.022229574 2.120739031 -0.179145956 1.088521026 0.586148482 0.177703176 -0.203329159 1.715339035 -0.528138899 -2.104638123 0.725588053 0.356445403
-13.333458159 28.594978460 -39.073917497 0.785300343 0.320418493 0.100654162 -0.520100087 -0.021683611 -1.190193090 -0.592408110 -0.140626160 0.302829459 0.149054648 -0.530471941 -0.276188187 0.543176348 0.662398007 1.548407289 -2.186295037 -1.465892575 0.037434373 -1.725924643 1.050621714 0.826289690 -0.490640421 -0.079398818 1.549821621
-15.144922693 32.607693333 -40.072465400 -0.499922492 -0.733104383 0.305917324 0.345036310 0.973296106 -1.635056549 0.962418708 -1.105468933 0.642262611 -1.130462524 0.084549679 0.719206746 1.039885889 0.310148907 0.315312127 -0.037456342 -0.037520255 -0.440850511 0.051322651 -0.858969758 -1.742845219 -0.111292576 0.567638576 -0.579221210
-14.360562059 18.239549980 -35.786712141 0.309468041 0.429485127 0.729162406 0.433698332 -0.000626232 -1.417543911 -1.089425155 -0.230938997 -1.757645875 -0.663636796 -0.915209356 1.278655429 0.167133877 -0.790898187 0.524876226 -1.439180323 0.702858674 0.188868593 -0.596203790 -0.387084401 1.759245370 -1.079570989 -0.411452110 0.973234743
-12.390678030 31.253623364 -40.158568801 0.682327708 0.209993541 0.530591074 -0.456951555 0.756378783 0.267126887 -0.019046364 -0.577891529 0.757474507 -0.401894079 -0.825975365 0.480507352 1.827458639 -0.224951411 -1.007771323 -0.140873149 0.275078415 -0.266227639 0.070244099 0.670323510 -0.078728817 0.225186527 -0.067551160 -1.162534521
-4.955433988 22.928538429 -34.929099090 -0.100331497 0.839602213 0.231145790 -0.481220675 -1.181665242 -2.452512868 0.611251467 -0.330812511 -1.145571332 -0.216449497 0.829362907 -0.213601723 0.642467195 0.425223346 -1.430705420 0.310930266 -0.535695712 -0.489809287 0.780783922 -0.994887613 0.962527486 -1.649896090 1.216940470 0.271981308
-13.657713826 25.523787022 -41.763546082 -0.303433250 -0.419111820 0.451644625 -0.726836074 -0.160680697 -1.511364606 -0.260524350 -0.105091305 0.898301521 0.910106289 0.384018407 1.348439555 -1.363949908 0.372198756 -0.191342495 -0.325324703 -0.668542683 0.624565925 -0.710643834 -1.019231908 -1.216703077 -0.127180461 -0.076027702 1.276607466
-5.391303625 26.354403814 -31.170153552 0.908677973 0.310881238 -0.178883398 0.213677156 -0.480391052 -0.192136859 -2.476651185 1.955207034 -0.674634356 0.931262664 -1.255461903 -1.346915129 -0.069875771 -0.134270508 1.324121980 1.649390917 0.243018471 0.470957747 -1.813802588 0.422754531 -0.180680880 -0.326943245 -0.542755512 0.795399516
-12.234852474 24.529604376 -31.264393945 0.109722482 0.694841038 0.456635540 -0.544647493 0.230784538 0.701911941 0.030186145 -0.478216302 1.484080057 0.669667861 -0.172520151 1.609787277 2.526521012 -1.870712700 0.089677243 -1.039069439 0.926053695 -0.887645722 1.942550759 0.185055819 0.191954013 0.281233129 -0.228985871 -0.533594112
-19.123085330 22.097441165 -41.725687120 0.702782485 -0.615700948 -0.071058787 0.349227390 -0.107728049 -0.514051893 0.552147207 1.190120513 0.382483042 -2.376012764 0.570489863 0.920934673 0.308535145 0.304984868 -1.176857320 0.305878826 -1.222144137 1.067366269 0.677381148 0.013135495 2.082651518 -0.811161676 0.090355050 0.891368331
-18.431883834 28.517302397 -34.034891803 -0.478592201 0.189202490 0.117410044 -0.849333153 -1.959087696 0.944374797 -0.163347151 -1.789283593 0.605180034 -0.386087784 1.962726050 1.084408938 -0.177309502 1.038850943 0.066510276 -0.597330293 -1.389001827 0.055123145 0.265063947 -3.120216167 0.113242955 0.210683661 2.129272842 0.336208725
-16.413656169 31.774462088 -40.192216650 0.462586477 0.181061023 0.579123486 0.646410586 0.346977778 0.225006019 0.932150766 0.185959279 -0.595220674 -2.073491788 0.722149633 1.361517745 -0.062762474 0.284107799 -0.206401351 0.339306243 1.763789633 0.716982190 0.376780602 0.137373424 1.278126591 0.727173017 1.021510054 0.326784389
-7.880641318 21.859898785 -45.904691656 0.790913451 -0.159918315 -0.287751718 -0.515830393 0.034455114 -0.128382719 0.819873054 -0.144909140 2.257373899 -0.064437676 0.305362492 -0.781853183 1.120452749 -1.069000367 -0.384406704 0.182555595 0.993899411 -1.126412477 2.160852610 -0.766973616 0.200813251 -0.022676825 0.693677445 -1.446208214
-10.906103181 23.956765953 -43.904911006 -0.713077702 0.385508234 0.526613359 0.256089755 0.268870690 0.005667588 -2.141307339 -1.571356210 -0.146946096 -0.158822017 0.247860060 0.348190444 -1.200147444 -0.005029666 -0.043299323 1.864470895 -1.228723440 0.607228850 -0.095315272 -0.281185611 -1.621287420 0.800358128 -0.015038588 -0.327314665
-14.678538943 25.760515184 -29.400562711 -0.276704796 0.173267635 -0.357833308 -0.874853191 0.249770513 0.715993438 0.078710476 -0.828364577 1.260348761 0.934154148 -1.179448915 -1.835876781 -2.224176582 -0.482230936 -0.407728996 0.390365873 0.260498576 0.817340785 -1.180241296 0.210717406 0.284488310 -0.034316551 -0.512776476 0.782035798
-16.271426598 17.431836651 -39.513735911 0.796505933 -0.085569101 -0.571615255 -0.177516836 0.521222001 0.124588766 -0.288056849 3.090758298 -0.708183583 -0.306940271 -0.373865627 2.384680423 0.148007540 0.622069584 -0.504333951 1.312481691 -0.449532275 1.827685993 3.206676694 -0.124419771 1.520082936 -0.615362576 -0.272494441 -0.659439409
-16.605108286 22.677019410 -46.718439003 0.047406356 -0.528886160 0.019810248 -0.847136129 1.658194239 -1.242082428 0.386803710 0.605679514 0.473277754 0.639740287 -0.533156568 1.501911283 -0.391365489 -0.241693519 0.344878029 -0.522520487 0.989645137 -0.235445221 -0.046787404 0.098195225 -0.037483540 -0.348877272 0.589515041 1.774407549
-7.149908983 25.886366027 -33.665014296 0.498306867 -0.498668910 0.232408021 0.670079172 -1.693801883 0.014558728 1.187632400 1.654172980 1.207062518 1.731592207 -1.798791712 -0.899628629 -0.312770758 0.079581680 -1.477226468 -1.722341291 -1.055902309 2.038976201 0.725921019 1.127223717 0.115080530 -1.262465125 0.509356030 0.238492016
-6.265689378 33.708383243 -38.157499103 0.296826352 0.372185384 0.871847023 0.115130036 0.387007442 -0.424300543 1.408205405 -0.774187380 -1.012412625 1.165266554 0.119748243 -0.172964046 -0.840879769 -0.377833703 -0.056142114 -0.413383382 -0.177370287 0.274732795 -1.035919814 0.422046708 0.446009504 1.089284742 -0.757809729 -1.284268883
-9.511688358 31.642312361 -45.382676958 -0.786095507 -0.055905537 0.612920874 0.057065115 -0.328170142 1.592471063 0.345629347 -0.298552002 1.158418133 0.381598084 0.050449527 -0.400179624 0.645351702 -0.886928854 -1.112278163 0.726557955 -0.540467242 -1.433760043 0.536885090 1.039395409 0.031548028 0.667053631 1.888033333 1.044505693
-19.172569299 28.304097678 -32.984127966 0.173413921 0.243590729 0.702280831 -0.646059442 -0.582390203 0.107694795 -0.294173936 0.402863343 0.028329311 -0.808567220 0.025864128 0.575536481 0.409071095 -1.423461168 0.526528845 1.092272290 0.617447827 -1.211976452 1.016943176 -2.017042430 0.294059717 0.711202410 0.009607236 0.268595120
-17.860017992 33.980985217 -40.446884703 0.547971251 -0.396850518 -0.484211074 -0.554776360 0.046761481 0.119731405 -1.207763070 0.178250803 0.507489160 0.197762449 -0.546414633 -1.030744039 -2.083702461 0.571637758 -0.199007836 -1.017439780 -0.075589534 0.258165294 0.544613310 1.153425082 1.390613648 0.227401196 0.452223484 0.009809943
-16.441444463 27.403571007 -40.648495792 -0.131010591 -0.557459517 -0.765179654 -0.294236655 2.112473286 1.554124641 -0.880357440 -0.336304205 -1.463187520 1.958895618 0.132371080 -0.603102744 -0.669606034 0.164232860 0.668796128 -0.838101205 0.216019236 0.971505028 0.605202822 -2.043462934 -1.735908221 -1.556754514 -1.847068017 0.269436108
-6.562745856 25.331436723 -40.464009087 -0.675738432 -0.536110572 0.262744974 -0.432351831 0.864073417 -0.440913708 -1.173319025 0.935544996 0.362735020 1.448255976 1.164075868 0.632001721 -0.148059096 2.561195805 -0.398817664 0.004862796 0.020942881 -0.965319685 2.004543206 0.607156043 0.392226288 -0.097948303 -1.581342209 0.431943595
-16.837248176 33.358362446 -35.090216731 0.745907721 0.189211310 -0.606379981 0.200309937 0.317015313 0.964129763 -0.105265887 1.250379745 0.700374716 -1.037356976 -0.565907524 1.796926393 1.732509081 0.803041965 0.577197499 0.547973099 1.387932571 1.540469071 -0.354197344 0.845037918 1.836039835 -1.487690156 -0.610287999 -0.502767348
-10.652132002 23.175301702 -36.861634519 -0.308696143 0.732089762 0.040792917 -0.605877223 -1.086957323 0.388970418 0.760355096 -0.116107983 -0.259719781 -2.074214388 -1.574568776 1.170436624 1.889776248 0.176480355 -0.627727648 -0.763364134 -0.192807257 -0.007291360 0.701304254 0.151484486 1.391267698 0.452093687 1.446335862 0.193427699
-15.090890860 18.483605428 -33.721434192 -0.207924459 -0.107295221 0.750882410 0.617600810 -1.043157657 -0.140801023 -0.085451624 1.459635049 -0.766708135 0.768037434 0.299745766 -0.218365358 -0.278113922 0.610575156 -0.821953927 -1.306516760 0.981008758 0.362060651 1.558186806 -1.180731689 0.616156513 -1.083771099 -0.609297781 -1.825506695
-8.434939957 27.335072652 -34.068094532 0.442233641 0.693806927 -0.478161949 -0.307282454 0.979317348 1.181503639 0.529025558 -0.028814139 -0.640002147 -0.546687773 -3.085578785 -0.146380789 -1.908496749 0.895143587 0.182246005 -0.124728136 -0.219558278 0.681132110 0.623988099 0.191631144 0.418014178 3.230403838 0.332569267 -0.593771934
-18.641564778 21.963241167 -41.458497985 -0.127588148 -0.191109458 0.846874086 0.479585990 0.914069081 0.341196150 -0.438211629 -0.907302405 -2.529625583 0.744369044 -1.032654114 0.921663113 -0.430745899 -0.220349693 1.675348642 1.263213245 -0.080527006 0.604871987 0.164629893 0.133170439 -0.187887045 -0.298729451 0.550359176 0.317283309
-7.055613529 21.106309596 -36.734180155 -0.308936512 0.165608972 -0.480119776 -0.804124929 1.750412493 -0.433787028 1.471157611 1.157558213 0.889151421 0.408784695 -0.013469920 -1.511749938 -1.122103776 -0.205705092 -0.769733097 -0.591369601 0.072357929 -0.126421412 0.264257120 0.551523805 0.629508785 0.160663155 -1.056607430 -1.584585231
-16.456934915 27.606180292 -30.309576839 -0.551966751 0.538100243 -0.193814171 0.606808785 -0.673191254 -0.931473595 -0.883851208 -0.776744276 -0.396671554 -0.150905441 -0.126327432 -0.614067186 -0.053134274 0.514937501 -0.234414533 0.173243998 -0.642251595 -0.566113845 1.132226516 -1.257625463 -0.319140625 0.690883053 -1.443248325 -0.480872942
-14.846977727 22.483234312 -33.846520481 -0.714970143 -0.614354134 0.078238257 0.324446402 0.730147434 -1.938515855 0.276767192 -1.052884676 -1.385283786 0.763079387 0.999554925 -1.534558782 -0.250381114 -1.359116144 0.047873522 -1.286053154 0.459546092 -0.064568777 0.796260875 0.787133836 1.832663582 0.729228209 -1.059762633 0.966611366
-14.538505525 31.784869165 -44.049310075 -0.803856623 -0.017068899 0.580750540 0.127483303 -0.640999301 1.031472851 0.669534489 0.574925012 -0.345865644 -1.325311885 -0.785042239 -1.442193156 -0.074832820 -0.795988336 1.137665949 -0.263285059 1.620538890 -0.596963730 1.170030113 -0.154453647 -0.517323664 -1.076341084 -1.050882037 -0.637981029
-6.360689959 27.324120410 -30.522726215 -0.198319000 0.467049572 -0.610054841 0.608578149 0.808366459 -0.036278711 0.287052226 0.768446691 0.799522315 0.677249879 -3.241228934 0.097659324 1.229151903 0.080081436 0.801293024 0.418541823 -0.868639237 0.988610547 -1.292952251 2.327502094 -0.074448240 -0.419321208 0.661308579 0.232859618
-7.018505033 24.378091270 -34.230541424 -0.129169628 -0.310898657 -0.792335703 0.508784204 0.724567729 -0.615458788 -1.046094159 0.105981637 1.505180282 -1.254760071 -1.230898562 -0.081774044 -1.203824886 0.438914647 0.654474459 -0.757367636 0.680518026 0.856600218 -0.270431570 -1.098112063 0.871035111 0.307080893 1.086773445 -0.901704224
-8.219281883 27.219082971 -42.846321684 0.905627854 0.257933482 -0.207572690 -0.264994506 0.835278510 0.554287351 2.739936379 -1.244422378 -1.203930521 0.861623577 0.238911611 1.041693006 0.319256618 -0.043160641 1.059101007 0.412977194 0.914897540 -1.205467082 -1.818632453 1.015892101 2.054206870 -0.235632579 -0.971622158 0.049274954
-10.484543173 30.926289088 -36.935682995 0.657581982 0.733665221 -0.065515535 -0.158205547 0.277044339 -0.369317562 0.601200644 -0.795573520 -0.638766757 -0.297600923 -0.228077476 0.971526565 -0.508172220 0.093799245 -1.588907941 -0.218462481 0.570857375 -0.524681184 -1.176887369 -1.477464860 0.251616346 -1.764263480 -0.665780509 0.330739329
-10.218092719 26.221436325 -40.788269957 0.290534604 0.250694851 -0.488295014 -0.783779124 -0.846307195 -0.834118628 0.246530909 0.085317460 0.371123573 -0.764530322 -0.740200810 0.731484861 0.523855701 -0.560121488 0.302643693 1.499514333 -0.449405274 0.787274826 0.234426618 -0.993239838 -0.699244913 0.509871567 1.538545243 0.393005533
-11.152641306 28.198560818 -47.812526723 0.377761401 0.761320230 0.195368787 -0.489406649 0.579868064 0.087155851 1.091961521 1.063353269 -1.407124597 1.209465527 0.273393969 0.178140499 0.528838631 -0.254113909 -1.352439860 -0.417188174 -1.504546146 0.096846092 -0.176447830 0.931498010 0.010405161 1.024277385 2.973845545 1.906968812
-13.048931891 24.950443720 -31.917680385 -0.063039229 0.590697805 0.222130382 -0.773149566 -1.067421806 0.059174509 -0.584246564 -0.844572370 0.878675510 1.170825165 -0.895841653 -0.797275307 0.080655766 1.276758689 -1.236433902 0.511540759 -0.223851255 -0.530672183 -1.160008932 0.218444040 -0.221115807 -1.661185477 -0.360764681 0.366971776
-16.385897820 25.254164226 -31.750695204 0.473213950 -0.521972811 0.001003898 0.709656209 -0.674528478 0.467768926 0.019971006 -0.746256971 -0.308265873 -0.474282072 -0.123932783 0.432287487 0.083373285 -0.805378562 -1.659248760 0.943787121 -0.357745769 -1.372176890 -0.144492232 -0.824877240 0.725510386 -0.629732474 0.730201445 0.439375219
-17.777730472 28.765527730 -36.710219222 0.129718148 -0.505863821 0.260576272 0.812019091 0.323668730 0.359434597 1.159236390 -0.052241339 1.543605782 -0.242967747 0.809789767 1.472517025 -0.217882957 2.269592752 -0.254571987 0.684281617 0.388413235 -0.488279753 -0.196284387 -0.210784140 0.519147332 -0.204223097 -0.058902490 1.277987646
-14.643283132 21.955826465 -31.550339755 -0.220491995 -0.036059374 -0.782030464 -0.581817287 -1.445315645 -2.087942329 1.811923676 1.522396823 2.543294607 -0.635423064 -1.258603796 1.131463492 -0.496307721 0.224741657 -1.277026983 0.234407929 -0.535010752 -1.008931469 0.509186153 0.302516458 -0.126349404 1.763403098 0.647210592 -0.623901413
-18.127272699 28.531037952 -37.500961383 0.561820623 -0.767956116 0.289730939 -0.103232625 -0.369597477 0.284108263 -1.607570921 0.678752034 -0.917963611 0.409495241 2.187889769 -0.157745724 0.875081646 0.922592716 1.291289566 0.156295117 -0.861425811 0.416655501 0.343742896 -0.785617661 -0.637229123 0.630072679 -1.158535635 0.747761809
-8.785354841 17.147914296 -37.201244875 0.198701134 -0.057528495 -0.967680828 0.144229490 0.203719916 -0.338484553 1.719178109 -0.821445321 -0.355272823 -1.104352383 -1.138995004 0.516485825 -0.411115501 0.631536743 0.943535200 0.343078254 -0.449884918 0.835376875 -1.026260114 0.291254505 0.054992634 2.034276111 0.514036025 -0.294365264
-11.472458940 28.388164041 -47.357768245 -0.927877751 0.186175253 -0.313791245 0.076920148 -0.209766741 -0.607682128 0.853200454 -1.323690588 0.449367838 0.451964442 -0.655762601 0.864346640 -1.251327424 0.392098957 -0.227634825 0.321280308 0.127325494 0.259906484 0.394919014 1.027778413 1.013519867 -0.341920274 -1.292551403 1.259630086
-6.308272026 26.208727047 -30.391384963 -0.056754065 0.985207208 -0.000579538 0.161695383 -0.750572585 0.461384427 1.323835968 -0.411484332 0.616307835 0.712495222 -0.383592175 0.722854269 2.203694679 0.426565818 0.967632240 -0.494781255 -0.810786007 0.707874684 -1.418573861 0.801444149 -0.059469018 -0.334316543 -0.628608444 -0.052428284
-3.904488029 23.158484188 -34.826703676 0.063062388 -0.846834541 0.360437776 0.385977985 -0.528952448 0.235017192 0.803285402 -0.606517317 0.869193955 1.548384512 0.435133917 0.217334923 0.444595184 0.476588073 0.211517898 -1.239933932 -0.987879047 -1.515770523 -0.489593332 -1.328988903 -0.471556638 1.399653249 0.080841862 -1.222883838
-12.880709810 31.641265051 -45.928311156 0.176076043 0.259334118 0.805624236 -0.502705314 0.499995677 -0.567114858 0.515787570 -0.619573484 -0.649089158 -0.261543228 1.527286594 0.191984172 -0.541988543 0.351194317 0.956966043 -0.084167181 1.015549516 -0.780350204 0.334076788 0.623076565 0.728177654 0.678750275 -0.790343826 -1.300679920
-20.188975279 24.868316477 -38.446343373 0.084803147 -0.870857614 -0.209764746 -0.436364748 1.611258083 -0.469305955 -0.816089830 0.832505133 -3.252918297 -0.112377698 -0.761485485 -0.930049513 0.001885546 -0.950653842 -0.543468356 -0.726071639 0.035655223 0.408483153 -0.686018263 0.351075357 -1.243724381 0.003971000 1.911503783 -0.117718220
-14.772738185 22.103785833 -31.945826203 0.594178773 -0.562625333 0.247587169 -0.518753230 0.923380341 -0.035774426 -1.911997915 0.861944320 0.000953640 0.472597035 -0.785074979 -0.102510540 -0.373800926 -0.792674700 -1.679862837 1.231713435 0.140211385 0.531310282 0.376290387 0.154339803 0.257717967 0.159419169 0.103903300 -0.473626586
-7.941220099 29.022755895 -42.254172033 -0.115535210 -0.548935508 0.824712103 0.071912242 -0.764092308 0.218628549 1.265785811 -0.342681894 -0.151895948 0.191423310 0.867851579 -1.266234632 -0.230044393 0.021764713 -0.616683221 0.161648043 0.085686461 0.761639004 -0.822870913 -0.399910672 0.175950955 0.870812391 -2.373138113 0.820835328
-15.915177158 21.323796115 -31.589201830 -0.820463845 0.361210674 -0.335243226 0.289789418 1.079862167 -0.025910844 1.547771913 0.210730608 0.222511677 0.545564861 0.657236564 1.251895838 -0.365584724 -0.196566820 3.590794205 -0.889511382 0.766952379 0.559189535 1.743670187 0.791425684 -0.404291128 1.195706015 0.897517812 1.844840482
-6.248670320 28.412638251 -32.669071598 0.830984411 -0.225659847 0.135835432 -0.489991100 -0.407538897 -0.931817315 -2.987901962 -0.338669336 1.081749060 -0.569677114 -1.670056824 0.188761739 -1.947037046 0.869500272 1.007668746 0.530185220 -0.959518043 0.489195098 -0.352035046 -0.028466950 -1.462211295 -2.025463915 -1.834371972 -0.837913103
-16.081832590 25.400532416 -36.409537141 -0.875704364 -0.264685193 -0.050760605 0.400633219 0.706922558 -0.643352391 -0.347460936 -1.494943318 -0.633696854 -2.013592443 0.197774236 -1.100908331 0.484307424 -1.054144935 -2.796643328 1.738140968 -0.204700254 0.023854555 -0.213700826 0.488294769 -0.591827755 -0.388106037 0.485515493 0.872094636
-20.039823478 24.518411440 -39.052836151 0.609503843 0.287052804 0.738389595 -0.029775144 -0.734720771 0.190686087 -0.507520777 -0.988835878 0.781195326 -0.231480944 -0.249556645 -0.502817378 -1.174359242 -0.177918572 -1.038074957 0.121884792 0.584083063 0.029583539 0.481977977 0.367415200 -0.373995124 -0.088022522 -1.446378970 -0.791087814
-14.283635033 34.852734220 -37.652164537 -0.791044110 -0.309632192 -0.425415864 -0.312087270 1.149344554 0.342985765 -0.033782271 0.452521584 1.027466625 -0.339841355 -1.551153971 0.713840742 -0.412464757 0.185178772 0.043024359 0.707327572 0.694611593 0.312408740 0.651645804 2.132913746 0.381505318 0.674673568 0.082557325 -1.297767005
-15.048900219 17.038393430 -37.454301937 0.032926408 0.963414049 0.241429116 -0.111629759 -0.001162666 0.154882591 -0.080221293 -1.878926530 0.715900527 -1.534583866 1.567170311 -0.531751323 0.898474582 -1.006735981 0.362470992 -1.046958396 0.640740647 0.198295080 -0.274518833 0.158699003 0.613228251 -0.527464275 -1.052477942 -0.925327268
-8.926575938 34.984091733 -36.383383140 -0.376033025 -0.169244542 0.520448937 0.747722109 -0.507841961 1.099153886 0.129157864 0.478088796 -0.263961104 -0.640645461 -0.578325109 1.999990810 -0.399777830 0.961756888 -1.494541058 1.206929951 1.607948632 -0.431181561 0.873940422 -0.338548592 1.117362716 2.421737502 -0.802357213 -1.507869986
-13.903609871 25.900605494 -40.295818652 -0.874550937 0.350673253 -0.067279389 0.328119509 0.839519993 1.424570263 -0.235971129 1.535646124 2.422946764 1.171124886 0.161627048 1.006658261 -0.632244491 1.769902350 -0.161949390 0.643776677 1.352220934 0.009858125 0.778592488 -0.395562441 0.955175009 0.919256250 -0.171925988 0.553119582
-18.915458434 32.617511184 -37.676833888 -0.699858924 -0.058142111 0.609054352 -0.368605179 0.043463147 -1.566550782 0.335397409 1.026022926 -0.379142318 1.015146254 1.505890453 -0.727515818 1.530832813 0.480875797 -1.021664491 -2.277500310 2.530800626 0.792106431 0.535691086 -1.044671575 -2.261480240 0.762652438 -0.894148856 -0.871434496
-12.875854560 27.885358186 -45.475188329 0.118780918 -0.427208891 -0.736333928 0.511073384 -0.025017195 2.143918814 -1.335911504 -1.178606566 -0.169852508 0.337309988 0.529547595 0.206413545 0.863746772 -0.054423621 -1.464826013 1.366444988 -0.551951466 1.191926703 0.520501529 0.208874897 0.377359488 -1.510433491 -0.696841193 0.495774388
-7.496611069 25.624633489 -30.815557949 0.514882501 -0.146758383 0.722480191 -0.437470412 -0.175623667 -0.650837696 0.211402350 -0.745151414 -1.571396999 0.825419455 1.483358872 -1.898861337 0.270751042 -1.755358096 0.036834242 -1.358943526 -0.368508265 1.625777781 2.330060943 0.379126767 0.049569055 0.349863726 -2.232105894 -0.710497116
-6.827333945 25.731554635 -38.761819483 -0.158324933 -0.865383514 0.332784053 -0.339557599 0.459660374 2.142274691 -0.684467796 -1.438428190 -0.859813266 1.929375665 1.527448076 -0.191989360 0.463997644 -0.828849785 -0.573242583 -0.792434426 -0.590142883 -0.818802092 1.248134046 0.624479249 -1.063787131 -0.298943902 -0.836935027 0.290645952
-14.896326787 21.558740955 -41.341688044 -0.813313675 0.293355207 0.371852100 -0.337919524 0.541172707 -0.770358352 2.239990127 -0.514698433 -1.156367196 -0.748948894 0.044810587 0.952279789 0.315518948 -1.461666415 0.691648770 -0.011634611 1.508232568 0.507382158 2.531818835 1.238727099 0.180648731 -0.821054746 -0.311718205 -0.889735649
-4.513731606 30.814789405 -38.541573199 0.157114017 -0.370350785 0.914046198 -0.051720696 -0.976400566 0.843440046 0.918879854 -0.609341291 -0.682149440 -1.145656145 1.461297728 -0.306858060 0.493890854 -0.483763762 0.474797238 1.252773179 -1.858949062 0.448382759 -1.957783513 0.992617507 -0.689449350 -1.119285238 -0.123010798 0.168933180
-10.694400142 24.251747387 -32.698767433 0.168008013 0.642789366 -0.693937239 -0.277572058 0.550364775 -2.867537807 -1.127272454 -0.488529259 1.443611017 0.388977863 0.373357796 0.168679740 0.797247983 -0.679417507 0.267965498 -1.329638105 -0.035953379 0.695224645 -1.474679351 -0.153928092 -0.397652912 1.409457244 -0.283029899 0.483574823
-9.126048158 22.974803166 -37.617240286 -0.414314257 -0.211173015 0.875840898 -0.129044086 -1.242210570 0.852257784 -0.127083298 -0.376572902 0.963824785 -0.253466246 -1.872958672 1.677202452 1.098189352 -1.196649572 0.845279546 1.088397904 0.147004796 -0.953513759 1.288156962 -0.297194153 1.478350735 1.381576622 0.240241633 -1.185827349
-16.018089658 21.634349397 -35.319995403 0.154058027 -0.703846364 -0.573111088 0.390397362 -0.575832202 -1.229007822 -0.479966106 0.492637597 -0.522790494 -0.989541644 -0.544226251 -0.103391096 -0.231771480 0.529425426 -1.480710629 0.299206176 0.595979554 0.681979175 -0.634178010 -0.789029948 -2.338237866 -0.279472464 1.014823127 0.433064892
-6.024618629 21.093514467 -42.041592826 0.430351553 -0.442930337 -0.318386896 -0.719194022 0.856866189 -0.420302837 1.842998217 -0.468458145 0.168304569 -0.368194732 -0.914523323 0.100278094 0.925379856 1.021824013 -1.187955410 0.685723020 -0.248196621 -0.941044323 -0.181705463 -0.079079004 -0.279599308 1.776362394 0.083957470 -1.174421719
-4.460485812 26.267461543 -34.243457079 0.735466374 0.525529909 -0.337384309 -0.262829516 -1.156186033 -0.279577507 -0.325641295 -2.159654656 -0.477521498 0.466935843 -0.663347657 0.033370454 1.132094873 1.627442547 -1.386880197 0.278528836 -1.273581580 -0.202973279 1.650181897 -0.623924372 -0.440009734 0.967527951 -0.259584448 -0.012580559
-15.575563840 33.342001644 -34.038248400 -0.723529867 -0.383185260 0.478735443 -0.316995212 -0.363137518 -0.126250242 -1.195911095 1.022203019 0.959670398 -0.607919124 0.120837888 0.469810470 0.571585800 -2.160007186 -0.862463678 -1.050028429 0.242764398 -1.614768556 -1.245137577 0.431401041 0.395487744 -1.575285098 1.993929228 -0.500080581
-14.933516485 29.190380159 -37.808723398 -0.567159373 0.334138157 -0.231255970 0.716381612 -0.488238124 1.560736985 -0.016191624 0.421990649 -0.598688343 -0.328355768 0.777569800 2.401777372 -0.049556201 1.364320071 -1.033182598 0.654645155 -1.445030904 -2.393598964 -0.756092993 -0.414591559 0.423312625 0.318533970 -0.158825514 0.053188226
-6.634274228 24.602956373 -44.104930010 -0.940438131 -0.174179996 -0.206886607 0.205998503 -0.889280036 -0.656480957 1.106667931 -0.539016620 1.084152414 1.638584464 0.317130768 -0.901260550 0.520656521 -0.058320483 -0.964625091 0.290994536 -0.699842676 0.211004672 0.509106739 -1.073949082 -1.759848007 -1.984212671 0.226040093 -0.887721167
-14.452565155 23.916006573 -39.913101529 -0.130202056 -0.224024775 -0.813516739 0.520625432 0.348726999 -1.238102596 -0.765018691 0.912106453 -1.384410620 -0.264241444 -0.565420973 -1.090174559 1.020241906 -0.650553397 1.666040385 0.754645587 -0.950589666 -0.385911968 0.530324455 -2.049434387 -0.462663308 0.541330316 1.043359213 0.797964984
-13.145877067 26.073143594 -42.972480171 -0.863900624 -0.414171589 0.258756219 -0.123218606 0.389363715 -0.968318901 0.694853461 -0.451116505 -1.447803611 -0.640790178 -0.929573459 -1.341353637 -0.267470859 0.052415052 -0.412336770 -0.044553934 0.156246857 -0.079184046 -0.261084442 -0.675901882 -0.481031953 0.751176207 -1.643914698 -0.468479355
-18.311380108 33.459865759 -39.079285618 0.728108000 0.075585887 0.262733763 -0.628582917 0.243814584 0.385330167 0.929758454 -0.308271054 0.291284617 -0.631316031 0.374069219 1.149750622 0.126174910 0.393089944 1.054843347 0.787067469 -0.279752459 0.282521237 -1.700933449 1.534433633 -1.172574560 0.625988340 0.142127086 0.306972636
-7.237408583 22.724241784 -42.925338053 0.863447784 -0.059755894 -0.323927159 -0.382044962 -0.184327426 -0.000761335 0.611825848 -1.173569541 1.131725975 -1.191039033 1.484127358 -0.791205868 0.312408326 0.460176576 0.719813287 -0.950453016 0.990461112 -1.271022396 0.853580611 1.044756042 0.287961538 -1.363723654 1.870345760 0.647287457
-12.189447817 26.267116928 -29.808812600 0.065604173 0.061433606 0.991076714 -0.098432467 0.550219484 0.812559140 -0.348644676 -0.577629064 -1.511778840 -1.358589177 -1.837108241 1.130008145 0.583034985 0.172663930 0.328324389 0.446009490 -0.197370178 0.346479444 -0.256571584 1.546150904 0.025198838 1.195929886 -0.023031073 1.210966080
-13.313854815 30.843301134 -45.943052517 0.322124292 0.780203081 -0.083653184 0.529642557 1.397582580 1.446971370 1.440446322 0.769854070 -2.421182873 0.820439649 1.892372212 1.659750831 -0.928719233 1.032647568 -0.677920943 -0.304183006 0.269620603 -0.622478492 0.603888331 -0.823107755 -1.462015927 -1.781328161 -1.026419993 -0.049644060
-12.107224051 26.982570648 -33.742542448 0.271315518 0.857350778 -0.437011040 -0.018944253 -0.977799861 0.734566829 0.047732814 0.199184829 1.158240431 -0.489933449 0.725010720 1.265266361 -0.531058794 -0.554704831 0.696222767 -1.496134779 -1.522137230 0.732051093 0.013947759 0.250581643 -0.389994201 -0.385572127 -0.235886356 0.230037951
-7.254715811 24.434251125 -42.924724987 0.819168106 0.038877705 -0.434224422 0.372694632 -0.613917299 -0.340153719 -0.606471495 0.904571827 2.291461327 -1.152598461 1.607983583 -0.193604070 0.030311625 -0.687526370 0.693123669 -0.258476108 0.515917155 0.832668317 1.735819907 0.847468966 -0.751382383 1.298336756 0.535368748 -0.409256770
-7.321393073 19.443703421 -38.148762023 0.500395862 -0.628241670 -0.585424261 0.110430160 -0.132804478 0.350503235 0.027065314 1.602961830 0.012575634 0.991595511 -0.786355463 0.302252937 0.116110508 0.172330337 0.621909245 0.643915214 -1.956765193 -1.597894570 -0.035865397 1.081235916 1.615389269 -1.411136788 1.348542083 -2.009158371
-13.870462844 30.117690363 -44.507972381 -0.642461550 -0.668511132 0.348439385 -0.137571864 0.508732016 -0.801891142 -0.632121094 0.007792531 -0.539509851 -1.617384807 0.440821420 -0.771762535 -0.269490502 -0.378278622 0.463700236 -0.013307808 -1.160259152 0.196962476 -0.637946949 -0.524955157 -1.349892258 -0.469896711 -1.051578561 1.884804882
-10.213058115 20.951201390 -31.349349730 0.016041570 0.723190700 0.386160344 0.572379304 0.817997297 -1.364415234 -1.220606689 -0.191948765 0.862579143 -1.459174449 0.319246231 -0.680045093 0.266237063 0.097340330 0.155546061 -0.244706313 -1.297308246 -0.421324979 0.463063906 0.232347565 0.955507047 1.159247958 0.424838547 2.108315659
-10.122703213 19.880702476 -42.166044768 -0.011769918 0.685497958 0.573796278 0.448008761 -1.068650877 -1.397254912 -0.395351312 1.070568450 0.071504697 0.555690551 -0.567459327 0.381550374 2.336918733 -0.054769554 -0.367537620 2.612758264 1.831719743 0.265290609 -0.762331014 0.473651058 -0.656646757 0.077532624 0.392358570 0.422272312
-20.193698914 24.120362792 -39.253083092 0.416053917 -0.025867715 0.019677490 0.908758932 -0.150039279 0.206092513 0.614152001 -0.807449114 0.619681454 0.913677945 0.549212636 0.677369445 -0.514898893 1.895150141 -0.072900977 -1.469751708 -0.462654343 -0.958184663 -3.136963822 0.979551782 -0.353442423 -1.664318785 0.305266421 -0.152730610
-8.182143230 23.129394055 -30.078168988 0.416479367 0.674021692 0.547776115 0.268665262 1.189174872 -0.478114347 -0.447380604 -0.512020025 0.969677445 0.066447242 -1.391116438 -0.160623377 0.003823175 -0.066195182 -0.250809412 0.199186694 -2.004148200 -1.653887542 -0.707871881 -2.586318907 -1.375810007 -0.684010334 0.845244996 0.017240371
-8.090519407 28.549870390 -37.979211981 0.806871983 0.248024516 0.368787971 0.389148911 1.221229869 -0.180992543 -0.121060655 0.249082940 -1.416912797 -0.069674419 -0.191511801 -0.170872400 -2.631589528 1.525386181 -0.873522687 -0.340002014 -0.936722875 -0.945830615 0.579662031 1.352331651 -0.774709720 1.939103613 0.708210348 0.305735728
-9.963293859 25.228084002 -40.352143512 0.090581892 0.061580513 -0.350146034 -0.930269056 0.791311422 1.383645872 0.978546224 -2.320277759 -0.680398994 0.719388484 -1.372206114 0.916590142 -0.139373659 0.591725193 -0.799717581 1.231068741 -0.540707180 1.120096366 2.024488852 -0.287179769 -1.116687070 -0.166471324 0.108356864 -1.044797835
-11.915361056 23.983950707 -41.364077154 0.455623471 -0.756407640 0.352483507 -0.309854987 0.375133391 0.643740684 -0.475457720 0.390291355 0.754917172 0.741276280 -0.225310543 0.431490191 0.949891572 -1.027231861 0.193691749 -0.310868426 0.707199217 -0.599755811 0.078252694 -1.265332380 -1.045590560 1.371414957 -0.743852914 0.183142771
-16.337923073 24.930530157 -30.398075210 0.429324676 -0.205991919 0.838666383 0.264360266 -0.089561878 1.610913993 0.038972155 -1.390402301 1.397882681 0.222114656 0.372956376 1.300706771 -1.294953309 -1.471237387 0.273315270 -0.407717682 0.673855195 -0.249750895 -0.401338306 -1.403462119 0.487000355 -0.366612300 1.935479942 -0.505687562
-13.344408478 27.458685908 -44.950380235 0.028045763 -0.011567551 0.744236844 -0.667226459 -1.052383599 0.040729791 -0.765582340 -0.002194791 -0.422266053 -0.707036029 0.231229098 -0.657955487 -0.166232970 1.465453704 -0.693639184 -0.333875316 0.341931254 -0.142179139 0.592502770 -0.667075299 1.426128688 0.488821257 -1.268917345 0.100180117
-18.738615584 25.753262774 -41.199411822 -0.800513852 0.248646948 -0.465276791 -0.284376117 -1.632175031 1.461160247 0.679407687 -0.696919517 -1.183023024 -0.174025095 -0.171658401 -1.487187631 0.393343100 -0.154449721 0.424969878 -0.297194390 -1.469620239 -0.646619291 -0.448870990 -0.069156627 0.486491966 0.155110939 0.516351191 1.536971819
-14.944295299 22.608118424 -39.539990407 -0.872595524 0.138507259 -0.268635967 -0.383702370 0.394320344 0.376689625 1.360216917 -0.097318296 0.017440955 -0.422496491 1.228084810 1.258364771 -1.109288958 1.697133090 -0.026144460 0.418782495 -0.839470462 1.063053203 0.177156556 0.153505123 -0.611941454 0.237361653 0.757575818 0.550012304
-6.234061291 22.030016825 -38.378954721 -0.507258209 0.733812087 -0.404799700 0.200863471 0.537955860 1.418277515 1.038629547 -0.469062470 -0.172866900 0.424017904 1.014706384 -1.434970828 0.206523863 0.644158537 1.134431836 -0.119822778 1.259877646 0.188923302 -0.242111839 -0.839311445 0.015531279 1.797989273 0.359586290 1.239337500
-17.150981103 29.237479971 -30.419819374 0.119890754 -0.655588920 -0.219180843 0.712593246 1.404182428 0.106530613 0.471950974 1.110508653 -0.756542518 0.602328449 0.841848808 0.261424665 0.160453005 -1.029543192 1.746739284 0.654747015 -0.013169945 0.050269144 1.516084855 0.283279851 0.161929532 -0.874071498 -1.005417035 -0.674825925
-18.399039830 19.724264959 -40.311349142 0.432821034 0.173856100 -0.682649329 0.562521024 0.057242753 -0.212214939 1.207408313 -0.437738774 0.918161565 0.483154587 0.802971924 0.013199200 0.824246614 -0.785987889 -0.643140821 0.041678689 0.585912182 1.022031617 -1.053412429 -0.451754679 0.778696071 0.104403723 0.194573261 -0.101464439
-11.860378850 30.383404619 -44.130152034 -0.222992089 -0.718299476 -0.480175344 0.451389001 0.977688337 -1.062961985 0.199887510 -0.038667272 -1.642765122 -0.605657018 -0.128261994 0.101383337 0.476175571 0.403946017 0.244897803 0.254520721 -0.491901721 0.145300682 -0.996330971 -1.645515206 0.864574334 -1.720509704 -1.230767673 -0.894542368
-18.576590887 31.305584590 -39.535385311 -0.274911238 -0.937151562 -0.074152982 0.201673240 -1.319358007 0.158358293 2.139308879 -0.049845098 -0.475673957 0.004607950 0.998656677 0.085608130 -1.709009851 -2.072184162 0.758646308 -0.875020255 1.448185099 0.233496208 -0.446083757 0.677386150 1.261373700 -0.070674269 1.180822871 0.002045956
-7.007337303 22.853268503 -34.508086362 0.747532947 0.020786808 -0.656036613 0.101874255 0.271409526 -0.290355724 0.081485798 -0.844815345 1.459424707 -0.777964005 -0.437147848 -0.502240057 2.914756306 1.930298277 -1.277775878 0.056654935 -1.777075946 0.828835189 -0.159887825 1.043631372 -1.046345545 -1.185354461 1.027022644 -1.056264233
-14.712113379 30.213840922 -45.556240787 0.034333306 -0.086327694 -0.599257174 0.795147529 -0.851294058 1.061773197 -1.306956717 -0.057550723 1.482466524 -0.054225572 1.552935969 -0.040305763 -1.224132572 0.817020501 0.375261823 -1.183983255 -1.063752668 0.163194204 1.242292594 2.273472459 0.571032401 -2.968167182 1.063393751 -0.402242895
-13.473305112 17.524769488 -37.633378514 0.104352542 -0.303898268 -0.643445583 -0.694790740 0.021260094 -0.370252950 -0.604419324 -0.051679093 -0.074045659 0.133053442 -0.839364937 0.701245202 0.481902558 -1.810322807 0.458349376 -0.840383547 -0.578639600 1.378759580 -1.051201909 -0.158472054 -0.687889897 -0.494028732 0.478695776 -1.752049143
-8.764799411 18.054017872 -37.211338530 0.174582576 0.891925827 -0.145593559 -0.390885865 0.853030342 1.788888647 -0.159315795 0.686652067 -0.697117441 -1.390400091 -0.474182755 -0.017635456 0.508660819 -0.323806414 0.671679027 0.778358611 0.474079075 0.233656387 0.251355732 0.173308306 -0.379516001 0.150519002 0.650814504 1.153824750
-10.582465029 26.630527041 -41.301466459 0.360638572 -0.596184862 0.480309474 0.532734681 2.588556344 2.195139336 0.372476317 -0.110546161 -3.063087225 0.007769834 -0.989993605 3.218821050 0.643539585 0.330536353 0.277199775 -1.354589653 0.305124612 -0.937466510 -1.096973160 -1.425505510 0.089897054 1.219408694 0.054347413 0.456489019
-12.982903063 26.414299956 -46.682314135 0.412234883 0.093278889 0.469409201 0.775252509 -0.415280851 -1.663642449 -1.436210521 -0.154044660 -0.872218339 1.426670247 0.036802591 -0.392008068 -1.778792427 -0.523616569 -0.690401551 0.388448314 -0.279020274 0.078544254 1.290019793 -0.117458525 0.539544698 -1.130967172 -1.536023522 -0.890717313
-18.896182940 31.892499350 -35.401688934 0.584856380 -0.735113679 0.339026339 0.051108072 0.104558752 -1.467150550 0.019860639 0.564301199 1.077283180 1.167730696 -1.072298578 0.657578646 -0.343188565 -0.475522236 -0.369730465 -0.421024877 -0.068311276 0.599462107 2.961991799 -0.133579863 -0.505953882 0.758469049 0.732649394 0.851249360
-13.755154721 29.901134060 -38.458693717 -0.465964537 0.184154314 -0.829568617 -0.246536302 -1.076099695 -0.506905584 -0.678639794 -0.697518655 0.582524675 -0.996459927 -0.174751701 -0.706688591 0.089506174 1.388701423 -0.377699700 0.637434238 -1.816425282 -0.629553718 1.016098576 0.371715387 0.546482021 0.841726920 0.764104240 -2.040030107
-13.878980415 30.791844340 -35.259425650 0.073786248 -0.253625488 0.283165730 -0.921979864 1.433303110 0.062909552 -0.969643460 -0.306320418 -0.797170589 0.132717470 -1.219980586 0.347128488 -0.363380734 -0.858500485 0.202768546 -1.135159911 -0.557921656 -0.503506205 0.042072781 1.199404464 -1.430640449 -0.608449701 0.284175009 -0.177417875
-9.017646662 25.711106666 -30.728533525 0.484806035 -0.321342502 -0.379979968 0.719247752 0.977435341 1.348075394 0.110546975 0.682450464 1.897035083 0.664904772 -1.255578772 1.867526282 0.902982108 -1.055847007 0.747571363 0.075264283 1.703321483 0.932599122 0.322498111 0.318234174 0.253314501 1.292111644 1.809092577 0.724714653
-5.118880929 26.734587648 -44.979708657 -0.365562402 -0.407024542 -0.305896102 -0.779180806 1.263153441 -0.085413124 0.329210455 1.760898014 -0.335135076 -1.315738045 -0.279970976 1.034246499 -0.848053922 -0.610028722 -0.444403525 0.772752661 0.084740782 -1.402623186 -0.557574198 1.206487709 0.159723764 -0.235950937 -0.364501293 0.204149377
-15.334558062 34.277197635 -37.554459471 -0.942380663 -0.042593767 -0.000309893 0.331819771 -0.047047796 -0.295567388 -0.523172974 -2.230128999 -1.422197763 -0.915628519 0.001338420 -1.068914968 -1.099109496 -3.475168825 -0.114535237 2.008532059 -1.329015759 0.241721772 -1.296763790 0.195310824 1.341379909 1.219516232 -1.185700521 1.276400383
-8.408249484 25.719909864 -33.299380434 -0.459149014 0.573663784 -0.111286215 0.669109427 -0.763734508 -0.070517258 -0.592892215 -1.710308591 -1.148984877 -1.159861385 -1.032684508 -1.116891454 0.277314563 0.309366062 0.954281179 0.490661712 -2.389927933 0.357191947 0.117878444 -1.990151382 0.937105299 -0.409081134 1.269618827 -1.958132705
-18.955784083 22.876977198 -32.823586706 -0.821734552 -0.530037196 -0.066303620 0.198536462 0.859139689 -1.389366524 1.298087649 -1.510184473 -1.387645930 -0.132631722 -0.866236153 -0.054338401 -0.311402004 -1.285691540 -0.611643229 1.510546283 1.310097458 0.917352009 -0.867605993 0.602312719 -1.052797659 -1.521487523 1.159353957 1.801132896
-10.261729641 24.823730798 -31.102368887 0.728752812 -0.054145518 -0.292937416 0.616583548 -0.594662031 -0.606698345 0.237787289 1.149009021 -0.413860383 -0.457457557 -0.127850564 -1.468494851 1.545740062 -0.745198766 -0.270790171 -0.212069499 -0.542697588 1.694979568 -0.156046233 -0.418968623 -0.816440976 0.325410086 -0.612822268 1.723140322
-7.565521252 20.967430073 -43.130728533 0.211137845 -0.917126830 -0.204266365 -0.269396435 -0.414592896 -1.151751565 0.637441877 -0.428446265 -0.281167392 0.401997399 -1.776557649 1.513629121 1.744746997 1.698245503 -0.902716718 -1.000265565 0.039278379 -2.145212178 2.002855415 -0.351873383 1.376672501 -0.020245620 0.288979773 -1.204944173
-3.909892949 28.418510506 -37.817678869 -0.202944662 0.253160570 0.936789672 0.130951521 0.776974518 0.108180607 0.265556036 0.667772068 0.079202753 0.050596302 0.221523468 2.045574730 0.514605546 0.502039147 0.977371343 0.085766657 0.634048760 -0.585372641 0.500203539 -0.328214599 -0.174320037 -1.319998721 0.368483607 -0.474088559
-4.174455163 24.626548196 -38.178073928 0.408218682 0.513742537 0.749803848 0.084972369 0.292830992 -1.897106986 -0.518877214 -0.509037765 0.669631062 -0.334039861 0.196525083 -0.393932668 0.487355453 0.798717704 -0.938386819 1.547331102 0.873362175 0.253158375 0.687222556 1.014454615 1.784636219 1.583747043 -0.462988879 0.284715080
-13.270575183 24.562282230 -28.850013072 -0.126211559 0.731381005 -0.494417536 0.452442005 0.768686351 -1.021720118 -0.147046537 0.018569906 -0.450258706 0.219006888 -0.629515490 1.239301086 -1.505648241 -0.340933922 0.441465491 1.239656954 0.375053207 1.346989140 -0.960960993 1.819518975 1.301591072 -1.303339689 0.700513596 2.319095746
-16.891476470 26.893270588 -41.269890735 -0.027613956 0.809728932 -0.186780250 -0.555598474 0.326231891 -0.926198076 -1.321111500 -2.544340942 -2.619147011 0.502378843 0.849535144 -0.561773342 -1.484102660 -1.591283601 -0.199159225 -0.413254447 -1.050270295 0.312847992 0.476813556 1.240150257 0.008553427 0.797376565 -0.675764047 -1.100331583
-5.432975037 32.994771920 -38.732202898 0.454732065 0.674466204 -0.557805681 0.164823879 0.280780232 0.364676319 -1.275492062 1.491135144 -1.807043274 -0.710184001 -0.748515747 0.057845224 -0.947380734 0.036148056 0.808731446 -0.912513065 -0.060075850 -0.409120256 0.445245997 0.579664335 0.793164945 -0.819922375 -1.675639404 0.542348066
-19.878292541 19.585816618 -36.801343441 -0.042225416 -0.494350213 0.792027380 -0.355707057 -0.324126621 1.315255817 0.953532020 1.563004266 0.916203611 -0.714681780 -0.986302617 -1.061003074 1.937119357 -0.509497080 -0.253331354 -0.137134314 1.406453609 0.869075340 0.216752013 -1.399708738 0.816289979 0.600114954 -2.698200675 -0.896235171
-11.024181710 34.205452780 -40.942054481 0.357223898 0.055441814 -0.816255633 -0.450604076 -1.555921809 -1.760365791 0.272843783 0.147884742 -0.294417819 1.035894205 0.262664204 -1.042316340 -0.776953122 1.207476033 1.272292721 0.649766436 1.054839953 0.083915443 -1.360532014 0.836325513 -1.265583431 0.101110163 0.270129915 -0.459166854
-11.350965846 33.030134342 -36.301104984 0.828886917 0.415540122 0.030126290 -0.373316610 -0.960060446 0.315994936 1.404530541 0.833763041 0.920613593 -0.647948738 0.430851398 0.629063925 1.193780247 -0.957903584 0.378491050 0.454762406 -0.636458875 -0.729240981 0.033704892 0.436743914 1.640922967 0.562727513 1.625554168 -0.470827241
-12.383098032 31.881779879 -38.712063339 0.344204402 0.753324181 0.134715644 -0.543946416 -0.080571235 -0.347841579 -0.323077473 -0.339072046 -1.876510006 -1.543163882 -0.206946454 0.723443719 -0.144668344 -0.197254229 -0.304162785 1.742697264 0.880445495 -0.944522190 0.747323801 1.686731230 2.102766442 -0.185808436 -0.810418952 1.458424665
-11.525737725 34.287797671 -36.214180154 0.370408795 0.624167111 -0.250943250 -0.640499983 0.228371319 0.388445682 -0.349672018 0.776858184 -0.258758440 -1.150993708 1.079434009 -1.548948585 0.570367458 -0.383955183 0.661296808 0.357310276 -2.787072218 0.101940811 -0.183237661 0.539446449 2.704270617 -0.164390164 0.870075512 -1.308592541
-8.590068748 24.727931707 -33.508597268 0.117036545 0.532349810 0.764888132 -0.343296188 -0.713683964 -1.447118169 0.377369548 1.681737629 0.382851079 -1.039276875 0.970663711 3.324081595 -0.034729052 -1.192594855 0.286190843 0.559807495 -1.648432162 -0.487651571 0.671995159 -1.344700679 -0.121916101 0.950794108 0.719668704 0.515453516
-5.207456362 27.861158316 -33.199832322 0.272422449 0.904334917 -0.245911834 -0.217925991 -1.004558806 0.485645030 0.083122454 -0.167937336 0.353776912 0.008776418 0.341419187 1.197344065 0.010788151 -0.142310756 -0.585146796 2.248809721 -1.075740387 0.266502442 1.537807222 0.050452375 -0.446427256 -0.384226276 0.653862549 -1.597772199
-12.331349914 34.761242837 -35.905159792 0.211309602 -0.083475862 -0.955857008 -0.186326090 -0.925740357 -0.135624826 -0.371769860 0.066250463 0.236080974 0.898122854 -0.294935299 0.366887014 1.542012064 1.040941670 -1.772795743 -0.731643157 -1.053284081 0.562633949 -0.473042701 -0.414978257 0.329834947 -0.410423655 -0.939472485 0.896529762
-13.537477575 21.467498267 -40.268059141 0.376375566 0.177780057 -0.842813744 -0.341175436 0.244853622 -1.260958005 -0.817688450 -0.615732493 0.505803588 0.086529076 -1.312970065 0.900732890 0.755393772 1.717386209 -0.224910177 -1.657640057 -0.749103660 -0.396998426 0.832208004 0.379384205 -1.318812290 1.065237702 -1.080730000 1.213529205
-12.067313281 25.251963900 -36.724946375 0.381565611 0.597890976 0.515406522 -0.480926380 0.536662225 -2.151934417 -1.703488764 0.795077942 1.873917050 1.112584543 -1.826237929 1.239747874 0.415710250 -0.625391383 -1.477361686 -0.618363433 -0.492147388 -0.579940452 -0.313945757 -0.721442439 -0.153308941 -1.390147901 0.257297182 1.549470473
-8.620389042 21.521494001 -45.822272146 -0.966339584 0.109711201 -0.226296656 -0.054231756 -0.209361487 0.947485420 -0.098187504 -0.316474896 -1.361534287 0.483929045 2.212055553 -0.189328556 -1.178533027 0.360606167 0.592799105 -1.913005904 0.461399424 -0.205229156 0.699758599 -0.620593621 0.805763158 0.016511222 -1.564183357 -0.991816735
-11.182181330 20.101111374 -45.893176876 0.676322103 -0.168292707 -0.108905455 0.708805742 -0.312993578 -1.286114875 -1.014475591 0.030966329 1.866039510 -0.720998169 1.720566277 -1.228654025 -0.710349936 0.794286060 -1.155124285 -0.497890608 0.860911391 0.300301516 -0.064983854 0.448758257 0.447356648 -1.334847245 -0.639511419 0.342125356
-7.817573253 18.468472833 -37.119398810 -0.452187236 0.853835580 0.154692440 -0.206305005 0.244701460 1.306854625 0.930083206 -0.207684931 1.552114609 0.247925469 0.971921298 0.421384702 0.239515296 2.205679214 0.471117146 0.302659836 1.345390756 0.602343665 0.329219503 -0.514852242 -1.459862926 1.647839217 0.443355193 -0.049960736
-15.598608675 29.448650548 -37.521341207 0.019674313 0.946118784 -0.141964184 -0.290376202 1.260943769 1.043231137 -0.366233941 0.002207652 1.403500171 1.016037657 0.037320111 -1.270642825 1.301931019 0.892746854 1.130193200 1.470279389 0.023493652 -0.568364843 1.279321272 -0.100562113 -0.603233442 -0.928784891 0.825109901 -1.009569766
-7.725793096 30.358823735 -37.860116664 -0.116245568 0.119880100 -0.909781824 -0.380016793 0.687045477 0.953194473 1.005477072 -0.640068374 0.590258415 0.922535599 1.603154100 -2.064163439 -0.751450804 -0.788996453 0.718731709 0.346382553 1.323602796 0.065037963 -0.848710821 0.524800441 0.267549904 0.648385723 -0.503783459 -0.934318850
-12.650234371 21.762511431 -38.716766203 -0.399636978 0.663526075 0.307701991 0.552578428 -1.121416564 0.096917432 -0.852369699 -1.308069220 -0.471443647 0.534105111 1.614610738 -0.679220520 1.740434862 0.314151958 0.856112425 -0.822366197 -1.913261707 -0.418735968 1.107901430 0.717369363 -0.912984536 0.960570190 -0.810024546 -0.227968131
-14.565472568 26.159609852 -45.643275148 -0.199895395 0.969043127 0.134292233 -0.054432027 -0.057367828 -1.094573003 1.122663230 0.491981773 -2.195024054 1.896766123 0.050254822 -0.635024981 0.824428586 -0.450145813 -0.135581880 1.582893119 0.323805952 0.391689151 -0.034525717 -0.886482940 -1.632043451 0.428067861 -0.927213377 -0.144720675
-6.478146431 19.401283961 -36.035628519 0.462841140 -0.541235884 -0.602224478 -0.360787299 -1.402143069 0.159309203 -0.894467224 0.548040829 -0.376122049 0.946769114 -0.214397401 -0.220375948 1.082709939 0.720278141 -2.171714737 0.108372904 -0.896351200 1.252679626 -1.615593663 -0.994998288 0.040436873 -0.646249233 -1.945529843 0.895291782
-17.287296643 22.393138522 -31.708434653 0.492596581 0.706172562 -0.282647323 -0.422823145 -1.012355043 1.992242513 0.648486869 -0.030361658 1.275308668 -0.852644095 -0.090969715 0.930065801 -0.927288259 0.396134787 -0.273273061 -0.879581190 1.325134554 -0.119486061 0.698210382 0.790159329 0.570522309 -0.942102359 -0.894237509 0.595747666
-14.942561902 26.744854711 -43.410091847 0.169705073 -0.287548813 -0.763020165 -0.553458306 1.855898901 -0.182086602 1.376693419 0.574533417 0.425225186 -1.011525945 -0.369722201 -0.963130519 0.273828196 -1.513578511 -0.774375868 -0.015885858 0.270759502 -1.137315151 -1.961416584 0.094164315 -0.040748815 -0.779065513 -0.707831417 1.223497039
-10.720554333 25.152273130 -31.146092696 0.914616862 0.366892326 0.167471217 -0.028625318 1.435396918 0.396653438 0.471758928 1.196455314 0.939263371 0.333814838 0.016424146 0.891136892 0.149009926 0.422956607 -1.392158987 -1.064088863 0.706841913 0.238496933 1.094481907 -0.253923625 -1.365979901 -1.113746241 1.753199010 0.754098290
-15.892990411 20.092608710 -41.138573979 0.247435910 -0.898851402 -0.290637756 -0.215340018 1.174255286 -1.953985712 0.050574870 1.390412185 0.724050232 -0.055194152 -1.089739314 -0.467562984 0.326444635 -0.155846878 -1.511822296 0.520242682 0.077596710 -2.774036279 2.575569147 -0.503992871 -0.420844135 0.212863506 1.421155622 -1.520572783
-9.450360773 24.186849349 -35.640622212 -0.474713638 -0.692461679 0.282638154 0.463960622 0.885324581 -0.824807672 0.492959018 -0.536795861 -1.041114979 -0.089193583 -0.506301960 0.182560984 -1.230915530 1.120098511 1.082030632 -0.717097819 -0.170904528 0.163283998 1.050269174 1.567916359 0.246009723 0.553049379 -0.558396815 -0.785692743
-8.000031004 23.405512586 -42.322300901 -0.825087151 0.092490351 0.536828022 -0.149974675 0.184857748 0.995826471 -0.978988165 2.341569118 -0.801320533 0.188950030 -2.040686671 0.209892974 -0.862626871 0.495839806 1.606449882 0.000743195 0.231765519 0.523955687 0.794170216 0.570807679 -0.055541029 1.364644024 -0.287283989 1.669551126
-11.286926855 34.777045072 -36.504977466 0.701239431 -0.268863116 0.532484497 -0.390430717 2.171826363 -0.610352579 0.535308734 -1.468840356 -1.153665666 -0.113156746 -1.635430601 2.677047979 -0.543009698 0.320245261 -2.498141390 2.041576114 -0.332274660 -0.652038344 -0.521294001 0.743956531 0.095955056 -1.161103913 -1.150474592 -1.355781032
-8.381839746 21.275844702 -36.157611020 0.372891133 0.004131222 0.581519296 -0.723028661 -0.689889666 2.239682394 0.991683313 -0.351801213 0.151070711 -0.075247755 0.601110664 -0.448332943 -1.916732854 0.361429703 0.036732728 -0.703120574 0.260521056 0.893577911 -0.468485782 1.513119122 -1.132773833 -1.566660076 1.033982870 1.324346035
-14.315700665 26.693882843 -30.394162038 0.506650562 -0.834279451 0.213559569 -0.040930623 0.375666878 0.115888475 1.107549435 -1.055965268 -0.143684997 1.140641364 0.509016630 -0.321176890 -0.368301850 -1.976273011 0.627155427 -0.462619198 -0.302128521 0.258982353 0.641245820 -2.544573797 0.991333665 0.058998212 -0.695602927 -0.109873653
-13.030226949 25.819831324 -29.697049678 -0.362358830 -0.539545102 -0.513567680 -0.560210138 -0.733049134 -0.714807549 -1.629642516 -0.835487161 0.416216496 -0.490442945 -0.339162441 -1.984423829 1.694730780 -0.134154137 -0.142178483 0.120856819 -0.869482642 0.931684476 1.112445247 0.022524171 -1.659320720 -0.561499609 0.129638920 -1.793811650
-13.307991048 34.069669081 -34.232977913 -0.809722173 0.320762359 0.095047036 -0.482107429 -0.206242378 0.709185830 -0.646974819 -1.182807819 -2.084742222 0.056631807 -0.507253252 0.846840900 0.314626952 0.140034019 -0.906448661 0.828722175 -0.939112151 0.509375630 1.102562485 -1.198100714 1.230319409 -1.072147290 0.462617453 0.192024517
-21.430232902 26.572504285 -34.840084362 -0.735059611 0.226545639 -0.584243498 -0.258889892 -0.344846993 0.282590488 0.546322760 -1.031573491 1.143528576 2.115425340 1.979625766 0.473805572 1.584145703 1.648873952 0.617477304 -0.722971258 -0.141027509 -0.643050874 -0.393299277 -0.956629408 1.207327003 0.843010397 0.506974890 1.192061181
-8.790014628 20.843373037 -33.026405927 -0.164247329 0.093261186 0.078548135 -0.978854104 -1.266634349 0.663230302 0.306085772 1.606396106 0.117980297 -0.725017926 -1.009191174 -0.475894823 1.801760283 -0.456581951 0.101797410 -1.721569241 0.059202238 0.506868707 0.589086073 0.747492186 -0.355486909 0.844783360 -0.712079214 -0.622672133
-15.871153459 28.977192143 -33.670218346 0.050346895 -0.597173917 0.603990940 -0.525398370 0.322440580 0.403163234 -0.179901984 0.497010908 -0.134293953 -0.677448147 -1.248446920 0.843224853 0.960668525 -0.818176699 -1.406550244 -1.199814610 0.017577418 -0.049044454 -2.911693248 1.814611995 0.210362071 -0.795922368 0.620733754 -2.006087498
-10.311027114 21.063280642 -42.293130002 -0.199334728 -0.658994190 0.526457399 -0.498833571 0.950555357 0.933388632 -0.364391702 -1.321665767 0.083852908 0.600846622 0.872849957 -0.362888600 -0.811262004 -0.499458920 -1.325721865 -0.129031846 0.875849319 -0.753284930 0.493409369 0.952503945 1.520944504 -0.255650915 -0.067809932 0.563996285
-9.734448119 19.377025650 -38.321318547 0.482943744 -0.454846203 0.049772863 0.746594223 -1.243784023 -0.656119530 1.326691033 0.359102912 0.420035980 -0.171475856 -1.670156067 1.370051600 -1.242646398 -1.773621634 -0.943773860 -1.044750660 0.567671548 1.106895983 0.852927764 1.448600060 -0.937107613 1.000666640 0.348135301 0.432916076
-11.487650237 23.668992296 -45.042081229 -0.007815040 0.901268840 0.125916336 -0.414485803 -0.407687872 -1.014514821 0.144378931 0.628146926 -0.505130446 -0.199229144 1.247438660 -0.787053093 1.120817915 -0.522317596 -0.445498421 -0.272851251 -1.429487419 0.366609714 -0.403778589 -0.509222603 0.821635863 0.630984018 -0.319725251 -1.864719353
-14.893635238 25.365677097 -29.283657300 -0.471482715 0.589520257 -0.347819979 0.556049618 2.500302522 -1.452993116 0.295675656 0.460943065 0.392491388 0.362620948 -1.176591963 0.456863669 -0.789121140 -0.445016101 -0.254363918 0.582313672 0.150549548 1.066251179 0.884013591 0.214797564 0.627731477 0.396309667 0.434781007 1.842500590
-16.163334888 31.332528855 -44.459492149 -0.488866698 0.445246600 -0.197508892 -0.723709233 1.960075635 0.501970757 0.300961069 -1.627777888 0.748172247 0.135635085 -0.095271351 0.902034854 0.117394814 0.170616515 -0.196958291 0.704372708 0.354217146 -0.569805329 1.169303860 -0.111456702 1.349708471 0.426961666 0.253991477 0.533655965
-18.444567553 26.506354319 -44.134023579 -0.432166682 0.283815480 -0.715756288 0.469439739 0.563792673 -1.056773257 -0.175898955 -0.330780660 0.950458344 -0.279620573 0.777787080 -0.678371826 0.280738611 -0.246971603 1.279642458 0.295074406 0.274417507 0.149362454 0.396870513 0.758687348 -0.627276456 0.677526995 -1.446554361 0.153115205
-20.993807401 22.203384162 -35.521499610 -0.456280917 -0.156504171 -0.436527399 0.759445850 -0.531403639 1.014974379 0.018975082 2.187993788 0.745964762 -0.416270907 -1.327305326 0.210513653 -0.701910216 -1.181948637 -0.002830159 -0.248184592 -0.173250371 -1.539045918 0.266716577 1.515696387 0.068505885 -0.920169037 -0.512363261 0.083716585
-9.367718212 24.505085257 -33.373128175 0.746263664 0.088206183 0.381767530 -0.538111295 -1.081405980 -0.603362287 -0.749826073 -1.853777880 -1.529235167 0.494254283 -1.778432443 0.962590678 0.762219613 -1.346498522 -0.562480838 0.410252495 1.155821394 -0.656708158 3.145599941 0.358584361 0.744567379 0.377564868 -0.324040483 0.385540068
-12.772325763 25.784268434 -39.445852130 -0.658052924 0.464181941 0.416008524 0.422419675 -0.259646957 0.038081045 -0.441936227 1.135776810 -1.541125637 1.724367276 0.189209839 -0.154510405 0.364129682 -0.356369504 0.033759686 0.543488662 1.846117672 0.698358169 0.218428043 -1.011002975 -0.479865873 -0.726423722 0.148279789 -0.874151265
-14.995128802 21.912967294 -30.463406286 0.366425982 -0.764194588 0.281281767 0.450132423 0.848480763 1.765851519 0.463528517 1.428554398 1.165129164 0.066676547 0.455868537 0.659171165 0.539176080 -0.099670685 1.056069358 1.515915399 -0.374626863 2.414494374 -0.029379824 0.009219013 0.347831583 0.848957267 0.576668699 -0.572981653
-13.165559778 27.059446945 -37.225531194 -0.519311175 -0.641294981 0.426491151 0.370353817 -0.232548610 1.383077660 0.724131918 -0.463983403 -1.309316131 0.344628131 2.071748258 -1.583395210 -0.329755063 0.613608575 0.502572100 -0.025070692 0.047919735 1.042613337 0.118756247 -1.526791543 0.498036222 0.471334341 0.414939834 -0.782266372
-16.327664585 30.424351521 -36.389707915 -0.301252475 0.170541752 0.479516359 0.806366243 1.176504632 -0.901040914 -1.051887656 0.723006425 0.751275254 0.762106379 -0.243469584 -0.689774061 0.041895535 -0.263030706 -0.424470182 -0.534874856 0.400150426 0.099155798 -2.007791423 1.646253271 1.809371572 -1.454873379 -0.432973730 -0.725141783
-11.304425541 16.508463545 -38.793077364 0.459535810 0.632675563 -0.586620625 -0.210771709 -0.898080815 0.031477077 -1.250509151 0.712948185 -0.230970029 0.962271984 0.391339700 0.563151835 -1.161331172 -1.075273089 -0.324952856 0.027486903 -1.047307089 -0.643745616 0.172611389 -1.168021437 0.764063575 -0.243323882 0.060480777 0.856700230
-9.167265952 19.649980801 -40.709418529 0.754012890 0.132052727 -0.074403982 0.639132761 -1.269088469 0.804004076 -0.499534787 -0.109272959 -2.226739446 1.800029633 1.363166720 -0.123400664 -0.537670342 0.258014967 -0.257259549 -0.617211425 -0.062942425 0.971125918 -0.070632388 -1.022170367 -0.314554157 -0.052757364 -0.348601350 1.513860093
-7.917032605 28.394491401 -39.315648439 0.580673421 -0.705758864 0.342137624 0.218322352 0.497762968 -0.044096661 -1.864807755 0.034736705 -0.609370881 0.630400354 -0.204467741 -2.278835626 0.642503799 -2.034391374 -0.338501028 0.475201256 0.128146242 -1.034370407 -0.883349809 0.068826984 -0.914575314 0.883149922 -0.731206233 0.071541389
-6.492965525 28.558887754 -33.400999196 -0.353536593 0.396130067 0.360231185 -0.767024342 -0.240851839 -1.599414863 0.084998503 1.092149379 0.568022110 -0.358898093 0.393928124 0.073579459 -1.861475367 1.140274504 0.183558146 -0.817918201 0.620035159 -0.711689543 -0.725732421 -0.416872738 -0.098460372 -0.418798500 0.434308220 0.905547293
-10.664210917 22.525521252 -42.979461192 0.444908134 -0.042154671 0.111679055 -0.887585221 1.724142471 -0.541565974 0.891936984 -0.214049036 0.576171706 -1.417747072 -0.228297603 0.971678404 1.109416764 -0.482968228 0.053122698 -0.192793893 -1.254418953 0.209246634 0.510039810 -2.914573778 -0.111880313 1.104082503 -0.704017260 -0.495325890
-18.634715190 24.145446967 -34.900239687 0.413989919 0.418851935 -0.742154037 0.319973106 1.769977259 1.556653295 -0.950420938 0.018723833 -0.827545181 0.174305625 0.682738629 0.504932195 0.567762492 1.437460392 -0.129531019 -1.168115897 1.363400796 0.005115500 -0.359046403 1.681466945 -0.688016857 -0.364477403 0.727535829 -0.551976518
-11.912888479 24.529261621 -35.622261463 -0.720145713 -0.298134849 0.626431760 0.009434745 1.641756762 0.048361957 0.131934584 1.239646462 0.154167731 0.308472168 -0.505557084 0.123664985 1.343157851 -0.248358055 1.659306770 -0.028331403 -0.321461297 -0.742901554 0.795796911 -0.512565242 -0.716293140 2.050762381 0.431856788 0.666379376
-8.861635075 25.340735594 -40.339051420 0.932868314 0.009734529 0.341889264 0.113020706 -0.479257861 -0.702580436 -1.231127904 0.786385017 -1.050555248 1.498720725 -0.257077379 -0.380669635 0.793672567 0.312099333 -0.925099309 0.909054762 -0.833131367 -0.954570759 0.020609233 -1.732347017 -0.583760535 -0.563307319 -0.893346505 1.252497346
-17.378252569 32.637582560 -39.645766609 0.942371844 -0.185733432 -0.123206033 -0.249516880 0.012028147 0.808546250 0.338626504 1.515315327 -1.132488640 0.261266743 1.066216605 1.143254813 -2.049442479 0.152892421 1.317577259 0.965110841 -1.117814514 -0.223406545 -0.631743685 -1.219544307 0.466742507 0.930794016 1.877805339 0.117907761
-7.145987758 21.543034816 -37.085646026 -0.056265989 0.107150755 -0.754414440 0.645144718 0.527796518 -0.662309892 0.651265033 -1.804090091 -1.779495826 -0.109907497 -1.155423709 0.048326090 -1.988231128 0.392433158 -0.834978976 -0.103636223 1.231424980 -0.069943022 -0.436060449 -1.581706147 -1.221078257 0.046803289 1.242339818 0.763287716
-7.263124737 20.752916085 -42.463444208 0.405373303 -0.161771535 -0.246162484 0.865393833 0.699099419 0.715696225 1.264907772 0.657499206 -1.213205351 -0.573831870 -0.904366542 0.417491622 -0.906501740 -1.103148438 -0.779240183 -0.418286363 -0.605324895 0.047305508 -0.428858291 0.701624948 -0.111450637 0.316749755 -1.481964327 -0.060463335
-19.026735820 27.288022625 -32.797458913 0.315628730 0.620353699 -0.217082135 0.684408606 -0.419345200 -0.846656668 0.032448177 -0.304863644 -1.861407018 -0.017368443 -0.249674684 -0.557480903 0.361987679 -0.746684946 -0.103800784 1.863326760 0.561866093 0.088974914 0.766479081 -0.269305976 0.078982935 0.775979401 0.743690375 -1.394700733
-14.049916771 18.417614323 -43.926623477 -0.270594146 -0.740061201 0.481450223 -0.383788887 -1.339416516 0.364274845 0.273468592 -0.734257447 -0.078113946 1.042999509 0.720959313 -0.082776334 0.249377691 -0.318629078 -1.306781323 -0.794173546 -0.422688351 -0.533981396 1.102679795 0.019897673 1.597453457 2.212126734 -0.706279066 0.972987541
-13.404111394 19.410063806 -37.286217374 -0.409502693 0.261421629 -0.872079040 -0.058689224 -0.072010813 2.269607212 3.228404023 -0.018672233 -0.054971182 -0.073163533 1.356185119 0.430091205 -1.322798441 -1.098471701 1.953693688 0.428871977 -1.964053798 0.886713710 1.345609254 -0.590350239 0.796157224 1.198310869 -1.615533433 -1.003616977
-14.275854998 22.406477788 -39.597895988 -0.408624243 -0.725696428 -0.466648939 0.297707391 1.861551780 0.482064479 0.766025307 -0.334548098 0.816544080 0.814881487 -0.642450174 0.638019851 -1.019740778 -0.166200011 -1.196466426 -0.853978150 -1.660987822 0.707076144 -1.720319724 -0.199444226 0.307330749 -1.727083829 1.171277701 0.374374951
-18.215060219 31.960056049 -40.411381200 0.071294054 -0.393598666 0.378074147 -0.834899508 -0.243597332 -1.389601630 -0.044963619 0.562643653 -0.290221607 0.890827253 2.085690767 -0.652604925 -0.921627068 0.895837341 -0.031677678 -1.291317370 -0.509796793 -0.962123426 0.670718514 -1.527277464 1.445842745 0.724244750 1.389488160 -1.317998827
-12.889950429 35.673439777 -36.860376255 -0.091130587 0.858007709 -0.504886991 0.024639655 -0.169585614 -0.210221302 -0.375321229 0.172546717 1.665218399 -0.569145813 0.532119596 -0.234080636 0.888507335 0.249750157 -0.083387163 -0.839855234 -1.393543236 -1.264029306 1.452664632 2.248555937 0.683022684 -0.716276761 0.097337390 -0.671439636
-14.136006716 34.445949422 -36.184209903 0.683888498 -0.115761011 0.707299663 -0.136466466 0.281571317 -1.576801757 -0.828268714 0.400705510 0.283161997 1.432944779 -0.482884279 0.889443438 -2.007300876 -0.377575969 1.867519665 1.363821124 0.569941741 -0.490061585 1.239016979 -0.420996127 -0.412420821 1.101777619 -0.037432739 0.023446973
-11.572070707 25.848523805 -37.723969520 -0.089922746 0.655792008 0.657012720 0.360811624 -0.756842029 0.113288011 0.322915826 1.564291454 -0.521793871 0.755786516 -0.377326624 -0.024968841 -1.552076953 -0.085309585 -1.588188765 -0.062331568 1.649706857 -0.039706173 1.098273401 1.544342062 2.446773688 -0.860391836 0.708048225 1.127934855
-9.492997262 28.107914628 -36.989545259 -0.068198886 0.792134205 0.274076184 -0.541067979 0.852984757 -0.743389534 -0.971805056 0.551032561 1.132233681 -0.184617676 -0.373258658 -1.567885546 -1.582734193 -0.310032185 0.135946429 1.978262824 -0.332994409 -1.311723451 -0.542007367 -0.385260596 -0.218571276 1.216997957 0.087999351 -0.796587282
-16.416656261 31.207771864 -32.753715082 -0.208009960 -0.338080400 0.254462450 -0.881863006 0.773158679 -0.626985013 0.074271284 0.959393553 -1.077337340 0.272886238 -0.472915536 -0.308050499 0.698662575 1.712642861 0.408962309 0.310131772 1.725569885 0.387805768 -1.750587068 1.668061107 1.346586756 -0.127328000 1.075918517 -0.064764897
-17.923187368 28.019443751 -36.748810322 -0.901397063 -0.264543432 -0.296442269 -0.172110686 -0.135637029 0.116703495 0.304363159 -2.331600848 -1.654768851 -0.669237554 0.978056415 -1.921863409 -1.080213422 -0.068479327 -0.333144515 0.111477623 -1.568858049 0.937749957 -0.665168472 0.804551079 1.710876298 1.175566547 0.037292801 1.281175117
-8.915376403 25.151196508 -34.095492196 -0.577462449 0.687024353 -0.422190009 -0.127633282 0.362506408 0.158958264 -1.208003636 -0.814609455 -1.802987093 -1.542893126 0.397550993 -1.153772132 0.312516323 0.501737586 0.498178114 -0.988718867 0.033443049 -1.292299866 1.087718947 -0.454616913 0.920682749 -0.237316042 -1.404177759 -1.876588774
-7.613942995 32.433975698 -39.046046915 0.211990807 -0.813088386 -0.495788140 0.219411245 0.398931823 1.195557172 0.973903816 -0.367465315 -0.154632940 0.992149385 0.100606821 -0.348025821 -0.095912370 1.255051425 0.347526514 0.636805391 1.419885641 0.472407310 -0.851274842 0.288874607 0.950321277 0.400468896 -1.264598935 -0.017626030
-18.527622415 28.533224994 -41.887178049 0.059700015 0.212918258 0.421935570 -0.879245187 -0.330949934 -1.374250453 0.252869582 -0.590768499 1.566154711 0.463367335 -0.956156422 0.995665437 -0.675222572 1.704586730 0.513121843 -0.004395832 -0.034054302 1.143409811 0.066465412 -0.118693129 0.407282049 -0.055636365 -1.196905105 -0.642843865
-9.921919954 34.846478217 -39.149999697 0.303495900 0.685182016 0.123171954 -0.650572451 -2.323560186 1.458224190 0.027783111 1.063915297 -2.039405850 -0.272705889 -1.484263079 -0.164542042 -0.750053730 0.630662152 -0.925164308 0.648675855 1.631474072 -0.931966084 -0.297816935 1.010000607 -0.071965294 1.082889472 -0.764529069 -1.137368577
-16.566405573 23.881391915 -37.715859266 -0.050124629 -0.649337228 -0.072974484 0.755330001 0.584915569 0.849388451 -0.148257093 1.097708326 -0.214208861 -0.064414223 -2.399657338 -0.137781015 -1.332243149 1.242949301 1.505259312 0.829427846 -0.123416761 1.914634117 0.486212217 0.628164075 0.818377103 -0.835006853 -0.338177676 0.898487514
-5.250438614 19.837661548 -38.308913183 0.172909887 0.354206639 -0.185850234 -0.900055286 -1.392536839 -0.493749629 -0.013844330 1.842529113 0.923759663 -1.176403467 -0.201636471 0.545079759 2.279657982 1.241319220 0.034002498 0.160219424 0.021818002 0.430945044 -0.391232726 -0.613999547 1.217829349 -0.091783131 -0.990066622 1.280264348
-4.601316222 30.252633087 -37.887691511 0.737289205 0.178923304 0.651415146 0.007027506 -0.034689529 0.281175232 -1.133225131 2.442903973 -0.200349641 -0.256900174 0.217408412 -0.519894004 0.018108721 -0.113605853 -1.500527732 -1.978898239 -0.415456865 0.055574554 1.248888405 0.062644834 0.864870015 1.329643220 0.073788152 1.292989864
-14.847220711 19.087052362 -32.750233987 -0.551526137 -0.564172546 -0.390750271 -0.474175584 -0.222289962 0.454171367 0.364789430 0.625316135 0.591700674 -1.632349471 0.830932194 0.560043709 -2.201353804 -1.659694886 0.235181398 1.452701895 -0.824653665 1.843534493 -0.366611958 0.045347052 0.679180556 0.276151748 0.489286471 -0.459423487
