-5.096111419 27.819734423 22.133737435 -0.137803198 0.055298648 0.329301465 -0.932476747 0.799845922 0.764134493 0.000859844 -1.262197171 0.482062923 -0.136678114 0.797064522 0.246433176 0.223037421 -0.453167644 0.394602419 0.614529424 -0.190779749 -0.592765196 0.993456226 0.588758741 0.677282746 0.348972960 1.271927772 -0.403171977
-1.036121124 23.205018470 20.928139927 -0.463112505 0.036990647 0.060179417 0.883480016 1.106146241 -0.053463107 -2.259517617 -0.589989058 -0.943811909 -0.536172837 -1.828088522 -0.219886527 -1.662077202 0.384746152 -1.366292270 0.012301987 0.890558651 0.040186483 -0.121946278 0.590661693 0.124587415 -0.126886383 1.713034243 1.031642788
1.347769434 27.119888715 21.743408890 0.032974159 0.115855327 -0.158881922 -0.979921825 -0.906119186 -1.209678819 1.300057083 0.383298100 -1.383105253 0.216230314 0.183310972 0.218301817 -0.009616208 0.221490410 0.849595580 1.776667047 -1.370087964 0.406555703 -0.098764553 1.378589077 -1.245685074 -0.528731648 2.491198550 2.165547318
-5.914541658 27.161834594 9.520884673 -0.281632136 -0.892002399 -0.285354485 0.208777099 0.669068049 1.129102161 -1.051491798 1.228006356 -0.497139041 0.392623369 -1.321248654 -2.700316262 -0.675192184 0.515932344 -1.345886494 -0.483815805 0.075769837 -1.439575396 -0.546345739 0.499458576 0.924832829 0.176179834 0.578302446 -0.560060665
4.685030579 24.841962635 15.601857841 -0.658840177 0.097722015 0.711636965 0.223501362 -0.887826246 0.240832545 -1.025581433 1.361210886 -1.036845317 -1.710836598 1.098308286 0.903018214 0.033102203 -0.705728254 -0.628355272 0.539470807 -1.216339987 1.067657381 0.697196673 -0.400773063 1.249581352 1.981901095 -0.146647910 1.913576740
-4.001425494 22.751449859 14.378171363 -0.483393853 0.251304183 0.624626913 -0.559479946 0.175473316 -1.513039672 0.506525980 1.263807419 -0.770845487 0.077433139 0.681693707 1.088912002 -0.916317961 1.655040044 -0.199175890 0.166886650 -2.418369645 -1.336301856 3.749722380 0.247377438 0.112247013 -0.170414404 1.640925049 -0.698099927
-6.971767324 30.208105185 13.329458700 -0.627445658 -0.259795275 -0.723571410 0.123542610 -0.055977823 0.642929508 -0.431977402 -0.190882774 -0.382196866 0.377949968 0.523141665 1.005936728 0.513215391 0.555441324 0.832162045 -0.342326690 -1.331850957 0.760912402 -0.787780366 1.207936501 -0.770974091 -0.380897602 0.780308881 1.445211106
-9.097484368 20.117139263 12.014337689 -0.222420924 0.162307255 -0.088256813 0.957285758 0.468682489 0.550284227 1.789740451 0.413027412 -1.370370990 -1.181262726 0.099222770 -0.426222203 0.643268738 2.981407780 -0.413986678 -0.689659694 0.099520341 0.642647324 0.730164855 -0.730641714 0.278148921 1.357677599 -0.941573556 0.355320214
-9.557931378 27.557838857 14.101413638 0.962981276 -0.074074455 -0.232238349 0.115088604 -0.491494751 0.378497810 -0.222171270 -0.643914537 -0.167071984 1.903769797 0.613166531 0.584818201 -1.433248976 -1.614769157 -0.214874092 -0.744894384 0.161028143 0.013794446 0.138070369 -1.604081396 -0.735791366 0.242609765 -0.136795062 -0.159373529
-3.702108225 25.721900829 7.524377916 -0.234875316 -0.379975185 0.620290068 -0.644742333 -0.519098599 -1.122090651 -0.332061939 -2.273516197 0.135579981 1.563005760 1.071007030 0.770724226 1.282592979 -2.219271510 0.163761314 -0.005004781 -0.523891713 0.919305627 -0.497429567 1.033798857 -0.646892644 -0.311898545 -0.243244931 -0.176611833
-4.513384898 21.682928151 15.009666695 0.207124080 -0.119562129 0.276200255 0.930869449 1.237442218 0.354127609 -0.379950705 -1.140784920 0.199728295 0.528068499 0.605642218 1.060724530 -1.450284588 1.467611473 1.764517032 0.187501826 0.986785366 -0.667456683 -0.296551435 -0.924245291 -1.906495538 2.659886427 0.272207493 0.045357401
-7.034607876 35.145493675 15.431877057 -0.588913218 0.438814301 0.521194198 0.434718114 0.540233398 1.209221154 0.388561943 1.235146768 -0.548158207 1.166652218 0.071310629 2.527984428 1.679557924 0.740413844 -0.323285330 0.444224579 0.621787405 -2.108715361 2.103792723 0.667274676 1.891628007 -0.038641303 -1.461103432 -0.384332451
-5.618894802 18.200345812 14.858774808 0.557982308 0.237666593 -0.687523096 -0.399352384 -0.556023644 -0.550714227 0.168501967 0.040677990 -0.485419855 -0.801749338 0.321256843 0.621896164 -1.491832519 0.922206923 0.495184881 0.135453282 -0.506195881 -0.797692725 1.032938301 1.262746388 -0.608211900 -2.210547887 2.366185709 -2.448514993
5.649630867 21.860831981 13.986743273 0.308541475 0.363133989 0.764190022 0.434683188 0.241615602 -0.341509116 0.118752422 1.110766506 -0.846676793 1.368327625 0.292977919 0.490724456 1.258327187 -2.638472679 -1.081269937 0.152766663 -1.341519436 0.837820467 1.978807784 -0.133110736 0.328940094 0.266910741 -0.623627779 -0.932964436
-2.864324738 20.649120819 5.688862899 0.312266279 -0.136590053 0.549236106 -0.763002378 0.394328520 0.433413359 0.682595352 -0.765374225 -0.597061808 1.632157004 0.045614292 0.720620309 0.016604191 1.395762246 -0.889809014 -0.535691660 -0.524702703 -0.873291958 2.008300849 -0.880898835 -0.071731843 -0.735385957 0.568483422 0.302907531
-4.758093684 17.944955967 13.908683853 0.502557964 -0.848279658 0.149729905 -0.073743277 -0.639083781 2.353058223 0.567956907 -1.241736128 -1.893108202 -1.407425595 1.560272172 -0.414607554 -0.595046031 -0.527971119 0.920653505 -0.676458880 2.887544332 -0.411833022 -0.177477197 1.285410436 0.061248569 -0.050518486 0.996964178 -0.329497475
-4.673821543 35.107907267 9.913010257 -0.849361018 -0.474721211 0.209098309 0.097486051 0.107472680 0.605029704 -0.807552860 0.965785532 -0.705826059 0.559635668 -0.081072505 -0.936185732 -1.633662787 0.427236413 0.687251574 -0.163941848 0.169211004 1.283922136 1.286215013 -0.673929885 -1.413175456 -1.076270995 0.268108834 0.697064923
-4.742871467 32.157668586 5.659165343 0.259820610 0.926221892 -0.082475525 0.260392100 0.027672375 0.544492695 -2.637725278 -2.518108942 -1.061804644 0.374338640 0.662257069 0.743360038 -1.043848143 -0.042873910 -0.538484643 0.256590043 0.476781241 0.700019802 -0.956751903 -0.987986984 -0.376529432 1.399766721 -0.470859353 -0.718013251
-6.237281832 20.505654807 8.242918094 -0.922402096 0.261481676 -0.266720279 0.098295473 -0.583553263 -0.489968771 1.589129930 1.245740622 -1.277187537 -0.398130903 0.575041903 0.275634770 -1.870106377 0.200502933 -1.304240606 0.330488318 -0.861238228 -1.599597477 1.498579196 -0.299815608 -0.018427593 -0.150304566 0.028652189 0.097837607
1.157980128 22.988594178 21.793435940 -0.371272592 0.572629671 -0.108522062 0.722824241 1.322343844 0.308603039 -1.296595836 -0.776024635 0.325086413 2.365347131 -0.056303850 -0.819343979 -0.486386144 -0.039819501 1.002468615 -0.051548916 1.005656717 0.201064343 -1.004341522 -1.243077056 0.693541026 0.979443407 -0.583536423 -1.047691540
-8.714834423 24.923066619 18.160392214 0.583354804 0.260258688 0.745918943 0.188593529 -0.641690140 1.126286574 0.887637931 -1.811028980 0.437975620 1.016364904 0.669584029 0.124380393 0.525342043 1.986134398 -0.636299242 2.550269277 0.035327446 1.084364044 -1.726016551 1.121534920 -0.270462255 -1.855630805 0.640002974 -0.805874641
1.925104698 31.344439137 16.903339768 -0.440407178 -0.603993031 -0.461957397 -0.477314675 0.165042679 -0.517030706 0.732302989 -1.062078082 1.175140398 -0.183773711 -0.566630199 -0.336311895 -1.187014407 -0.338054541 -1.798859098 0.125049027 -1.122871967 -1.148530057 -0.203403125 1.641864764 0.862941925 -1.640712813 1.480754941 0.500086742
-2.999155062 22.747545112 10.896813998 0.154434792 -0.774348684 -0.171160509 -0.589269116 1.373201791 0.221720896 0.929873354 -0.178172447 -0.810961465 0.183869629 -0.432155864 -0.703527316 -0.173678882 0.489917530 -0.990038670 0.584072844 -0.070892486 1.236492103 0.711592175 1.572631600 0.142066077 0.698627993 -0.601288651 0.000953420
-0.745749534 25.643595698 9.647897881 -0.744354345 0.373749048 0.363210532 -0.417524092 -1.656060174 1.098298806 -2.258977398 0.155710655 1.121905154 0.725785637 -2.900486549 -0.849636081 1.800425510 1.021605355 0.499739194 0.184634170 0.424238053 0.555519548 1.187480870 -0.387690096 -0.902073264 -0.088561529 -1.324711237 -3.487868767
-0.048903731 20.586161268 7.885757072 0.334284736 0.446902495 0.602190794 -0.570874875 -1.442833273 -0.796764356 -0.681099509 -0.132824404 0.269085695 0.093347743 1.545886319 0.278859183 -0.104316407 0.750801594 -0.604927052 0.113248997 -1.005987503 -0.093828413 1.202720525 -1.459543166 -1.207595820 1.806735999 0.007852042 -0.309127978
-9.788125172 22.474426198 8.949820885 -0.831213007 0.438368983 0.216758740 -0.264448900 0.461035461 0.908523088 0.621665382 -0.572232460 -1.349364386 -1.172796044 0.670150123 -0.179316913 0.759703385 0.354191267 0.911938461 0.212474459 -0.136507252 -1.061365304 -1.035241964 0.074904720 -0.273202304 -1.331164324 0.299816838 0.477202859
-1.952243820 26.656789347 8.460233920 -0.743967079 -0.585936512 0.018719912 -0.320688252 1.277922060 1.597931327 -0.941377074 0.316793114 0.486633082 0.988442279 -1.122086158 0.995742657 -2.035710797 0.155342372 -0.751395357 -0.043694828 1.611094034 0.140474651 0.390918993 -1.403731643 -1.739884438 -0.680827045 -1.056853028 -0.451200128
2.013135193 24.066188998 16.983750019 0.023132854 -0.614783468 0.777530260 -0.130203125 1.357281969 -1.071563852 1.014246202 -0.752564105 0.890185496 2.201835295 0.424994215 -1.021787328 0.372304673 -0.326341363 -1.460626733 -0.600704360 -1.172487101 1.053240629 -0.852767605 1.132242637 1.327147141 -0.765050383 -1.600916983 0.037809123
-3.822711768 21.377958094 20.768680971 -0.238435539 -0.467476133 -0.208633260 0.825279784 -0.578648801 -1.131643946 1.189720015 -0.686864727 1.511888293 0.878182710 0.514993289 0.142253954 -1.526544707 -0.662416808 -0.335502573 -0.012523152 1.010846572 -1.323016581 0.019928803 1.591632830 0.907011858 -0.610775454 0.310754412 -0.146365453
-6.644816543 28.140033336 8.902472977 -0.343233750 0.133451959 0.921510670 0.123285247 -0.657800140 -0.391234129 -0.783673511 -0.643594238 0.118135017 -0.750479603 1.360863528 -0.860206977 0.943991634 0.385096381 -0.737937722 -1.708158798 0.411876253 -0.348888311 0.229147729 -0.456972378 -0.831318049 0.613495334 -0.398394061 -0.975029309
-1.642092254 34.254565029 17.526520440 -0.623756211 0.680378744 -0.376406187 -0.079569693 0.586335667 -0.071586399 -0.070448667 0.256052317 0.195975360 0.038003253 -1.247389742 -0.402517984 -0.584120629 1.416758424 -0.115598062 -0.905388884 -0.340341757 -0.437886895 -2.689518674 0.009121726 1.416672509 0.060371185 -0.500677565 -0.293991334
4.108581810 21.714478987 11.706851825 0.701631604 -0.397914993 0.117529700 0.579278448 -0.778620492 0.881527333 0.345256795 1.253411041 1.001442634 -0.366040894 1.073613936 0.816553091 -1.234723950 0.363133663 -0.362050948 -0.970731884 0.186636206 0.456612509 -0.454656561 -0.006708738 -1.528201642 1.233533677 -1.000537232 0.214427271
2.880948172 30.606937643 15.523169424 -0.303787793 -0.103067725 -0.395099454 0.860805694 -1.208584104 -0.560844768 1.029796328 1.666530392 -1.652019257 1.409918729 0.311846367 0.518620971 -0.668133863 1.092417959 -0.314876880 0.393784093 0.447956408 1.020002942 0.223730973 -1.823294396 -1.639468322 -1.878360180 -1.694147969 -0.297244562
-9.187219093 21.979057176 11.065566684 -0.022625368 0.548653922 0.792672038 0.264835811 0.421852890 -0.161272447 -1.241296442 -1.259464054 0.025163685 0.159068794 -0.577788890 -1.369121353 0.864964268 0.579152890 -0.620881628 -0.924120410 -0.579002655 0.861291775 1.626873319 0.579909715 -0.316351445 0.572863684 -0.326006912 2.507238652
0.797952094 27.477420692 10.539392344 0.104985161 -0.591790108 -0.740321724 0.301141711 0.655925535 -0.431380003 -1.171910024 0.681347389 1.045356036 -0.324702536 -0.181040242 -0.698997205 2.449615256 2.368947762 0.069395398 -0.390924092 1.834253795 -1.318487056 0.103816674 -0.226648108 -0.105420314 0.361715410 0.107408887 0.626693726
1.051236962 22.024487165 8.739400496 0.396678652 0.394501346 -0.530373330 0.636960647 -1.004988308 -1.430638169 -2.288528549 -1.131001639 -1.802510052 0.714126765 -0.571049330 0.962771220 -0.090005021 0.369217056 -0.854993196 -0.277717116 -0.831231938 1.607001414 -0.743386909 -0.817909984 0.447755359 -1.535434244 1.859390197 0.150569908
-1.807093844 31.264329668 12.463937282 -0.450456034 0.866904943 -0.064001447 0.203639379 1.334301124 -0.001488188 -1.354894769 -2.406096145 -0.786895213 -2.027113697 0.259539444 -1.955347547 -0.696148576 1.264065756 0.344475927 0.575698911 0.667057850 -2.221899079 0.729323816 -0.165424836 -0.178893858 -0.332990988 0.194249368 -0.122238164
-2.035948498 31.507880681 5.409417444 -0.066632400 -0.616638806 -0.593560066 -0.512838332 -1.203279672 1.722349488 0.793540809 -0.574052963 -0.309384513 -2.102726289 -0.837209544 0.063114268 -0.975489032 -1.464179636 -0.593291519 -1.328480459 0.394430102 -0.903880389 -0.318586541 0.563090791 0.822795302 -0.135132452 0.367846566 -0.070704503
-2.089757805 23.479956102 6.756743690 0.897350492 0.126371129 0.401204823 -0.133518244 -2.406443418 -0.427650331 -0.346261577 -0.274419823 -0.675190150 -0.476880753 1.188494175 -2.062665587 -1.209337849 -0.400928489 -0.155291111 0.695688921 -0.361172236 0.422138912 0.163778250 1.230474002 0.451198452 -1.701885804 -0.572535278 0.992405106
-9.622190315 23.987304916 11.329414783 -0.667299099 0.221525436 -0.595424096 0.388726818 -0.456653912 0.274749075 3.160816049 -0.292173677 0.011387286 0.446611739 0.600870097 -0.677615291 0.624436033 0.804420044 1.139397670 3.085323530 1.126442560 0.608483587 -1.130547405 0.358399164 -0.299514990 1.360307556 -0.896066585 1.456436457
-5.577285468 30.057093563 5.233837873 0.184108219 -0.799921329 -0.327269293 -0.468107723 -0.187432134 1.019942146 1.269729823 1.061390389 -0.389595223 -0.352295092 -0.823621403 1.355983123 -1.779351840 -0.929175013 0.283539090 0.140243740 -0.730784630 0.756867966 -0.039167608 0.723241143 -1.610811773 -0.053024517 0.152838326 -0.858725148
-0.492796316 20.877344924 15.301883233 0.043149115 -0.744991222 0.664685085 -0.036331413 0.859126635 -0.014598255 -1.271229353 1.165879866 -1.691379523 0.423947699 -0.561316482 0.162506009 0.681594611 -1.881117029 0.313820524 0.729064015 0.667690335 0.742655317 -0.423069694 1.120620466 -1.777770876 -1.632036606 1.170981801 0.509562035
-4.462332523 33.133839579 16.992206653 -0.208226815 0.209781537 -0.670946669 0.680046960 -1.245430449 1.392358706 0.023809561 0.922363018 -1.371884594 -2.175723202 -0.527279229 0.987837596 -0.771021849 2.234135997 -0.512248903 0.856291526 -0.327213664 0.413172941 -1.200906629 -2.125848614 -0.029628914 -0.351932883 0.997448115 0.146309943
-4.583860299 22.290149942 20.057881185 -0.335751073 -0.006911918 0.697470316 0.633054975 -0.311067739 0.135933109 -1.676455642 -0.150413184 -1.349395328 -1.529802023 -0.480298994 -0.159718098 -2.059658758 -0.922390787 0.674144030 1.438868332 0.114506085 0.001064983 -0.833632309 -0.249177180 -0.203718265 1.440574793 1.336085333 -0.125213510
-5.485472077 20.677822440 11.405958603 -0.321573973 -0.428879847 -0.496559917 -0.682700890 1.141857713 -0.687023741 -0.198999459 -0.176953076 -0.817478316 -1.257744137 -0.421843354 0.607668327 -0.723874907 2.748126196 0.798042895 -1.113963742 -0.041028859 1.904778207 -0.213005165 -0.828157524 1.352578718 0.578995977 0.170239628 -0.424523871
4.024439885 31.640699955 19.260576927 0.611467639 0.150761030 0.593080365 -0.501631457 -0.642647253 0.142188654 0.015596612 -0.941264046 -0.734591567 0.485729931 -2.954384497 -0.393374203 2.740005430 -0.579843399 -0.729936260 0.196634219 -0.252780336 -0.513145247 0.776833120 -0.266089281 1.494241415 -0.810029111 1.279899997 0.039282720
-7.352185510 29.255405595 10.914284618 -0.422280694 -0.664841882 -0.029888159 -0.615443731 -1.595184247 0.235290747 -1.407878876 -0.949487067 -1.296411631 1.122246826 0.522634706 0.815565736 -0.521710243 -0.941346493 -0.295105620 0.282178698 -1.317478339 -0.149016796 0.355278485 0.221608771 1.176133813 -1.514500881 -1.010185297 -1.508987812
-0.781525619 27.453222703 6.359669192 0.202639102 0.472077345 -0.176637861 0.839570986 1.359708652 0.341822508 0.813351519 -1.772305322 -0.546133678 -0.300389761 1.296530465 3.947708580 1.408447981 0.933215657 0.374738211 1.002465819 -0.415994060 -0.491109549 -0.718878337 -0.099139362 0.961958662 0.944519356 -1.400057886 -1.472809012
-9.104249723 24.243328457 9.964117001 0.258146228 0.451288391 -0.409095482 -0.749893459 0.256778791 -0.056671846 -0.605397127 -0.718123429 1.602160341 -0.555058506 -1.097066911 0.368263819 -1.072105616 0.622640976 -0.306441174 0.471910491 -0.866983065 0.966174049 0.676503813 -0.843417192 -0.951835604 -0.653188634 -1.747834409 0.878251615
-7.226824009 28.883406235 10.951532662 0.843233476 -0.416216765 0.131009843 0.313938417 -1.676762093 0.196179844 -0.436676046 -0.944747163 -0.773880334 0.421724880 0.285408371 -0.323130919 0.415684644 0.754527770 1.875458808 0.275177620 -1.151171279 0.727545831 1.275908597 -0.569915700 0.991649809 -0.843117015 0.680798995 0.172023151
2.711434691 28.291925802 17.428388579 0.402321289 -0.496143010 -0.672032206 -0.374636368 -0.965095739 -1.238004012 -1.496033265 -1.718820755 -0.865004187 0.985096046 -0.522370882 -1.284257543 1.394710491 0.944454460 -1.137156107 0.247331590 -0.316756384 -1.466074154 -2.474874158 1.357206245 -1.250425022 -0.053367053 1.435031763 0.553213768
-11.180296285 27.136246171 13.735060178 -0.500522906 0.042657603 -0.801419135 0.324629820 -0.005716190 -0.543911314 -0.574023609 -1.239546155 -0.535109061 0.305787336 -0.082647542 -0.615399808 -2.153019755 0.675204807 -0.432270759 0.776465229 0.382787845 1.383996877 -1.867869248 -1.430476915 1.610652570 -0.490238955 -0.402001366 -1.148646686
-7.548150025 29.977141595 13.795005472 -0.200900724 -0.816081336 0.423348029 0.338270008 0.307677984 0.983144435 1.224503705 1.779583340 -0.274797918 -0.406066818 -1.183370333 -0.003091537 1.053700225 0.326089000 -1.442387973 0.065720550 -1.216445099 1.705633622 -0.268362502 0.126503413 -0.630200797 -0.958034412 -0.218228896 -0.076123532
-3.176600810 17.325364959 13.914416551 -0.090291927 0.457264410 -0.875578885 -0.126957640 0.179601795 0.193110372 0.625119051 0.525125408 -0.840416634 -0.607560920 -1.918818215 -0.458832532 -0.391779317 1.060910315 -0.522675403 1.599326201 0.592572740 0.081274469 -1.046120795 -0.870382199 0.121329191 0.374698219 -1.182681201 1.980703928
-0.907965442 32.187515668 5.672110624 0.326659245 -0.627334149 0.698891643 -0.106282994 0.860861373 -0.283882089 0.410734566 0.360057772 -0.215697804 0.600028735 -0.405139636 0.118162940 -1.642720809 0.256244403 1.086849475 1.555317275 0.124851745 -0.654816860 -0.309233357 -0.668705168 1.708822819 -0.065526177 0.679092957 -0.047313382
0.984165071 29.252109824 21.978740365 0.287707139 0.151619788 0.552937847 -0.767134785 -0.550474178 -0.725429643 0.924545538 -1.585900938 -0.625657261 1.243605137 -0.890420944 -0.611279881 0.230982938 1.037414606 1.564504614 1.274131638 0.194751218 -0.441389400 -0.111911594 0.475344572 -1.107862914 0.937641938 0.289850484 -0.727512888
-6.497342113 30.667088882 16.135803933 -0.201678903 -0.320605861 0.749080071 0.543522353 -1.824223367 -0.063307531 -1.274571243 -2.872001422 -0.426140735 -2.648268670 0.982788648 -0.773306468 -1.070258473 -0.843010660 1.851971478 -1.849004145 0.118166175 -2.059006758 0.882256704 0.531727557 -0.104819540 0.459325653 -1.337491196 0.609953746
2.025742288 28.226377770 7.473219034 0.465849207 0.342484334 0.407139491 0.707054759 1.792442522 -0.109630323 -0.692160820 -1.155075395 0.278054356 -1.371683924 0.434183219 0.633465854 -0.383705375 -0.583352678 -1.046093156 0.686308258 -0.257157831 1.237974402 -0.438769603 -1.485018865 0.644287440 0.180396336 0.441259748 -0.957102510
-11.302713537 28.462562691 10.373376184 0.845216013 -0.216291070 -0.391439166 -0.292580660 0.157697339 0.038215029 0.136378416 -1.128150376 -1.483281921 0.564162521 1.130624933 -0.034609628 0.660159477 0.902882361 1.365862614 0.856689225 -0.871114631 1.070813776 -0.001195814 0.489282493 0.004820476 -0.602030704 0.367953032 0.695324837
-3.469831170 23.136889306 4.605906982 0.438281080 0.027088075 0.650115114 -0.620101822 0.117535988 1.815286269 0.243014716 0.264560262 -0.845790093 0.341266683 -0.904396162 -0.230924733 -0.743915217 -0.526891341 -0.253517565 -2.205486188 0.749841334 2.079742096 -2.195807177 -0.146776842 0.404596548 1.837211470 -1.417230169 0.122949745
-3.712486336 21.307028713 8.466276655 -0.787666382 -0.045285979 0.066813508 0.610791950 0.954610401 -1.874849809 0.665036310 0.333522580 1.606828550 0.009539829 -0.721737636 0.625971805 0.284482046 0.410438340 1.161944341 1.124834513 -0.509217210 -0.061378182 -0.306568921 0.434934714 0.116401713 0.040633629 0.150175419 0.021359043
-6.534719321 27.664019035 11.114070757 0.769914284 0.018919513 0.296341017 -0.564850466 0.753340110 1.988427037 0.731400307 -0.295126344 -2.002133783 1.935578648 -0.570517502 -1.214001134 0.494389787 1.467351456 -0.387422788 0.384672166 -1.082871522 0.059728231 -1.359636311 -1.238357836 -0.763445211 0.264726573 0.232710770 0.293717883
-0.270341557 27.403409461 9.897317694 -0.381714727 -0.882021686 0.146966897 -0.233949446 1.824475914 1.854395998 -0.281998733 0.466719715 -1.580083450 1.637194858 0.420806695 -1.071294258 0.229506342 1.974344649 0.265039034 -3.460908082 0.767062994 -0.853351160 -2.347122041 0.165790475 -0.522125261 -0.087729567 0.180571619 1.043483078
-7.310331905 24.262589509 18.294619412 0.520959499 -0.284305218 0.802438821 0.062158519 -1.576910784 -0.339026791 -0.686127413 0.634438925 -1.266908080 -1.586654534 -0.224823891 1.238037143 -0.573396553 1.099761300 1.875340926 0.836909346 0.499294841 -0.839553668 0.139274127 0.319065835 -1.653870362 1.963199480 -0.192023438 -0.047431546
-5.700815606 28.025052384 20.384917007 0.420479039 -0.840854297 0.301581865 -0.158775968 0.016001264 0.419921212 -0.331053500 -0.217874546 -1.313483938 -0.347896491 0.547413057 -1.483906302 0.197548428 -0.662357122 0.324363546 -0.081952090 0.596340089 -1.336620066 0.450999267 0.866393166 -1.596414011 0.817041730 1.749224732 -0.122090764
-7.398512650 29.664890824 14.277826402 0.263556894 -0.490501758 0.558273176 -0.615042153 -1.848017584 -0.097330874 0.455872130 -0.786931517 0.403655411 -1.257986702 -0.808204004 0.179097596 0.035462949 1.067328152 -0.215770420 -0.315209653 -1.806165029 -1.293141451 -0.823655808 0.277199723 0.139045373 0.169446615 -0.701927514 -0.883093511
3.138029102 24.078491011 11.792512523 0.166492791 -0.091077288 0.135380641 -0.972449053 -1.348203816 1.575136872 0.351830762 1.485058941 2.087295267 2.090137894 1.090474951 1.277505335 1.330865276 2.351419048 0.069360993 0.115045820 1.332799793 -1.348019013 -0.007935696 2.025088645 -0.056824898 -0.974386729 -1.073523299 0.277002735
-4.170609441 30.551466638 7.898812996 -0.752281692 -0.221757193 -0.249617671 -0.567967448 -1.399373702 1.291375116 1.327953502 -0.795391634 -0.881810573 -0.710733454 0.951508925 -1.063391836 -0.426195002 -0.276263942 -0.354962027 1.028394241 1.398242837 1.245346612 0.102897930 -0.449808531 0.576030949 -0.712895530 0.459556883 1.159147369
-3.843899259 32.706284213 10.799506296 0.081236567 0.021016677 0.992042369 0.093866170 0.275553739 -0.319812487 0.681609392 0.435768498 0.353716883 0.726617582 -0.735616546 0.813912103 -0.637790308 2.380835142 0.211159287 -0.967689885 -0.706986164 0.723508068 0.515183963 0.742750509 -1.093629395 0.370871143 -1.285560366 -0.494262033
-4.215457459 29.481968422 6.312798331 -0.424923170 0.285231029 -0.413297334 -0.753172539 -0.462420804 -0.983275290 0.671313074 -1.651523643 -1.058714643 0.657879820 0.335752101 0.177039671 0.639027017 0.191413684 0.962228796 -0.699294834 -1.162613130 0.249982289 1.113217977 0.703453866 -0.248850894 0.020859973 0.120914947 1.937997127
0.455972425 29.787216275 19.022910767 -0.181621150 -0.474907869 0.784348285 0.355350589 0.815750623 -1.262569000 -1.369834156 -0.969584340 -0.090627559 0.494086715 1.276723772 1.295382518 -1.132554493 0.843258207 -0.023308388 1.128451474 -0.179185075 0.801123802 1.247072846 0.018333173 -0.441824154 -1.744330387 0.280530542 0.509909363
3.727211308 31.658252668 19.512369833 0.059807831 -0.967843046 0.239350699 0.049133540 -1.064010084 -0.409029328 -0.372151592 0.492750843 0.065235140 1.660510968 0.263374085 -0.177472054 0.256588324 -0.382231118 0.942055145 -0.593462116 -0.082705625 0.447043397 0.869199681 -0.661380419 0.000205722 1.073293401 -1.391946934 1.347744799
1.690982838 26.842474893 7.807721015 -0.489198700 -0.013364892 0.123386649 -0.863297021 -1.988198797 -0.594650516 1.220386221 -0.369143542 2.168482680 0.555099548 -1.886187655 1.572575870 1.670900332 0.665770612 0.520831605 1.796331698 3.237518065 -0.235630562 -0.207699676 0.514640818 -0.425354113 -0.369282603 1.191384098 -1.000924418
5.813993011 27.577630312 7.524087405 -0.708743808 0.170829243 0.653002999 0.205150351 0.418316058 -0.212987303 0.139271153 1.085451191 0.152136763 -0.330093726 0.159393554 -0.856385065 -1.973670059 1.184460916 -0.774129095 0.410321154 -0.391618073 -0.130963872 0.824290859 -0.655118898 -0.421681411 -0.386883850 -0.941017839 -0.052447698
-4.990407259 27.298993048 17.620149921 -0.095221096 0.133404298 -0.621110466 -0.766392866 -1.068810211 -0.826318113 0.249896348 0.039179242 0.182697918 -1.401097350 0.743970443 1.841360382 -0.669435316 -1.314955181 0.594608036 -1.496555510 -0.783995404 -0.316659925 -0.781844545 -1.483139750 -2.565048626 -0.238362275 -0.797043274 0.915058587
-7.868851505 31.780657370 12.682829419 0.578710480 0.541025339 -0.317202929 -0.521313788 -0.752834450 -0.620053624 0.276310671 0.736962732 -0.042213316 0.165186295 0.920939505 0.522114370 1.473926983 -0.205035790 0.740509186 0.504062239 0.781101645 0.778220698 -1.052598497 0.711904103 -0.260993801 0.555290018 2.182322794 1.449522859
-8.984299244 22.841151367 11.202410830 0.548440278 -0.804937375 0.219739092 -0.054807079 -0.876909668 -0.708394345 -1.658720381 0.018044451 0.056066207 0.744148920 0.597476227 0.892395370 -0.534421277 -0.684509827 -0.768716888 -1.160593539 -0.589299631 0.134597454 -1.710572358 -0.225156108 -0.042709701 0.495375603 0.122207023 0.679623704
-2.804687284 23.105315231 18.771398763 0.008814828 0.993649489 -0.108623387 -0.027999120 -1.026229919 -0.228155622 -0.435620316 1.520408530 -0.701793352 -0.016182906 -0.982917649 0.385633447 -0.551983611 1.599463509 -1.004301715 -1.691579544 -0.884111368 2.182476991 0.354160655 -0.547394570 -0.153540840 -0.073933241 1.603703697 1.763191371
-9.320675761 29.479977077 16.369810862 -0.055905099 0.064757213 0.944483132 0.317226632 -1.193920758 0.185359647 -1.326276259 -0.100102366 -1.089362257 1.027734709 1.438236997 -1.041552400 -0.700174358 0.243626265 1.035652827 -0.064257783 1.363011063 0.810223055 -0.626140912 -0.001263789 -1.566286902 -2.528991053 -0.641825223 0.462637900
-0.967928673 23.599428276 20.888250917 0.389794570 -0.198723410 -0.528876851 0.727226565 -1.960881685 1.372042152 -0.585073259 -1.427521009 0.064755668 -0.694178783 0.809849202 0.014317461 -1.464990919 -1.592496386 -0.758482776 0.744336859 -1.244793900 0.913108740 1.269963126 0.589803318 -1.660965804 -0.023053481 0.026740137 0.848216489
4.847006403 24.926595585 20.040352677 0.526895674 -0.446318682 0.665632831 0.283043313 -0.266241707 0.317345371 -1.217633258 0.736443287 1.479178427 -1.652708563 -1.125684240 0.059170870 -2.263525829 1.543575262 1.153824724 -0.375827023 -1.506934695 2.223233794 -1.645180790 -0.617395270 -0.560552973 -1.286520174 -1.169867637 -0.444774271
-1.642850653 25.296186207 15.703781062 -0.428511018 0.237668163 -0.772545740 -0.403813363 -1.671313812 -0.776276905 1.210614637 0.444944809 -0.011973353 0.689668085 -0.576698690 -1.265554380 -0.710521174 -1.519789166 0.474282345 -0.623590761 -0.683104756 0.618457481 0.011862971 0.187459737 0.866816498 -0.136809163 0.732189897 -0.386965435
-7.629248813 21.946592185 13.309336637 -0.202923107 -0.387410338 -0.898784099 0.030374103 -0.122522511 -0.720544241 0.708934121 0.742532110 0.030351743 -0.795268074 0.724288183 -0.558836560 0.917628079 1.621711068 -0.138079961 1.771189306 1.197909291 0.129194998 -3.313548370 -0.208287730 -0.190389309 0.497489498 -1.127022680 0.331664976
0.608650637 24.173155812 7.173598805 -0.274433030 0.343620361 -0.819338953 0.367825013 0.257737439 0.318283823 0.598437674 -0.293926713 0.813125719 -0.712395634 0.154599989 0.317417272 1.055730829 -1.864210297 0.003541190 0.238165825 -1.356345899 -1.077278703 0.567505748 -0.367959591 0.124731534 0.057165780 2.229243674 0.269560494
-7.388608397 19.753373420 15.383256054 -0.430746174 0.714037735 0.286676656 -0.471618852 0.786643885 2.058005076 0.131693340 0.907165652 -0.842535897 -1.304660379 -0.602492934 0.099626185 0.416220252 1.498979113 -1.854929391 -1.581240459 -0.158179618 0.418652448 0.336636173 1.097696009 -1.333347394 0.073359726 0.847003218 0.615378278
-2.017593168 25.331735615 10.062483738 -0.107611352 -0.099719952 -0.503550971 0.851417728 -1.319875842 -0.357227234 -0.425475406 -0.481059765 0.074719593 -0.634794562 -0.214363105 -0.371245993 -0.252515106 -0.287134551 -1.080605218 -0.325447856 0.097365172 -0.338457166 -0.636570672 -2.098837142 -0.877093573 0.037590887 -0.136496436 0.628412779
0.994651258 33.854403515 14.756217418 -0.500371372 0.281316657 0.584470034 -0.573484270 -1.289965508 0.625267304 -1.969881982 -0.185939402 -1.190220978 0.463571747 1.435786164 1.061960541 3.254124297 0.634463851 -0.536753898 1.044381275 0.521726532 0.576226154 -0.308401995 -0.455742074 -1.370686337 0.259251100 0.405443900 0.027976648
-9.134391682 30.838156156 8.755504505 0.846464484 0.175949342 -0.013279224 -0.502357810 -0.687691077 -0.240172779 -1.015734086 -0.238213787 0.117032523 1.266804961 0.962497364 0.945830247 1.466139228 -0.361522273 -0.858990781 0.942963153 0.753099417 -1.257250550 1.553607883 -0.186953449 -1.738362561 0.569287543 2.882234668 0.847656590
4.344400811 21.328469431 9.896579075 0.260711698 -0.553393207 0.582276277 0.535480818 -0.200252692 0.664927482 0.206405853 -1.137427899 1.501053541 -0.770677458 0.159882699 -1.088458689 1.041874497 -0.390574752 0.308830110 1.693802072 -0.261900792 -0.775544326 0.210011172 -1.406169572 0.119804782 -1.049878513 0.651446490 -0.933469329
-6.827676494 31.667383703 16.419034352 -0.952683767 -0.010646631 -0.157416755 -0.259808111 -0.752400555 1.495226868 -1.146896709 1.057287053 -0.068215327 1.194335115 -0.768843406 0.453580048 -1.498746762 -1.618531174 1.322486448 0.169808021 0.393026817 1.424527558 1.051850944 0.270923843 0.097698419 0.097961873 -0.284115146 -0.828908544
-5.279080201 19.937161461 13.028802714 -0.726836654 0.216164592 0.238206667 0.606826937 -1.368672665 -1.052917047 -0.298032665 0.635530886 0.058099193 0.871315218 -0.745268332 -0.442587089 0.429997189 -0.940546286 0.053769570 -0.372067840 -0.332144803 -0.496859922 0.875896565 1.225467009 1.342274853 0.783422556 -2.166689916 -1.356439380
-8.556469510 33.341430738 12.522639072 0.817150828 0.210727260 -0.354279000 -0.402920508 1.835735818 1.894708564 -0.324786916 0.609493904 -1.022853878 1.108517437 -0.733024750 0.799511320 0.227727495 0.106880749 -0.138134282 2.525094046 -1.252263599 -0.603994000 -0.482458684 1.392939723 -0.509214401 1.804575987 -0.387529163 -0.089097467
-8.064447183 27.446022423 11.671406888 -0.202865084 0.348873747 -0.793632884 0.455279818 0.002859722 -0.789080712 0.061010350 -0.158539160 0.883545979 -1.171115089 0.471393011 -0.694295186 -0.500982485 0.385094417 1.194877493 -0.113821353 -1.005093822 0.670559983 1.786481811 0.527732874 0.279454925 -0.635951495 0.566854190 1.432956685
-2.239166950 18.847785823 8.463068558 -0.252565648 -0.863967723 0.053457607 0.432333957 -0.842776729 -1.069323285 -0.670282574 -0.690113633 0.273494133 0.138761328 0.025170350 2.084511122 0.910658903 1.842838773 -2.037164297 -1.489555837 0.469455349 -1.461081472 2.824298337 0.237949783 -0.081776428 1.035102717 -0.337306809 -0.295445858
-9.515274949 23.840437201 10.159356309 -0.116308311 0.989160471 -0.084022716 0.031210947 0.641385018 0.254805271 -0.567080363 -1.726715789 -0.507741508 -0.260725518 0.120700606 -1.126914130 0.913139927 0.056005870 -0.679677551 -0.059041580 -0.161166054 -0.673989338 0.910263184 1.070913605 0.302926411 -1.022646903 1.012413113 -1.634884383
1.817042374 20.186689619 19.339739585 -0.268714034 -0.498525030 0.749600610 0.342585008 -2.244116423 -0.637300427 0.094045815 0.596614515 0.044762588 1.757376359 0.073982616 1.912668176 -1.777007875 -1.051003766 -0.827328691 1.259288793 -0.060927962 0.994946558 1.374570396 0.214215743 -1.253656828 0.666428935 -1.859948879 -0.846264682
-4.460870680 25.615889494 13.452834431 -0.389810469 0.687208857 0.544176656 -0.282247324 -1.063210329 0.089438440 -0.181857493 -0.633170567 -0.297469728 -1.182171440 1.476321569 -0.033616435 -0.203645504 -0.258925465 -1.142816681 0.083919769 -0.348884951 0.192771776 1.858269735 -0.436850292 -0.049521445 -0.737623548 -0.453801999 -1.642505188
-2.695011607 31.339087841 5.859771534 -0.450657883 -0.884164124 0.053654907 0.110826107 1.145495972 -0.153939982 0.170887620 0.620365530 -0.995554441 0.801995302 0.756947656 -1.508039903 0.021652103 0.889173986 0.865535982 -0.108514626 1.423480684 1.567438681 -0.214323529 0.594541062 -0.452575988 2.035571410 0.144093255 0.388217308
5.951974840 23.455161826 13.959375993 0.011642412 0.820545573 0.556794018 -0.128646172 -1.550397941 -0.380591553 -0.321116645 -0.224561708 -0.117173507 0.670112255 -0.520848886 0.392496341 0.964272744 0.717719085 0.986038253 -1.129772484 0.242353998 -0.590257249 0.414005337 0.086636808 0.657776498 0.332653112 1.398334046 0.334462143
-1.317467842 18.751173788 12.545536043 -0.635999354 -0.422649411 -0.462684883 0.450327655 -1.349612017 -0.835355292 -0.692615445 0.644406345 -0.327168519 0.259707614 -0.373107965 -0.672895644 -0.538358770 -0.467667226 -1.291872141 -0.413524799 1.561087210 -0.375626285 0.673771085 0.318735170 0.528618129 -0.090431085 0.832381569 1.313653192
0.610591338 18.786617603 17.062594794 0.857454091 -0.002858751 -0.344059382 0.382606130 1.916055931 -0.572197369 -0.377047921 -1.278076572 2.065555638 -1.556028747 1.007899032 -0.653266997 1.264458303 1.232217833 -1.617632297 0.714592681 -1.852813073 -1.566401155 0.157412889 -1.294411491 0.940784195 -1.490805990 0.433800333 0.245789430
0.723649474 24.688308190 15.834081025 0.573282536 0.603602929 0.145039499 -0.534765539 -0.471973215 0.047310091 -0.559207384 0.986943453 0.218027526 -0.701616087 0.773822659 -1.787849322 2.065198467 0.290973076 0.689043004 -1.009323251 0.237657093 1.532435152 0.243205551 0.452522899 -0.343024753 1.177542189 0.053988776 -0.454628756
1.180435142 25.205822321 7.211852975 -0.774469085 0.381936388 0.500313759 -0.063311727 0.308188386 -0.874632934 0.292088563 0.367602927 -0.298621431 -0.913447884 -0.118466968 0.967718459 0.332111732 1.550584299 -1.013858103 -0.357582618 1.245567346 -0.175839647 0.199446696 0.534475645 0.221502732 -1.010981185 -1.128382016 0.570818974
-3.916256744 28.685779912 16.555452907 -0.668311177 -0.158844461 0.720314125 0.096312868 -0.554799243 1.040350484 1.249860577 0.678410936 0.199809773 -0.224595132 -2.114182873 -1.568862340 0.531055199 -0.740753303 -0.455712297 -0.375365179 0.667030956 0.089667371 -0.389606557 -1.116401688 0.052391162 -0.753739769 1.347924634 -0.380019274
6.232168932 30.283481383 16.360462015 -0.012455231 -0.174986889 -0.550686620 0.816069055 -1.058270219 0.504151098 -0.379672838 -0.505591564 -1.427799286 -0.993917583 -1.298005233 0.715805465 -0.476283673 0.330589894 0.895436296 0.280866123 1.132655038 1.695752030 1.371408008 1.066003507 -1.723403255 -1.369620255 -0.024698751 -0.058709701
-2.772055117 32.811819642 19.779409299 0.590030785 0.239038376 0.689382271 -0.345653601 0.323290589 1.729475103 -2.448806318 -0.839050368 -0.289192688 0.424026187 0.527535251 0.297306785 -0.929537150 -0.302768461 0.515114514 0.250173706 0.873057678 1.557623355 1.997201884 -0.848811919 -0.255436883 -0.597571609 0.231435910 -1.160197655
-5.335084990 21.401567902 9.063738427 0.244402880 0.189201819 0.317387142 -0.896512859 0.005207027 -0.051187359 1.185346339 -0.850648468 0.931894237 -0.364554260 -0.114516427 1.702313227 -0.617551780 2.590461144 0.150716342 -0.006534004 -0.370276717 -0.452732351 1.710516917 2.141774799 -0.076477151 0.755731440 0.637347242 -2.566585183
5.639248794 31.344147258 10.678314673 0.887768980 -0.087597025 -0.375960245 -0.250692826 0.869610360 0.685317025 -0.630245877 -1.175345543 -0.924701414 -0.059004567 0.393063152 -0.035320810 0.139161536 0.091325261 1.642630138 -1.286071489 -0.774550988 -0.294191760 -1.543108457 0.739413873 1.026845500 0.095897079 0.651381657 -0.486605164
5.816082258 29.565594487 9.198676817 -0.193282675 -0.597127533 -0.455109740 0.631629355 1.946199563 -0.570076748 -0.685473200 -0.911792719 0.068540608 -0.595642022 0.453056371 0.451113819 0.701712122 0.737085893 -0.967593811 1.258196472 2.093239963 0.046481975 0.313861228 0.529048905 0.029793624 0.083798391 1.151251304 0.707068013
-5.085778197 22.513160527 17.873087322 0.192261627 -0.401436103 0.855699949 -0.263935825 -0.102347549 -1.574693123 -0.479291297 -0.965688046 1.026699852 1.244062765 0.562803237 0.112717771 -0.702384257 -0.039284363 -0.456527258 -1.731652670 0.975227687 0.451922384 -0.503540644 0.091112706 -0.686336350 -0.541352119 -0.716182860 -1.700290914
-8.315671354 32.421588193 10.120072048 -0.255407147 0.466999109 0.588127624 -0.608921110 -2.200767929 -0.604514775 -0.690299804 1.706025224 2.082624117 1.045610558 1.430278165 -0.462118721 1.280326554 -0.275720785 -0.027734187 -0.130330877 0.019925764 0.197579539 -0.234608731 0.338988173 -0.510499069 0.709856660 0.677788130 0.197930196
-3.881239429 26.662273881 6.404204479 0.483608321 0.668264904 -0.355834794 -0.439234117 2.133470064 -0.773094435 0.951592709 -0.883056450 -1.101902783 1.696804551 -0.031053680 -0.858528539 -0.258164596 -0.531554526 -1.669127696 0.564046563 -1.662344539 0.474880743 0.669538988 0.627371273 0.003682506 0.914159746 -1.110348115 0.235097065
-6.946530143 34.788949863 14.983418697 0.374856911 0.401671831 -0.383116183 0.742538906 -0.733559563 0.509238505 2.319953980 -0.603545190 1.070788807 0.931918199 -0.503407183 -1.907205806 0.354231080 -0.259505369 0.514468372 -0.785601088 -2.669096706 -0.650197706 -0.189540104 0.336117265 0.113736938 1.603481328 -0.320047756 -0.091584626
2.461744888 24.649157145 14.713656823 0.039481165 -0.266322723 0.940731375 -0.206247241 -0.876276961 0.147308918 -1.385680692 0.888176190 -0.134785606 1.002651397 -1.094974229 -1.229737417 1.285500342 -0.720656723 -0.952802877 0.639870064 -0.058194125 0.966928991 -0.448175476 1.248424912 0.808238161 -0.250940581 0.355713809 -1.705058300
2.730909853 21.786947829 19.266601189 0.548352095 -0.174630698 0.773941675 -0.264250605 0.258022398 0.419005621 0.115682928 -1.452597744 -0.654970140 -0.698032876 0.827862616 -0.148308319 -0.374607375 -0.964214465 -1.301944131 -0.147882236 0.434676377 1.326992370 0.650543420 0.653172475 0.309414094 -0.376737506 -1.054132251 0.501019633
-6.614908022 30.311203086 14.060560077 0.397505201 0.578375923 -0.011314857 -0.712280058 2.216356373 2.501566134 0.709502533 1.293848077 -0.341990207 -0.353081316 0.802757581 1.437199196 -2.409124080 1.441905204 0.249481417 0.028760041 -0.111290473 1.154722256 1.098535563 1.251689792 1.574921183 -0.824096756 0.596097780 -0.138009302
4.143650060 28.894853572 16.100972731 -0.079896970 -0.690405812 0.520800189 -0.495705005 1.058099930 -1.765957640 0.393708255 -0.307909675 -1.196612768 1.191112180 -0.223376362 -1.540884782 -1.560796168 0.284034720 0.961907500 0.545656315 -0.290551370 1.140031976 -1.625846170 -0.067997149 0.456071796 -0.018559840 -0.656306204 1.895310383
2.333846890 35.653438527 13.401748752 0.688654127 -0.169414523 -0.705018843 0.001625785 0.346538201 -0.073841127 -0.056852588 -1.296600465 0.106477064 0.427909356 -0.278028073 2.637680582 0.204059275 -0.401019946 0.059646578 -0.901473241 -1.010124241 0.673568704 -0.096491593 -0.299839691 0.653604523 -1.492451334 2.100844000 -2.273269698
-7.326974009 22.372924603 9.420838764 0.321363776 0.882088924 0.327807711 0.105766530 -0.484543687 -1.345493092 1.078309069 -0.151281694 -0.144512884 -1.025496773 0.167254726 -0.096907126 -0.188982113 -1.467616368 -0.765318805 -0.803977708 0.916070041 0.402138282 -1.474360288 0.545876322 1.115656597 0.206277067 -0.370257812 1.548212217
0.478228054 25.534652755 6.373309450 -0.382817638 -0.471458612 0.787123717 0.107766816 1.578941190 0.289052095 -0.594796801 -0.569738280 -0.571204919 1.777181016 -1.321794880 0.411313881 0.201517900 -1.889421788 -1.702570181 0.306622812 -0.039493842 0.983926042 -0.216879418 -0.694837059 -0.373929052 -0.201831935 0.300994544 0.315462500
-2.152415569 19.810531907 17.105754142 -0.750687937 0.583173899 -0.035779073 0.308375879 -1.848358285 1.019586478 -0.957847064 -0.211018656 -0.908453976 0.307275271 -1.470300629 1.925728332 -0.963926823 -0.008799903 0.048433575 -0.203802059 2.103263286 -0.355013047 -0.590681297 -0.528941941 1.126641565 1.974027742 -0.616386558 0.664640251
-6.324799841 22.253113371 6.441588967 -0.477315624 0.659130609 -0.546656537 -0.197188403 0.139740480 -1.951669801 -1.201764849 0.241816397 -0.727718802 -1.072089040 0.381672479 0.291807911 2.189867493 -0.080552240 -1.285410321 -2.239572893 -0.814354625 -0.436346781 -0.241016616 -1.389290816 -0.604134542 1.696431742 0.446622859 -0.291542471
3.989572580 29.348510375 7.078960795 -0.544082000 0.289902408 -0.729669957 0.295826174 -0.809996790 -1.208678691 0.848538907 0.264108098 1.161334976 0.530457138 0.884213539 0.404659537 -0.062334547 1.137543153 0.303584093 -0.093264348 -0.461094863 -1.703555211 1.585224746 1.042105734 0.864722878 -0.798368552 0.266699574 1.180052552
-6.633425937 30.994636318 12.292805388 -0.158997298 0.369294959 0.908413316 0.114570241 -1.216284107 -0.760024024 0.802795184 -1.259898777 -0.668234176 -0.788541364 -0.720351316 0.371990914 1.014018866 -0.688197984 0.302095605 -0.307674977 0.167377668 0.937418574 0.541355510 0.816350882 1.018917834 0.818760099 0.951776334 0.363687333
-2.623047088 25.405684732 18.916350837 -0.071092568 0.160313969 0.961972596 -0.209413471 0.707690346 0.827805239 0.128605492 0.902100355 0.921011202 0.819231843 -0.271698872 -0.153604756 -0.010429588 0.340784919 -0.661898436 0.020259067 -0.578496937 -1.749532976 0.517582395 -1.317936618 -0.410985438 0.275196973 -0.228555306 -0.888831152
-1.709787707 31.151972665 10.676188552 0.680027803 -0.488639051 0.059037388 -0.543423086 -1.661535787 -0.481335309 0.076936649 -1.929874208 -0.882001196 0.472691561 -2.563306846 1.456509645 0.211353368 -0.534989693 1.523027288 -1.456120089 0.864306876 0.889975386 -2.860869989 0.796194495 -0.254607017 0.595071910 -0.900697683 0.717417824
-0.832156186 23.883300783 6.714118092 0.459993398 -0.191099911 -0.791285742 0.354617783 0.536199595 0.563792977 0.574139687 -0.776075399 -0.269047119 0.857672519 -0.293722727 -0.318478854 0.335590311 2.888469716 -0.254285130 0.318753480 0.965897834 0.322751682 -0.425119796 0.138978476 -0.110877474 0.361742374 0.718003206 2.021991259
-3.217111436 29.602992754 21.544309922 -0.390628157 -0.000912459 0.894326008 -0.218150869 1.330067044 0.458125026 1.047116811 -0.316798264 -0.512028660 -0.129273271 2.015455685 0.475506662 -1.330271073 -0.224014807 -0.377374681 -0.416810009 0.035089079 0.268134392 0.878291348 -0.014562031 -1.804426787 0.350335002 0.176425545 2.306859607
-7.603571973 33.596436805 17.467217428 -0.649169790 0.185760296 -0.028698799 0.737053645 -0.023287038 1.438272389 1.481997699 0.383519260 1.033726776 1.895647018 0.453313829 2.675856375 -0.206844324 0.168707252 0.573757838 1.274115890 -0.615492218 0.040568799 -2.089330816 -1.260178012 -0.101081360 -2.145058329 1.198021346 -1.344139937
-4.167505726 19.068718172 10.994563446 0.231457955 -0.510324836 -0.746438744 0.358921968 0.378478446 -0.435825786 0.915184590 -0.552343049 -0.954523113 1.045960237 -2.061879975 -2.357759211 -0.082727520 0.109959030 -1.195955372 0.308935002 -0.309929118 -0.685773040 0.091492503 -0.041183001 -0.421077450 -2.188324939 -0.996657287 0.673617694
1.937609658 22.979921176 19.518351081 0.749640275 0.076154009 -0.656057070 0.042768506 -1.506499525 -1.659607267 0.372584341 0.567339018 -0.282189431 0.008479623 -0.457940603 -0.670120595 -0.435352998 3.170841719 -1.045171239 0.209918301 -0.668756119 -1.334540615 -1.228925967 -0.031834439 1.380529898 0.934289510 -1.384902700 -1.562523704
-1.593924685 32.117295433 12.715124660 0.515345622 -0.400951286 -0.751240748 0.096406920 -0.047306998 -1.373400272 -1.118333096 0.932470329 0.661303358 0.323388800 -0.477769206 0.419460744 -0.204763661 -0.474953651 0.207571247 -0.281710077 0.802582792 0.755905344 -0.798436916 -0.605781052 -0.353441531 -1.242716678 0.587753021 1.629933870
-4.588354844 23.537935468 9.881881617 -0.056490202 -0.313859377 0.553331101 -0.769497135 0.294053608 0.047004719 -0.654859112 -0.958815577 0.816006472 1.363047527 -0.639053744 0.195456302 -1.377892602 -0.153831167 0.110623112 0.904462475 -1.288769419 -0.114075799 -1.393274428 0.932475253 -1.373493899 -0.357807066 0.216644068 0.594676397
3.479024986 31.156803324 14.752538935 0.301975838 -0.148032531 -0.218376058 -0.916083435 0.784695670 -0.341071510 0.438582132 -0.062965499 -1.925390750 -0.144953073 0.221536457 -0.664190492 -0.464647794 0.561877130 0.611251508 1.161258802 -1.008931713 0.217338802 -0.145027984 0.290627021 1.358369517 -0.355187703 0.552960055 -0.320175976
0.834625923 23.558925733 10.382563049 -0.299788286 0.347894096 -0.824790610 -0.329874416 -0.752732710 0.751176183 -0.024873940 1.480377573 -0.840671180 -0.256765999 2.301407932 -0.985670678 0.262364549 0.302770029 -0.653401523 1.766394279 -1.276212633 -0.163804338 -0.938139869 0.167074782 -0.100891234 -0.475151263 0.423535770 1.965056487
4.754839396 26.568179768 11.339521753 -0.081626100 0.636535559 -0.350198735 -0.682290634 -0.292764050 0.736994932 -0.589418142 -1.561936221 -0.559260728 -0.658150880 -2.072735797 -1.024331801 -1.102355358 -0.289955067 -0.630325350 -0.504457243 0.622420410 -0.032514392 -1.921492221 -0.207046797 -0.158066223 0.153556656 -0.609722745 -1.536853562
-10.073193785 26.995069450 19.251474324 0.555192361 -0.048476337 0.772680258 0.303935364 0.380379910 1.374618426 -0.083082173 0.191246073 -1.702305226 -2.038763446 -0.498572745 -0.272264592 0.569261388 1.734351087 -0.608036736 1.548583799 -0.577405511 1.424869491 0.392360479 -1.571002996 -0.053549071 0.737492779 0.080325989 0.403259858
-0.103135971 18.575667751 12.002956448 -0.286150702 -0.380069531 -0.031664271 -0.879012117 -0.705953480 -0.040653733 0.082196999 -0.364182927 1.436963472 -3.066155015 0.972760605 -0.159011525 -0.237109344 0.927591314 2.101880027 -1.246053402 0.139101637 -0.874933583 0.051281846 -0.663569933 -0.098197008 0.246370218 0.923815855 1.659869004
-7.239186412 24.855699652 21.311378898 -0.335047618 -0.881473300 0.307511250 0.127219279 -0.397691804 0.247333610 -1.695303545 -1.509982415 -0.823845866 -1.267098721 -0.171820151 0.522811213 -0.460944399 -1.060450639 0.854100437 -2.077378314 -0.424349174 0.381130958 1.323332437 -2.052774883 0.307641058 -1.332954200 1.824890648 0.675045885
-9.795296023 31.806418989 12.255304203 0.366465360 0.213181360 -0.247595667 0.871179220 0.108000557 0.002899601 -0.382006762 1.594222884 2.753773866 0.107926183 1.176761568 0.923348058 0.629338601 -0.255512241 -0.119875283 0.225553676 1.176774423 0.161120751 2.237917350 -1.023078869 0.340002583 1.691184929 -0.614998809 0.697957852
-1.128128422 25.119766134 15.375166916 0.501343727 0.007596104 0.627493559 0.595691699 0.635797647 -1.118613919 -1.709303017 0.979949579 0.284162121 -0.457918907 1.510352143 -0.670765793 1.027488856 0.676020066 0.320927915 0.669338127 -0.848645522 -0.632304463 -0.448599264 -0.495124797 -0.147958880 0.811363022 -1.234455329 2.502320882
-10.819555441 26.552780511 15.363364770 0.071573151 -0.100607554 0.956783983 0.263286562 -1.156315152 0.476024981 -0.637314895 0.007594009 0.044603989 0.677926515 -2.286703764 0.104056657 1.711644698 -1.887409752 -0.047222278 0.985017703 -0.500484158 -0.506745888 -0.013153949 -0.413654908 -1.289884251 0.055849910 -0.220733576 0.274006705
1.977311312 28.410106573 9.370019512 -0.295279655 -0.092452361 -0.862884192 0.399616513 0.857964580 2.170788527 -1.170623013 0.750290834 0.507787708 1.860634196 -0.864685473 0.448543362 1.804873566 -0.414864654 -0.659426407 -1.664826508 0.522354172 1.785899930 0.232539502 -1.218546835 -1.335688411 0.650731584 -0.874244374 -0.347416097
-3.418128911 27.348411027 20.115301578 -0.365909778 -0.145818811 -0.915846527 0.077923339 0.189990263 0.623429403 -0.623990915 -1.169993398 0.439511625 -1.202691258 -0.784402825 -0.777164846 -0.236413943 1.015395778 -0.196333259 0.411734672 0.199248972 -0.188597446 -0.382865783 -1.012576020 -1.371707758 -0.581390089 -0.945340324 0.782741899
1.649320964 29.884156589 10.278917280 -0.115954026 -0.622680686 -0.686056081 0.357981118 -0.018893007 0.420385760 -1.097065344 -1.779604924 1.812815809 1.341982010 -0.131091020 0.919042140 -1.114877158 0.510437812 -0.947339990 0.309009239 -1.206265124 -0.346944408 -0.463253382 0.816095091 1.264370055 -0.622712107 0.585709292 -0.928808642
2.977194500 24.456934859 12.125124795 -0.294615204 -0.671727110 0.314173411 -0.602726837 -0.024388251 0.394815817 -0.176171067 0.105484854 -1.822435711 -1.330497111 -0.618579922 0.430377420 -2.549750971 2.109343743 -1.034156468 -0.850248963 1.616334402 -0.838767541 0.734456663 1.111920697 0.777140762 0.929232388 2.386467155 -0.120003286
-4.408597862 32.495238379 18.001278550 0.751323572 0.408074396 -0.453840463 -0.251031893 0.864397777 0.040201671 -0.772567354 0.513575861 1.773897350 -0.605474061 0.504234256 0.562870769 0.732718737 0.928646755 -0.888376946 -1.539173641 -1.068566842 0.865406460 0.138571418 -0.574377936 -2.075853326 -1.731466982 0.960821347 -0.801114782
-6.761539294 30.465929196 8.180068162 0.856994648 -0.076453229 -0.471894077 -0.192434553 -1.009572691 0.337512788 -0.373651793 1.069557675 -1.434557392 -2.040090926 0.518109366 1.052056731 0.445007816 -0.369950658 -1.294148545 1.485690708 -0.905003903 -0.361903138 1.840732240 -1.006480060 -0.519930445 0.717978029 -0.382114363 -0.081547966
0.468788713 24.012063703 14.373245473 -0.159633025 0.090115586 -0.537823273 0.822886752 -0.120101739 1.414623521 0.661382028 -0.429144109 1.570206909 -0.209145860 0.490797082 -0.045553120 1.014345805 -0.754683693 -0.271078032 1.138992289 0.980738484 0.011135100 0.192261676 -0.338594711 -1.091094670 0.188088822 0.751938329 1.693031345
-7.940790876 24.535861786 17.045325316 0.154380662 -0.856569813 0.055778946 -0.489227427 -0.863994940 -1.447865204 -0.973443116 1.716262619 0.834331409 -0.403284940 0.007169946 2.611635190 1.421403886 1.598975931 -0.217779624 -0.230181808 -2.242947120 1.653834038 2.091949357 1.158256123 0.987302087 0.912566946 0.314272153 1.774686991
-5.231614512 23.437980976 19.124535430 0.628783147 0.221658123 0.242415318 -0.704793760 0.165615156 1.017688281 -0.894466269 0.068659600 1.300521097 0.349525409 -0.387750052 -0.395327889 -0.017807963 -0.792397451 -0.964548504 -0.467006210 0.960256287 -0.321557391 0.970662972 0.850615061 1.109146329 1.284133105 1.196217711 0.506024374
-1.088554302 22.740986868 21.012668011 -0.469672598 -0.775265316 0.218413677 -0.361478638 1.223741341 0.094560447 -0.781211556 0.338994755 0.240903532 1.162933968 1.591257151 0.641499738 2.916659651 -1.009335207 0.140226608 -0.187494969 -0.007755427 0.017254268 -1.935305807 -0.604121981 -0.265331499 -0.109009276 1.497807462 -1.387964608
2.062868899 31.155504182 7.942003615 0.522491868 0.248530203 -0.576155641 0.577303788 1.677837204 -0.778265345 0.089706775 -0.384604305 -0.730800330 -0.506665434 1.316932731 -1.348541671 -0.140973790 0.350893838 -1.119514867 2.238842453 1.233387642 0.987564381 1.034516617 -1.218850316 1.917554128 1.006505212 1.291146773 -0.657196848
-7.734706147 28.966208868 15.679426592 0.522379171 0.488639310 0.271919718 0.643747849 -0.654570808 0.801596611 0.634807493 -0.756477989 1.372436020 -1.654711431 -1.767587841 -1.336053387 -0.081479113 -1.493354397 0.362820619 0.729865005 -0.372007464 -1.030279277 0.941329642 0.897398836 0.336890301 -2.445108507 0.114554179 -0.578770703
1.114780697 32.110523006 18.672250957 -0.140206955 0.162850492 0.057060512 0.974969653 0.275057095 -1.541798258 -1.478169603 0.132002537 0.280664456 2.373822062 1.506399170 0.100500025 0.668865072 0.376011556 1.465191012 1.738931917 -1.822130173 0.685210757 1.362399282 -0.784033348 -2.391971176 0.810838494 1.215457802 0.660809488
2.822550621 28.326848590 16.100159500 -0.062807445 0.380306470 0.898387521 0.210528088 -1.581379589 1.937683069 0.003641845 0.137603883 0.308435452 -0.310013042 -0.712068612 -2.070196382 -0.120528666 -0.013125225 -0.353467225 1.006961626 -1.194529312 -0.080006276 -0.401053694 -1.427238205 0.169824045 0.340156887 -0.460989354 -0.404357679
-9.452020481 28.050581099 9.759227521 0.306243676 -0.185944659 0.394322889 0.846255785 -0.434820214 -0.908079402 -0.123377149 1.197606019 -1.167575498 -0.176780367 -0.413944577 -0.251243320 -0.644534748 0.643306388 0.042647024 -1.936661274 -0.658139497 0.236657347 -0.734128015 -1.800370310 0.467602300 -1.289429967 0.732051894 -0.430001360
-2.727144305 21.365340610 9.513183134 -0.515756272 -0.461127828 0.089797460 0.716444702 1.126451580 -1.235435275 -0.113139578 1.533391363 -1.184645746 0.496946353 0.789561587 0.034622407 0.712659706 -0.831364898 0.229964933 0.632791547 -0.537157798 -0.450128010 -0.798637225 1.271058676 0.367880918 1.940117297 0.696629146 -1.128411448
-5.637089899 35.206635539 12.996093888 0.582481359 -0.674635963 -0.306245890 0.334357949 0.619363584 -1.200619774 0.490682895 -1.439733347 -0.444517994 0.197387828 0.475511254 0.429799728 -0.997311536 1.038558161 -0.346003589 0.426152285 -1.487638206 -0.626451947 -1.987597217 -0.428297189 0.952830534 -0.468858455 -0.526118915 -1.048239988
0.092387812 20.620520118 13.928084306 0.041903507 -0.081229910 0.854925714 0.510634724 0.210850418 -0.250169967 -2.645350454 1.892559061 0.278476123 0.955481381 -0.448956451 -0.833029185 -0.620416665 -0.357107635 -1.340625503 1.309566677 0.888052134 -0.708146694 -0.201100642 -1.271983668 -0.043240537 0.310655239 -1.915774070 0.504435429
-8.793372187 29.519920148 18.025533402 0.419530336 0.282250057 -0.726371967 0.465524401 -0.485460585 -1.573876263 -0.149303329 -0.818154748 0.037866574 1.649117431 0.419440168 0.276253600 -0.704692162 -1.354467501 -0.919840542 1.135573479 -0.920804492 0.172818091 1.539514546 0.352793904 -0.496902172 -1.013672433 0.170297817 1.666249128
-3.082986893 19.055631142 7.830375355 0.165078459 0.083141441 0.291907323 0.938417134 -0.349124015 0.102991912 1.667139900 0.560530920 -0.778624672 -0.428257927 -0.361528538 0.404509081 -1.955937306 0.546483197 1.097581428 1.498833984 2.219770229 -1.701887504 0.479819948 1.065385023 -0.483467514 -0.554410000 2.496221652 -1.086904067
-7.164109690 30.545869944 10.976075388 -0.854259773 0.427701362 -0.252751460 0.153063663 -0.612824611 0.230869645 0.817228144 1.478591738 -0.381084827 0.106657013 -1.464705742 0.500933567 -0.117050845 -0.166162508 1.398775478 -1.149248886 0.351615020 1.126266991 0.271846886 -1.127761159 -0.314333472 -1.359530768 -0.029669743 -1.185891306
5.807944659 24.547431047 15.712808279 0.515679545 -0.800245527 -0.074527705 -0.296862468 -0.443897874 0.202420523 -0.481829284 -0.254035531 -0.442170433 -0.985294755 0.427305754 0.242567853 -0.236670219 0.151395197 -0.287666583 -1.630747799 0.160093401 1.805699299 0.761762843 1.229292068 -0.372751922 -0.412278519 0.426872059 -1.140890378
0.946731344 21.455646563 13.976688327 -0.406156688 0.095573245 -0.476484006 -0.773864001 0.530578408 0.450160548 1.366081929 0.204367991 0.764064873 -0.914424508 0.144518922 1.323238229 -0.689406199 -1.546249669 1.463755717 0.435878191 -0.920369819 -0.902774312 -0.462613194 1.200726708 -1.381356303 1.007819337 -0.783551353 0.289643269
5.762032058 22.374660832 13.963767653 -0.119482588 -0.444578385 -0.853677176 -0.243534903 -0.170753742 0.137730857 1.660876613 0.864541534 0.073378822 0.349568336 0.771021221 -0.266384398 0.543432232 -0.070789158 -1.839163465 -1.292022475 -0.527699499 -1.662810876 -1.649344530 1.899527858 -1.750022332 0.658124256 0.260152592 1.698836716
-3.618144287 32.160368462 11.360311334 0.669140845 -0.520714376 -0.179728092 -0.498803450 -0.243205560 0.282401918 -0.650437582 0.893626667 0.656419718 0.287649131 -0.376900928 0.061009169 0.222533020 -0.117289230 -1.953719854 0.290626211 0.503079191 0.877320167 -0.494525224 -0.462010270 -0.797941827 -2.376194037 1.586606706 0.207809168
-1.824440974 28.777594075 10.955795127 -0.169043411 -0.630662645 0.314046086 -0.689248874 1.125550025 -0.597583941 0.424954990 1.332585008 1.216062862 -0.108726393 -0.664480317 -0.543314638 -0.014474343 1.260911223 0.462653979 0.421451407 0.712191886 -0.527558867 3.665677392 -0.429181173 -0.666090182 -0.153765319 0.731575065 -0.616296982
-8.822398689 27.881446256 12.931005487 0.387945213 -0.080421885 -0.331273251 -0.856322875 1.094885003 1.487393160 -1.060740963 -1.513275678 -1.119851249 0.938029477 -1.157543832 -0.331483774 0.348003537 0.275709036 -1.768913103 -0.925815896 -1.110478506 -0.846466224 -0.062588725 -1.873423186 -0.589262444 -1.986885880 -1.822375888 1.213675212
-2.739368220 25.306408813 14.824776085 0.056463680 -0.449633659 0.771151182 0.447177012 0.778609990 1.281986412 1.503654931 -0.314569079 0.696456522 0.440625645 0.955092073 -0.316865660 -1.892102161 0.323068574 0.227441008 -0.646282343 -0.223125939 0.710228250 0.685327024 -1.486901421 0.997738223 -0.205705739 0.148769481 1.689062223
-7.471484048 31.197638483 15.448119347 -0.307750320 0.045544720 -0.903735273 0.294071379 0.302449739 -0.035036429 -0.379616490 -0.048941257 0.193568343 -1.073533016 -0.224477122 0.754802246 -1.276002471 2.063418381 -0.271132420 0.764352173 -1.313031293 -0.605404605 -0.184805006 0.589717404 0.537301419 1.234270466 -0.299597722 1.073981715
6.394215450 27.105764341 9.786931088 -0.467885684 0.128010501 -0.621803990 0.614862664 -0.096630797 -0.160689591 0.793682815 -0.042729353 -0.026540062 -1.961910646 1.429444414 0.443498876 -0.470683343 0.649072737 -0.533468491 -0.438475924 -1.777626469 -0.837426045 -0.669489824 -2.130378991 0.115159370 1.465990891 0.309627956 -0.355170292
-1.978705558 24.189763036 5.317964108 0.158127098 -0.414376926 0.660468574 -0.605862070 0.340203733 -0.065912904 -1.012611260 0.896782111 -0.679407783 -1.114844572 0.338202864 -0.240375367 -0.401442496 1.284787603 1.862010402 3.552465826 -1.530624606 -0.059972574 -1.579591770 -0.785651474 -0.347059577 0.944117874 0.240391705 -0.002433903
-4.098381709 18.315361147 13.872866646 -0.149805432 0.674680750 -0.383695453 -0.612488381 2.561038286 -0.696574660 0.354050759 -0.280202273 0.947508036 0.264192533 -1.121557322 -0.094805779 0.697214555 -1.123934164 -0.057870123 0.848073492 -0.530930610 1.673987417 0.381137689 -1.405685680 -0.815812893 -0.406378919 0.600384384 -0.010660214
1.491001773 31.320099074 11.697027288 0.117385630 0.529306409 -0.840049007 -0.019313337 1.843152402 0.650904181 -0.572333877 -1.466851628 0.364775941 0.602873627 -0.431749531 -0.130665573 -1.241706844 0.479787025 0.316730657 1.087318337 0.629772932 -1.280090274 -0.804876864 0.111646109 -1.597299401 0.511128228 1.333009289 -0.430265638
-2.891428920 32.885233173 7.265720318 -0.444452803 0.198142122 -0.198554749 -0.850751090 -0.531394748 0.032901153 -0.738986197 1.402213414 0.707086656 -1.520163574 0.821729112 -1.393369715 -0.221596000 -0.228243801 0.679212045 0.999673677 -0.541076950 0.938222083 0.132263703 0.446181847 0.679844069 -0.940533597 0.086788320 0.318540692
0.507631518 33.769005901 18.124880443 0.616923572 -0.095008803 -0.046006169 0.779911575 -0.091968294 -1.170256886 1.448754905 0.183614167 1.010687700 0.287833479 0.480116019 -0.001203445 -0.648578829 1.152689675 0.797913883 1.157152494 -0.954737182 -0.595619712 0.230891076 0.261464979 0.148516389 -0.925216967 -0.600016822 -0.365533996
-5.881848843 25.539295894 19.951749520 -0.054849562 -0.940628645 -0.319200836 0.101587915 1.239493097 -0.340104794 -0.505697442 -1.175134255 -1.417108106 0.244125318 0.904984596 0.753596406 -0.269405078 0.704377386 -0.874147467 -2.639001248 0.408720452 0.276241510 -0.125785209 -0.479201851 0.647873493 0.723999252 0.089745586 -1.305938124
-0.796387702 32.911837955 15.055104354 0.169116090 -0.800301542 0.004363044 -0.575237477 -0.504050537 -0.179169143 0.819825636 -0.658552611 -0.386723562 -0.790033889 -1.200695067 -0.167184035 -0.173727959 1.001435719 0.200765466 -1.626377331 -0.566734965 0.431144470 -0.246151220 0.904792785 0.959931421 -0.819934331 0.229719678 -1.026532647
-1.286329091 21.990693932 21.182286817 0.024916968 0.524238254 0.824778781 -0.210459879 0.467618580 0.928699269 -0.239917504 -0.534612171 0.077492133 1.364231580 0.119164629 0.122698914 2.521080875 -1.901970286 -0.149144474 -0.204612141 -1.380080017 0.111668185 -0.872605615 0.195751262 1.248910642 -1.299483636 1.412235652 -1.850317576
0.227459873 35.164072230 14.801344865 -0.391725486 -0.177736189 0.104630683 0.896667949 -0.492896770 -0.841979804 0.506476144 0.840114892 -0.325120122 1.874475871 -0.037103068 -1.025339554 1.338990366 -0.507223427 0.186678896 0.206878991 0.186982667 -1.026043525 -0.512518106 2.057146719 -1.953147537 -0.782212272 0.095131167 -0.539922576
-3.321384987 31.824463969 6.043737912 0.081025508 -0.384464419 0.820745086 -0.414728202 -0.050822873 0.764635931 -1.085429539 1.790443519 1.367527949 -0.927039946 0.672045905 0.303628631 -0.905480018 -0.725810395 0.029618005 0.029489297 2.024292161 0.495714294 1.456421823 -0.420635472 0.550342073 -0.485896161 -1.301686213 1.986508706
-1.253958655 31.335124169 20.778684716 -0.353289619 0.728397984 0.106343669 0.577333392 1.013295109 1.894097282 0.774691459 -0.261637497 -0.398234529 -0.309312939 0.083155530 -0.172997462 0.055531704 0.701921262 -0.854473813 0.908343488 -0.346015710 1.107032431 2.489561155 -0.095603432 1.100095054 0.558715259 -0.702314906 -0.070103579
4.283418849 21.868958605 18.016912013 -0.369472752 0.922672918 -0.096042311 0.054225886 -0.883563382 -0.222225025 0.755720151 0.036087642 0.426280387 0.037878509 -1.707097298 0.259849046 1.042343927 -0.158759249 0.905170893 0.340750107 0.709060602 0.033243556 -0.324508545 -0.000166209 -0.296613908 -0.612282317 -1.184770129 0.562998124
4.988904181 30.038780991 13.413304852 -0.679936732 -0.365680295 -0.069204652 0.631802721 -1.455916353 -0.487223162 1.002645610 0.779910105 0.401510789 0.126988954 0.446276049 -0.282745771 -1.195643039 -0.313686560 -1.240908812 -0.142850726 2.305075013 -3.380239584 0.430594437 0.510014546 -0.233210298 -0.315002734 -0.565123311 0.281712574
-8.061711502 33.550302556 14.116117172 0.375319427 0.512080423 -0.674257564 -0.377207776 -0.700587821 1.033789172 -0.618182065 -1.736674158 0.340849155 -0.501470002 0.005708343 -1.729081700 -0.398210943 1.903796019 0.303275093 -1.195193120 0.961178320 0.190451540 0.808681465 0.141283568 1.331722511 -1.145019938 -0.943350679 0.573444450
-5.045234428 26.910237962 17.912255050 -0.907567522 0.056269922 -0.416112255 0.002340975 0.326187585 -0.370766029 -0.032818657 0.512188721 0.362893119 -0.486386772 -1.467581511 -1.164854846 0.840027485 -1.676234858 -1.755561861 0.015301816 0.043176766 2.224342594 -0.203441754 -1.053805742 0.168527792 0.519500423 -0.938265235 -0.997824496
0.561482043 32.259536148 20.558404679 0.316919421 0.588359015 0.216464530 0.711715432 -0.443557684 -0.672719221 -0.411044625 -1.264355187 -0.670414146 1.252885252 -0.011407490 -0.100590556 -0.135520271 -0.898398087 -1.274927399 -0.339520088 -0.585926052 -0.322206834 0.941984118 -0.948856130 -2.190806014 -0.841414006 2.289812174 1.238254516
-7.080547588 22.258445722 16.729430643 0.026489065 0.679712869 0.659597489 0.319718466 -1.748100523 0.055413590 1.724850103 0.891727381 -0.989946851 -0.748998637 -0.625604114 0.099532014 0.460610261 -1.054002798 0.655300141 -1.798576318 2.013757329 -0.993178735 0.118213117 -0.216395745 -0.459142715 -0.524341065 0.719591947 -0.021809616
2.417970901 32.861548641 17.463613031 0.795406095 0.212949287 -0.366886634 -0.432869430 0.967530885 0.638623324 -0.941605251 1.231792232 -1.538222184 0.847938841 -0.629091180 -0.936310928 -0.784639381 1.530996179 -1.179690025 -0.526523374 0.907422846 0.773787792 0.239051735 0.545059845 -1.467348557 -0.051985062 -0.102617028 -0.241427559
1.170668074 31.611523808 9.708777090 -0.487589090 0.689248852 0.007986348 0.535844304 0.913142031 0.521299336 1.168865194 -0.320409655 -0.802085382 0.072267060 -1.936231955 0.924181188 -0.822951798 0.935333374 0.446693260 -0.385651941 -1.013599114 0.952002868 0.621208825 -0.671182472 1.135032351 0.493602223 0.386577641 0.065371803
-9.304023963 33.257373034 11.043441153 -0.440447139 0.797296481 0.276979813 0.305952320 0.803332805 -0.197635698 -0.449431210 1.986981733 2.049563134 -0.926852898 1.070936579 0.051385815 -0.174034312 0.039386881 1.717980577 0.673281159 -0.518676076 -2.610515948 -0.376948557 0.031171091 1.083138708 1.176306767 -1.211970952 0.235471654
0.892750249 32.587072821 13.159218793 -0.187820709 0.655103798 -0.270650418 0.679934370 -0.469368855 -0.144795128 -0.852887878 -0.120422682 -1.361983529 0.824943747 1.165350134 -0.430307712 -0.823600686 0.549098785 0.275849262 -0.178893524 -1.954775588 -0.621467489 -1.168387329 0.218434728 -1.470233753 0.323426675 0.132759494 0.263457309
-7.199499283 31.977140296 8.747631049 0.069981017 0.691252642 -0.624772884 -0.356274173 1.312956911 -0.221033605 -0.144336502 0.763906896 -1.182526430 -0.113965731 -2.153351659 -0.249004379 -0.298569115 -1.011292022 1.077168110 0.422382859 0.507039529 0.847727476 -1.230374836 1.560370089 -0.711959247 0.333657311 -1.277966912 -1.378436492
-1.805805212 20.797938293 11.177118251 -0.121860029 0.482405223 -0.396818627 -0.771343186 -0.118968966 -0.195094584 1.059476392 0.248384840 0.701118360 -0.208118234 0.930550171 -1.226602640 -1.325557159 0.086752683 1.199128082 0.167021227 -1.001910792 -1.048582321 0.230755694 1.234740255 -0.367503911 -1.321202077 1.275396872 -0.586498007
-1.073848785 21.992844552 11.646706227 -0.362560713 0.864305673 0.347677836 0.025407787 -0.599151509 0.572087062 -2.274330259 -2.175675820 0.737743482 1.216784795 -0.643469221 -0.249859943 1.755632926 0.396586285 -1.392314768 -0.934396240 0.650453171 -1.121338761 0.727278599 0.498814715 -0.896658564 -0.023213198 0.165254897 0.872562590
5.430314643 30.254108650 17.137316458 0.354464883 -0.417904640 -0.562540926 0.619078400 0.602112075 0.101351322 0.366368908 1.263479313 -1.006248253 0.864524938 -1.274144464 -0.777774035 -0.002827674 -0.842316530 -1.324482418 0.320688887 1.551236724 0.040815111 1.968680139 -1.223364251 1.063594198 -0.612182158 0.322215776 1.360472872
2.927158861 24.131000638 10.852348898 0.574563494 -0.185966873 0.676769040 -0.421042491 -0.459845240 -0.665000564 -0.839175834 -0.914883354 -1.179639235 -0.384113323 -0.937369928 0.280683725 0.329312874 -0.921651130 -0.795774532 1.244137576 -0.867363954 1.448819612 -0.546163733 0.931657349 -0.146092837 -0.410921426 0.696430609 -0.568743645
-5.181937508 22.778324041 6.700009074 0.381882628 0.819770563 -0.419540544 -0.078279085 -1.332151681 -1.272280736 -0.329242635 0.820921892 0.476660367 1.242193537 0.173767408 -0.126030282 -0.319857619 -0.815893908 0.563278962 0.277616826 -0.937698316 0.131145359 -0.328038018 -0.454614368 -1.074088382 1.412334934 0.423644688 0.550625090
-9.360094641 26.482063862 14.441450033 0.824841615 0.387716979 -0.288063550 -0.293821791 0.996275789 1.014844664 -0.975909934 -0.153090988 -1.818776540 -0.705707828 -0.471889529 0.290828231 0.073819216 0.632183931 0.593139322 0.616339002 -1.193147792 1.222214950 -1.364489357 -0.547433835 1.264427822 1.615836336 -0.758304858 -1.001557543
