-24.308302055 -9.451854365 33.775691570 0.070022303 -0.650625098 0.046426612 -0.754737324 0.300575127 -1.036303424 0.665062553 1.392740719 0.235972780 -0.134915642 0.417645998 -0.838227159 1.184542230 1.424523763 -1.646442205 0.598997026 1.116637090 -0.748382463 -1.507713091 -0.792429317 0.642835221 -1.161757129 -1.593592995 -2.231812070
-20.087346675 -23.294789454 29.538151610 -0.827006057 -0.367180819 0.424982983 -0.025073725 -1.767329521 0.498786247 0.837161022 -0.241473144 -0.211992112 1.064344217 1.356242574 0.789485480 0.391855440 0.463168656 -0.088311791 -1.226784563 1.761334660 0.383785576 -0.140536328 1.980599518 -0.985759518 -0.591122063 0.517268859 -0.505695154
-27.095346815 -20.644227110 28.685392778 -0.560918588 0.105355702 -0.815150378 0.098996839 0.235793843 1.316001804 0.001886983 1.322803900 0.547972635 0.086721656 -0.252372246 1.573331755 -1.367969289 -1.105918844 -0.644254553 0.620146922 -0.353434593 1.209444186 -0.623001366 1.598721717 0.329830904 0.051948696 0.906487222 -0.639503545
-23.310046939 -17.503343169 26.115550657 0.522582973 -0.678433912 0.103543796 0.505878589 2.633651582 -0.802515513 -0.244741049 0.745179426 -0.778369352 1.524292165 1.009495282 -2.341793402 -1.274292392 0.469918521 0.445679082 -0.639693931 -0.261620224 -0.386927125 -0.090086453 -0.084315338 -0.661435263 -0.525754257 -0.011407701 -1.753165956
-15.279246509 -13.006569215 42.012864744 0.164144344 0.123480369 0.247848223 0.946773727 -1.468433578 0.332368248 -0.368547848 0.213378005 -0.036783978 -1.814413897 -0.212103141 -1.346120285 1.111150443 -1.176990149 0.151573804 -0.642735436 -0.036025901 0.323337590 -0.342433182 -0.253303419 -1.304047159 1.188559354 0.461195949 3.342936109
-19.063698636 -17.630605792 27.566534370 0.313778417 0.360909949 0.635429013 -0.606231872 1.048749229 0.104702367 -0.163770457 1.412178320 0.843661435 -0.221668228 0.309671928 1.552482690 0.518967256 -0.555775871 -1.769537218 1.029358957 0.301965031 -0.453893233 -0.545341699 -0.150928445 0.573889300 1.256127579 -2.195340682 -1.747674695
-23.851835907 -18.026404240 35.843041429 0.363352915 0.060879686 0.918422343 0.144113575 0.538167706 -1.363990825 -1.267731470 0.616748903 0.812858688 0.677276785 0.808505886 -1.355439199 -1.251936702 -1.796411323 0.237908792 -0.142218643 -0.992156977 1.056548652 0.490110708 -0.035820610 0.565012730 -1.411278273 -0.302675262 -0.329705450
-15.659425064 -11.962296435 31.487901932 -0.344880160 0.541622092 -0.372693718 0.669927293 1.332755889 -1.522236656 1.315559120 0.318703928 -1.029288307 -0.497874714 -0.992893073 0.194824753 0.705277240 0.796805728 -1.186072782 0.254549954 -1.647291666 -0.909123539 -0.368124770 1.225612190 -0.202212560 -0.766636280 -1.540181261 0.362711309
-19.897244965 -12.492256189 37.115720042 0.213245491 -0.042914507 -0.892250945 -0.395693007 -0.198342504 0.207972896 0.486497905 -0.041422386 -0.146809184 -0.629178096 0.262403907 0.011377689 2.920782639 0.132682751 -0.120458250 0.414066501 -0.520223735 0.113330266 -0.975820348 -2.406646049 -1.061842967 0.437117946 -1.679621845 0.861237735
-17.747436745 -10.951410919 29.532841148 0.051680947 -0.460062946 -0.795916141 -0.390113653 -1.221183585 -0.634938139 0.458592065 0.994163667 -0.265322999 0.844195558 -0.234487203 0.035189066 0.089865012 -1.738704390 -0.186061794 -0.671747584 1.958117501 0.599269033 -0.253143795 -1.243322760 0.461659665 -0.037486945 -0.245439495 1.771801866
-20.103578889 -21.307919625 31.004024285 -0.752781343 0.135029836 -0.275192413 0.582542985 1.084045809 0.965321750 -0.315314552 0.511057957 0.136735938 0.230985851 -0.029253122 0.911964133 -0.054481149 1.023775566 0.132942476 1.293692094 -0.325438749 -0.778747047 1.055820158 -1.356016269 2.263700940 0.380994036 1.532077065 0.273306943
-22.340258146 -22.732092332 38.875314675 0.980480089 -0.027283896 0.193601915 -0.020801043 -0.974627722 0.787681261 -0.490481816 -0.137108675 -0.609529980 -0.925324269 1.154332735 1.132345853 -1.736787748 -0.582645376 0.741052711 -0.220684729 0.493787798 -0.784955701 0.314051903 0.428297596 -0.609685189 -0.037498136 -0.004542226 1.526281007
-15.829879024 -10.455434120 32.415565860 0.055174781 -0.957754978 0.245215296 -0.139751940 2.266023057 1.257215459 0.264262770 -0.470695845 -0.707088064 -0.896117370 -0.338313049 0.468602143 1.634330211 0.268355184 -0.579811504 -0.379160209 -0.044135022 -0.220746798 0.586423336 -0.296753093 0.108029341 -0.487652909 1.579867229 -0.504377864
-14.519587644 -15.091730492 31.242509827 -0.291447018 0.391749995 0.738821083 0.464471727 -1.163475972 0.466188406 0.255915278 0.438195185 0.384920460 -0.211856273 -1.321228661 1.067518194 0.798007719 1.979517686 0.269923980 0.866604024 1.349350891 -0.243198438 -1.609985774 -2.128414153 -1.516998440 0.374961335 -0.007726847 -0.480442214
-26.700075318 -16.758664032 26.683357828 0.765363861 0.627803817 -0.136987528 0.036262172 -0.165089108 -0.355527462 0.641199890 -0.835642097 -0.014048903 1.162138411 1.363965082 -0.363341553 -0.844452042 -0.083571912 2.521183989 0.454864757 0.756680070 0.173707483 1.573669676 0.413900628 -0.101154586 -0.091000313 1.425999488 0.696661029
-18.799379113 -21.950528354 35.639691387 0.778581290 -0.418746380 -0.160786792 0.438873846 0.553635739 1.092170452 0.081816558 1.629074397 0.699932954 -0.272901066 -0.554932058 -2.247992971 -1.347358530 0.234007682 -2.853865566 -0.213313301 -1.259457656 -2.307122370 -1.623197861 2.083540471 0.255309964 0.353680185 0.839091189 0.657286808
-20.551037020 -8.885156727 35.081540320 -0.298369686 0.888164511 -0.141836728 0.319408319 -1.205483372 0.275639774 0.211489048 -1.585647660 0.734399022 0.095756504 0.840403493 1.186276164 -0.665683320 -0.553798867 -0.317266481 -1.440054454 0.039443956 2.967171683 -0.032792250 -0.059049310 0.743038837 -0.796318807 -1.312588403 0.480767190
-20.602126567 -14.612914953 37.487551214 -0.496809647 -0.392713049 0.204780094 -0.746338897 0.435267906 -1.023033318 0.443454070 -0.154090114 0.943401817 0.072402830 0.760000470 -0.610327010 -1.565157924 -3.097751709 0.249821981 -0.580748031 0.590827051 -0.030619214 0.238682302 -1.396683849 0.830505984 0.094215145 -0.438767110 0.134385816
-16.989693872 -10.236077210 40.696266895 0.659912000 -0.314250315 -0.282345790 -0.621324189 0.055159291 -0.050609337 -0.065240235 -0.149613352 -1.073784746 1.863208141 1.554406944 0.129881968 0.590996140 1.164577209 0.607810089 0.413457198 -0.407202077 -0.542491376 0.715923825 0.457563404 -0.666508118 0.695976385 -0.204989631 -1.420338541
-23.071238401 -10.355845618 35.696377167 0.538344117 -0.028891898 -0.012416275 -0.842138175 1.551905230 0.453523659 0.707392094 -0.232130370 0.128916730 -0.139073656 -1.161073385 -0.859261216 -0.315104407 -0.229088581 -0.179535592 -0.531675490 -0.127717271 -0.485753304 0.895682017 -1.105942121 1.008237527 0.537052119 0.174653719 -0.929017945
-24.101677290 -10.721172525 33.927233180 -0.709822855 0.603603118 0.196084769 -0.305557775 0.046579321 1.742190273 0.438634879 -0.085341384 0.999571509 -0.542064853 0.513784358 0.655779030 -0.837542683 -1.869319896 0.518686059 -1.029107525 -0.594467400 1.157788749 0.006247837 -0.377422286 0.637643439 1.195147812 -0.923892426 0.245537805
-12.195145613 -13.925629940 35.089433416 -0.132586117 -0.175457637 -0.973503441 -0.062662498 -0.282020752 1.049009741 1.453339850 0.610904713 -1.105309150 1.044011181 0.092524696 -0.389883155 -1.077271776 -0.082333464 0.727321983 0.211709247 -1.614450687 0.840311088 -0.978407610 -0.840376497 -0.188036589 0.089324477 0.623118717 -0.409987533
-17.000276988 -7.750906398 30.464055956 0.648897135 0.267856607 -0.401863079 0.587955280 -1.330676259 0.400428256 -0.546231749 1.310314737 0.356409492 -1.623637250 0.499984923 -0.044709912 -0.434642931 1.798188997 -0.131039011 0.354610090 0.329701245 1.758016645 1.575047513 1.376104236 -0.946098416 0.051129019 0.031210258 0.102354442
-19.045275362 -14.785056690 32.297217436 0.641518567 0.349212400 -0.327895761 -0.599156906 0.340227745 -1.738772497 0.574939719 -0.055702077 0.804496308 -0.325688632 -0.570891460 -1.122746872 0.327406294 0.733209357 -1.850228932 -0.248743001 -0.648595641 -0.477466163 1.008583671 -0.912700369 1.806467229 -1.885022826 1.865335225 0.667297778
-15.904024736 -9.791385232 32.504283899 -0.467073136 0.293887447 0.381524829 -0.741560287 -1.774894052 1.166619079 1.457075292 1.696655631 1.828503136 -0.025308058 0.694971135 -0.082078266 1.560575369 1.810108512 0.209757381 -0.804222680 -0.777388386 -1.014488433 -0.402066119 -0.894130655 -0.987951136 2.607526787 -0.525213474 0.292262051
-12.669684122 -17.429802859 33.826692205 0.244774911 -0.483810771 0.808232848 -0.229721668 0.072868760 -1.305689963 0.985809419 -2.741347955 0.647903240 1.363731879 1.552107559 -0.357761222 -0.876125556 0.202304900 0.346741160 -0.518691588 0.069263789 0.575531021 0.019218877 1.684338019 1.539550638 2.054706451 -0.547501248 0.995097919
-26.622156429 -15.974738270 29.352815133 -0.928466642 0.067394131 0.300759849 -0.207246807 3.052954736 -1.062320801 -1.108851046 2.189217038 -0.203730418 0.920986625 0.215341023 0.028825169 -0.179373646 -0.712810483 -1.031574648 1.525167187 -1.261355224 -0.363424808 0.088018283 -0.522753522 0.596487534 1.240077673 1.109569006 1.103623417
-21.647640496 -15.574728420 30.207652586 -0.322750264 -0.470050171 -0.352276563 0.742149801 0.893693120 -1.357659177 0.433704405 -1.599248153 -0.372598898 0.008973227 -0.763051658 -1.775752620 0.003031035 -1.180666547 -1.699161742 0.065248470 0.449837229 1.277519269 1.193461079 2.139148811 -0.099272681 -0.806091877 -1.168493384 -1.065936113
-12.903675153 -17.201555821 38.520863631 0.727199719 -0.618857497 -0.261294151 -0.141142954 0.780127577 1.732262849 -2.843215765 -0.943317916 0.832883267 1.904415091 -0.641071936 0.374192492 -1.571983785 -1.559204973 0.622205617 0.255260148 -0.476683141 1.468762224 -2.182706964 1.598280320 -0.266278638 -1.150965073 0.055432023 0.423541866
-23.963601760 -13.539063098 31.594101036 -0.968544042 0.160617796 0.183332532 0.050135273 -0.073889660 0.775393526 0.464214939 -0.603324339 0.750269322 -0.868066039 -0.173896126 1.064798696 -0.949548028 0.115316862 -1.301453575 1.081796126 0.681294324 -0.756839006 -1.480432894 1.302876132 -1.325559843 -0.063905678 0.333214914 1.121005870
-17.074297701 -15.758612572 30.155392329 0.446476041 0.804188549 -0.104470388 -0.378187599 -0.854560330 0.530273315 1.279048912 -0.363306573 -0.743730575 -0.406540362 -0.117866374 -0.579332435 0.947862557 0.261196661 -0.703879169 -0.056132208 -0.351821105 -0.997279575 -2.568530513 -1.111521937 0.073584155 -0.007799565 0.401792737 0.846793143
-25.609545518 -10.630847832 41.338705305 0.770566222 0.236942768 0.027188292 0.591055513 -0.592515686 0.923351855 -1.055300048 1.140808825 1.293512896 0.651391080 -1.052076318 -0.633157685 -0.153899177 2.038554748 -0.633837058 -0.325578351 -0.254397220 1.383653762 0.820289190 0.260403801 1.750433954 0.425231357 0.749392276 -0.596779115
-24.525122574 -12.183555173 38.109342520 0.175529541 -0.912120648 -0.236505511 -0.285114796 -1.236546587 -0.562050941 0.469284145 -1.772633823 -0.037891256 0.244376883 0.147966190 -0.368492090 -0.855880381 2.241499854 1.632824593 1.051596486 0.477730320 -1.111172771 -1.957530324 -0.968937395 -1.374188594 -0.836339409 2.664589236 0.907272910
-23.634572365 -7.296180057 30.259568686 -0.121470911 -0.620484027 -0.258008255 0.730531403 0.276453165 -0.153893439 0.120604899 1.547131241 1.409911087 -0.076393521 -1.452586262 -0.307995443 0.055315765 -1.045236017 1.279492183 0.430983057 0.301136685 -0.810446335 1.137553528 0.894340075 0.651930114 -1.331830795 2.174110383 0.601460725
-12.525704014 -15.122679741 35.603332633 0.312942079 -0.352291219 -0.768906297 -0.432135694 0.902893826 -1.065709922 0.170556777 -1.285251731 -1.676076378 -1.036065571 0.651169158 -0.783441189 0.245828780 1.426983056 0.512414477 -0.110926241 -0.659074153 -2.140918522 -0.690488577 0.117643793 -0.121194808 0.182552599 -1.714931741 1.372422672
-24.783243811 -14.372913014 32.315045353 0.252069553 -0.268855664 0.689760559 0.623223831 0.128434290 1.309089769 0.946780658 1.454673453 -0.007509270 -0.583389832 1.115664329 0.429334844 -0.836658746 -0.451420095 0.246358784 0.244369637 -0.883673399 0.644555205 1.585927297 -1.582719727 -1.711851054 1.546774242 -1.045392626 2.139622916
-15.306954465 -22.328501496 32.333658653 -0.482990501 0.520635026 -0.098490600 -0.697107558 -0.790588190 -1.443993907 -0.080557736 1.132342361 -0.643165701 -0.982086108 0.592475802 -1.711753754 0.034677218 -1.439526633 -0.075634296 -2.132860592 0.794004628 1.033527781 -0.490726659 2.012614298 -0.079030984 0.278253899 -0.013030622 0.926905708
-16.805449888 -15.092062278 41.773721028 -0.275999941 0.370559604 -0.777387494 -0.426823496 -0.976547546 -0.893375543 0.166607290 0.113736052 0.753499537 -0.494131028 0.674545144 1.594090054 -1.145289077 1.318795664 -0.441921998 -1.581023073 0.157169313 0.676452711 1.285957813 0.517346863 0.585826905 1.203221529 0.389736145 2.052030044
-21.149007273 -15.440576869 38.372119666 -0.397253333 -0.532188483 -0.264817702 0.699168644 -1.674355712 -0.741010065 -0.425985623 1.125835519 0.495946462 1.059956438 -0.891993560 -0.443726690 1.457711737 -2.195068104 0.165968010 0.549583792 1.675417907 -1.082469555 0.885821187 -0.585435033 0.374677031 0.956643245 0.293954625 -0.333622878
-14.147841959 -9.367539325 36.533024365 0.734452023 -0.230972231 0.134607769 -0.623789069 0.459323078 0.325470909 2.304265792 2.021490090 1.955077547 -1.810354162 -1.610732608 -0.541725334 -0.212020665 0.577669623 0.180206403 -0.637218416 0.733901627 -0.952339119 -0.678147308 1.458325059 1.208238128 -0.210979314 1.100980352 -0.441620071
-22.248331347 -6.331853122 36.968857722 -0.547661183 0.826649502 0.129261925 -0.003030426 -1.113583179 0.622863613 -0.796609795 0.458184524 -0.117663519 0.053740948 1.536818202 -0.283986816 1.396891951 1.166491832 -0.615706881 0.667150198 -1.375064436 1.729084851 1.740252235 0.252604996 -0.593813101 -1.248517527 -0.679876083 -1.271384697
-24.965142414 -21.930222840 39.773326865 0.314933418 -0.257825117 -0.834245081 0.371992334 0.734700861 -0.115002394 1.260017720 -0.359465412 -0.968163180 0.814980754 -1.604983085 0.252940193 -1.945654315 0.178369388 0.761460983 -0.486344613 -0.554717134 -1.325667249 1.273018997 -0.173729513 2.082914686 0.344722368 -0.412024185 0.749183158
-23.535493737 -16.536439155 38.972750038 0.124984251 -0.251917715 -0.223552765 0.933241964 1.258403420 1.456182601 2.430531039 -1.637088409 0.035724373 -0.266362642 1.140287552 -0.541805408 1.691147920 -1.395922945 0.014064994 2.001929499 0.158085989 -0.914634556 0.741260747 0.772868194 1.617926896 0.417294386 -0.032206548 -0.153595365
-28.600396467 -20.243899848 33.442643597 0.919340460 -0.003678519 0.004742253 0.393417207 -1.244830939 -0.731382405 0.852555066 0.498639566 1.033401814 -0.345141742 -1.465690185 0.273882092 -0.933714074 -0.241410116 0.506460309 -0.159099898 0.166943903 0.452280792 -0.669468024 0.087993099 0.528410356 1.745253069 -1.393938137 -0.546954576
-24.882890903 -16.198549555 37.766643215 0.570417432 -0.169703677 -0.417358789 0.686757786 -0.674933164 -0.061795746 -0.864198331 -1.492698640 0.957956533 1.464694271 1.433570159 0.677346965 -1.028925429 -0.838579161 0.259315004 1.398005041 -0.357666729 0.750458614 -0.045094157 0.981942783 1.037741966 -1.464211305 -0.225942749 0.718478442
-17.101778067 -23.240061116 32.515103452 -0.194303721 0.841058227 0.055795469 0.501750922 1.501402324 -0.629038230 0.594430071 0.398191385 -0.046624975 -0.237990712 0.767588189 -0.985426724 0.108789559 -1.643618854 1.048601018 -0.115069215 0.076604091 0.476847428 0.494194504 0.967308391 0.830325116 1.321290142 -1.193534335 -0.769818889
-26.053996037 -16.439232545 30.531324580 -0.535379118 -0.333638367 -0.621100474 0.465068641 1.849706394 -0.997311011 -0.037807714 -0.784683152 -1.209605175 0.055284411 -0.289967660 0.002502347 0.054828906 -0.291733668 0.692578397 -0.425298791 1.679419508 -0.115293939 0.023336950 0.414394005 0.364918083 1.026658458 1.639570139 -0.013475118
-25.374664215 -22.681045344 36.690783347 0.705987675 -0.337537386 -0.372212785 -0.499106761 -0.685040460 0.775082507 -0.119418256 -0.984159510 -2.647901784 -0.226198638 0.060411794 -1.015103228 -1.742285305 -0.279970878 -1.420788513 0.717935959 -0.495909264 0.371738106 -1.289891150 1.298136477 3.208415985 -0.027375447 0.881081790 0.892394760
-16.332758612 -17.243286490 37.081582540 -0.649939145 0.309451442 0.283912203 0.633413588 -1.795334766 1.854840329 -1.535458122 -1.314885357 -0.072402632 0.361184739 -0.972480560 0.952795854 -0.745514573 0.847319371 -1.726107135 -0.970422859 -1.281577556 0.227224439 1.437657903 -0.128161622 -1.155361097 0.080639793 -0.745684405 -0.291122683
-18.474137055 -13.583770849 30.599599226 -0.301553572 0.797348020 0.505498073 -0.133316452 -1.021429825 -0.113408499 0.816157475 -0.923211751 0.301231888 0.829041844 0.261577657 0.370393681 0.184679312 1.622717017 -1.732253967 0.297162660 -0.210706235 1.633371868 1.627698434 1.617173441 1.285103854 0.348887891 1.106040951 -0.112284770
-14.936924514 -11.277050381 31.016565082 0.610141112 -0.661250117 0.105003960 0.423615716 0.296676905 -0.056336107 -0.881456042 -0.110983897 0.278648317 -0.655745427 -1.068731761 2.825924820 0.587982993 1.888479448 0.408097631 -0.008328080 0.630439508 0.678546332 -0.309819881 -1.375791650 0.124018297 0.813789669 0.889152173 -0.594168385
-11.905197205 -12.859080779 35.279889561 0.397031165 0.124982396 0.531937848 0.737419678 1.030121729 0.552845998 0.692583537 -0.472867788 0.595318286 1.650013330 -0.158812188 0.276058886 0.613098605 -1.043452687 -0.489743954 -0.497012445 -0.808799005 -0.544943545 0.892397146 -0.723042325 2.762316959 2.102028505 0.535372243 1.459276158
-22.394744643 -18.549191360 34.454035276 0.432396423 -0.775507690 0.000424600 0.460022799 -1.203760324 -0.059505854 -0.273974290 -2.049498407 0.103206835 0.041700481 -0.526526472 0.054359196 -0.477492119 -0.098981134 1.085195338 -1.040010090 -0.992409514 -0.463773273 0.264995672 -0.515363705 0.085443689 -0.594735776 -0.668256549 0.921631635
-15.675555759 -21.021767987 37.181305971 0.231200293 0.705537364 -0.231457427 -0.628642118 -0.888426112 -0.379764178 1.264238388 -0.910135143 0.016050911 -1.148777652 0.204932902 -1.042042755 0.440484761 -0.967102368 -0.646765199 -0.289451181 -1.915175262 -1.400160714 -0.720817272 -0.497200511 -0.030990792 -2.277960449 -0.621863132 1.116627182
-16.950727252 -18.138749125 28.144693072 0.789490857 -0.507797754 0.340871927 -0.051497168 0.030153025 -1.923716656 0.218970572 1.281886196 -1.690701784 0.222813986 0.488318488 -1.124716839 0.567263283 -0.258326263 -1.117290429 -1.277717661 -0.589775591 -0.420190624 2.186213977 -1.403619827 -1.019477623 1.190175620 -0.222711492 -0.155847231
-20.298744379 -18.872468989 32.871614286 -0.146642261 0.638127552 -0.725465906 -0.212104914 -0.165627281 -1.208377522 -0.110886908 -1.193980694 -0.070404296 1.122167337 -1.033197174 -3.255624966 -0.322156059 -0.998756829 1.863263791 -0.112461154 -0.743299277 -1.663815049 -1.429276065 -0.263230433 -1.412504270 -0.140055376 1.485227474 0.575815062
-18.141056019 -18.742404358 30.976747023 0.236450349 -0.316210153 -0.199429859 0.896844525 -0.335694237 2.061316260 0.965206687 0.552399333 -0.277763642 0.426251513 0.860483712 -0.094248718 0.024841142 -2.328683641 -0.472455041 0.776154610 0.364151497 0.189957700 0.442253883 -0.028650361 -0.231709032 -1.799228920 0.729209317 2.376615119
-17.225789976 -15.600431082 32.640247171 0.358972417 0.636353779 -0.342406687 -0.590720181 1.267799398 -0.854129797 -0.869483614 0.585736476 1.186154845 -0.777715502 0.582044095 -0.812398626 0.158150797 0.609326103 -1.974165032 -1.480637344 -0.678166724 0.886685003 0.447055973 -0.335396018 -2.318997205 -0.479842163 -0.737466334 -0.845882082
-17.460418137 -17.092684012 40.019023198 0.156803893 -0.010803029 0.427261855 0.890361242 -1.333665459 0.352228272 0.675981803 1.233639922 -1.816418974 0.897833865 -0.136061576 1.481575415 0.336834248 1.187811581 0.633724019 0.145234978 1.682515960 0.881745785 1.516878165 -0.324107370 0.461008534 0.004931832 0.907790996 0.551620451
-23.196523656 -16.940556374 35.548022307 -0.097263805 0.026571108 -0.951693581 0.290022511 1.260615823 1.016948613 0.074005902 -1.023814227 -1.696361631 -0.735318583 -0.882547722 0.638122394 0.733463052 0.507789060 -0.320049454 -0.216054347 -0.276544102 0.877468625 -0.687198367 0.211315341 1.096907935 -1.495433733 0.735490394 0.458974452
-18.907991364 -9.285308660 29.427158816 -0.088548306 0.143554198 0.803229294 -0.571291599 -0.205315071 -0.995884973 -0.019075710 -0.060146007 -1.444960523 -0.464709255 1.876195329 0.724490090 0.463601271 -0.301749069 1.842763182 -1.403466785 0.185231106 0.901357755 -0.494872587 0.961964689 1.553604035 0.058584310 0.609825958 1.087096497
-21.518634223 -11.822017702 27.077599386 -0.442885018 0.074284246 0.878567432 -0.162646793 -0.690179340 -0.004896172 -1.221464211 -0.367674894 -0.982833806 -0.079638363 -0.046295651 -1.073706665 0.452672844 0.907439325 -0.852192418 0.825668724 -0.534647677 0.728050375 0.172513554 -0.152175288 -0.440446488 -1.227610640 -1.237738429 1.136364670
-22.915430900 -21.099849729 40.514925076 0.577990531 -0.024807278 0.757293693 0.303014533 -0.029549822 1.074441902 -0.877172357 0.113660723 0.613452682 0.926483410 1.047686387 1.227330572 -2.241240001 1.597254394 0.971448397 -2.275614547 -2.189368313 -0.777336271 -0.722205841 -0.526174248 -0.313873640 1.241101734 -0.076233709 -1.516819513
-24.430011289 -19.508461253 31.751119375 -0.533627255 0.519506725 -0.518206997 0.420495212 -0.172735540 1.347126873 0.344853689 0.752211617 0.710265902 1.563290105 0.385314141 0.210328190 -0.625204594 -0.161741111 1.377460749 -0.714488777 1.505530371 -0.660221065 -0.758311563 0.097085294 0.273821231 0.081462347 -0.570300606 -0.857477865
-20.379618904 -18.481595801 40.429426317 0.420118815 -0.111631401 0.589437489 0.680883292 0.526886933 1.928592835 -0.462624078 -0.240628263 0.654781891 -0.209212901 1.302934343 1.890147195 0.607448702 1.463122046 0.342805625 0.897375582 -0.497004777 0.127975921 -0.196016697 1.883857885 0.836208026 0.728253807 0.473917406 0.466758780
-22.441100827 -10.886835428 34.008936673 0.077966897 0.802663654 -0.413679070 0.422518460 0.069996877 -1.587433813 1.021142763 0.436542211 0.850241382 -0.497572981 1.214263661 -0.228361962 0.085424961 0.552960781 0.368623424 1.151408849 0.793761549 1.145244586 0.509985924 -1.083712342 -0.838961823 0.154961535 0.871050636 -0.907390919
-20.541168617 -10.142676474 27.830342740 -0.345397459 -0.694640432 0.114809917 0.620478806 -1.289307963 -0.397301485 -0.333403330 -0.335263744 0.643854834 0.732307287 0.478259878 -2.110292493 0.248618936 -0.563749382 0.053975913 0.129871535 2.274829880 -0.922740759 0.625086896 0.962009883 -0.014839625 -0.077275710 0.477032677 -1.352024284
-22.308890352 -23.917006405 39.227753959 -0.235695971 -0.245247667 -0.259239415 0.903933580 -0.048214534 1.364474783 -0.649356054 0.896931037 -1.018964553 -0.493513522 0.245426753 -1.891251456 0.840243922 -0.332952912 0.747354003 -0.161680322 1.274109355 0.735671786 -1.318723760 0.909014707 1.016006655 1.320408643 -0.312187066 -0.109168773
-18.209057161 -20.139469506 35.551051484 0.711128961 0.314262487 -0.619418237 0.108884059 -0.305652040 -1.214161407 0.404209711 1.334286030 -1.715817727 0.059032466 0.539074602 -1.028203573 1.370675432 -1.807289917 1.174219827 1.568737187 1.151251282 0.043122162 -1.233340266 0.219564642 1.842500664 -2.064421182 -1.031630423 0.412361293
-16.874331095 -9.842750948 30.193395516 -0.276087722 -0.903483420 -0.319984549 -0.071436462 2.308395098 1.931728575 0.075226542 -1.711477809 -1.179370015 -0.583611412 -0.096146423 -1.656900987 -1.319395811 -0.392127926 0.151029705 0.060902954 -1.219030124 1.875194250 -0.230285738 1.209013711 -1.247489381 -1.302935428 0.790705915 -0.728217089
-12.890679545 -10.929260512 33.312343294 0.655910240 0.521271869 -0.141548052 -0.527277484 0.147699072 1.355590957 0.507823873 -0.470651738 -0.989801853 -1.554278562 1.193997985 -0.662432442 -0.701837446 0.986471510 -0.877509901 -0.870662412 -0.645552275 0.419451563 -2.274607003 -0.573502076 -0.271909128 0.622166015 -1.407899924 0.884702502
-18.372216423 -9.624859297 28.805629922 -0.478477412 -0.005132602 -0.259337506 0.838914227 2.634368806 1.124242031 0.863949655 0.474610189 -0.353177757 -1.841562636 -0.855361971 -1.351193825 0.101020693 -0.528963007 -0.850084814 -1.114379664 -0.675505949 0.338782064 0.377034895 0.967581489 0.655593212 -0.443265254 1.022127395 0.864687328
-17.604939140 -19.865704745 37.361954012 0.407707737 0.410294580 0.776590796 -0.249678782 1.063300070 -1.024889003 -0.710332472 -0.454198671 0.539995374 -1.410054703 1.867015752 0.991266216 1.284151643 0.233853824 1.112448443 -0.552934331 -0.598156541 1.549120166 1.124042033 1.516166737 1.136043346 0.296015619 1.082012951 0.658049543
-19.700291215 -11.163439519 32.770652502 0.415044748 0.227374488 0.733180653 -0.488349086 0.352094727 -0.800716709 -0.926819554 0.744010184 -0.784329344 -0.758551106 0.720640231 -0.237737659 0.317609101 1.405785932 0.540341082 0.055447325 0.286276266 -0.624663349 0.418316649 0.535385821 1.163308133 0.006502858 -0.129649673 0.306081052
-26.203764893 -13.703871992 26.518912526 0.465353228 -0.662956942 -0.379370419 0.447227628 1.469370281 -0.691071721 3.159573263 -0.030087328 -2.041232211 -0.819325518 -0.606057180 -1.486397507 0.913594821 -0.783139829 -0.715312230 -2.047043040 -0.721957806 2.601013575 -0.350005725 0.488992459 -0.664829584 -0.885188348 1.553823381 -1.635907680
-25.954160107 -16.699276587 33.099420605 -0.496554763 0.341898822 0.474546664 -0.641361074 0.460323224 -1.237868045 -0.594409617 -0.536421610 -0.272080691 -0.455689476 1.439413129 0.399719656 0.326288475 -0.605310461 -0.125096848 0.414063887 0.025236331 -0.357786022 0.251874905 -1.652254582 -0.841857843 -1.998275254 -0.322924545 0.975374594
-17.059406781 -10.293256863 29.748849227 -0.519072778 -0.325096230 -0.072214252 -0.787185489 1.550146524 0.499089757 -0.338949683 0.042707863 -1.068875317 0.834429470 -0.652754624 2.185393673 -1.230629855 0.932802883 -0.141324437 0.388200336 -0.507509994 0.066577815 -1.978140321 -2.756364230 0.165456910 -0.326531261 -2.357739396 1.504902221
-20.565034677 -19.951637840 26.983293568 0.307080920 -0.690532734 0.436131626 0.488523343 -0.151669289 -0.633980020 0.026057979 -0.817667159 0.288505450 1.629668768 1.163939604 -0.873658473 1.337317591 1.370499543 0.399394983 1.253238016 -0.296877615 -0.631141201 -1.100335269 0.257952173 0.721837822 0.203806548 -0.212731738 0.467739092
-17.546648929 -18.458584964 38.615906276 -0.196144556 -0.666375484 -0.712436034 0.099528516 -0.357203054 0.919480536 0.733220104 -1.591739834 0.519592390 2.150562196 0.704348448 -1.001894048 0.070049677 -0.116899778 -0.490294379 0.037518431 2.318109489 -0.303097222 0.741431560 0.798144805 0.212694815 -2.093386068 -0.124429142 -0.053159529
-18.795053003 -24.442270448 32.498803236 -0.371727228 -0.000646869 -0.074367977 0.925358230 -1.679771340 -0.354347365 -0.361752162 0.492713237 -0.620551059 0.506760117 0.440765354 0.076158935 -0.834449639 -0.089196077 -0.386764677 -0.059311852 0.188536087 -0.843408764 1.567200047 0.464629024 0.666504741 -0.024366772 -0.574705638 -1.287652679
-21.280063652 -19.310148019 31.386796315 0.769322957 0.341893447 -0.346892010 -0.413421083 0.184684590 -0.626501877 -0.159975863 -0.249915135 -0.308488807 -0.143191329 0.720961298 -1.224124281 -1.373691677 0.890056936 -0.584021018 0.217079351 -0.793562834 0.423225876 1.067751958 0.212340212 0.916481464 -2.009272899 0.316086877 -1.212120267
-16.772781142 -19.914253797 36.226427897 -0.259495089 -0.702269003 -0.544789218 -0.377737018 -1.008706009 1.160373981 1.044295711 0.190974834 0.158182539 -1.181449301 -0.534691324 0.252494308 0.244455300 -2.187819230 1.029569033 -0.108265882 1.169729981 -1.119393786 0.238556836 0.777641487 0.597975194 0.389969991 1.909300101 -1.020960854
-16.434307424 -22.076478725 39.595588583 0.714167905 0.337700688 -0.446558333 -0.420128676 0.976389684 0.006259754 0.107346193 0.705578587 0.169051129 -0.490363034 0.829558727 0.283801673 -0.238745544 -0.589416714 2.134165464 -1.268318792 -1.610228435 0.183856472 -0.002214811 0.100097323 -0.393957963 0.092267344 0.788221603 -0.714549493
-16.569195385 -17.818831586 28.521688243 0.059051218 0.709582132 -0.125954096 0.690754456 -1.514872824 -0.335485217 -1.178031026 0.154850354 -0.691012525 1.448022762 -0.748135862 -1.876186941 0.222531009 0.788776147 -0.319247950 -1.137049146 -0.622551545 1.545360100 -0.243076233 -0.421737935 -0.089528150 -1.014457344 -1.233972533 -0.241304367
-23.129788731 -22.007196518 36.855908099 -0.848252622 0.279872546 -0.448586226 -0.030153680 -0.914082388 -1.269103730 0.509864786 2.469877906 1.786049648 -0.724317070 -0.068486975 2.911982620 1.203980987 -1.406752698 1.040781069 0.307636752 -1.327102448 0.018639758 0.055354494 1.311454410 -1.592434116 1.005760780 -0.747299634 0.893015735
-27.562482158 -8.750861196 34.895914172 -0.508651512 -0.038776030 0.761414720 0.400022103 0.970928722 1.325810917 0.075272135 0.787823761 -2.525387430 -0.453660583 2.479040078 -0.796427509 -2.565187850 1.149516052 -0.474230947 -0.553014862 -0.562441261 -0.841259339 0.026046579 -1.338496563 -0.584785019 0.038967204 -1.224592288 1.783490793
-22.156106651 -16.922883709 38.647267257 0.838019148 0.216623938 -0.436914989 0.244751445 0.010842821 -0.585305372 0.137214867 -0.865110292 1.088704808 1.130560999 0.488864261 -1.649178766 -1.857238931 -3.516685774 -0.828746531 0.011710140 0.701538875 0.490973297 -0.213307840 1.470698231 0.605780031 0.363318949 0.173018966 -0.242646195
-25.961517159 -11.961811861 42.708603868 -0.142167070 -0.811017224 -0.519845681 0.227596255 0.049998890 0.071270035 -1.122471277 0.148294504 -0.642419874 -1.117268542 -1.396180096 1.478646763 -1.456226300 0.072135500 -0.196462804 0.178193356 1.302410625 -1.510757277 -1.277705037 -0.074703366 -1.290103872 1.603090212 -0.363434744 -1.689161045
-25.994598605 -14.263817345 37.801923135 0.512240602 -0.385602351 0.760623954 0.101841017 -0.154481879 0.333524736 -0.581633352 0.410096291 -1.215811425 -1.867554420 0.746108606 -1.258182006 -0.310051510 1.383452333 -1.007097195 0.825031488 0.694208051 0.185242816 -1.591051512 1.278358131 2.167904893 1.886492892 0.145127910 0.016293710
-29.275509560 -10.583583517 33.808464159 0.230792419 -0.624363073 -0.731280982 -0.148774117 -0.836710682 -0.629747196 -1.510620754 0.012480597 -0.929929128 -1.148919721 -0.105668677 0.035059370 0.373432197 0.943769076 -0.951160129 -0.575893078 -0.567812702 -1.626633253 0.339649859 1.142441852 0.490528680 0.909669939 -1.450294509 0.768995430
-23.409512524 -8.778152856 39.300598694 0.897022453 -0.287301160 0.253438903 0.220403006 -0.156900979 0.600878262 0.757021859 -0.263066973 0.299740633 1.020274029 -0.083399062 1.103827649 0.267239279 1.438263657 -1.983188634 -0.111248893 -0.875695708 -2.043158848 1.723807389 -1.849782272 -2.716561205 -1.064486362 -1.955354954 -0.900704198
-22.154797375 -7.359023443 40.770810812 -0.534033865 0.515800633 -0.225240193 -0.630891744 -0.228852173 0.192682448 -0.899777599 -1.003724274 -2.407567784 0.599491494 -1.536820895 -1.562349920 0.497559018 0.080421918 1.180848990 -1.272673712 -0.393080264 -1.636995507 -0.520586121 0.638433831 -0.257966739 -2.959901894 0.565942049 -0.425121673
-17.431921521 -9.444313285 40.155806488 -0.476448661 0.835194974 -0.103417062 0.254462061 -0.135557716 0.173713536 1.400719545 -0.632775730 -0.574895841 -1.104583899 -0.191155820 0.480785581 1.979959391 -0.385549067 -1.197485833 0.382629193 -0.095947987 1.361993265 -0.251787775 2.001093423 0.035712311 -1.308903705 -2.543564630 -0.160679088
-21.371453628 -18.693831907 43.407005013 -0.783097327 -0.269200439 0.168466040 -0.534704492 0.880615222 -0.208511511 1.042433371 -0.400349448 -0.741928549 0.598817874 1.653050416 -0.003295273 0.462030928 -1.713365033 0.659881277 -1.099286842 -1.322525529 -0.093581308 -1.572246086 2.529659429 -0.828634475 -0.104137776 0.538309139 -2.067453176
-18.582182375 -6.713177365 38.490342834 -0.099754253 0.192892351 0.537449497 0.814855612 -0.231523394 0.472179045 -0.080108517 1.610732131 1.520146444 -0.373599811 1.240488949 1.146279642 -1.030605236 0.695894708 0.459244711 -1.805545354 -0.763820498 -1.480911934 -0.203928148 -0.265630511 0.564542341 0.091147245 1.354394541 2.162316462
-28.333497764 -20.557846436 33.932495009 0.450172965 -0.627375412 -0.213349843 0.598520040 -0.719926832 -0.778107619 -0.093822419 1.206065130 -1.111775135 0.755403184 1.641784326 -0.291788817 -0.678118556 -0.126615674 0.665297951 -0.470664292 -1.347874940 1.045951880 -0.165427505 -0.825459976 0.528605447 -2.247318671 -0.719038508 0.799534872
-26.461503920 -13.133524782 40.253211041 0.301989427 -0.817239846 -0.392362369 0.294912176 -0.830836462 1.368998198 0.392824562 -0.827058472 1.100888146 0.473179141 0.457712724 -1.627529981 -0.633469044 0.191992183 1.180616264 0.171417533 -1.518199033 0.451511689 -0.565068105 1.413351174 -0.747838005 -1.634184468 -0.647616593 0.529408124
-15.339330963 -22.710484284 35.917117134 -0.344481685 0.120517542 -0.880796982 -0.301669635 -0.895813304 -1.812415646 -1.142336654 -1.034036343 -0.815923633 -0.153177756 0.706144203 -0.844177327 -1.690326222 -0.891508124 -1.126899647 0.587077083 -1.800388767 1.313286264 1.518302788 0.345206257 0.630688644 -0.345954293 -0.988047454 -0.448619256
-25.001947255 -13.195007028 27.357152100 -0.542722883 0.162527501 -0.823553734 0.028212262 -0.102350663 -0.241887773 -0.805395973 0.451033141 0.938146199 0.325500260 -0.877753557 0.492970909 -0.347144854 0.316555221 0.933384714 -2.351108997 -0.897264714 0.148130042 0.606394844 -0.978038689 -1.508456601 -1.910544983 -0.306409990 2.055045839
-17.680047101 -18.883569126 29.285036694 -0.581844552 -0.250818098 -0.498910565 0.591299795 -1.080683647 -0.575492392 -0.745904295 0.090895886 -0.260083891 0.069319551 -0.946161495 0.079680284 1.883898860 0.935375596 0.954321181 1.009861706 -0.706204069 -1.000654684 1.123309078 -0.318707186 -1.175386784 0.762870994 0.150995372 0.181542530
-20.613315111 -10.310951800 37.073102982 0.037644611 -0.938010602 -0.250013771 -0.237090926 0.246320788 -0.343251765 0.700344797 -0.286473710 0.669000496 -0.756990950 1.062987144 -0.648184428 1.387792712 0.108384405 0.961559643 1.361457172 0.336173245 -1.263616184 0.053753570 1.628417270 0.313260439 0.463452965 0.500356226 -1.040144298
-21.357110333 -13.955005957 35.038199443 0.040470313 -0.593741343 0.345824445 -0.725423204 0.166590770 0.658701251 0.436983916 -0.286335130 -0.521213145 -0.415101451 -0.860796385 0.921454927 -1.027794770 -0.124918829 0.463539133 0.111289300 0.966215661 -1.592090002 -0.016838782 -0.608170696 -1.267849703 0.363678460 -0.822643250 0.298097022
-20.351928833 -12.060646834 30.754196105 -0.112458421 0.735074853 -0.629669208 0.224799361 0.299359506 1.322043993 1.277238083 -0.627847928 -1.415718739 1.168200124 0.212879324 -0.635642346 -1.558393962 -0.742477397 -0.416530674 0.234971320 -0.246017750 -1.010558174 1.025748680 1.063644256 1.540328190 0.514253797 -1.712827342 1.864422118
-26.729265716 -13.802908186 39.661256330 -0.654094732 0.050267336 0.144303139 -0.740817036 -1.358403452 -0.459520295 -1.657497336 -0.286655149 -0.931235064 -0.982188631 -0.283971841 -0.434020983 -0.969353513 0.755282727 0.083982527 0.718591844 0.202067115 0.905654561 0.582666641 -0.463551946 -1.900387325 -0.285156522 0.388775558 0.150066119
-15.346389453 -15.812533577 32.156671971 -0.602873407 0.200962010 0.516767041 0.573680879 0.858115656 -0.401824741 1.311238248 -1.927487997 -0.229133347 -0.530310931 -0.142061806 -1.896012131 1.709174566 -0.910375770 0.282132767 -1.283725159 1.611711112 0.685031153 1.132507725 1.038419720 0.767113892 1.085749916 0.868784828 -0.585481200
-12.443826696 -17.110540870 31.452521984 -0.465024756 -0.462322443 0.737313788 -0.162414013 -0.259222145 -0.694100640 0.975032397 0.394114459 0.094495335 -1.231239411 0.917889629 0.859382574 1.324554977 -0.050170058 0.545663297 -1.227128652 0.086511460 0.441886190 -0.943903849 0.642121741 2.218908360 -0.164079895 -1.171780313 1.031395788
-29.800656067 -15.962940182 36.825354815 -0.418955656 0.831408314 0.110842203 -0.347779210 0.341431336 0.939186500 -0.390667825 0.166069077 -1.434841062 0.199153682 -1.048602768 0.270931387 -1.563188694 -0.846933669 -0.836376915 0.998493587 0.148641750 0.366451710 -0.071021378 1.033836071 0.399821396 -0.347787871 -0.591495148 1.001694842
-20.924835389 -6.634485904 30.420960936 -0.388062882 0.907356122 -0.036047674 0.157520262 -0.959703347 -0.654651518 0.148721767 -0.166634933 -0.009580049 -0.001277677 0.700065232 0.647166499 -0.476381455 1.524306836 0.250515915 1.407009259 -0.373527792 0.880609784 0.222391922 0.728551081 -0.245812265 1.919361522 1.031279645 1.442725952
-28.575327743 -15.212777869 32.759278074 0.169111218 0.368381094 0.145819194 0.902459710 -0.136930395 -0.874212953 0.971161265 -0.679944527 0.419665074 1.046901406 -0.809275822 0.808946130 -0.663482443 0.242087347 0.279647018 0.080395394 -1.243989088 -0.213478340 0.857566420 -0.690621953 -0.346867592 -1.275417286 0.682777995 -0.396639318
-16.817109839 -12.759772373 29.769763293 0.696762856 -0.240436515 -0.147931565 0.659414935 -0.856769466 0.473247895 -0.353512342 -0.740509639 0.015990499 1.390274938 1.025320525 2.559409738 0.277966974 1.247229530 -0.105582648 -1.241785143 1.042555350 0.889645074 -0.178119642 0.117360800 1.326954006 0.542197054 -0.845345851 -0.500936332
-17.650059015 -18.488939729 33.385596320 -0.074824478 0.015980148 0.738364180 -0.670047961 -1.380691046 1.366844399 -0.080392723 1.357952360 -0.771322700 0.441490169 0.451647271 1.249529265 -0.360833552 0.077203429 2.131239698 1.261651849 -0.379202544 -0.429644497 -0.113306691 1.922841581 -0.332322222 1.721867814 -0.337557223 -0.506208707
-14.727682801 -20.673280615 36.378964548 0.818138098 0.383955855 0.352616156 0.242672208 -0.329504121 0.203541712 -0.984120846 -1.530753863 -0.378279155 -0.601753234 1.296795114 1.113171097 1.000885432 0.716670779 -1.958621205 -0.648494165 -1.126489165 0.338840308 -0.088666139 0.704563450 -0.883158467 0.335105739 -1.253519321 -0.229975600
-28.747705954 -20.418491663 32.886430578 0.896179069 -0.320575354 0.087719265 0.293938514 0.524198048 0.018719108 0.619304775 0.921721049 0.322607912 -0.055821243 -0.384036144 -0.814844121 1.204209125 -2.625403500 0.070462638 -0.206374689 -0.292313382 -1.017828578 -0.177887989 -0.606022497 0.134240072 1.141543745 0.758475235 0.088744439
-25.234865810 -14.748451085 26.853388680 0.199523429 0.502031069 0.242553757 -0.805805735 1.808121538 -0.602090320 -0.627242556 -0.410484181 1.639869072 -0.000928658 1.032740409 0.307690096 -0.283555159 -0.589553862 0.053196303 0.056033790 -2.096128249 -0.437342992 0.318564859 -0.564807714 -0.678201298 1.501611428 2.879211428 -0.327430843
-22.173149877 -20.079626638 36.212154148 0.689226867 0.616670970 0.364095393 -0.110080812 0.110531876 0.479225952 2.202897950 -0.152980999 -0.235132789 0.669982723 -2.341229351 0.459346116 -0.477992106 -0.254943368 -0.529010670 -1.694515433 -0.357437066 -0.713633008 -0.596052817 0.124066949 -0.223920522 -1.401544035 -1.382589547 0.754336505
-17.294400011 -17.082891115 37.865658286 -0.038166872 -0.240626378 -0.141090522 -0.959549739 0.245797969 0.659054150 0.114517618 0.972105480 -0.611325487 -0.596000311 -0.776976987 -1.091963551 -0.828506116 -1.715978913 -0.497440754 -0.125890958 1.147927014 -0.104173225 -0.576794978 -0.464277754 -0.711573448 -1.304766001 -0.695252180 -0.855643415
-12.801533676 -11.129107355 37.556520080 -0.515582882 -0.075928432 0.149524825 -0.840268702 0.398354852 -1.003924112 -0.838121707 1.318274370 1.332989812 -0.479537318 0.617290283 -0.023207975 1.361088071 -1.757592756 -0.802489249 -0.215137566 0.502933491 1.074941291 -0.809176779 -0.094780464 0.809905144 0.684614156 0.221936164 0.763029762
-29.953720464 -11.404911578 37.881281474 0.296145840 -0.072189859 -0.168645108 -0.937360706 0.648377846 0.652957823 -0.990676170 -1.467845115 -0.779010233 -0.445633968 -0.335170616 -0.284902646 0.480907719 -1.046678067 -0.877758084 -0.428552555 -0.285255021 3.116492648 -2.102817517 0.252873358 0.336691624 -2.153996613 1.778452439 1.271393326
-20.628067777 -24.845243827 36.750880875 0.839596517 -0.454935416 -0.022850452 0.295954917 2.555259675 1.690212471 2.116851853 0.389218560 0.818148575 0.011401423 1.105720901 2.060926234 1.875582301 0.893562196 -0.431580220 -0.001882380 0.663508688 -0.552813974 -1.427639824 -0.568750723 -0.913059261 1.778782722 -0.186034787 -0.927917741
-25.230754302 -22.745023577 38.613117899 0.033144928 -0.343549347 -0.212211158 0.914243777 -1.810649069 0.205605152 0.398517654 0.351919049 0.560539698 -2.086128382 0.480506587 0.186467495 -1.317972799 -0.963218912 2.170683069 0.345270032 1.006953256 -0.446116066 -0.972310187 1.332457828 -0.112118355 -1.043667515 0.423094187 0.011045716
-13.061931534 -15.192390474 30.012149707 0.406752892 0.310953710 0.622392705 0.592019590 0.682794337 -0.024894073 -0.997736005 0.271482492 1.938839983 -0.266010540 -0.542565771 0.224746103 0.017119162 0.320848699 -0.336956311 1.053400159 0.757968057 -1.087541095 1.633858615 0.234436822 0.085479837 1.654055798 0.764560928 0.810034393
-21.265225776 -23.910392312 39.412035121 -0.539139352 -0.768486663 -0.314982726 -0.139795887 0.798553776 -0.334681440 0.973583650 -0.421882350 -1.807738131 -0.602476401 -0.794809545 -0.328523489 0.315145413 0.782164105 -0.011333830 -0.224296596 -0.323221324 1.138217351 1.258107518 -0.734889093 0.766217958 0.073621726 -0.326183773 -0.286257451
-15.158066168 -18.186129222 34.969513130 0.089876708 -0.250205428 0.636514389 -0.723995065 0.281279929 -0.034867018 -0.617881737 -1.727368579 0.312674262 -0.283837064 1.124114997 0.834955365 0.083182617 0.947763429 -0.257237239 -0.571957724 -0.778483758 -2.294458900 0.314918454 0.723931197 1.324477529 0.795158905 0.015779608 -0.482209969
-25.296523315 -19.196135050 42.484830761 -0.559270568 -0.314106424 0.765355449 -0.052769530 2.033614465 -0.476767188 0.187270656 0.100767430 -1.149975380 0.208826854 0.207072847 -0.290157672 0.725741360 1.000313335 -0.533242550 0.651063112 -2.281497895 -0.683103911 -0.425472581 1.325308090 0.758458858 -0.277243152 -2.097202958 -1.861668392
-14.165915688 -15.503248244 40.373042492 0.430827931 -0.707625369 -0.240852042 -0.505612426 0.100114732 1.194384881 -0.531868526 1.197918405 -0.947387431 0.741645899 2.725754299 -0.862892686 -0.374662408 1.758233295 1.582142861 0.721947021 1.360033950 -0.637876450 -1.300260645 1.019944973 -0.759091516 0.202756837 0.704913497 -1.589503835
-18.037789474 -21.563020383 39.647770026 0.989730025 0.081426650 -0.115894129 -0.019306215 -0.090170198 1.584712093 -1.997425970 -0.316958882 0.189620742 -1.289453297 -0.306195468 0.951186467 -0.150011649 -0.081439306 0.768917966 0.429388437 -1.909674972 0.353579678 -0.945204694 0.218913385 -1.653106411 -0.101635486 -0.023971542 0.422988423
-18.829054313 -19.104033712 37.468637416 -0.439013379 -0.434926203 -0.657186247 -0.431523681 1.688768447 0.860475535 -0.729489728 1.591750614 1.697597755 0.849819337 0.516358307 -0.693788847 1.133792898 0.508342374 -1.393563284 0.829163628 -0.540885807 1.834338531 -0.607364265 1.065067032 -1.014742927 0.807651010 0.697227734 -1.340980016
-19.490453914 -12.850690314 41.155548334 -0.700771111 -0.562683869 -0.423103381 0.115283317 -1.142250967 -0.847652880 -1.904446048 0.003343451 0.484926444 -0.698605962 2.052311670 -2.051983443 -1.644670848 0.984542414 -1.192671506 0.082578431 0.222069603 -0.704511295 0.063648409 -0.387101848 -0.356329262 -0.325998826 0.385662268 0.879402679
-16.656529108 -16.210340271 40.122044572 0.810807742 -0.300273005 0.219309679 -0.452028973 0.334127759 -0.145302522 -0.247857640 -1.316451033 0.776199002 -1.071782509 0.322267728 1.097776028 -0.861754280 -0.906303322 0.849292259 0.819621103 -1.360032909 -0.674057097 0.710269024 -0.548832182 -0.689113388 0.982367285 -1.093088666 -1.416914279
-24.957272956 -18.648907884 34.488673672 0.352112932 -0.025360612 0.172968446 0.919486399 2.507334946 -0.371587518 -1.221111757 -1.260470219 -2.144128096 -0.043005484 -1.055050997 -0.999168766 -1.724242685 0.699743145 -0.754218236 -0.675395082 -0.434401180 -1.285210598 -1.214783684 -1.865126597 -0.236493093 -0.536127877 -0.516013268 0.027637138
-22.573787125 -16.201879923 26.127194308 -0.091870692 -0.094674250 -0.853612851 -0.503926248 0.459512988 0.336480979 1.472866530 1.765652962 0.184835363 0.413128686 -0.590363784 1.297611051 0.063462196 -0.711955071 0.034316883 -0.302707107 0.892303351 -0.327935358 -1.808092225 1.006364274 -0.828973493 0.672980752 -0.473388601 0.787466120
-19.672981736 -19.551683613 33.203117216 -0.549472562 -0.376776138 0.744509320 -0.042726083 0.110365218 1.635820391 -1.611047146 1.063041046 -0.687741287 0.403102251 -0.986969427 0.997731187 -2.238689884 0.007543037 -0.456624108 -0.675647047 -0.505754015 0.882351527 -1.651250647 0.267065294 -0.706477633 -2.350390404 0.461350823 -0.004867579
-18.508271607 -17.084007400 34.037940225 0.960879985 0.255469177 0.106930795 -0.003310396 1.873744655 -0.664422982 0.160065918 0.974016681 0.182056363 0.221933589 -0.135572845 1.141641045 1.478683718 1.658743364 -0.786738244 -2.132436567 0.873903389 0.369551331 1.447333505 -1.121707019 0.485106525 -1.545098835 -2.720132951 0.920081268
-14.553658435 -16.708245032 37.487462211 -0.168311197 -0.177542386 0.854600253 0.458048524 0.282220821 0.547832982 1.292752823 0.387547171 0.894914731 2.097926330 0.281388875 -0.369486956 -1.784357838 1.795125058 -0.865441605 -0.417190341 0.067610726 0.125847068 -1.221896581 -0.819423553 0.460331506 1.352957462 -0.447973399 -0.076434401
-19.123410260 -15.915949880 34.704393852 0.050965173 -0.878421618 0.131022670 0.456739612 0.402483587 -0.549715939 0.666995579 0.455294166 -1.375597532 1.157992478 0.711957285 -0.209091357 0.157633869 1.853499068 -0.589857431 0.007882876 0.542914824 -0.478335420 0.667687183 0.725861141 -2.396182713 0.216580303 -0.046224362 0.185076368
-20.644099198 -21.426925996 27.901041842 0.836637728 0.026899657 0.334529947 -0.432901185 1.188852382 -1.320855435 -2.364919378 0.308148319 -0.669396770 -0.749100979 0.389453493 -1.172544549 -0.437810324 1.671618707 -0.347389067 0.676754051 -2.016740280 -0.531758257 -1.419217246 0.609509279 2.250724502 -1.397838341 -1.085377948 -1.177932129
-21.524381693 -14.318956997 32.559987390 0.247618096 -0.788700322 -0.562291461 0.021572990 -1.122742177 -0.905796298 -0.892092102 0.177067358 -1.109995276 0.549092330 -0.272395624 0.016510831 0.634651264 -0.716322944 0.344778311 -0.903625223 1.048517731 0.162174366 0.606545149 -0.076566279 -0.210024536 2.299937690 -0.547471823 0.041343970
-15.645667394 -22.234239111 32.562421636 -0.868297485 -0.122204260 0.073023835 0.475176931 -0.529170656 -0.303575230 0.533829174 0.214700745 1.144050107 1.368290916 0.335627792 -0.044622480 -0.966403182 -1.461292394 -1.653401990 1.091492113 -0.330717900 -0.654803416 1.250164151 -0.069633375 -2.537084421 -0.158589160 1.646343582 1.227458464
-16.775583732 -7.794025189 31.436886813 -0.578649442 0.711047741 0.301198913 -0.262402647 -0.299829595 -0.060306497 0.393182028 0.503855825 0.054419142 -0.164766268 -0.005221255 1.961767184 -0.954535300 -1.576889908 0.291372573 -0.056585130 0.962794826 1.425655910 -0.863702965 -0.741678052 -1.988757391 -0.876954089 0.465210842 1.672647436
-25.591532346 -12.394598725 33.591548974 -0.894780568 -0.365467622 0.242720662 -0.082992961 -1.110668028 -0.654169571 -0.168013166 1.056744512 -0.327757197 1.020470683 -0.874368186 -0.268172711 0.193719929 0.019414929 -1.519649670 3.078134351 2.116834104 1.595308107 -0.555686522 -0.450105604 -1.243303111 -1.821837506 1.028099082 -0.069491334
-19.517288281 -9.492288671 27.131623126 0.247636861 0.352667541 0.063384586 0.900157755 0.148821864 1.220663592 -0.655979123 0.787750362 -1.702799772 0.074278481 0.579725767 0.871194195 -2.152380103 2.037186246 -0.659626163 -1.190403623 1.916557579 -0.037882008 1.641511430 0.673907222 0.274024474 0.852620777 0.475625953 -0.584219380
-19.806529889 -8.941820170 36.126577956 -0.279685781 -0.100224161 -0.164795286 0.940517674 -0.273107112 0.916332684 -1.856772392 -0.938117008 0.176753597 1.284172818 -0.428380139 1.931170052 -0.542055141 -0.700508274 -1.239194604 -1.349872987 1.086374142 -0.145108714 0.501035769 -0.102653399 -1.056621322 1.283127432 -0.679698913 -0.961517243
-18.693450047 -10.118152611 33.119575387 -0.187909361 -0.430321192 -0.093621396 -0.877922991 0.874187556 1.207799296 0.162183444 1.257095819 2.458697173 1.122054267 -0.261653565 -0.945364572 0.222104013 1.009250576 0.799439539 -0.107093293 1.154104957 -0.668258740 0.259325480 -0.889595947 -1.252234398 -0.233173533 0.255862286 0.465582893
-17.007467481 -9.064003519 29.677082599 -0.064298348 0.157933713 -0.807902740 0.564106220 -1.523861507 0.499832117 0.453257126 -0.114578075 0.513955013 -0.317597537 -0.157176061 -0.733920157 -0.444362016 0.064117728 -1.352724877 -1.048768393 0.586358558 -1.086926923 -1.234455419 0.584604840 -1.221569144 -0.294851507 -0.094196996 1.288751471
-20.980103683 -14.855600848 36.799104817 -0.292269158 -0.526957992 -0.561498861 -0.567109375 -0.070901275 -0.569074403 0.370597670 0.854727091 0.752194441 1.082325214 1.373111214 0.324272617 1.264482874 -1.215712271 -1.206544905 -1.452378552 -1.197941808 -0.896166154 0.326605437 -0.600573930 -0.554883493 -0.262107399 -0.427925752 -0.047430879
-18.989790036 -7.683603570 30.666300969 0.028601445 0.463985632 0.824502229 -0.322638132 0.378189888 0.352032932 -0.501751677 0.101481097 0.988456378 1.236353405 0.783840871 0.110091211 -0.443187855 0.485359027 -0.404785802 -0.599671916 -0.711955891 0.430502279 0.242638418 0.228901689 0.667562492 0.112596722 0.406891927 1.196495864
-30.942038658 -15.592442853 33.077924210 -0.254715144 0.961869394 0.092259703 0.037624620 -1.196908715 -0.653281402 -0.372173660 -1.966276279 0.607089273 1.586400824 1.134827464 1.637729628 -2.086930920 0.306161346 0.105950003 1.946204330 1.823958331 -0.391403726 -1.185488920 1.589454251 0.702974979 -0.987429449 0.958905545 -0.862103562
-19.248941888 -15.074070661 34.539368323 -0.023127664 0.190002553 0.965508613 0.176514188 1.104233191 0.032623547 -0.322066705 0.915273178 -0.472707907 0.641065458 0.087823274 -1.393452348 -0.344685455 -1.362254636 -0.293176697 -0.310304085 0.631375926 1.263280037 -1.260986620 -0.220642116 1.106517137 -1.197784346 0.416598139 -0.659272684
-23.513349013 -19.659583867 38.127125737 -0.310443399 0.106243901 0.927312903 0.180077506 -0.605871316 -0.432220541 -1.305140704 0.610794730 0.247028378 1.308436000 -0.679439589 -0.069288205 0.376837493 1.175407723 -0.462479986 -0.568449471 -0.682280406 -0.045941600 -0.814106946 1.602791175 -0.526919522 -0.758098383 0.270347956 0.638252194
-17.969767179 -14.462860702 33.923409330 -0.398944169 -0.254010555 -0.593915824 -0.650834988 0.292261771 0.416666877 -0.718158328 -0.598873617 1.038859851 -1.351243894 -2.462026762 -1.140953854 1.226984547 -0.237815663 -0.077698132 -0.165282522 -0.905794428 0.065584983 -0.537434225 0.150599291 0.694746783 -0.834429748 0.683884866 0.575918295
-22.987633735 -15.509838470 35.023115457 0.626777050 0.511512999 -0.480122240 0.339098240 -0.516086622 0.373221949 1.598270241 0.373680557 0.239813734 -0.135340951 -1.041886989 -0.060329579 -0.221042944 -0.491566739 0.406308543 -1.462281494 -0.206353318 -0.670390461 1.549027770 -1.031856651 0.414042323 -0.113452121 1.361275310 2.822444187
-15.408220439 -17.516492722 29.700368817 0.036937665 0.853735197 0.146107433 0.498421950 0.056851545 0.436742824 -0.704621546 1.436578219 -0.142753350 0.301410291 -0.664436012 0.235733463 -0.763218462 1.798496268 -0.381655399 -1.201074408 -1.245120346 -0.092855559 0.515137869 -2.895599422 0.474057704 -1.912192859 0.090543458 0.149227881
-19.010491148 -24.120610738 36.188231556 0.724740960 -0.373644870 0.108219902 0.568707751 -0.339556174 0.279343115 1.488606598 -0.312135381 0.059330514 -1.482436657 -0.806293952 0.903418342 -0.188291545 -0.376358100 -0.122307640 -0.856943557 0.304530162 -1.709566989 1.096318414 0.446483255 -1.311208579 0.847613288 -1.624143753 0.929173880
-18.221860726 -16.370339771 40.729402928 -0.247174608 0.609909364 -0.175260183 -0.732256205 -1.385559968 -0.511046472 -2.174554334 -2.329834795 0.291444656 0.465848936 1.483969970 1.409028079 0.970277414 -1.880531688 0.054479660 -1.827940167 -1.222823314 -0.014693857 0.732025155 -1.218208349 1.460903307 0.352475772 -1.044011485 1.368371436
-22.626885234 -15.719573724 41.540310921 0.759822792 -0.339268841 -0.534386678 0.148313374 2.955150186 -1.200500761 -0.430161456 0.863387815 -1.153102191 -0.277346991 0.701475481 -1.144647588 1.455032093 -1.600020707 0.697905179 -0.964815430 -0.011998357 0.100530547 0.931825633 -1.777780198 -1.349966753 1.498048515 0.435235699 0.792933112
-25.397762619 -22.926287108 32.294118902 -0.621381328 -0.184320948 0.691258674 -0.319487839 -0.335937686 0.336981728 0.429773353 0.714967569 -0.075069468 -0.168560359 -2.377133536 -0.447094762 -1.466528822 -0.413895374 0.304173748 -0.241971766 -0.868711164 1.129682203 1.025870511 1.850606081 0.154443183 1.728019457 -0.124879861 0.553723272
-14.362233892 -15.675938227 35.025176453 0.725536539 -0.091708319 0.681723636 -0.020957076 -0.014916980 -0.075722420 -0.513092899 -0.361564320 -0.818225852 0.003714136 -0.189577397 0.341976874 -0.978235349 -0.708261249 0.667988193 0.420295427 -0.008664717 1.648504551 0.076481003 -0.722242651 0.738871416 0.056602315 -0.680908862 0.698927735
-12.573096464 -15.652474008 32.506775943 -0.142982441 0.740221279 -0.386288186 0.531422541 0.358664255 0.862466938 -0.143947214 -1.428971020 0.301812210 -0.145144977 -0.421286008 -1.900148662 0.861484473 0.364331773 -0.502844634 -0.925528534 -1.667424603 -0.575443501 0.057438973 1.241918386 0.450567430 0.845779279 -0.167781253 -0.934070073
-21.718356685 -8.530627171 30.030220727 0.449067722 0.493440804 0.715630185 0.206707020 0.513268691 2.460777370 -0.578740877 0.812845935 0.864018383 -1.299098143 1.016004511 -0.177722097 0.555242578 -0.621164568 0.090837598 0.193744655 1.123343098 0.220294982 0.820758302 -0.398363322 -1.448480914 -0.241910709 -0.311932734 0.946662828
-18.119208617 -18.482996299 37.039588514 0.819403803 -0.315379952 0.285946638 0.383858587 0.984409983 -1.527003296 0.236917806 -0.063051065 -0.309907267 2.057422525 0.194343376 1.123656236 -0.896979186 -0.021780184 -0.942167808 0.347160735 1.827201386 -0.009078978 -1.660437153 0.183145374 -0.188627043 -0.628902039 -2.086092764 -0.211340457
-12.070340911 -14.815959086 32.010026619 -0.311323770 -0.921043724 0.220715193 0.077722399 2.293067420 0.438174709 -0.996884585 0.928599902 0.003219273 -0.189433069 0.122023514 0.057720169 -0.237949263 -1.171625854 -0.910421088 0.904303693 -0.796668354 0.225225483 0.995600193 1.362874396 -0.524837326 1.243314012 0.089281261 0.655031062
-14.756711046 -12.594934867 37.437819224 -0.644170736 0.296463041 -0.484939107 -0.511847430 0.962985790 1.127756024 -0.303924473 0.657078475 0.932689459 -0.280129969 0.101034956 0.058054203 -0.041903265 -0.121052965 -0.353546528 0.336579866 0.913719309 2.549199512 0.198131797 -0.187703442 0.765274792 0.481964684 -1.761540815 0.429759632
-16.932309951 -19.112406102 34.332875091 -0.522974770 -0.510780376 0.219452796 0.646096950 0.538431860 1.759546397 -1.813391958 0.601059426 -1.986380057 -1.640424524 -0.414856471 0.530191415 0.579060987 1.302299127 -0.484666398 1.311312058 0.395048378 -0.316133108 0.366683764 0.219900070 -0.878312333 0.032959853 0.350655040 -0.832827903
-26.433594767 -19.893114321 29.194407190 -0.560994476 -0.372600853 0.069453064 0.735955212 1.320889270 -0.705371715 -0.623268294 0.454138659 0.898022901 0.650623598 -1.703940254 -0.206136222 0.788073841 -0.653053580 0.816467204 0.111006607 0.078777522 0.029573935 -1.461595042 -0.332629151 -0.877310552 1.232831668 0.683771039 1.552446308
-22.712681380 -10.042746554 28.272743691 0.784727969 0.020578719 -0.613528081 -0.085801080 1.084409167 -0.301619902 -0.395220127 0.152148444 -0.485280739 -0.334769640 0.150574262 0.617290711 0.624139223 0.736576373 -1.540011171 -0.766116703 1.113570428 -2.433634815 2.163249090 -1.158326360 0.674023354 1.649372470 1.293362288 2.198130939
-27.151140538 -21.324180757 36.019980159 0.438601008 0.295387567 -0.188431816 0.827567998 1.416289808 -1.335411746 0.284886953 -0.200301887 0.094874387 -1.401927643 0.354989498 -0.428569196 0.088498846 0.424906271 1.579386641 0.965974470 -1.049729879 -1.433578835 -1.727502515 -0.620774634 0.817991497 0.511111542 -1.446484440 -0.350029541
-16.975355208 -15.715915040 30.552764280 -0.884727293 -0.390225971 -0.125281711 -0.222004059 -0.021236435 1.056805494 0.397615123 -2.127277156 0.775790505 0.189813503 -2.938447971 0.155251536 -0.184904795 0.380360697 0.187769584 1.129611298 -1.065887842 -0.667937266 0.246342840 -0.046310836 -0.402488884 0.238500144 3.351681227 -0.924231492
-25.946465307 -12.685569458 39.609473504 0.838568295 -0.258618270 -0.478216461 0.035054560 0.122126356 -0.126379290 -0.273995741 1.470809614 -0.813287898 -0.880294240 -1.470969929 -0.034917963 -0.530112272 -1.061524010 0.899462850 0.797113021 -0.572184022 -1.254352190 -0.789810515 1.619855202 1.231731713 -0.908694891 -1.078508574 -0.688318031
-28.198663225 -16.322202609 35.049222341 -0.066885594 0.540855583 -0.438026432 0.714936641 0.522183718 -0.057168250 0.618741584 -0.732217373 -0.599014352 -0.750415536 0.230386445 -0.143936729 0.669130855 -1.168434459 -0.974517360 0.126487423 0.165645431 0.317372708 -0.124655749 -1.093165000 0.426416069 -1.337892767 0.987616965 0.407615091
-22.481143605 -15.353781298 42.104022256 0.892973940 0.270881388 -0.122452001 -0.337973852 0.614767811 0.319382054 1.876590421 -1.220985905 0.801309563 -0.163248784 1.620941684 0.442880597 0.436766085 -0.487914211 0.639132654 -1.627091518 0.995848076 0.665579305 1.231536749 0.173209219 -0.951150816 0.358028292 -0.109489638 2.140610642
-19.286640244 -19.057638074 37.021503774 -0.286821062 -0.270844580 -0.828855582 -0.396705578 0.482837403 0.186720846 -0.104538929 -2.157269712 -2.056502740 -1.491542738 -0.072434421 -0.221905196 1.231393508 -1.665106171 1.525354763 0.001474517 2.283851595 -0.861512383 1.539799214 0.203658738 1.026022133 -0.280443634 -1.244373672 1.210877041
-19.822828459 -23.098337755 31.512680626 0.113325957 0.549575942 0.143134785 0.815252074 -0.185066774 -1.705670959 -0.598126921 0.019339966 -0.175767899 -0.922706328 -0.809875707 0.261561773 2.051534055 -0.237561237 1.861675312 -0.579490471 0.136872401 1.174786856 1.488330296 0.326525929 0.174658433 0.622984275 0.431639400 1.342917783
-21.047544485 -10.017178308 33.491868637 -0.254462999 -0.021497705 -0.487464738 0.834963808 -1.458612907 0.165040008 -0.961387712 -0.536643921 -0.733866097 0.419082329 -0.379115943 0.009273897 -0.388895762 -1.631648912 0.012215263 -0.775857098 0.116811526 -0.746492405 -0.009314307 0.634528897 -0.799573018 0.789183035 -1.063975024 0.073155693
-21.560273589 -10.412222431 32.963768620 -0.186721900 -0.745710097 -0.291635566 -0.569210050 0.746797186 0.620838725 -1.678361999 0.407992115 1.213434454 -1.426386790 0.252323783 1.388966736 0.947673255 0.092260893 0.073471233 -0.086122345 -0.019443331 0.405507203 -0.667669766 0.643126134 -1.072419902 -1.560114959 -0.756710003 -0.060541242
-15.903003347 -7.358984992 32.297188938 0.305208255 -0.735253675 0.605066758 -0.012007238 -1.028746010 2.007712869 0.730012093 -1.239973758 -0.149973075 -0.216330240 -0.418180320 0.142461070 1.379789562 0.399180807 0.279771655 -1.163167389 -2.511800470 1.335845205 -1.307567724 -0.296237531 -0.534874915 0.775722387 -0.356688262 -0.590664867
-17.229604101 -7.840815082 39.113203919 0.554242334 0.023788546 -0.773530328 -0.306431676 -0.722994558 2.296707264 1.287768863 -1.545844849 0.255156815 -1.988436548 -0.276252015 -0.552264618 0.342475476 1.684308349 -0.425216658 0.711630476 -0.851588851 -0.225422676 1.191387881 0.722622263 -0.295277686 0.700730329 -0.240499914 -0.496267321
-21.658964320 -10.817664805 32.094822052 0.011056591 -0.429166689 0.778332720 -0.458139587 -0.613899541 -1.155077825 0.440889544 -0.188119864 0.947536627 0.280829331 1.934191832 -0.477054181 1.043925399 -0.510155444 2.442832064 0.112064056 0.251290743 0.040398985 -0.940758907 -1.248704271 -0.302578713 0.193381847 0.171245390 1.019272146
-27.295729435 -19.148537015 35.098232482 0.536956059 -0.793022515 -0.287691845 -0.005184972 1.127916179 1.000043642 -1.253450267 -0.000892766 0.744291195 -0.831968171 0.487858913 -1.236635915 -0.683171933 -0.906216362 0.126820368 0.731490203 -0.254436912 -0.067219686 1.411711098 0.501381876 -0.308483548 1.447965262 0.282406826 0.080105466
-19.208550713 -11.613311170 37.274713863 0.857666733 -0.139708504 0.490580682 -0.064960782 -0.334184938 0.319474257 0.704134413 1.093863769 -0.472110616 0.429200785 -1.371084186 -0.431472873 -1.567580478 -1.616584792 -0.744815162 0.073813181 0.980192120 2.689225583 -1.466220708 -0.124687423 -0.615425279 0.552385557 1.619941891 0.998087487
-23.283187697 -5.723891283 35.614644573 0.369917518 -0.563485099 0.199509888 0.711225265 1.504769153 0.309328934 1.949565551 1.876898749 -0.123052743 0.388110882 -0.541738856 -0.268200296 0.769846323 0.558892605 -2.474584704 0.164726160 0.240061663 0.131826486 2.661669135 -0.305147434 -1.774945733 0.158382666 0.746783432 1.541376086
-19.603075833 -13.624379569 27.796798639 -0.878981224 -0.334333752 0.338865635 -0.027982712 0.452350584 -1.195946202 -0.243110130 0.228816232 -0.209019289 -0.179212898 0.733582343 0.600892563 3.607497006 -0.297102167 1.599048655 -1.876467173 -1.584833195 -0.572515885 -1.501881190 -1.230753636 -0.634095218 -0.161629057 0.806505539 -0.526563356
-17.200929785 -16.606271471 32.277436748 -0.617639162 -0.143173645 -0.692073817 0.345046381 -1.880896517 -0.072865246 0.475847860 -1.343853139 -0.615112782 1.790109093 -0.549787667 0.811668723 -0.165269060 0.853339114 0.945652500 -0.004296221 -0.643501553 -2.143033977 0.960045940 -0.350455433 -0.955148763 -0.384366064 -0.865285346 1.210500323
-24.366576620 -14.954533531 34.433037046 0.058575828 -0.954003306 0.293042462 -0.023930714 1.770523720 -0.179775216 1.494842397 -1.100752167 0.010985816 -0.721805901 -0.078554326 1.118774884 1.324800498 2.099091317 2.139806474 0.074536030 0.972970030 -0.352114407 1.492982607 -0.488898531 0.104197586 -0.088152565 1.311686688 2.029935506
-21.718909578 -19.564843274 32.236716474 -0.682639706 -0.387840824 0.460115741 0.414579342 2.254915412 -1.512128134 0.186438230 -0.068821175 -0.615980572 0.094261582 0.164169561 0.521949626 0.610629615 -0.669842026 0.698416397 -1.986069031 -0.633903504 0.413708472 0.835704189 1.544352414 -0.167001076 0.786643108 -0.969961100 -1.180716287
-17.385182930 -13.800117848 28.983292398 0.086185553 -0.229572893 0.838966211 0.485802464 -0.679555269 0.802916314 -1.231986833 1.056400780 1.078786324 1.344419173 -1.147659577 -0.645394118 0.011506953 -0.456950938 0.723467528 1.016807521 1.627942924 1.042076748 -0.055538058 -1.059815959 -0.657907999 0.825465242 -0.531130069 -1.495984427
-17.527897128 -17.558375832 33.174115626 -0.801404081 -0.284637977 0.104637821 0.515542090 0.261364702 -1.389641631 0.560664745 2.356705705 0.506176718 -0.445622131 1.563219481 -1.343517876 -0.052609975 1.083003782 -0.598354012 0.349383427 -0.671285350 -1.229978879 -0.245531033 -0.816421774 0.509600284 2.423966781 -0.873510087 1.452035562
-23.957508701 -15.742581788 29.115889321 -0.277709190 -0.740419539 0.367617321 -0.489401693 -1.235115225 1.049877980 -0.439989571 0.732993460 -0.930855090 -0.155510982 -1.050984432 2.528291497 0.042893471 -0.178231679 0.735886459 -0.428952650 -0.651881963 0.515823240 1.140250572 -1.628901616 1.540380112 0.328799165 0.225736259 -0.465212878
-21.870390076 -22.481828325 36.355425292 0.614595083 0.150210703 0.666539295 0.394252454 -0.227039034 1.401224783 -0.406732523 -0.057150594 -1.102696696 0.128120271 0.736714945 0.007243492 1.398575892 -0.646708750 1.291443464 -0.313145261 -0.820993936 0.371692903 0.016679627 0.563289942 0.006882309 -2.288207578 0.723857554 -0.556017099
-17.302156347 -23.896210066 34.262548477 -0.123767860 0.141837875 0.584529799 -0.789232822 -1.180342647 0.398348408 -1.255615382 0.416093922 0.248321904 -0.059770667 -2.930807750 -1.823618326 1.127116381 -0.396827158 0.401472510 0.858213285 -1.023475590 0.414370926 -0.070782627 1.035438665 0.050732391 -0.026214067 0.783986667 -1.351775588
-24.911654826 -13.175308644 25.648783887 0.509510655 -0.824321199 -0.215486851 -0.120245046 -0.982362996 0.397564743 -1.010010648 -0.005801246 -0.356023789 0.696506567 1.645964231 -0.668690227 -0.484182097 -0.160029134 -1.183509937 -0.005897535 -0.096207245 0.259655180 -1.852684837 0.155047472 -1.147099203 -2.129988192 0.128050277 0.372015790
-17.358758447 -17.314361586 38.166027726 0.362367414 -0.194809993 0.844262211 0.343453406 0.868121364 1.526909185 -0.476271099 0.268338291 1.516131382 -0.884184233 0.629031125 -1.409233461 0.541858437 0.300072546 0.850667413 1.988547651 -1.598995013 1.040778199 1.132191458 -0.399911454 0.549918813 0.421362395 0.772409942 -0.943351294
-14.091736193 -20.006102155 36.267933355 0.241610569 -0.810159681 0.179974101 0.502866729 1.482034686 -0.189020885 -0.154172511 1.231536076 0.687870377 0.736060950 1.657506815 -0.456079365 -0.401582393 -0.177589753 0.496357499 0.681391969 -0.827730008 0.717538261 -2.136844561 -0.137510716 -1.557347745 0.730639023 -0.061169164 1.967585052
-12.400802135 -17.200150080 34.812337254 0.324583027 -0.157511329 -0.696874992 0.619839725 -0.652004844 -1.513080098 0.421998128 0.853807566 -0.814225417 -0.135491588 -1.121910610 -0.713501498 0.704675990 0.653743093 -0.925605168 0.202830351 1.541261492 0.933022472 -0.519358609 -0.217362277 1.549560456 -1.629863226 1.457707660 -2.808972916
-12.972152152 -17.917483927 34.470259933 -0.142452111 -0.943463305 -0.291941505 0.065988977 -0.982540536 -0.389462560 1.052935435 -0.363269294 -0.545047258 -0.169628752 -0.237272686 -1.543453445 2.380723726 0.696467086 1.488234454 0.097183740 1.267136622 -0.009626289 1.178003205 0.356276062 -0.210602055 1.452026515 -0.158110529 -1.022956600
-29.176968859 -11.553425141 39.699306216 0.301746267 0.441009409 -0.760766063 -0.368367871 -0.447383176 0.627989562 -0.497952329 0.473531958 0.482732647 -1.528168988 0.321421186 0.280642323 1.051198876 1.256083372 -0.146634538 -0.034284322 0.602014356 -0.670900495 -1.103205534 0.623479778 -0.921309198 -0.863125702 -1.078218545 -0.525949350
-20.175659278 -6.016848634 34.721681704 -0.884499185 -0.204743554 0.000216301 -0.419215008 -0.254670285 -0.938514893 0.612234754 -1.485891748 0.192330280 0.713216771 -0.607349429 -0.503615744 0.097948211 -0.844788627 2.540425558 -0.793125198 -0.609260419 -0.687167772 0.970087684 -0.771681842 0.719923036 -0.538281553 1.688928219 -0.413022334
-13.897538223 -21.863377149 34.491470115 -0.049168182 0.301873762 0.679224719 -0.667164524 1.183329897 0.269441328 -1.033537135 -1.532289757 0.914492239 0.627896612 0.051473121 -1.222510855 0.214057118 -0.986825163 -0.131851828 -0.825707313 0.657110499 -0.589582002 -0.831260646 -1.159957143 -0.959907311 1.177848026 1.518361521 1.154477125
-26.363791131 -21.947631238 31.104609325 -0.117784795 -0.974896560 0.117819054 -0.147723087 0.159072338 -0.010862396 0.056758070 -1.309346471 -1.644664838 -0.296312821 0.456425538 1.133784158 -0.337191522 0.047894349 -0.154773074 -0.104761567 -0.043204494 -1.105116339 0.411562442 0.118731759 -1.235274425 1.080209804 -0.210508394 -0.016777259
-25.969676538 -22.317143574 39.924556557 0.512660004 0.619639380 -0.388570415 0.449710787 0.311757857 -2.120607772 -2.517985768 -0.200192330 1.329480593 -0.150450320 -0.253085957 -0.007070097 -2.361216992 0.718316374 0.097420219 2.665117928 0.607262184 1.676548354 0.476388717 1.112887270 -0.262368643 -1.289469335 -0.606336588 -0.220474873
-25.581814354 -13.680099647 25.998299824 -0.176023621 -0.552057674 0.714145785 0.392738854 0.353786156 -0.943812585 0.521959869 -2.077448716 -0.869603950 0.778002733 1.314117573 -2.241161682 -0.482062592 -0.873232234 -1.917216025 0.226528403 -2.028632557 0.798760388 -0.475229619 -0.608110626 -1.246043374 -0.350826908 -2.400399723 0.740020484
