11.507314726 -19.731269674 -11.421091954 -0.199799256 -0.623914071 0.674600853 -0.340184036 -1.711771032 1.072464213 -1.022013896 -1.311680984 0.309376160 -0.808211945 -0.675922089 0.110043384 0.781580070 -0.610855913 0.633528889 -0.497556629 -0.519420711 0.422346761 0.311975319 0.043781430 0.691752062 -0.210085712 1.715024453 -0.993036025
18.138493780 -30.004874070 -6.590472823 0.263665773 -0.843317783 0.404002818 -0.236806248 0.332880795 -0.209896606 -1.236162305 0.157389394 -1.172420918 1.178968074 1.552971611 0.725720966 0.757373614 0.398580175 -0.098383268 0.138869881 0.358807954 0.485180766 0.538481404 -0.175053446 -0.991589446 -0.746583575 0.333909085 0.129789279
17.744436875 -17.155210512 -7.522488724 -0.455696602 -0.086819828 -0.260803391 0.846631275 -0.531810309 0.600650788 1.107974576 -0.416771672 -0.088414167 1.144408639 -0.487670994 0.279131924 0.089016318 1.108819478 0.048075241 0.181702754 -1.112968776 1.057970608 0.785438348 -0.092814259 -1.357250249 -0.676851233 -0.056342408 -1.743685974
9.961645678 -25.147320627 -3.917774899 -0.118135611 -0.076422465 -0.345516200 -0.927805012 0.133599371 0.139355771 0.157805577 -0.024127775 0.794074171 -0.509436632 -1.429412591 -0.667706860 -0.468751299 0.947796650 0.317221572 1.572741638 -0.924471218 1.241531894 0.879733061 -0.685304700 -0.133169275 -1.358745140 -0.102152526 -0.295037107
18.172661553 -28.646373221 -13.957327425 -0.325856268 -0.046224626 -0.942251815 -0.061987857 0.264046512 -1.591290654 -1.829246948 -1.726267912 0.305104243 -1.868056831 2.078176048 -0.444074248 -0.395925676 0.985888661 0.033094465 1.778147084 0.078441377 0.240084958 -1.869122070 1.197375759 -1.564046946 -1.545338770 -0.051848834 0.998897387
12.923878189 -29.741861043 -6.154007172 -0.366436031 0.296498526 0.087841271 0.877551805 -0.801080414 -0.832716462 0.455485733 0.683639278 -0.383402793 0.490748885 0.099179518 -0.153853519 -0.228092728 -1.650661205 1.830188423 -0.690865725 1.830992755 -0.201306846 0.935738975 -0.864884843 -2.651017409 -1.503059579 1.763257478 -2.306967634
15.067556151 -19.715304074 -5.362201787 -0.864769308 0.396652841 -0.265886355 0.155386659 -0.090762304 -0.355000036 0.522536046 1.561571768 -0.533019288 2.319140295 0.002772257 -0.239847575 0.776126738 1.719281890 -0.750725333 0.298639685 -0.103313546 0.303095195 -0.083788294 -0.699076477 -0.020756654 -1.518739318 0.287701064 -0.137683496
20.590350265 -29.210991884 -2.274573342 0.683751339 0.288072224 -0.650711433 0.161471766 2.324170300 1.316762231 0.398600702 -0.307368720 -0.546768162 -0.490005566 2.351866542 1.633509495 0.537898173 0.831168592 0.951697814 0.324297473 -0.681169284 1.250894291 -2.864700118 -0.448036258 0.152944990 -0.832959576 1.740440841 -0.319945923
18.860919850 -25.252506120 -5.315904124 -0.687329280 -0.446342329 0.016356149 0.572790941 -0.563609672 1.139529922 0.089532983 -0.684021946 -0.257717833 2.190625681 0.533296820 0.225278133 -0.664705444 -1.591633530 -0.688042417 0.067995791 1.054409953 -0.528430712 -0.161271167 -0.926968271 1.224417588 1.066971848 0.235785002 -0.250780303
12.214298916 -28.455843431 -10.036895076 -0.290729305 0.460344558 -0.246275934 0.801815143 -1.398372134 -0.614118037 0.057660187 0.434333920 -0.710018251 1.859882738 -1.455935639 -0.296985462 1.214812101 1.843531761 0.274557246 -2.056618138 0.101225454 -0.543894512 0.255836145 1.862499763 0.461336761 2.482311384 -0.035588155 -1.088162059
14.732448992 -26.981640403 -14.714521935 -0.210839132 -0.638997127 -0.309481226 0.671900962 -0.264673045 -1.205355334 -1.684217246 -0.803048871 -0.222181320 -0.047311633 -1.759922012 0.043248296 0.121309884 -0.312872103 -0.135997485 -2.745388852 -0.697049011 0.009108284 0.077781211 -1.010591632 1.293155010 0.520708019 0.276025169 1.000259173
19.573008136 -20.037810536 0.124100848 -0.618381753 0.046936853 0.385594719 0.683167367 0.569420776 1.761914960 0.627675130 -0.502381372 1.137143668 -0.502461122 -0.351941491 0.109357289 -0.260586508 -0.367539347 0.756492702 2.021414028 1.315359296 -1.126395800 0.039333430 -1.640467262 0.627095229 0.722212403 0.609276669 -0.840560353
18.685878957 -16.578846596 -9.945829078 -0.513797241 -0.839596859 -0.166308979 0.058573309 0.478203740 0.772749257 -0.320874569 1.280078472 -0.803379348 2.233956298 0.833371297 0.097470045 -0.366719502 0.813869338 -1.393285685 0.238057319 -0.207741728 0.116594335 -0.224121632 0.060682228 1.028814710 0.434371459 -0.976138639 1.453275477
27.487095638 -23.261940352 -8.284091417 -0.379404907 -0.677304851 -0.509152439 0.371582897 0.668993400 -0.919577554 -0.532583009 -0.521675853 -0.936402512 1.227520151 0.102396139 -0.774360793 2.973395832 -1.507999770 -0.324955044 1.097056493 1.472759612 -1.284521051 0.001166354 0.352920089 0.037575965 -0.757256763 -0.158009277 0.312710637
12.123492449 -25.248283677 -1.427642597 0.000382459 -0.683127887 0.635618045 -0.359619027 -0.359023665 1.417067107 2.185100471 1.395499215 0.294537433 0.095212561 -0.886924406 0.608220063 0.172499804 1.129625285 -0.075178457 -0.281323642 1.177796757 0.549484050 0.221533902 0.487692276 -0.670543278 1.876660470 -0.045997230 -0.983710377
22.160108428 -19.939054818 -12.887900848 -0.190394611 -0.780246130 -0.576708739 -0.149575729 1.079119468 -0.031167073 0.427132898 0.602588456 -1.458550821 -1.371677731 1.847321820 0.700840346 -0.008877280 1.742839353 -0.255831131 -0.498584901 -0.282511904 0.230828519 1.210098844 -1.710337175 -0.432423342 -0.262157372 -0.161138909 0.300662077
25.677831611 -19.352703984 -2.333087993 -0.263304247 -0.589511151 -0.162462240 0.746159163 -0.678951863 0.219027041 -0.213573672 -0.567339407 -0.681319080 -0.862604727 -0.004968167 1.279191138 -1.177124101 -1.026578445 -1.010558805 0.582624619 -0.169087938 -0.754863838 0.673495661 0.492444811 -0.509080163 0.899797229 0.185652767 -2.467854271
21.191615579 -24.702827698 -8.047753441 -0.095261042 0.327689458 -0.516350276 0.785447226 0.575314349 0.067401126 -0.576793911 0.391543660 -0.638345106 1.718457059 -1.273490849 -1.235848879 0.350078270 0.322299190 2.210858506 -1.029783246 -0.276853583 -0.150207334 -1.096425267 -0.270434947 0.617136242 -0.180129093 0.701448707 1.147958435
19.342981437 -20.043164876 -13.318726999 0.350010365 0.422273622 -0.133467691 -0.825447823 0.426045978 2.656357855 -0.691822384 -0.778593872 -2.067968300 -0.723105901 -0.694154538 0.421150880 -0.006175652 0.340652702 -0.524591580 -0.238862451 -1.297987069 -1.079005176 -0.377823614 -0.447169234 0.574221340 1.879518419 0.156685556 0.101110423
25.511915289 -24.221258131 -10.793376651 -0.328446635 0.553469451 -0.762432435 -0.067016093 -1.061538885 -1.036602609 -0.466159508 -1.359720141 -0.653857620 1.246602874 0.199945780 -1.333660342 0.977005561 -0.397631784 -0.981320415 -2.152807325 -0.560346486 0.293304415 0.092936666 1.575001407 -0.807408476 0.899657109 -0.366067333 0.248140676
12.823906561 -21.055006554 -13.961474137 -0.719912122 -0.422470316 0.543052019 -0.091322903 -1.118857506 0.132485661 1.975459952 -0.411610270 -0.859219202 1.099260692 -0.197692322 0.156098968 -0.991916919 0.832051689 -1.119774924 0.946216001 -0.645327681 0.928499392 0.545820700 -1.004722074 0.342297368 2.215695611 -0.166870137 -0.728922539
17.235399506 -25.780605878 0.142370785 -0.776424462 -0.568208381 0.220092427 -0.160821687 -0.032764593 1.056820038 -0.800954237 0.459360902 -0.750691855 -1.019669789 -0.112942826 -0.029159003 1.303271668 -0.101357777 0.318343844 2.475897088 -1.693525558 -0.037896233 0.836024612 -0.215322427 0.313936454 0.298286620 -0.096745256 0.987081820
14.747823660 -26.723449556 -6.329492826 0.614783818 0.252065709 0.223502411 -0.713127203 0.304146877 0.674927648 0.318008129 -0.646123662 0.993298316 0.401284325 -0.365456843 0.722750373 -0.647572320 0.032705247 0.841135712 -0.156280018 0.051581625 -0.999009600 -0.617821590 -1.178143636 1.632331509 1.630694739 1.310845887 -0.153693618
18.252980548 -17.950013486 -9.494976614 -0.252406204 0.101074523 -0.657483755 0.702702043 -0.196074931 -0.769116821 1.004266508 -0.497008662 0.006454372 -0.988543100 -0.931903495 -0.982960352 0.228119361 0.163349870 -0.365734645 0.269140508 1.045144698 1.436554995 1.103205675 0.269754452 0.043464653 -0.063418165 -0.429394492 -0.253334987
15.759548985 -17.451297578 -7.724871750 -0.335081686 -0.511362830 0.022865458 0.791015481 -0.542019075 1.505653466 -0.891443260 -0.926216789 -1.476782972 -0.491173000 -0.143563469 0.174156179 -0.538644603 -0.266772508 -0.451650448 0.373853190 -0.204536562 -1.501787071 -0.086041419 1.636875472 -2.197878581 0.537997442 -1.788074841 -0.696735874
11.762536455 -26.067508934 -8.002467933 0.687029465 -0.026652592 -0.192430001 -0.700179155 1.542507345 -1.050893015 -1.692376035 0.753428698 0.232025356 -0.976153316 1.056238436 0.128586084 1.765766093 1.038731706 -0.006033687 2.409928926 1.754053951 0.714085921 0.268223126 -0.787886141 0.566650666 -0.993530346 -0.468685763 0.183740226
15.630875612 -21.754961637 -16.045151892 -0.170310592 0.547450674 -0.492545343 -0.654745100 -1.564885314 1.606745714 -1.225986740 -0.866867714 -0.619553050 -1.333551538 -1.419280306 0.128915826 -0.152645123 -0.191054332 0.277168673 -0.966839078 0.329343549 -1.096120014 -0.633484550 -0.009490166 0.946569383 -0.285396368 0.420219560 1.489208378
20.550756011 -21.072406623 -0.726862448 -0.811187333 0.062201220 0.220365984 0.538093814 -1.218202339 0.233596134 1.220869135 -0.014311686 0.890394957 -0.058114137 -0.926076665 -0.818709943 0.803737219 0.122987092 -0.856932177 0.469704040 -1.823540752 -0.197868293 -0.949439633 -0.889645513 2.299673512 -1.660989513 0.206931144 -0.248480912
15.462568685 -15.409507134 -4.494631948 0.200214110 -0.373820192 0.644911685 -0.635815770 -0.970043574 -1.234445377 0.480610344 -0.652858115 -0.622984828 -0.082823650 -0.138770968 0.842826312 1.615313767 -0.259297206 0.101959914 -0.649099897 -1.002073679 0.863951343 -2.227262934 0.795401036 -0.330781654 -0.385184657 -1.145809503 -0.071630445
22.270398958 -22.396376768 -12.055430259 0.091183374 0.291576384 -0.914993101 -0.263545877 -1.937166593 0.310029836 0.617302345 -0.066464533 -1.175531647 1.368138833 0.421901032 1.451953690 0.989434053 1.799716160 -1.044585467 -0.648182632 -0.419249590 -0.631980340 -2.189867047 0.895330134 0.801085998 -0.162346662 -0.906713101 -0.492747709
23.454011450 -30.549682069 -7.673836142 -0.043958622 0.192065831 0.596347192 0.778169893 -0.531093152 -0.848541895 0.964738464 1.102412535 -1.139688960 1.259665902 1.469517673 -0.965406849 1.299212556 -1.018816260 -1.946047144 -1.314663043 -1.012406513 -0.665466122 0.991671785 -0.422498511 0.278377900 -0.246217243 0.423065152 0.010161609
10.673860037 -18.194619097 -4.298263526 -0.406990816 -0.459412217 -0.722294088 -0.318732083 -2.405721337 -0.637746036 -0.139690636 -2.185713829 1.133353826 0.673980956 0.326578263 0.862680350 0.259252784 -0.214695369 -0.042561380 1.088485633 1.432971339 -2.443229793 0.854157819 -1.043603494 1.840457865 -0.822814496 -0.388634715 -2.135902810
10.040556260 -18.349997655 -9.096244483 0.586977228 0.042619724 0.119769582 0.799560217 -2.062006912 1.306470971 -1.581390648 -0.815279827 2.438634270 1.700638862 0.612090391 -0.197627991 0.284714554 0.248449783 0.802958259 -0.462459473 -0.555445946 0.729653350 0.682762863 1.644979607 0.073010333 0.303178944 1.140749160 0.304222123
14.619428288 -30.651745105 -1.330995932 -0.573587355 0.233757676 -0.411604690 0.668533077 2.041634267 0.641816312 0.175227552 0.505624986 0.550957176 -0.339082866 2.323236900 2.153574543 1.088671658 -0.445076386 -0.408926250 -0.205702715 -0.458488687 -1.279610589 -0.131730897 -1.722651454 0.542613965 0.387537513 1.694942410 0.896501042
20.463644645 -23.972652777 -13.281414431 0.344007676 -0.149815700 0.926810807 0.015352608 -0.854609153 -0.161437339 -1.848554131 -1.496857208 0.381507092 0.160823225 0.807050075 0.259308880 -0.308743601 -0.637722360 0.536139517 0.414455487 -1.374821229 0.647523335 -0.653887187 1.820067960 -1.592532142 0.290223567 0.835543630 -0.550902212
13.370314214 -17.097493120 -0.280622504 0.347126055 0.268355579 0.898400993 0.019090321 -0.335970336 -1.116321341 1.041628735 0.809785648 0.264676427 -2.186341373 0.537735311 -0.128632935 -0.365357757 1.077725082 0.832132021 -1.333405280 0.194008408 -0.941516848 -0.576569943 -0.607496019 -0.724852569 0.097751611 0.595208810 -0.655265561
11.913583693 -16.515184128 -7.624185355 -0.022200296 -0.606400863 -0.777753779 -0.163964018 -0.703637610 2.832546290 -2.880334266 -0.662256536 -1.208232389 1.130874930 -0.044470530 -0.181571280 -0.497542553 -1.081743446 1.765920626 -0.311279379 0.561949735 0.771057854 -0.349343247 -0.326321748 1.344893581 -1.250302852 2.571942930 -1.045789051
20.289367171 -17.925383482 -12.924946554 0.602298455 -0.528172037 0.413569596 -0.432702045 -2.328140489 -0.669914098 0.785642770 -0.249028245 1.231724837 -0.254239701 0.883715780 -1.169254065 0.468725906 0.502856249 0.102502590 0.112124275 -0.491898226 -0.657697060 0.221224213 0.817196614 -0.836067689 -0.617946494 -0.141659397 1.138250969
15.148539752 -16.486620644 -2.433752257 0.342987149 0.018860757 -0.394836199 0.852119982 -0.305375453 0.809366965 -1.245576193 1.112803672 -0.174014743 -1.083878420 1.980626777 0.403070647 1.257748626 -0.160361463 0.385407995 -0.216663815 -1.120268966 -0.295381987 -2.251437831 1.645581170 -0.962772514 -0.434506340 -0.117106648 -0.026097032
19.282180483 -25.016279848 -15.499788453 0.819470480 -0.053663977 0.215609443 0.528299989 1.138939656 -0.087613282 0.407439448 -1.655336645 0.544447127 1.028339163 -0.130641377 -0.644478162 0.717817029 0.044895503 1.346893316 -0.770965783 0.224087336 2.081730362 -0.924407466 1.444581259 -1.390237486 1.746975214 -0.240049205 0.562628107
19.086541699 -24.730256511 -5.399573860 -0.478506718 0.821371814 0.014313916 -0.310120582 -1.045580311 -1.181306348 -1.608795827 -1.137762794 -0.648997859 0.769574487 -1.817702423 -0.734286696 0.465810751 -0.184468035 0.335150317 1.977621842 0.991078460 -1.527051466 -1.114384868 -1.081424999 1.101058139 -1.193084805 -0.563184100 0.077098915
24.201446816 -22.764288047 -7.862137211 -0.398311364 -0.497746612 -0.220060197 -0.738356200 0.319165864 -0.514540810 -2.311816512 -0.319151570 -1.531526986 -1.386464930 -0.137499426 1.968395378 1.811951667 -0.597314361 0.050986800 0.607557276 0.018878696 1.183575942 -0.289830342 0.905994940 -0.376263089 0.091366782 0.169170700 -0.930206622
19.504988543 -17.989137692 -11.290925351 0.799425987 -0.395295329 -0.270303446 0.362761275 0.370206981 -0.524423409 -0.810571177 1.323392151 0.414628614 0.333414196 0.514551492 1.175819814 -0.462677728 0.558952017 0.999541280 0.984031762 0.843433052 -0.887007493 -0.870827199 -0.683812034 -0.070784098 -2.472911761 -0.923986986 -0.486171488
26.218068442 -18.835635245 -7.008821342 0.685759784 -0.459921335 0.096221489 -0.555830288 0.789577927 0.642549925 1.007200489 -1.120201421 0.549859784 1.646444063 -0.714866028 0.664943071 -1.241337665 1.113556799 -0.219546767 1.591558966 -1.413449470 0.117309017 -0.179299567 -0.254983662 -0.834598941 0.396544765 0.153860013 0.382443128
22.799181179 -14.568092610 -6.766290132 -0.038814520 -0.111658289 -0.590693857 -0.798189594 -0.071818723 0.088292209 -0.710742121 -0.590048344 1.566210727 0.328500972 -0.178504094 0.656291842 0.105541249 -0.545325088 1.220646372 -0.201371607 -0.049680864 -0.164436607 0.555707004 0.589868983 -0.160649055 -0.310803219 -1.211106094 0.558456571
12.368235461 -31.292718079 -6.683834442 0.572675407 -0.034095327 0.569491024 0.588693775 0.242239877 0.037284776 1.672606376 -1.193036802 1.584450020 -0.630957722 -0.097968482 -0.905836127 0.740865501 0.587370068 0.752179522 0.078047647 0.365039162 0.678273985 -0.586414943 0.472986617 1.283257754 0.602204929 -2.468055296 1.109516951
18.191496786 -26.057054404 -10.680474856 0.121979390 -0.270063855 -0.341324703 0.892011205 -0.445878460 0.820447242 0.677910186 -0.639202361 -0.341151929 0.948366817 1.191438310 -0.920083605 1.366903142 -1.007708219 0.135264000 -0.835330132 -0.193963868 0.964181529 -1.206455011 1.512272313 -0.440687257 1.260156494 0.587674557 -0.751641384
19.059120720 -16.940829377 -1.443803990 0.010525441 0.371182916 0.405027956 -0.835502730 0.450597087 -1.445102121 0.908945210 0.321939514 0.858038509 1.401618022 -0.674687267 1.069818045 0.429594680 -0.126564919 -0.741333965 0.001290426 -0.655425176 -0.421626875 -0.263570475 0.108054489 -1.112454908 -1.525618359 -0.726555145 1.552349062
19.737087892 -17.290155689 -0.811104858 0.853701326 -0.250492717 -0.393587655 -0.231378914 0.085624639 -0.440820763 0.048582928 0.623735529 -0.500696163 0.017317875 1.891504945 -0.330982683 0.905511203 -1.359217152 1.078599881 1.276250952 1.077105573 -2.282617597 -2.439574885 0.152585888 0.109452737 -1.102564778 0.040266941 -0.848798649
27.143447971 -24.775751083 -8.016953229 0.265582005 0.488194037 0.098097864 0.825535941 -0.225050204 0.261722606 -1.098500660 -0.598349006 -0.728917211 -0.585942807 0.023739241 0.870070693 0.277482188 -0.854545468 -0.980053323 0.596505835 0.027525298 0.347846697 -1.090048129 0.347925581 -0.948722591 0.525583398 0.416361131 -0.751644251
22.677586073 -28.243873236 -6.613137704 -0.449094325 -0.377877534 0.646256332 -0.487724933 -1.402257751 -0.814043409 0.284830427 0.614853527 -1.196346358 -1.030521143 -0.125268615 3.027656632 0.730760594 0.650206551 0.109984625 -1.475074272 -0.931009037 -1.010782214 0.258873541 -2.497182446 -0.185920083 0.623458558 -0.442728097 -0.195711366
10.904432781 -29.139366681 -2.872791047 -0.308630864 -0.357860228 0.296346548 0.829976970 -0.995177142 -1.116145667 1.287513328 -1.383882784 1.369141045 0.789032261 0.841667741 1.465657554 0.545143732 0.287412098 0.718388353 0.540377859 -0.644673989 -0.278276676 1.679873687 0.225157755 -0.001407477 0.863946329 -1.409204163 1.364946528
18.619760478 -21.664116279 -7.228287126 -0.517437957 0.224300503 0.689863922 0.453910800 1.081436678 3.276651012 -2.732278927 -0.658724306 -0.035795936 -0.873819040 0.746909249 -0.583745860 1.631773386 -2.653323616 1.074746094 -0.154191667 -0.278414825 0.264850943 0.176731994 0.444003913 0.915232742 1.557935776 0.056960835 0.090826921
24.166033120 -21.600452009 -13.048385070 -0.180607829 0.251229631 -0.579043905 -0.754302751 1.344236058 0.145026342 -0.819778038 -0.073291241 -0.095542015 0.091868602 -0.207747874 1.673463900 0.524737630 0.464654615 0.696122324 -0.372570822 -0.134012040 -0.955170453 -0.156486325 0.177382748 1.838125012 0.079423364 -1.092782349 0.679360462
16.422214222 -22.450530776 -1.584579152 0.030255538 -0.493120903 0.781325681 0.381374563 0.277044960 -0.682317433 -2.046358755 0.576213719 -0.145573141 1.244118835 0.298740149 0.629013903 -0.871353764 -1.362478413 1.421269863 0.293990239 0.778958812 -0.045694512 -0.425339408 -1.398971396 -1.007911482 -0.386358419 0.040813133 0.670448432
17.747366403 -21.013468188 1.931897278 0.276773668 -0.463051790 -0.602316229 -0.588382984 0.407041824 -1.443809963 1.002723241 -1.457747809 1.077699616 -0.278187221 -1.145690339 0.177642033 -0.399520197 2.663854377 0.050629410 0.740319083 -0.278732182 0.919486645 -0.285138448 0.559209247 0.212092544 0.486676703 3.235258505 -1.119731265
23.132113333 -24.240451816 1.279746198 0.983752458 0.039031185 -0.134010178 0.112911207 0.574921315 0.020570509 -0.896017446 2.608354588 0.722033229 1.220846987 0.599277170 -0.836253334 0.841732087 -0.682257121 -0.936602439 0.459345221 -0.285689718 1.125554375 0.275122868 0.495387981 0.205888724 0.917268112 0.651758811 1.024497876
15.671346461 -14.861513162 -6.346917048 0.557135476 0.368179750 0.733554564 -0.126259397 -0.955846137 -0.829698855 0.640728943 1.315672793 -0.359557993 -0.029443448 0.641293517 0.539433014 0.608474420 -0.197499154 0.134989728 1.132455139 1.089275126 -1.339963186 2.410707952 0.015681928 -0.571847203 -1.034715879 -0.582224188 -0.078851339
12.087812561 -18.377800766 -0.176479434 0.088929347 -0.719041207 -0.474706266 -0.499725199 1.232370299 -2.034997148 0.052538055 -1.478681276 -2.520218111 -0.432064319 1.782579372 -1.572239423 -0.403447423 -0.520779818 1.505900269 -0.461872763 0.407768671 -0.204018843 1.162336144 0.945152946 0.363159531 -0.522438765 1.365011955 0.923697803
13.324763258 -24.855574425 -3.074513358 0.333144736 -0.463609008 -0.805087149 -0.160984332 -0.099499041 0.491342869 -0.740000478 0.823717172 -0.446663393 -1.553887235 1.491648216 0.107970055 -0.225505446 -0.032211200 1.027440375 -0.382834664 1.213853483 0.548818043 0.082582236 -0.985352122 -0.515829804 0.428582482 1.458395734 0.434083730
25.472137111 -24.712498793 -9.699507139 -0.687709685 0.528012939 -0.497452843 -0.028255883 -1.426641735 1.146393999 0.982325380 1.039141011 0.546927263 0.547321821 -0.164466470 -0.927115521 0.000444902 1.214032336 0.733476518 -0.334914827 0.842461325 0.607023900 1.503391946 1.312391364 -2.406587901 -0.259469770 -0.092573496 -2.232048052
19.082529315 -17.352622254 0.962561942 0.744863506 0.152537525 0.382387919 0.525062035 -0.520841542 0.322938975 1.999457617 -1.079735665 0.575525980 0.018929916 -1.705182852 0.175546378 0.969101620 0.238936622 0.351799069 1.076468583 0.432639246 0.274791363 0.722622434 0.797913902 0.210480910 0.056776804 1.117673531 0.881815255
16.606825684 -19.266831451 -11.167232419 -0.825756848 0.167449742 0.251562120 0.476238083 -0.844132493 -0.975160054 -0.231861255 0.443020026 -0.334898608 -0.535307019 -2.612356307 -1.006701592 0.271753662 -1.539970459 -0.046719391 -0.079401482 1.561062891 1.400359808 0.405213523 -1.110969544 0.695345584 -0.522579173 0.568832131 0.436738749
14.795708829 -23.479906227 -7.653608527 0.854098098 -0.042709194 -0.501350149 0.131682922 -1.105759961 -1.129454342 0.196771517 1.446750087 -0.745923305 0.556121404 -0.890196084 -1.337569858 1.274260292 -0.533356594 2.540432777 -0.940417032 0.431286659 0.462583067 1.973200950 0.325212713 -0.122582578 -0.556306679 0.187038313 -0.581413146
23.409904332 -17.035614988 -4.842632227 -0.404319120 -0.274942425 0.664750275 -0.564836068 -0.573281490 1.398819827 -0.538088105 0.689444084 -0.099970671 0.089708927 -1.210379161 0.769066397 1.010589494 1.208217300 0.335976427 1.930140201 -0.110212272 -0.186392769 -0.927742104 0.901597035 -0.823430170 -1.248094381 -2.033034157 -0.532403547
14.839355723 -22.051835524 -4.048857682 0.674580260 0.638862193 -0.042027007 0.367464693 -1.858978753 -0.985197885 1.417090964 0.045419448 0.501784403 0.661478927 0.130594927 -0.459266874 0.894416052 -0.418251426 1.201073859 -1.107224985 0.687314558 -0.012324694 1.474502046 1.457625280 0.042026919 0.427527633 0.087903477 0.974546695
22.304352743 -16.283533140 -2.322905554 0.524319202 -0.676531488 -0.415211856 0.308210374 3.054590793 -0.962644898 1.838920419 -0.624149296 -0.639547743 0.121918533 -0.013812688 1.948480841 -0.808386742 -0.661541330 -1.072347552 -0.908407472 -0.719117202 -0.075029818 0.120805176 1.130816149 -0.122669228 -1.978314313 0.362422440 -1.581079221
19.368794220 -27.548278504 -11.645694010 -0.269326531 0.682129683 0.679808346 -0.004788338 -0.569562740 1.139159172 -0.119285590 2.131042342 0.751441137 0.646045969 1.365247498 -1.284544785 1.184933431 0.077387567 3.656353016 0.350186007 0.855695446 0.002818985 1.076218252 1.341752335 2.398094094 -2.372762043 -0.136492037 0.571346820
14.125857801 -22.421834272 -3.801388387 -0.507396989 0.650976990 -0.496624049 0.268592273 0.056226675 -0.838664746 -1.395335375 0.739783059 -1.155634847 -0.493109213 0.009354478 -1.516112554 0.043879973 1.188649098 -0.380178659 0.498505014 -0.143438124 0.126813137 -0.900637780 0.823339854 -0.998288896 1.119681547 -1.557992838 1.010323555
21.569781939 -22.476362699 -1.671930455 -0.126160145 -0.531116521 0.709782821 -0.445204680 0.933970002 0.573625431 -1.925842371 -2.445807119 0.220423882 0.358785220 0.267800081 0.595719209 -0.114581228 0.540733691 0.580657359 -0.451298925 -0.058418581 0.620896609 0.508363486 0.124232569 0.859810928 -0.011382306 -1.136916773 0.506412169
11.882046629 -19.571688159 -7.127169965 -0.901726223 -0.250444145 0.065770162 0.346181795 0.784314334 0.218574976 -0.446881585 1.165728813 0.365489834 -0.990706298 0.817936391 0.968131771 0.469447500 -0.269174648 -1.866734606 0.657351492 -0.327819529 -1.190072262 0.079051591 -1.158055146 -1.339960613 -0.427556298 -1.329778748 0.623389568
16.278259921 -20.318091223 -1.507946018 -0.169473127 -0.759353151 0.314276004 0.543959783 -0.903305473 -1.572435343 1.437934479 -0.092395769 0.101366884 -2.186029105 -0.363477049 0.664354969 1.221269049 0.621496654 -0.050016587 -0.116628814 -1.113202607 -0.572439318 -0.454606742 -0.128858524 -0.969976915 -2.141112757 -0.890477794 1.485732103
10.398394208 -18.122081269 -8.075580117 0.295338970 0.340033347 -0.815296661 -0.363927974 0.177204284 0.026792022 0.132909288 -0.283320516 0.972779031 -1.322476187 -0.199621623 -2.171461318 -0.936068041 0.305006782 -2.183685503 1.061251743 0.093195878 0.782824218 -0.199786045 0.395018521 -1.158010104 0.591785231 2.095333871 0.006252568
14.403786841 -25.405799528 -2.576637829 -0.348695908 -0.618304187 -0.638971631 0.296355109 0.441020514 0.518921438 1.054832357 2.094121963 0.782808838 0.255929598 0.707621870 0.789173741 -0.303014671 -0.951940519 0.172935718 -1.049752055 0.191037271 1.182753548 -2.646344237 -0.864952126 0.575533187 1.299639245 -0.370843366 2.839789247
10.035824589 -18.615999784 -7.790467333 0.000986850 0.195861599 0.850686244 0.487821868 0.260105951 1.553603789 0.493518681 1.099410723 0.137561226 2.256265405 -1.363723844 -0.887408851 0.863965105 0.520048333 -0.071182725 0.486933000 1.599484574 0.417793453 0.681929429 -0.330633571 -0.143013651 1.371125001 -0.350452155 0.259793111
17.035688465 -17.194138890 -6.871175412 0.604251797 0.513820199 0.590591104 0.148562164 1.386106781 0.453448657 1.311686572 1.257839219 -0.250806200 1.650390397 1.322257466 -0.170439519 0.695300027 -0.839426262 -1.391196727 0.478270340 -0.841450448 0.281565649 -0.268730486 0.396948280 0.557846482 0.569157229 0.092155423 -0.184467635
13.323439699 -28.274200350 -2.401894100 0.814320702 -0.565829999 -0.101582497 0.079995016 1.131645069 0.895939865 -1.139082183 0.142397912 0.243627053 0.225001764 0.450458218 0.906894603 2.149248879 -0.403910385 0.578624009 -0.011367509 1.451754122 -0.104612765 0.282374584 1.254834417 1.190238270 -1.833756223 -0.624207778 -0.498728924
18.067910380 -23.380091582 2.631991803 -0.219048543 -0.907126623 0.312888161 0.176748475 0.503017181 0.428317988 -0.663865878 -0.743037880 0.039077386 0.348364392 0.233304002 -1.548773385 0.268363967 1.109118534 -0.343857410 -0.748968051 0.502215633 0.167260366 -0.476865421 -1.186570873 0.300224977 1.501303901 -0.221519402 -1.396995915
21.636044904 -21.673934506 -10.333788754 0.006921689 0.841929182 -0.019603691 0.539187388 -1.066594531 0.068543376 -1.464559428 0.285542613 -0.239159334 -0.293333560 0.072437745 1.438856054 0.089020328 -1.718981611 -1.453890307 0.630729903 -0.683033838 1.393571442 -1.320074416 0.333415862 -1.614840342 -0.467362126 -2.187012039 1.282053782
12.860645060 -21.775486737 -0.681536055 0.411719404 -0.607957631 -0.664298903 -0.139934339 -0.531085792 0.693712866 0.423858557 -0.917487185 -0.417383612 0.209211030 0.125599870 -2.188589212 -2.222511316 0.998202140 0.997525784 -1.100015301 0.539352558 0.852679947 0.081016612 0.994261207 0.132295674 0.230930524 1.109977947 -1.254651287
17.259941349 -21.309956226 -9.033511964 -0.817855367 0.063334468 -0.392345953 -0.416132187 0.503942392 -1.499548357 -0.472374118 1.030084658 1.586020571 -0.049863273 -0.360200249 -1.015735956 -0.622218845 -0.023734446 1.282782928 1.882433591 -0.440394490 0.365456503 -0.928918455 0.846141069 1.803021033 -0.557721771 2.337489859 0.144938038
19.478854445 -15.780833605 -11.125052501 -0.839215039 -0.307898798 0.394662172 0.212504633 -0.004836017 1.069641747 -1.618447259 0.434536751 0.191981857 0.662657714 0.626317326 0.550958459 -0.156733295 -1.680116813 -0.114222918 -1.353278277 0.716979292 -0.050515991 0.637074496 -2.235639638 1.528483219 -0.912553195 1.308837533 -0.621454030
11.075605963 -29.591515595 -3.540969769 0.786768004 0.111165228 0.256657584 -0.550241115 1.798722161 1.082710143 0.467543627 1.178954847 -0.286372236 1.019310827 0.217350852 -1.046822392 -1.457631031 -0.056120978 0.563814858 -0.622947424 -0.025819382 -0.000234365 -0.463263937 -1.563914203 -0.118980816 -0.254653240 0.922705241 1.896909578
10.927670532 -21.935469796 -2.805106724 -0.305167334 -0.142290930 -0.941042578 -0.032635200 -0.946887916 -0.216320704 -1.685521234 0.098042288 0.529545080 1.060272634 -3.157593164 -1.314037759 -0.667453115 1.268497442 1.221690287 -0.761903707 0.658739262 0.732898479 0.318778911 0.604644207 1.123741507 0.798512246 -0.774836281 0.454299098
18.553664136 -20.384784918 -10.553369770 0.705776399 -0.702315017 -0.006849332 0.092662706 1.207890194 -0.555665613 1.078833155 0.729189352 -0.565456282 0.980382323 -1.886881334 0.753673215 0.300434802 0.171657131 0.772968163 -0.468776869 0.157025011 -0.128369344 0.249294082 -1.016753842 1.050920728 0.065090147 0.515401880 -1.908075829
19.643604329 -22.191862698 -15.533896064 0.163498365 0.111516954 0.532808062 0.822768389 -0.864395124 0.527422038 0.550489137 -0.638730108 -0.146421380 -1.186971652 1.784221810 2.532062884 -0.266960220 -0.478832213 0.756914388 -1.191694399 -2.056718069 -0.533999517 -2.065002851 -1.320459638 -0.058571558 -0.725393678 -0.143434770 -0.070389308
23.341718382 -27.992005320 -10.611595407 -0.110541888 0.480869494 -0.187793436 0.849281253 -1.142991110 0.150540339 -0.887135470 -1.277228313 -0.678259606 -0.215319757 0.027358380 -0.224633119 -0.759812401 0.896989881 -0.843500610 0.346586447 -0.406588290 -0.724536887 -1.827946053 -0.942990543 0.293829155 -1.315855523 -0.622217590 -1.110473626
16.430539444 -15.780394704 -13.356625414 0.787692338 0.067473085 -0.518967506 0.325055214 -0.517074733 -1.906255586 -1.220528909 0.271177731 -0.219046970 0.674567551 0.514722275 1.169633123 0.611336448 0.463368062 0.564857678 -1.498903724 -0.400862949 -1.186801451 -0.558592302 -2.274448762 -0.363924811 -0.804841787 0.287057094 0.288832988
18.232501512 -30.707301467 -9.726563350 -0.074056993 0.213837179 0.915897820 0.331542464 -0.784383672 0.058517918 -0.357972956 1.255694051 0.823351078 0.191542559 -1.550683059 1.373959780 0.533192257 -0.503001233 -0.461337197 -1.478613062 -1.244207773 0.463954288 -0.931751759 -0.434565443 -1.053281425 -1.496028951 -1.286562772 -0.906927904
12.328025080 -27.387610627 -8.270794738 -0.471207772 -0.000556923 -0.739313955 0.481017466 -1.876478908 2.491574469 0.665004899 -0.915637714 -0.367152333 0.865528114 0.648963832 0.388530611 0.740881191 0.463499698 1.100599896 2.174003356 -1.258152447 -0.338214764 1.251714267 -0.642168432 0.787793993 -0.043793282 0.442412317 -0.339322470
16.957403601 -25.094544964 -0.960440219 0.458526791 0.320744922 -0.827918695 0.037769177 -0.720782119 -0.834929320 -1.544181054 -0.646994160 0.150749729 -0.482744284 2.170731262 -0.226427018 0.724651335 1.218292579 -0.687768764 -0.234336064 -0.393378115 0.153629843 -0.300179454 0.196538093 -0.834135597 2.299415987 0.583844476 0.070323683
18.893199387 -25.872567389 -9.408149318 0.489997039 0.612802356 0.476084375 -0.397139576 -0.157915418 -0.570260037 0.670965163 -0.299773822 -0.075332210 0.555776257 0.436733722 0.131427895 0.016870774 -1.068685978 1.294609555 0.965779415 0.550445878 -1.676128372 -0.627842204 0.966419820 2.522240548 1.469456150 -0.495289454 0.643361330
24.790227296 -18.887572319 -7.967649557 -0.274860109 0.047208172 0.950579744 -0.136460466 -0.335778656 -0.739227581 -0.960075918 0.938526407 -1.154628785 1.606190427 -0.128344940 0.831975215 -1.135139735 -0.314326721 0.752364084 -0.117254571 0.195160355 -1.637489132 0.831780772 -0.224305090 0.925854017 -1.127762061 0.697030943 -1.969038545
10.308640171 -17.407576573 -9.639342608 0.189319533 0.821971571 0.533420875 0.063111181 -0.534435442 0.563843228 0.737483677 -0.317818941 -0.422486128 -0.267416054 1.454108432 -0.197503525 0.095181047 0.119683225 1.888223987 1.567156686 0.136067307 -2.304870197 0.303835085 -0.842241691 0.052528834 0.487866389 -0.445679280 -0.036795688
15.475894604 -25.343229694 2.662245986 0.085795978 -0.152088012 -0.920199754 -0.350343688 -1.939004232 0.537867480 0.335999169 -0.611026199 1.299303315 0.799923753 -0.372721505 -0.693654394 -0.411277225 0.162935270 0.872879809 -1.192016248 0.252380008 0.589270946 0.896968472 0.868884204 0.200126493 0.474741960 0.675403229 0.197877053
25.573426634 -23.547425518 -7.866411115 0.717857562 0.420129787 -0.507902296 0.224068607 -0.508765830 0.643122323 2.143968337 0.553693306 0.559431972 0.295634294 0.396549839 0.970284130 -0.407149405 -1.381304885 -0.260547854 -0.463819368 2.713535544 -1.393358947 -2.212387874 -1.126188498 -0.923993563 0.368716063 2.102858728 -0.726126027
11.568048701 -26.361287293 -0.591913069 -0.187706883 -0.915850581 0.346967800 0.074814339 1.315640846 1.350934676 2.019625635 -0.033084240 -0.712594707 1.043084074 0.073348924 -1.241047077 -1.588520945 -1.642148229 0.462971785 0.860204464 -1.016354826 0.627523659 1.679390595 -1.264377477 -0.553161234 -1.501832840 -1.002489604 -0.447595425
16.946556490 -24.670330493 -2.004412479 0.725970410 -0.012323894 0.522228575 -0.447316892 0.323724535 -0.390703570 0.678441939 2.625978797 0.178960192 -0.509474629 -0.724650481 -0.158527333 -0.188707517 -0.399125307 0.201638764 -0.021527471 -0.642515168 -0.387021547 0.500848292 -0.054835693 0.047212358 0.613917949 0.058056126 -1.194696253
19.190994289 -23.746090270 -2.652826357 0.180386968 0.570652048 0.765763155 0.235422117 -1.268291878 -0.344481994 0.785319395 -0.526033579 0.482695933 -1.381547046 0.718758982 -0.414253060 -1.269699953 -0.100002203 0.525886610 -0.445089806 -0.651100838 -0.299821538 -0.094693863 -0.771123464 1.181817159 -0.555862145 -0.145634790 -0.122417654
12.117101349 -23.456100974 -1.368201991 0.144283101 0.812789265 -0.087046319 0.557654854 0.101872079 -0.953742505 1.823704705 -0.134794478 0.353014417 0.505040604 1.309874548 0.270180015 0.696042321 -0.854761191 0.199740279 0.818448521 0.742204993 0.694850772 0.776314438 -0.439880256 0.555464135 -0.246534386 0.462275474 -0.252942988
24.908632811 -25.161851651 -12.823634938 0.312317201 -0.588161244 0.735887364 -0.122450410 0.247984774 1.005144258 1.186383987 -2.493372158 0.659867221 1.609044708 -0.961220832 0.622198049 -0.325827271 0.813083811 -0.593990230 1.577988660 0.114113602 1.320635660 -1.411262255 0.346157609 1.695383852 -0.758218647 0.330032794 0.149479329
24.751349845 -25.860581909 -11.736764414 -0.435344251 -0.676222340 -0.443263898 0.395873523 -1.512706787 0.997409268 -1.517170659 0.923213445 -1.640522447 -0.217958281 0.422518721 -2.899046278 -1.704538025 2.019851700 0.561615483 0.867205138 0.711426282 -0.115394657 -0.527857319 -0.182194121 -0.845959455 0.273896680 0.481175023 0.721524837
12.566635287 -19.362477786 -11.169477840 0.512407786 -0.159261892 0.590444806 0.602867184 -0.705370904 0.242783196 0.636135664 0.867200275 -0.878243582 -0.412198555 1.857847408 -1.018180110 -0.609470610 -0.275871033 0.233924478 1.193938052 1.513816486 0.867570819 0.523911831 -0.577508816 -0.645030553 1.196213505 1.208023923 -1.140648768
11.973421910 -21.548829663 -7.712057572 0.848106118 -0.444981675 -0.283192978 0.050090498 -1.406754850 -0.588601614 -1.396809756 1.232028250 0.157611053 0.643379737 -0.581236680 -0.061254402 -0.088410257 -0.271510360 -0.917390731 -0.514011113 -1.957779632 -0.987685671 1.160415438 -2.196794246 0.012159787 0.993816042 -1.032633111 0.375800286
20.700043058 -29.409024154 -12.556059862 -0.234064668 -0.796106887 -0.375772069 0.412580790 0.568420625 -0.525493129 -0.191545384 0.111913946 -0.991442814 0.248393379 0.173930954 0.263439212 0.807065655 -0.194038544 -0.194732356 1.362959230 0.464014721 -0.313228688 0.627535650 -0.105856387 0.230533483 -1.322802134 1.288321541 2.227923148
9.366809723 -22.162028313 -3.366667748 -0.604993750 0.744466371 -0.262077945 0.105202356 -0.976020377 1.650251408 -1.036567494 0.954343585 0.521744056 1.674798600 -0.962574758 0.320252845 1.405183579 -0.369813144 -1.090862760 0.308917195 1.374937889 -1.120206742 1.113841310 -0.295564496 -1.498981402 0.478945131 1.367085168 1.198524956
13.882836474 -14.209594956 -8.926716979 -0.457719673 0.444466670 -0.254575422 0.726727896 1.579359041 0.545753724 0.859482788 -2.097887413 -1.259196314 0.663031391 -0.876570468 1.214557186 -1.109451126 -0.807570116 0.009434368 -1.168545156 -0.597071113 2.365761394 0.099653517 0.295113802 -0.267340450 0.930565523 0.491598727 -0.144670189
14.894834581 -23.470410272 -12.824861461 -0.662620206 -0.182409886 -0.725912119 -0.026696276 -0.739007799 -0.607814422 -0.565292505 1.458986845 0.404770981 0.161112986 0.781769418 0.934324371 -0.737268847 -0.237614666 -0.370598621 1.822553600 -0.257595281 -0.144505870 1.414794018 -0.915768818 0.699961465 -0.957709135 -2.476630829 -1.575237417
16.148056671 -30.223207939 -2.085945684 0.452564192 0.053199211 -0.001595580 -0.890142095 -1.888530967 -1.436861705 0.860985499 -1.277801804 -0.196761184 -0.020531055 -0.648971326 1.121614162 1.226195700 -0.018546988 0.743005404 0.065647385 0.326768971 0.636383128 -0.677378524 0.077382958 1.052890309 0.785553721 -0.419849061 -0.498694541
14.558625858 -17.537974111 -9.547928523 0.893898175 -0.262505925 0.198180892 -0.304566949 0.902250233 0.842544477 -0.062267015 -0.022524677 1.723663083 0.518052666 -2.956480701 -1.284835830 -0.069265696 0.986143349 -0.239535435 -1.187527886 1.378206851 -1.151630389 -1.042050901 -0.134389730 -0.335294135 1.726540081 1.563440373 -0.385639472
14.516521249 -31.514518545 -7.176776995 0.116630736 -0.686423528 0.438324499 0.568411511 -0.167109424 -0.924080745 -0.751156384 1.570711707 -0.950324560 0.495615124 0.041108251 0.319272810 0.420098632 -0.163991626 0.055679071 -1.476827373 1.530594594 -1.172543364 -1.206352485 0.370271913 0.505159835 0.013284411 1.808778196 -1.777943250
17.462281615 -28.604839922 -8.465271100 0.429443690 -0.154808768 0.889175280 0.031299909 -0.085078096 -0.678433702 -1.508438167 0.144517554 -0.611067879 -0.189737967 -0.264565892 0.253308363 0.714595211 -0.888057321 -0.379981659 0.621931713 -0.899838611 2.145915735 -0.485560701 -0.740459835 1.258705185 1.129628848 -0.043310306 -0.830206746
20.920803558 -27.139022304 -0.449964953 -0.602968192 0.226421064 -0.140828353 0.751884457 0.995150723 -0.007314821 -1.363696834 0.497776005 0.610641478 -0.910500182 -1.483425813 1.000986471 0.007690174 -1.054216299 -0.513613024 0.065985926 -2.033256460 1.817653101 -0.158036856 -1.312641574 1.649131688 0.223497577 -1.038684810 -0.894098507
22.616045949 -30.452505374 -9.470956037 -0.196884789 0.586778926 0.124335343 -0.775543418 -1.157816689 0.038547047 0.113894097 -2.048950452 0.329608725 1.277937007 0.715928969 0.178818859 -0.972753735 -1.075805553 0.153040789 1.626995657 0.292155453 -0.987750846 0.376563071 -0.061325267 -0.229000703 -0.335970306 -0.045728613 0.588849882
17.898695644 -31.196971113 -1.295349416 0.358154678 0.812056413 -0.450223855 -0.097918787 -0.035452045 1.742473501 1.929363393 -0.040352979 -1.397240097 0.259906351 -1.385788448 0.025955821 -0.569186599 -2.042240999 -1.164999527 -1.907145941 -1.126866171 0.643501583 -2.122450506 1.578968954 0.524129288 0.092718783 -1.653309705 -0.851298389
11.393813465 -21.236134870 -5.419876717 0.176032368 -0.855890039 -0.152873680 0.461621582 -2.325560689 0.593692770 1.254336818 -0.389572104 0.472627062 0.003653264 -0.400465148 0.484676731 1.033782891 -0.640304769 -0.492186377 0.169006886 0.503951715 -1.276713099 -0.211126156 0.253514304 1.055949086 -0.613063779 -0.117153496 1.029764956
13.014559899 -25.600059217 -10.920784696 0.774324714 0.466614830 -0.051907192 -0.424261100 3.022858948 -1.071564987 0.519267279 0.382308517 -0.065532689 0.446594760 1.097046585 1.541537813 0.979100637 2.384170570 0.033070561 2.256839360 -0.885016600 -0.889396314 -0.049953336 1.639268669 -0.347076025 -0.422486474 -1.706765233 0.077023295
17.235071380 -18.324744208 -11.973657785 0.206180695 -0.119311443 0.926470439 -0.291387760 0.047230285 -1.113504509 -0.905124571 1.150951302 -1.089110923 0.778950471 1.156927876 -1.992810760 0.123396559 0.857511631 -3.135673620 0.839428036 0.035086279 -0.142387894 0.308539435 2.057404676 2.079574246 1.076192101 -1.619704951 -0.478848761
18.286563536 -18.350352530 -0.144395653 0.150488582 -0.401993843 -0.902218536 0.041902862 0.109557642 0.724637258 0.503313463 1.549620579 1.065166877 0.543204470 0.164654376 -2.209262393 1.554626452 0.220288752 0.425824040 1.168268244 -0.285521275 0.197526223 1.212053378 0.836439084 -1.461692451 0.131028031 -1.468254204 -0.783904135
14.949670650 -31.932265286 -9.951656021 -0.852986500 -0.005146148 0.005170435 -0.521881993 -2.605539265 -1.134235683 -0.245939365 0.217686239 -1.794333676 -1.060869878 -0.633078149 1.547994940 -0.071796762 -1.475802642 1.376432746 -2.070932817 -0.581524366 0.305104533 -0.204316435 0.438353758 -0.051799325 -1.899468216 -0.143627171 0.857167099
16.730983644 -31.071125883 -9.139054491 0.567530306 0.593183639 0.287367012 0.493419419 -0.132290902 -0.514830235 0.765558766 -1.130242392 -1.118433409 0.394103966 0.594384279 -0.016426338 -0.715071923 -1.022957889 -0.442092376 0.459182377 2.785176411 -0.555807159 0.169380846 -1.772350883 -0.798381027 -1.483938121 -0.797126611 1.117063263
23.646735514 -17.703656846 -4.955848338 -0.667661097 0.449934615 0.538470154 -0.248671259 0.132475057 0.482316055 -0.133586081 0.362196008 -0.188605956 0.300367565 1.055988042 1.587207501 0.401856686 0.901579356 1.375798506 -0.891742134 0.952060752 -0.320884906 1.060001544 1.674587606 -1.284907710 -0.308526752 0.187475741 -0.336293567
23.458278402 -28.921012845 -1.970738260 0.135808545 -0.388178890 0.450027860 -0.792684120 -0.105132576 -0.770744701 1.217798287 2.838764223 0.452186105 -1.294977580 -0.758585823 2.072691664 -1.664096766 -1.344474723 0.946724252 -0.326229145 -1.216296904 0.782709316 0.764641446 -0.589522736 0.217314798 -0.952586869 -0.735780686 -0.031832980
20.755264078 -23.648164097 -0.286848276 -0.274594975 0.746271404 0.572717505 -0.199176431 0.376516215 0.497441236 0.914745408 0.248432615 -0.259901795 -0.914136840 0.775011105 -1.436784570 -2.176678442 -0.904346160 0.052621544 -0.663835551 1.666363782 -1.914295075 -0.393172571 -0.637123118 0.948790735 -0.897416502 -0.911298386 -0.061646179
24.848406445 -21.781577191 -5.841754687 -0.347369012 0.649123474 -0.324597461 -0.593809711 -0.255567671 -0.787136025 1.010829181 -1.020297840 0.579743456 1.951110740 0.641790018 -0.958871695 0.090457619 -0.142987196 -0.432083660 -0.287815170 -2.444668403 0.055936293 -0.034173138 -1.143002638 -0.043619895 -0.702195890 -1.944900804 0.605069133
22.573438966 -25.495113481 -1.553589710 -0.387647623 -0.468579169 0.793693622 -0.014605366 0.545965394 -0.381799969 -0.074341249 -1.803857446 -0.058525330 -0.649475329 0.296747221 -0.631169418 -0.285860816 -0.863343674 0.384658002 0.086104324 0.045706921 1.185259261 0.321031333 0.462743929 0.198791489 0.296725054 -0.547595761 0.558573981
18.504992204 -23.434828822 -14.604404635 -0.392099823 -0.397693728 -0.824164407 0.094076870 -0.472883008 0.679618426 -0.774299042 0.114388088 1.141956195 1.611691617 -0.064390084 -0.573238154 -1.614356672 0.056132685 0.484048601 -0.058336938 0.579909974 -2.639968746 1.573145727 -0.028726714 0.424843807 -0.035019296 0.831393015 0.419346253
19.043701391 -21.182298569 2.934482141 -0.109898035 -0.237814248 -0.904466452 -0.336611412 0.653793612 0.478796019 1.098810862 -0.744513094 0.106587315 -0.350487074 0.214501564 0.891252311 0.477215480 2.351318249 0.023791028 -0.406150953 2.221316457 1.446541247 0.649348881 0.935878072 -1.414197156 0.265702277 -0.619020230 1.233209224
14.368869241 -25.163320230 -12.144207242 -0.604646577 0.697084137 0.067084651 0.379441529 0.202629286 0.486277580 0.144559158 1.244939156 1.049754905 -1.948869498 -0.207334487 2.183901621 0.631144234 0.408019706 0.743063668 2.029349212 -0.846561199 -0.937906804 -0.285451714 -1.273355255 0.097380012 1.982669969 0.600102224 0.860925774
11.120296603 -21.235575509 -9.910433499 0.920811222 0.271028819 -0.175822632 0.218486783 1.276837742 0.847152436 -1.079925241 0.054311637 0.628880167 0.908569946 -0.957708912 -0.798082341 -0.840760922 -0.119508099 0.127135082 -0.595947732 -1.295136126 -0.097834129 0.164277362 1.350557987 0.722499132 -0.027183945 -0.281038318 -0.397171893
21.651956533 -16.630160012 -10.304996923 -0.896740197 -0.147536614 0.064464013 0.412230952 0.363124606 2.439813378 1.239917752 -1.192317824 -0.303442220 0.713699359 -1.550503476 -0.348045917 0.272007321 -0.486043488 1.813624498 -0.702351140 0.329427758 -0.598954743 -0.615642159 0.106070224 0.196875333 0.437802342 0.810515787 2.274176358
13.772583730 -14.800012318 -9.756530320 0.537862437 -0.792028082 -0.042899942 0.285578555 -0.570564903 1.578917803 -1.895140941 -1.343742982 0.034470994 -0.628853174 -0.087818846 -0.354360821 -1.958303012 -0.791828527 1.663021381 -0.251583724 -0.762409497 -1.069901572 1.351793935 0.620883959 -1.055217794 -0.583634979 -1.196578745 -1.272493097
16.482330554 -29.070414835 -7.420023611 0.405757788 -0.722360982 -0.443040012 0.342448209 0.023712890 -0.595826097 1.128647142 -0.508622859 0.917620702 -0.219183757 1.202550738 -0.790009640 -0.945650061 0.167121432 0.509678856 -0.352799263 0.190451579 -1.662727205 -0.876304559 1.063634841 -0.253549740 1.421045355 0.664677642 1.579790210
15.870933140 -25.508319347 -7.346466071 -0.229309155 -0.631863047 0.445670693 -0.591222492 -1.279826097 0.654631023 -0.735834808 0.679249766 -0.404540835 0.136563619 1.561874861 -1.062153532 -0.356510220 0.110425468 -1.306634321 1.024356108 0.494572970 0.074491047 0.503652337 0.707323462 0.024662500 0.873115706 0.415068022 -2.726253311
18.104516381 -20.145317905 -13.710587916 -0.420607599 -0.304470370 0.810572483 0.270849203 0.912827250 0.373521273 1.608793444 1.736750601 -1.134223600 0.475415434 -2.005631150 -0.603826571 -0.380339826 -0.691895958 -1.071730300 -0.667237184 1.611692306 -1.364924901 -0.373817980 0.925105035 -0.791255938 -0.992125741 -0.797487931 -1.442176534
24.389738056 -16.555262651 -3.578466882 0.339751178 0.859501156 0.263870749 -0.276041895 -0.527662090 0.024457471 1.102397599 0.728778481 2.183290592 0.351488056 0.627421377 -1.752335727 -1.002859093 -1.397247500 -0.760940451 0.169243712 1.296762933 0.379586595 0.396784533 0.706101738 0.333954287 0.130771166 -1.396601296 -0.974001298
10.922484493 -29.682488576 -4.618037042 0.714978743 -0.595415945 0.332377727 -0.154305848 -0.791901381 -0.844285949 -1.064937070 -1.572644861 1.545500395 -0.464739309 -0.189697519 -0.377637780 -0.980929075 2.311711705 -1.342172253 -1.045666728 -0.026137463 -1.018938260 -0.875913802 -1.986620734 0.002821442 0.634888752 -2.307475794 -1.106543775
16.426078443 -29.842464191 -13.678525042 -0.928060082 -0.261064491 -0.194866038 0.180491113 0.974007627 0.023601347 -1.835947348 -0.150373003 -0.484984139 1.221621701 1.168150669 -0.584861623 1.006961213 -0.214649329 0.835857177 -0.130110372 0.011173806 -0.899999031 -1.151551844 -0.061467450 -1.147724798 -0.211334761 1.765564124 -1.091509913
19.807847252 -17.461126752 1.049219835 0.315801209 0.806453850 -0.048625471 -0.497531254 0.003871445 0.036061425 0.214154973 -0.125522546 0.252109220 -0.664917309 1.579479927 -1.597514478 -0.786112135 0.770136138 0.541862327 1.305143528 -2.350708975 0.810556389 2.127912483 -0.270851210 0.861732721 -1.190729220 -0.479926142 -0.306985962
19.955122951 -21.091728082 -5.926529145 -0.449260773 -0.776207429 -0.128592044 -0.423238551 2.682627200 -0.763127413 0.374270813 -1.930396011 -0.635822208 -1.388010834 0.406414715 -1.476517401 1.005370807 0.463145652 1.175030775 0.076253797 2.173094446 0.264803469 1.572616052 -0.654720889 0.046028266 -1.158665560 0.277658918 -3.312745799
25.543689204 -21.199841045 -3.644955715 0.292891411 0.644748245 0.602234574 -0.368548287 -1.557922592 0.467841458 0.100897994 -0.539307360 0.851950627 1.609270553 3.087761331 0.272755141 -0.946378015 1.735710489 -0.724369833 -0.671623479 0.268739724 -2.207911479 0.093200663 -1.240710481 -0.461178768 -0.117969853 1.130144254 1.936294073
15.462867024 -19.619896201 -2.543235605 -0.531315257 0.427150586 -0.721665718 0.120187629 0.427133800 -0.329929641 -2.049140563 -0.513831007 -1.527575998 2.083625932 0.169814580 -0.197478523 -1.048939989 0.194420250 0.907521888 0.047395036 1.567869675 1.232902762 -1.995884553 1.313610046 0.911398591 0.857230784 1.157826444 -0.522979204
18.156808835 -16.697866028 -6.524076533 0.771048398 -0.622639532 -0.056386856 -0.120933466 -0.547230508 1.603336231 -1.586555116 1.083926158 -0.083535553 -0.821671704 -0.752989993 -0.441574173 1.057884009 -0.830476040 1.718057837 -0.371958988 0.928611375 2.477828613 0.072562582 -0.838232739 -1.326499428 0.763027042 0.629470756 2.028473461
18.142566054 -20.765120565 -12.306855226 0.009234630 -0.772281212 -0.599112682 -0.211093453 1.084915686 -1.288190784 -0.883882346 -0.940678809 -0.241967764 1.658138926 0.542018226 -0.316307946 -0.727642705 -0.755875918 0.010325934 -0.251682566 -0.840843162 2.156684723 -0.384143279 -0.337774456 0.789510152 0.509143804 -0.677344017 -0.215718434
16.391106999 -31.542864038 -3.191439579 0.758953096 0.483742870 -0.369957675 0.230465514 -1.253153745 -0.182648060 0.308634946 -0.583348364 0.561574210 -0.889137598 1.673266564 0.666845410 0.340292727 -0.206036191 -0.219709178 -1.408981819 1.536770686 0.738591326 0.147623616 -0.128223309 0.053160350 -0.210001230 1.041755063 1.033499479
18.677392738 -25.005671973 -3.388925207 0.528019066 -0.403542329 0.746433503 0.034445322 -1.684373324 2.089915313 0.219646665 -0.850798477 0.270281673 1.830484579 0.363543443 0.384125489 -0.288342248 1.188471646 -0.379142405 -0.727108175 1.123656294 -0.501108840 0.621112376 -0.326970367 -1.258101064 -0.814633491 2.157398691 -0.342754174
22.421688347 -26.050831956 -3.251027550 -0.042579178 0.669068991 0.539244451 -0.509655884 -0.266748380 0.522079734 -0.862109143 -0.202735881 1.309820484 -0.255115133 1.077391244 1.160487709 1.635037052 0.184640784 -0.184277941 0.263914123 0.681175221 -1.081043347 -1.539985281 -0.903197030 -0.289251760 0.125411511 -0.707581539 3.340612013
15.123131137 -13.719337612 -6.280104312 -0.514611370 -0.466405093 -0.302047325 -0.652999878 -1.172127004 1.937149756 0.518884366 2.002343910 1.619067923 0.002849558 1.513964017 -0.189857009 0.547165277 0.960418446 0.041837270 1.241925001 -0.098087074 1.326608751 0.353696546 1.242291696 -0.884255313 0.000419328 1.638971261 -1.437427774
11.949077000 -25.648938594 -4.137900854 -0.763128411 0.197002334 -0.597343601 0.148343289 1.586895696 -0.448549066 -0.181246583 0.978911135 0.227587025 0.273879319 -1.091668394 0.287614461 -0.112077180 -0.507103670 0.709323950 0.679599567 -0.472183444 0.668865311 0.131204459 -1.359412626 0.392324227 -0.633305882 1.136954492 0.458852852
26.211932955 -25.117272845 -3.428424524 -0.313978742 -0.503008719 -0.157028702 -0.789773110 0.524024212 0.589664288 2.418558726 0.800312589 -1.056832979 -0.902080263 0.056153430 -1.578674190 0.011566996 -0.880102535 0.168344553 -0.324494989 -0.213718085 -0.251329602 0.105493918 -0.620195216 -0.755027224 0.809527120 0.687384905 -0.423351741
14.646921709 -23.920952308 -7.848543070 -0.527265037 -0.126681751 0.817309109 -0.194805380 -2.196396078 -0.291833969 -0.005022968 0.729524776 -1.757024576 -1.436902284 -0.166561468 -1.020450726 0.668019354 -1.165149236 -0.209230416 -1.187607333 -1.657550894 1.468246299 -2.305437133 -0.373443873 0.448327886 -0.993311083 0.440522335 0.193007209
20.120225046 -17.897105296 -14.049268347 -0.368373579 0.080211789 0.926068375 0.016258527 -0.099202383 -1.657327306 -0.624672955 0.282936744 2.027175890 -0.951043871 -0.518001104 0.395983125 2.090458466 2.158775631 0.154019115 -0.549466268 -0.119439479 -0.261624714 -0.067171165 -0.185975568 0.780155039 -0.172324576 0.209362972 1.160687458
13.213603775 -27.865776824 -12.780917991 -0.284364405 -0.482106895 -0.804836208 -0.197353754 -1.221557561 -0.405848384 -1.452115494 0.055892996 -0.030660837 -1.806438605 0.206638332 1.290525142 0.337634909 0.764525056 -0.431244805 -0.855828265 0.917219460 0.793602532 0.556747331 0.375722245 0.126472961 -0.115492032 -0.044079556 0.862858518
19.915653758 -24.707996788 -1.377450892 0.385153013 0.214866191 0.744043125 -0.501885948 0.169327502 1.612977458 -1.157125295 -1.891811361 1.673218987 0.011867966 -2.578435648 -1.370809017 0.742258965 -0.842077399 0.512072901 -1.145239865 -0.403257328 0.872142271 0.103414201 -1.214643503 0.383935009 -0.583831733 1.722827622 0.641707005
16.598323360 -28.345993760 1.677997229 -0.542473005 0.074657129 -0.762610412 -0.344346788 0.979674137 0.639670566 0.271086972 0.833459446 1.937085372 -1.761294919 -1.899778178 0.188607664 -0.561856082 -1.720112440 0.065621523 -0.518244615 -0.730893305 -0.638920011 -1.342556893 1.063008652 -0.133392882 -0.999979283 0.250073372 -0.701192105
13.848957589 -15.073761283 -6.142197343 0.403179502 0.426637959 0.720930228 0.368355735 -0.218232849 0.719994998 -0.084781800 -1.392060708 -0.851879173 0.493509824 1.541443541 1.026178795 -0.339958792 -1.008516751 0.276860974 1.412832440 -1.609905063 -0.691002289 2.614295843 -0.462251594 -0.504680208 -0.897450300 -0.080170096 -0.584868572
11.392703858 -17.716249468 -6.019925549 -0.064935954 -0.309013011 -0.761671713 -0.565818418 2.935741757 -0.922906473 0.194862020 2.580022981 1.256461191 0.913256346 1.201997389 -0.949962254 -0.752419708 -1.152605143 -0.467709476 -0.360382444 0.824182823 -0.875915828 0.786606478 -2.449407627 1.504931693 0.130720054 0.789862659 -0.017754599
9.469411714 -23.208433570 -5.822006642 -0.220973859 -0.160302515 -0.901246151 0.336495219 -0.524832802 0.832790152 0.627308732 -0.199084000 -0.530367471 0.081907278 -0.489425604 0.312090750 -0.850585748 0.648129589 1.535279467 1.897052808 1.812638647 -1.615512559 -1.038478572 -0.803810340 -0.502072928 -1.013329768 0.471305152 -0.818836399
20.680577656 -23.280019735 -8.279165359 0.406287354 -0.729565704 -0.245016748 -0.492576149 0.644774209 0.994951001 -0.941470803 -0.386071918 -0.607890144 0.772752496 -0.284270620 0.088683228 -0.938043519 0.194093232 -0.235549726 -0.069807344 1.860388752 0.011609159 1.073647325 0.058359793 -0.948269693 -1.286206147 1.755833053 -0.560650148
15.394964041 -21.098805446 0.073707327 -0.406698304 0.563445071 0.699517954 0.166735642 0.741861656 0.967441072 -0.561190929 -0.989505255 1.908307122 0.347722365 0.136523928 -0.509656114 0.908432908 0.505104613 0.994244015 1.614239417 -0.856670657 1.600681003 0.393063592 -0.526357011 0.264410507 0.899466836 0.368966219 -0.768683597
16.821751995 -28.509829546 -4.627381613 -0.042685806 -0.928758958 -0.301796347 -0.210958963 -0.723230769 -2.225856389 1.717545808 0.654101888 -0.315105478 -0.047454250 -1.536072630 0.329094207 -1.365986611 2.852247641 -0.317658041 -1.281713646 -0.794869092 -0.275318905 0.013732290 0.272796850 1.129663818 0.370876158 -0.174726234 1.124075626
18.108038886 -19.719965771 -4.632485079 0.404625752 -0.112867769 -0.893124721 0.160832520 -0.364895435 0.931307007 0.024445794 0.958575437 0.297153018 0.824601006 1.206171734 -1.604891239 -0.973753712 1.832323125 -0.811154370 0.093100095 2.775992074 -0.102675739 -0.555673415 -0.083261425 1.524634008 -0.318689727 0.087640622 1.676768518
23.141206943 -25.000222742 -6.635230089 -0.302488291 -0.459999569 0.137947356 -0.823329677 -0.408004868 0.230364693 -0.087852267 -0.638540611 1.250498221 0.358452313 1.150005707 1.148546402 0.618101694 2.507501801 -1.206456253 1.009377751 -1.082873671 -0.680544496 0.335534607 -0.087088124 2.204740658 0.344451123 1.080042409 0.620208838
21.280196274 -28.632966790 -1.495870726 0.161962191 0.642128954 -0.726112457 0.184930675 2.516682616 0.934741317 -0.992691741 -2.049035965 -0.383401519 0.250867153 -0.391409363 0.623003718 -0.958739069 1.040137768 0.202336227 0.760747709 -0.185322224 1.488391022 -0.873440465 0.953607382 0.951291325 -0.160069021 -0.739049500 0.183990034
16.151738223 -23.609866710 -2.957762223 0.557769752 0.071557174 0.144816110 -0.814125770 -0.825099475 -0.170969558 1.699684321 0.163822147 0.232144341 0.915068611 0.509723713 1.623514903 1.386511274 -1.059331200 0.481886494 0.310599489 0.170550544 -1.564804661 0.674923100 -0.637909074 -0.372364411 0.922715600 -1.220008181 -0.843967313
17.614697806 -24.832744658 -4.465608423 0.770577811 -0.051214021 -0.136876786 -0.620364173 0.022819954 -2.276779210 -0.229774329 -1.168433220 -0.213978979 0.701604310 -1.074688748 1.191192179 1.621261028 -0.146813779 -1.707657805 -1.311015774 1.149311377 1.220569201 0.859356365 1.241751042 -1.172588349 0.461561971 -0.566354756 1.380765584
13.843397104 -16.753527962 -8.054764146 -0.008470760 -0.384965723 -0.803159694 -0.454603282 0.254590496 -0.396474172 -0.602454119 1.642085912 2.915849904 -0.055251286 1.774006590 0.074484875 0.128060686 -1.460522942 -1.795916523 -0.858573566 -1.123649944 0.616380465 1.846467193 -0.697452378 -1.479033013 -0.081878538 1.232289806 -0.903660652
10.475882730 -18.652325489 -2.545770528 -0.588903063 -0.200090472 0.071142113 0.779804966 -0.101522907 1.428488019 -1.182813670 0.069797613 0.636656651 0.227186577 0.390070322 0.684071030 1.457824886 -1.603252471 -2.475977008 -0.500366256 1.350250359 -0.878668862 0.116191308 0.837652923 0.113075416 0.563660358 -0.228024263 -0.501915035
19.977619681 -28.694507091 -7.602500724 -0.270718325 0.468571237 -0.451201988 -0.709626205 0.772224986 0.292136714 0.383172617 0.754911222 -0.025208009 0.563434045 -0.563076964 0.836700437 1.386122475 -0.237182153 0.329158479 0.227185525 -0.828769606 -0.581875573 -1.681997453 -0.985773332 -1.108386782 0.559257813 -0.981554801 0.503252459
20.082586824 -19.078807362 -4.146392234 -0.517049042 0.029509845 0.424432609 -0.742729034 -0.785814138 0.623922908 -0.270985902 -0.235768730 -0.653183459 -0.126108939 -1.573010183 0.280744472 -0.073224356 -0.540183501 1.613591978 -0.119437288 0.499521438 0.354889649 -0.060060243 0.896065178 1.295258889 1.386937862 0.235162279 -1.111044522
18.520367201 -17.735998311 -8.466576634 -0.283111617 -0.785047539 -0.546369934 -0.070908873 -0.172598349 0.934505435 1.423042583 -0.163007358 0.927108075 -1.604779775 0.907020907 -0.049483761 -1.212566600 0.672516618 -0.938996504 0.522154924 0.380645991 -0.511851575 -0.036912182 1.057778793 -0.032912096 0.927534626 -0.274168403 0.760636636
12.252729792 -22.521757289 -5.180635558 -0.406960931 -0.352192642 0.351001914 0.766251134 -0.581035740 1.084892556 -0.885490860 1.108534944 -1.013477423 0.070820293 0.471113135 -0.859823134 0.739951913 0.425458558 1.661719542 2.330743706 -0.204273449 -0.626732413 2.926528567 0.913717079 0.137733673 2.112931195 1.937744086 1.317619954
13.044841439 -19.539447589 -11.876611978 0.650087039 -0.292615976 -0.364490058 -0.599090752 -0.799668774 0.600930671 0.430051022 1.647564110 -0.248880160 0.970907131 -0.932213635 -0.311846269 0.043786089 -0.900249009 1.188570613 0.607430466 -1.738183671 0.870042635 0.578702665 1.256798409 0.568795949 -1.613064004 1.774604132 0.059691023
24.569574751 -20.718681452 -6.113633904 -0.409763472 0.679507848 -0.313432815 0.521653957 -0.600015914 0.189841084 -0.124173685 -1.464611408 0.868153390 -0.191966241 -0.598941958 0.856107316 -0.669167519 -0.895690721 -1.249770478 -0.260917828 1.528805023 0.442603804 -0.345628682 -1.389595326 -0.320483537 -0.327841610 1.520280078 0.507885160
20.655177974 -21.829631857 -0.525557736 -0.597945082 -0.475754010 -0.262275192 0.589348390 -1.407079454 1.520747436 0.894710739 -0.464862947 -0.649051636 -0.131291953 -0.798419420 -1.284029397 -1.528787815 0.376268317 1.021562228 -0.642910979 -0.829106324 1.156280752 -0.150696780 0.202159189 1.365355949 0.605465822 -0.865264002 -0.934387524
17.074100279 -23.947046914 -6.423459957 -0.384149579 0.028924153 0.922234858 0.032792699 -0.163415237 -1.786270937 1.644240308 -0.766656506 -0.352349902 -0.511581908 2.020544478 0.845248300 1.481608162 -0.391653388 1.267383082 -0.098068818 1.275608702 -1.605867158 -1.126979756 -0.149911815 -0.726419095 -1.579255813 0.518041650 0.907088305
23.912311543 -20.775007372 -3.604815392 -0.089000492 -0.595838673 0.796707124 -0.048093095 -1.067473542 -0.277675658 1.242785261 0.400645105 -0.610931149 1.516684678 -1.601377081 -1.451808760 -0.608819721 1.437582126 0.727544939 0.669368027 -0.989940195 -0.356231330 0.171472585 0.698553712 -0.417901790 -0.460223030 0.440971231 -0.747360793
14.707733131 -21.991129105 -7.678591897 0.870255594 0.020598894 0.413805525 0.266450510 0.901142455 0.881259592 -0.025480951 -0.788436588 0.407565326 1.515107751 1.251589802 0.092875585 0.266087597 0.565038976 -1.506699704 -1.179073647 1.332068173 -0.062741231 -0.133791267 -0.932805250 -0.122046715 -0.275231317 -1.528070096 -2.120171814
15.354444238 -13.985332695 -9.949917917 -0.293955141 -0.220707391 0.558187416 -0.743845032 0.122566131 0.505995338 0.571742544 -0.333045952 0.592645379 -0.312846257 1.152531840 0.305536871 -0.017422783 0.371246640 -1.636502126 -2.573425168 -1.245757855 0.986727887 -0.782388153 1.037721807 -0.503263160 0.893127080 -1.028562032 0.710341001
23.184130677 -19.681108187 -12.312649524 0.119164707 -0.097360976 0.975923682 -0.154575484 0.911420008 1.105656661 -0.143660564 0.597011245 -1.225905660 -2.547470551 1.280728644 1.106653751 1.380102232 0.144646830 -1.522433712 -0.545397491 0.124943239 0.645369371 1.192210675 1.146643448 0.337427919 0.399398008 0.400963821 0.955735373
20.251670198 -21.929689679 -11.721160630 0.632691309 0.228508958 -0.733448935 -0.097662810 1.126049167 -0.116527694 0.349351342 -0.007740659 0.171388632 0.074181164 1.419318284 1.694646979 -0.874629312 -0.815755816 0.413698604 0.917743705 1.070057246 -0.838160381 0.695156003 -0.524254531 -1.235140523 -0.898810387 0.889947928 0.439353250
27.435712802 -23.403339477 -7.136730039 -0.182977805 0.726692540 0.330654301 0.573676571 -0.002305296 0.251629114 1.689857114 -0.263584675 0.095744236 0.101715587 -0.374443213 1.197271408 0.764883579 -0.257526579 2.880877419 0.538515873 1.182077267 -1.417800898 0.902997292 0.444432826 -0.060622004 1.320374600 -0.546550267 0.161701607
14.143176458 -21.815785581 -4.581165501 -0.986233976 0.134621101 -0.053981995 0.079408113 -0.781831115 1.718609488 0.147829725 0.249579224 -0.625424200 -0.002221238 1.518826857 1.097308339 -2.388476967 0.227432273 -0.470773225 -1.142802313 0.388400161 -2.124512518 1.164543996 1.593642213 0.385312863 -0.909631026 -0.661841069 -0.281020800
26.466181449 -20.308320803 -5.674676370 0.538565116 -0.351232855 0.111370856 -0.757746415 -0.382133380 2.531918922 -0.129373723 0.284573964 0.926820205 1.771703346 -0.396297386 -1.061804949 2.015297165 0.074867874 -1.382847593 1.180954641 0.045030501 0.602495977 0.423228837 2.139227374 0.284008778 -0.815937804 0.828135369 -0.974161210
15.982330307 -29.224020351 -9.929211763 -0.401088603 0.659794955 0.630976855 -0.075277877 0.538089527 -1.391965965 -1.262152602 0.305292736 -0.280946970 -0.057924689 0.254813072 0.854847696 -0.768681202 -1.189097478 -0.302443028 -0.829907714 0.189236740 0.265031849 0.849054167 -0.043495959 0.009941887 -0.314328408 1.351270888 1.018165071
14.922513326 -21.736899945 -5.974568565 0.241461631 -0.899410779 -0.187951566 -0.312138977 -0.335902981 -0.159093915 1.360647794 1.057287467 0.874457372 0.511854551 0.431193205 -0.579620071 -2.586588340 -0.287453063 0.960274883 0.982128816 0.450808936 -0.220468074 -1.542846044 1.087437197 -0.626971867 1.898146112 -1.298073935 -0.575175833
26.722467147 -20.068413706 -4.627724536 0.582860895 -0.038079446 0.222551003 -0.780572985 0.972035584 -0.664071348 -0.781457775 0.243769496 -1.252889011 0.335502834 -3.184607336 -1.388094618 0.933858999 -0.891935447 -0.185478215 -0.447512029 0.545793863 1.657999698 -0.849665053 -0.944427928 -2.959331837 0.495341921 -0.565758014 0.840307412
25.199840203 -19.768584701 -5.027147537 0.496033795 -0.195159609 -0.335779369 -0.776605058 1.792174471 -1.551393695 -0.104927190 0.198593173 0.260705008 -0.212644529 -0.180126302 -1.755275399 -0.878732721 -0.581334800 -0.016966833 0.921977343 0.216033353 1.022627011 0.416150498 -0.114625071 -1.986818258 0.842756823 -0.272282297 -2.082107149
17.811485014 -15.926733001 -13.594556606 0.465322167 0.337285915 0.477104208 -0.664894779 0.360504448 1.206718075 0.534015417 -0.205001540 -0.327163117 0.872713372 -0.294139725 -2.099574388 -1.990176703 -0.298663613 2.449851108 1.552171388 -1.039182446 0.179855320 -0.803479264 0.833382256 1.558489545 -1.061842105 0.011161750 0.791364647
24.154534345 -25.922746904 -7.351181219 -0.201170871 -0.833105082 0.507483222 0.089033605 -0.151139690 -0.752609722 1.163245394 0.633864806 -0.481372023 0.067221161 0.011021969 1.226310852 1.139310598 0.673582220 -0.456525532 -0.226188069 -1.332027939 -0.274282492 -1.425216455 -0.976187072 -0.187407114 0.631730941 -1.069846568 -0.094564387
14.933399664 -32.042848237 -7.574196865 -0.422398794 0.190261778 -0.831770719 -0.305838497 1.230401002 -0.607377008 -0.065478337 -0.926305863 0.248525795 0.635473217 -1.098855464 -0.627314207 -0.360071932 3.083912066 0.876571078 0.646296878 -0.248222341 0.496014964 0.085775272 0.443346932 -1.288301888 0.977882589 0.726725262 -0.706548896
15.156273824 -26.276269779 -13.961909267 -0.025847840 0.111805662 -0.870401082 0.478783186 -0.102161000 -0.478097030 -0.152437560 0.206157313 -1.323357632 -0.008244898 0.031345358 1.294914700 -0.793466892 -0.926073352 -0.856743236 -0.268509898 0.735169737 -0.548157824 -0.820088929 -1.512658878 -2.362322784 -0.996250395 -0.091817574 -0.136015977
19.204372062 -19.435300461 -8.564811430 -0.905897214 -0.074461199 -0.345090807 -0.233919009 1.079767133 -0.466736604 -0.140822412 -0.721781061 -0.099699587 0.019756454 -1.730197450 -1.316098030 1.745840112 0.516686781 0.682925011 -0.240268692 0.328736584 0.245231867 -0.765349878 -0.433683455 -0.330754478 -1.233456227 -0.048785969 0.843910178
23.120956324 -14.768912076 -7.194563301 0.738211966 -0.488441664 -0.378641692 0.270366979 0.601584807 -0.834674529 -1.295050436 0.647890752 -0.535082848 0.613459639 -0.373097085 0.144900774 -0.469967011 0.388839136 0.132319520 0.982408696 0.069052633 0.633542564 1.140101616 -0.357480885 0.357043654 0.995296764 0.179307988 0.093004735
19.592195024 -27.804747625 -7.999289593 -0.169796889 0.261144116 -0.860421534 -0.403295861 1.535952996 0.725396375 -1.901702957 1.262547873 -1.236915640 -0.440473720 0.726895271 0.724002730 -0.337839103 -0.228774261 -1.171924383 -0.734798577 -0.173739900 -1.406846198 0.223093538 -0.684888696 0.157424929 -0.412701659 -0.278804456 0.635552391
20.294136346 -26.405375587 -0.032629489 0.005877497 0.775251948 -0.361263420 0.518110618 1.902717157 -0.557703481 0.352970901 -1.247436545 0.132834265 -0.001943872 -0.943574513 0.703579742 -0.665962475 -0.183434984 -0.686218519 1.022688458 -1.258347802 1.469960944 0.175036065 0.177473291 -0.981157801 0.383460293 -0.238788992 -0.716499026
17.972652715 -29.395807048 -0.044543421 0.798116551 0.249750192 0.530700004 -0.137812623 0.910855771 -1.047704692 -1.100128790 1.929391163 -0.435620169 -0.604310275 0.931212881 -0.328815699 -0.685732165 1.314314870 -0.328224369 0.216613066 -0.084581920 1.858452416 1.817358983 0.448675803 -2.125492663 0.305947678 2.229740394 -2.008458440
21.234485845 -25.407983363 -6.487494636 0.239940062 0.093746740 -0.920542475 -0.293669658 0.024152707 -0.965056437 -0.368074385 -2.673109812 -0.895089186 -1.561326958 -0.607423076 -0.211810010 -1.154159115 -1.787437838 0.726406593 2.818209476 -0.962553891 -1.380362028 -0.629754765 -0.470325161 -1.237946787 -2.030435207 -0.794415767 -1.170588570
25.277251259 -17.867747202 -7.537204457 -0.427563430 0.261351457 -0.048351421 0.864029554 1.085561618 0.790762060 -0.011455482 1.182646872 -0.429609121 -0.846256825 -0.935393226 -0.300814676 -1.054310456 -0.411751024 0.174661304 -0.137198979 -1.901134259 1.328617333 0.558721033 -1.613278087 0.233839036 -1.143686139 -0.888109760 0.212165623
14.627148228 -28.206993572 -7.276565497 0.348732056 -0.858397160 0.370063815 -0.067771989 0.628205532 -0.951992210 0.649055654 1.005556240 -0.193623535 -0.138196731 0.660662475 0.086086909 0.219424598 -0.673713567 -1.422245952 -0.234291700 -1.181775656 -2.200924660 0.319837618 2.035919438 -0.435180906 0.377543720 -1.665842998 0.239006073
