-36.250853110 36.649754954 17.232640918 -0.381692340 0.221097255 -0.896674385 -0.037443411 0.295144705 0.428863931 0.520388813 1.175528728 0.251852887 1.638729109 -0.013071192 1.462910339 1.089603307 -0.881328043 0.712860257 0.424377105 0.530315085 -0.483352509 0.379951526 1.945951390 -1.781183105 -0.185749014 -2.085599723 1.243139457
-29.795804142 29.625248003 14.676498368 -0.722474102 -0.003673231 0.326201007 -0.609598706 -0.273788469 -1.865624968 1.257041229 0.400360719 0.289040471 -1.026024071 1.286887839 -1.995560704 -0.900297631 0.794048762 0.318439357 0.061731185 -0.876954628 -1.823227181 0.199838143 -1.094934057 -1.556693361 -0.506731096 -0.107716520 -0.187552096
-36.378205424 42.947917917 11.441333117 0.626235934 -0.492589966 0.571305598 0.196960897 0.352721597 -1.287638864 0.034306154 0.442309644 0.503279121 -0.725591977 -0.865133067 1.145920294 0.381507101 -1.096476708 -0.459155680 0.013191297 -0.633846264 0.971624872 -0.110070637 1.204589651 1.038723952 0.061999250 -0.869948581 0.526106095
-36.961052861 31.951185520 13.914974238 0.070419571 -0.678716870 -0.041287476 0.729849189 -1.023138309 -0.562644227 0.403586472 -0.535211011 -0.430284060 -0.524775215 -2.831508225 -0.523401465 -1.363445907 0.737880824 -0.691775873 1.213127475 -1.300201895 -1.313262239 1.354483689 0.864131707 -1.060573094 -0.325857890 0.152344165 -0.124491554
-33.862602255 35.558648400 7.663703398 0.282164330 -0.447862731 0.608430325 0.591282339 -1.687372604 -1.760667893 -1.403833804 -0.638248176 -0.475195192 1.153587434 -1.563134504 -0.632051423 0.773195538 1.935923733 -0.562436848 -0.711189597 0.970110503 -1.392346361 2.468096380 -0.621146920 1.889410353 0.409547080 0.259854544 -0.856657991
-21.799767535 33.294809510 15.123074879 -0.079582675 -0.392100098 0.837084755 -0.373112883 -1.480911784 0.791420486 0.004360599 -0.716212058 0.379313554 0.067914264 0.265965681 -0.100009662 0.860109703 2.277106430 0.103023311 -0.458862509 -0.480548001 0.481337570 0.581850903 1.053403361 -0.411064006 -0.683509279 -1.103520531 -1.184818667
-27.423894680 26.837568234 10.191072297 -0.610551010 -0.629779643 0.259423529 0.404109513 -0.360658530 -0.128942591 1.140733050 0.246020632 0.354851224 0.142993004 -0.323211308 -0.584688851 -1.116435092 -1.896444643 0.681919037 0.020049189 -0.668536209 -0.082065541 -2.707697744 -1.360799455 -0.302916325 -0.094127949 1.170644731 -1.010040266
-27.189766760 37.049604195 13.165007892 0.586128872 0.089616246 0.803854476 -0.047327100 -0.090520772 1.265013660 0.257748672 1.106188527 -0.005594845 1.134387570 -0.618612656 -0.669676274 -1.014944894 -0.204942201 -1.081765620 1.694722765 -0.843878973 0.324463599 0.948102297 -1.227343596 -1.928567676 -0.241465613 0.287727801 -0.348059445
-29.324969700 30.414906561 16.775688632 -0.515772357 0.025888641 -0.836861155 -0.181582106 0.425109835 2.168684301 -0.639072574 0.293266603 1.416125532 -1.320662433 -1.190118865 0.868197683 0.308007515 1.762752669 0.932154807 0.964545534 -1.944670618 -0.235563484 -0.181493860 -1.371709078 -0.757630855 -0.021813204 -0.709314674 0.058844239
-23.240115573 40.928528650 8.890222584 -0.457389094 0.472347524 0.329718709 -0.677472219 -0.741594176 1.125027030 0.684033098 0.469133013 -0.958848200 0.444907895 0.107532783 0.280306908 0.396309264 -2.178160437 0.061202939 -1.026289417 0.431478882 -1.562288496 2.528799117 -0.301256792 0.053008109 -0.201222690 -0.796267951 1.688671722
-28.268203220 36.090521682 7.446187467 0.121428929 0.061103046 0.668355286 -0.731315695 1.056186434 -0.567417104 0.748740452 -0.174453875 0.229606681 0.131317183 -0.703704846 1.146070283 0.513156706 1.739758455 0.268454567 0.448361771 0.234625751 0.308304479 -0.394130638 -0.054252238 0.202325162 -1.250401117 -0.295168760 0.007132370
-25.634988892 39.218004394 13.649816000 0.595756399 0.308380035 -0.741362064 -0.018930332 0.558749123 -0.390045068 -0.047032492 -0.479008014 -0.313093233 0.224914141 0.782057287 0.726304124 -1.914587871 -1.579643937 -0.632465579 0.577456247 0.397355980 2.550066433 0.308597079 0.006119756 -0.844190478 -0.440645115 1.201755662 -0.804580936
-30.264649714 33.196013800 12.622643894 0.615060833 -0.654447301 -0.424572415 0.114617477 -0.489032208 0.348575435 -1.354059941 -0.647531146 0.133513872 -1.676611927 -1.060552320 0.202667827 -0.314559867 0.424723504 -0.592599723 -0.182250509 -0.939745400 -0.756407469 -1.839887603 1.980378581 -0.379489861 0.753241052 -0.691479279 -1.910956373
-25.244053749 42.333994266 15.705856786 0.089042599 0.983247578 -0.121469699 0.102668044 1.815798309 0.644423133 1.349565921 0.701843673 0.648383743 0.839902242 -0.623188577 -1.006048218 0.329230667 -1.064156029 1.229274580 -0.596513992 0.019604429 -0.669789918 1.072873099 -0.210788265 1.317659638 0.038561558 0.183434940 0.690030307
-25.311883810 31.962473144 10.372625456 0.096193879 0.282329329 0.677090835 -0.672744297 0.515912654 0.427781761 1.118507488 0.042536836 -0.166305002 1.019279917 -0.605832421 1.051973627 -1.825614105 -0.834480653 -0.126771481 -0.408558890 0.326390631 0.146556574 -0.218541952 0.643531389 0.209289050 -0.046231516 -0.242312688 -0.189730705
-35.529400574 31.166347658 5.881587304 -0.567194534 0.551599472 0.251500457 0.557472783 -0.372038008 -1.169053424 1.314826549 -0.782686992 0.835719239 -0.263237228 -0.618508678 -0.316285510 -1.346787866 1.296540636 -0.102273240 0.824612230 1.154574303 0.471294593 -0.576756660 2.208850009 -0.155664759 0.546474144 -0.620900057 -0.691577859
-25.025109230 41.351412488 14.728392204 -0.781546530 0.059511439 0.580987992 -0.219308831 1.191697748 -1.219349224 0.625418997 0.138092402 0.747332903 -1.957018149 1.308860009 -1.583689125 -0.027541801 1.918286770 -1.993136385 -0.491689111 -0.995349555 -0.717172661 -1.088683832 -0.313352556 1.510244729 0.026523252 0.958766562 -0.842779458
-31.975396795 39.338159399 4.008506585 0.848607964 -0.440802850 -0.202300980 -0.211262121 -0.432061977 -0.540628984 -0.338244518 0.910772358 -0.060785191 -0.350202503 -0.910564358 1.024621512 1.523971436 -0.303621546 -0.737515601 -2.170079148 1.115704373 -1.844050375 1.263310758 1.188274215 1.961647553 0.585359718 0.615022638 -0.669709628
-25.795575446 30.201472462 15.173348731 -0.359277211 0.100380285 -0.324779456 -0.869115636 0.234104894 0.989423427 -1.126379325 -3.115847580 -0.556852121 2.070264026 1.364474232 1.090442018 0.423152848 -0.865203377 0.119096122 0.372451165 0.277949730 -0.173142676 0.248808332 -0.231866145 -1.409517834 0.258205070 -1.565992945 -1.690384698
-32.109501969 33.779354644 15.373136813 0.337333403 -0.884087164 0.247308719 -0.208409356 1.558236890 -0.609646440 0.265806738 0.851506782 -0.060289574 -0.025212057 -0.123204200 1.236188084 0.020251198 -0.059033329 -0.266861470 2.523250812 0.584352827 -0.799907251 -0.364968058 1.574010673 1.174139889 -0.345269383 0.017116375 0.425660900
-28.486550187 30.277991017 16.252866106 -0.620713174 -0.084014003 -0.584042609 0.516285806 -3.121838256 -0.108366956 -0.977587698 0.063341011 -1.143083361 0.412581314 1.610374898 1.376421214 -0.010170071 0.141840169 -0.658518540 0.700559707 1.219762501 0.813914276 0.602565665 1.213258537 -0.412686405 -0.426088832 -0.309994687 -0.607758282
-34.925232123 28.630754532 17.581459735 0.573965453 0.333799969 -0.653479519 0.363463556 0.514554962 -0.740618634 -0.584656553 -1.075352263 1.570292668 0.920498022 2.157855226 -0.953668094 -0.155126751 -0.474974064 -1.225013431 0.736426107 0.819874662 1.965253439 0.619599966 -0.115968264 -1.429280499 0.343721111 -0.668823423 -1.200363318
-26.052649954 39.163012843 14.852173169 -0.198690655 -0.736892144 0.607677257 0.219636843 -0.265164433 1.915337788 0.000191413 0.194210714 1.377303735 -0.279690857 0.163424473 1.606563295 -0.673385726 -1.473890778 -0.918793854 -0.144654081 -0.711665864 -1.755256566 0.808255996 -0.413406349 -0.494081196 -0.668305606 0.504005753 0.040265982
-33.419144563 35.904877075 18.373688132 0.293995702 -0.176858064 -0.821004077 0.456333276 -0.171751372 0.447995780 1.941322412 -1.984421408 1.015716892 -0.577469022 -1.183501412 1.900314270 0.261580218 0.788469599 0.522004114 0.154226589 0.388879559 -0.717581501 0.661998121 -0.542935919 -2.252691652 0.569024840 -0.358295258 -1.860094272
-34.046358651 31.496074601 11.138126247 -0.051814251 0.870067672 0.341723654 0.351457641 1.377431422 1.223000274 -0.208516842 -1.101359583 -1.511040349 0.000198615 0.788705659 -1.093109836 -0.482290222 -1.585180126 -1.360546307 -0.681672307 -1.723078749 2.149434207 1.505756441 -1.752012530 -0.412988729 -1.077524531 0.447142410 0.688847090
-35.391720648 36.204758575 20.106417645 -0.380894660 -0.173495977 0.498578850 0.759103112 1.119863702 -0.324179919 0.241567041 -2.658527102 -0.771192025 0.220899023 1.992764793 1.631205121 1.369829070 1.597856168 -0.962117857 -0.159576198 0.954609216 0.938665428 0.811192223 -1.062629128 -0.507530134 -2.085239774 -2.896674938 0.023094665
-37.349743079 35.094449760 12.876810228 -0.093723301 -0.868676679 0.448093088 0.189286434 -0.231980286 -0.232549511 -0.610704698 -2.662747950 -1.214715509 1.529255218 1.289558904 1.452798835 0.119385844 -1.100848662 -0.447525700 -1.949030669 0.620798615 0.475380728 0.459011190 -2.352917028 0.806314468 0.838040929 0.645830189 1.549613349
-36.577434870 30.997566919 10.117563894 0.006802614 0.253741611 0.023956608 0.966951395 1.106137492 0.391480860 -0.658334484 -0.813000074 1.478392768 0.460341791 -0.758273021 -0.958600115 -0.615446736 -0.426296405 0.808573684 1.061208676 0.661569040 0.615220794 -0.785973045 -1.196583970 0.040867985 -0.339394168 0.079689489 0.981764960
-28.391192148 39.455203401 6.146373997 0.095375929 -0.547601431 0.213530556 0.803393308 0.442870391 1.023547412 2.089468897 0.193838614 -2.347472018 0.333084064 0.547302384 0.860678973 0.011664122 -0.278943374 0.659832816 1.255915403 2.805474915 1.051704183 0.842145277 0.240268178 -0.162865001 1.251458115 1.061133538 -0.636946598
-26.893290517 29.100996219 15.382241161 -0.708802093 0.195412540 -0.621860087 -0.269635986 -0.088190363 -0.772821735 -0.310636705 0.266359154 0.191753598 -1.922813715 -1.527402964 0.616594442 -0.761714185 1.441406775 -0.081040051 0.102057666 0.182162206 -0.978973404 1.368042004 1.134019088 1.341055636 -1.325521534 -0.580393800 1.477995449
-36.269043238 41.632708445 14.088610781 -0.333115804 -0.265429830 -0.532688287 0.731316659 -0.261518404 -0.060377310 0.085760784 2.459324589 1.916745079 -0.593114769 -0.063224978 1.575265610 2.265012820 0.338388024 0.471325073 1.040095448 -0.300081293 -0.735223820 0.697571111 -0.182622524 -0.334905094 1.179728391 1.014044475 0.634944389
-31.041096432 42.478701818 10.387393331 0.597581863 0.749770149 -0.122608742 -0.256335204 -0.211835850 -0.747230339 -0.114341746 1.614548708 -0.431736238 0.168061706 0.830797432 2.074928961 1.702988426 -0.713344896 -0.314124823 -0.574095700 -0.690160134 -0.124586660 -0.042111334 1.278233273 -0.299457336 -0.198433352 1.689066592 -0.220009443
-34.484969367 34.420311405 6.571620097 0.105128514 0.854213863 -0.079341114 0.502962881 -1.092864232 -1.447570053 -0.695689856 0.788279564 1.200166807 -0.524921315 0.791125382 1.346054671 0.999070763 0.998740808 -0.877596936 0.952447119 -1.160950463 -0.497226888 0.432847208 1.872596881 -0.147761389 1.293799629 0.711295573 -0.323948943
-36.694092513 31.033895862 15.065592643 0.437925843 0.497210974 -0.108762434 -0.741062033 0.144944646 -0.751970119 -1.704585414 -1.006737866 0.387289860 -1.629915250 -1.094911856 2.109900832 0.874970198 -1.429736822 1.090676038 0.440141420 -1.083148286 -1.090257028 -2.751776767 0.169764185 -0.934283637 -1.026129039 0.543717358 -0.772980286
-30.123508144 38.363916211 12.510209622 -0.146319463 0.741751211 0.099917735 0.646847897 -0.439972439 -0.048830738 -0.201147716 -1.702169490 0.110717985 -0.603558869 -0.959565087 0.912898479 -0.651703228 -0.189805006 -1.367329151 1.043096905 -1.774582933 -0.814684292 0.055255708 0.999114977 -2.003624528 0.613902218 0.836774800 -0.218233839
-31.441202200 33.349041727 18.472419628 0.301404886 0.575811616 0.376806356 -0.660009885 1.415675105 0.102483085 -0.015102255 0.267516021 -1.845623682 0.856344658 -0.225905969 -0.464838768 0.011040323 0.687365022 0.493381726 0.958616308 0.336237646 0.825518343 -1.509866535 1.179649884 -0.087738039 1.194920165 0.658502841 1.061364080
-34.581359891 33.941409072 16.132253776 0.110245061 0.658753666 -0.736770813 -0.105158946 0.687990040 -1.084542083 -1.268543468 1.000397696 0.755176490 1.032452754 -0.906997429 1.301224063 -0.942831261 0.380283085 0.064120770 0.427302925 0.989559285 -0.818272217 -0.357058311 1.624373204 -2.096559908 0.693916282 -0.906638282 -0.739208782
-34.480095346 26.560888065 12.447712589 -0.136618982 -0.677352325 0.465465615 0.553055913 2.047518325 -1.237284436 -0.605627647 -0.068846140 -1.355170330 -0.297512463 2.093295642 -0.062384483 -0.154091586 -0.656351320 -0.648882168 0.862589667 1.229563841 -1.235620446 -0.697888248 -1.122550750 0.972418343 1.077160558 -0.057320185 0.859584878
-25.413974256 29.725494577 8.517499231 0.699607595 0.030200528 -0.495407689 -0.514012026 0.382359968 -0.425346405 -2.076079865 0.211679327 -0.068236558 -0.366240223 -1.543801662 1.754672268 0.748228748 0.989369929 0.062955053 -0.014225750 0.073121767 -0.476695447 0.163268678 -0.257116051 0.354076557 1.189548664 1.424595834 0.249630052
-29.297492973 30.911309094 9.910404204 -0.012355682 0.142769389 -0.665508686 0.732504217 -0.227438479 0.841028168 1.452363856 -0.176048014 -1.206080086 0.730013876 0.638345921 0.899489997 1.360465953 0.069428133 -1.053072490 -0.373237888 -1.225843715 -0.654332192 -0.710609093 0.158283165 -1.003020955 1.311751006 0.194321071 -0.704459612
-31.952935994 32.636476764 18.460123734 -0.363542277 0.818461002 -0.117250230 -0.429198072 0.613600387 1.540018787 -0.941320463 0.994036331 0.629595482 -1.106731982 -0.474022863 -0.802334337 -0.674660474 0.124413219 0.152873498 -1.494617422 1.473983337 1.952393264 -2.016456669 -0.615067316 -0.791336438 -1.354126201 -0.085508386 -0.052234840
-26.230157886 38.749852725 9.601744954 0.990859763 -0.107473235 -0.064314768 0.050100340 1.218138624 1.981667203 0.921087708 2.633462859 -0.260272383 -0.835436682 0.528398996 -0.337481329 0.398512722 -0.074441568 -1.362537946 -0.317505642 0.151999562 -0.030977071 1.764054938 0.787874086 0.127818965 0.086730636 -1.667221951 -1.336145827
-38.443094877 35.679952921 17.445946154 -0.202552949 0.910226544 0.117125500 0.341674639 1.525891183 0.132744861 0.282417074 -0.224404432 -0.762015347 -0.932863184 -0.697740405 -1.018708335 -0.247905694 1.246677681 -1.254515586 1.557091815 0.625995388 -2.005304825 2.438640105 -0.855193765 0.952107110 -0.604949474 0.325824457 0.118472553
-31.869387420 43.139316408 8.418014864 -0.707904398 -0.561567490 0.336727867 0.264816278 0.470686481 0.512889917 0.405696001 0.100957648 1.817163335 0.981103271 0.618591231 -0.631059694 -0.517433258 2.586913640 1.538450514 1.476401871 -0.720414343 0.768372704 -0.832144822 0.165094791 -0.764457366 0.348814349 0.818848527 -0.628388506
-24.071237175 32.064036046 10.743613099 -0.563485066 0.539356775 0.613495267 -0.123298038 -1.968946871 0.124087387 0.276983717 0.173348561 -1.211479636 0.112204100 0.796616648 -0.571315377 0.791398859 -0.306155902 2.777665683 2.423636867 0.376548055 0.319696324 0.662286981 1.538275892 0.899836656 -0.615210464 1.392574479 -0.123644061
-33.126630791 34.984810108 7.561064415 0.546435817 0.326202755 0.518588381 0.571021673 0.470275690 1.907599944 -0.860753402 -0.555217850 -0.698095778 -0.319755571 -0.300084595 -0.671891378 0.541370184 -1.518555896 -0.511995261 1.156196048 0.181068349 0.419560093 -1.507693836 0.341233605 0.261838125 -2.297523456 2.069184931 -0.031981476
-30.456753928 33.036701110 2.635364671 0.491334460 -0.319136965 -0.800704634 0.124956532 0.604946163 -1.681409752 0.992316929 -0.363290862 -0.832040577 -1.329113376 -0.993320305 0.629273542 -2.023949336 0.768416485 0.372855483 0.057683520 -1.884771905 0.922819534 0.712569976 -0.553651603 0.434096942 0.458027977 -0.305998490 0.467167973
-22.211107971 34.488046054 12.768976152 -0.111572989 -0.868915705 -0.482212243 0.002884175 0.728924956 0.421473259 0.258180037 -0.272084187 1.220114286 -0.259635741 -0.684717661 -0.563521244 0.012898366 -1.359302410 0.750296804 -1.353476115 0.309981010 0.965543869 0.534627306 0.346127681 0.613075793 0.609584324 -0.719462950 -0.141370732
-32.278620325 37.140700009 20.535206773 -0.011118903 0.472472862 -0.440162222 0.763480833 -0.984692254 -1.016131355 1.211347619 -0.361916275 1.482124449 -0.098298534 -0.878041574 -0.415635042 0.503705955 1.152353102 -0.461505621 1.478606352 0.854782076 -0.313188151 1.489179816 1.959590175 -1.352737909 -1.211389788 0.238255613 0.426406025
-34.164561172 38.441679671 13.913477691 0.513890514 0.725003523 -0.262293081 0.376149931 -1.126456918 0.315197817 -0.465713144 -1.769810497 1.378223693 1.117242902 -0.760244863 -0.952535412 1.780205008 0.848630765 1.930322631 -0.865947563 0.521364833 -0.886701199 1.087190249 -0.604946925 1.198353281 0.529708680 1.342445585 1.353121446
-22.632280646 39.029016859 15.910464264 -0.323439513 0.065906331 0.277044339 0.902380004 -0.270516730 -0.752844771 0.621333409 -0.823139624 0.908799555 0.481603999 -0.918750196 -0.071739005 0.109955019 0.796769565 -0.277598468 -0.296365289 0.591641842 0.213062851 1.849601380 -1.206089918 -0.016267409 1.870304116 0.252357026 1.274104349
-24.850709974 41.375703556 10.496355648 0.345370993 -0.339052035 0.666703018 -0.566806563 -0.777763487 -0.435842266 0.103763837 -1.926422449 1.654961010 0.116671364 -0.874325937 -0.330940269 1.298877159 0.911748492 1.158893347 0.349863743 -0.033719078 0.123605236 0.150455604 0.837962838 -0.859347478 -0.665357036 -0.742681920 0.167990173
-29.701420643 34.766539237 14.558286131 -0.005955663 -0.327213840 0.848861205 -0.415126833 0.478505235 -0.156126452 -1.193212285 -0.651178805 -0.072450921 1.674587937 -0.221445207 -0.897045841 0.201952625 -0.477706075 1.375560424 0.293865562 1.904773496 0.421934258 -0.988913023 -1.398227513 -0.737298979 -1.764551308 -0.937353985 0.771166536
-31.335432214 32.415630634 13.132486716 0.566311591 0.392484084 0.063636563 -0.721940312 -0.578820625 -0.029447766 -0.716843073 -0.253995183 -0.200484428 -1.466109888 -1.238655909 0.800297000 0.966145960 0.746990843 0.590127103 0.408167321 -0.449453244 0.569521275 0.185541561 -0.238780956 -0.910022232 -0.810714137 0.174665150 -0.026155698
-30.592301478 33.075937814 5.369906829 -0.656294180 -0.238424595 0.584741864 0.412926888 -0.999180173 -1.538989886 -0.952576173 0.675042738 -0.490951863 -0.619230500 -1.713235010 0.359400521 -1.349939561 0.330815287 0.256601341 0.281450906 0.695865316 -0.018595811 1.762550358 -0.946385940 -0.732164234 0.829323435 0.217666500 -2.289628591
-32.186857083 29.211837295 17.843308318 -0.384048590 -0.204574733 0.884603990 -0.167724896 0.070633480 -1.476057884 0.036451873 0.238075797 0.072615198 0.646645856 -1.367145976 -0.864376934 1.061468177 0.508266240 -1.574445622 -0.966778430 -0.410922409 0.632321678 0.761159126 -0.670277840 -0.551133925 0.619946736 -1.004169097 1.978454138
-28.097736391 33.197210550 12.570375883 0.748947887 -0.168064372 -0.176587907 -0.616155938 1.189255328 -0.063906039 -2.238064803 -0.331151771 0.989979572 0.186845907 -0.540264094 -1.140023365 -0.791409922 -1.480542384 0.375135969 0.503347479 0.106320476 -0.725034896 -0.504011222 -0.078043208 -0.079340248 0.441213601 1.378534723 -0.228672086
-39.929738764 34.026891924 11.010602809 -0.289249299 0.147135523 -0.140720266 0.935352226 0.309615698 -1.340626411 -0.688170497 -0.120870609 -0.083144660 -1.098280071 -1.351786669 -0.345244542 1.165140974 0.501227430 0.554492609 1.050751953 -0.843225527 -0.423185731 1.593598185 0.230672321 -1.115661335 -0.060716472 0.793407941 -0.133412181
-30.337159268 26.336446473 16.285280199 0.539280395 0.382420178 -0.750038064 0.019348548 -0.730018981 0.892178853 0.370833582 -0.205177927 0.964390597 -1.284159651 -0.995978401 0.585295600 -0.057822318 -0.380028492 -0.374920213 0.371691059 -1.717478992 0.337507416 0.091714558 -0.899636546 0.364371279 -1.806286742 -0.324633631 -0.338578219
-22.612386934 38.794752777 11.045365252 -0.393372320 -0.016404731 -0.905239057 -0.159785330 0.463116005 -1.132448008 1.263649785 -0.369375252 -1.393313304 -0.199136563 -0.036383034 -0.244881449 0.297984650 0.095360988 -2.500955019 1.953777227 0.001461433 -0.746761341 0.296558114 1.006181565 0.763857907 -0.048521263 -0.077639235 -0.732336527
-35.492795249 41.922107604 16.845809027 -0.659130801 0.457400614 -0.281073861 -0.526620120 1.634911055 -0.287501074 -0.286601654 0.617902915 -2.227714950 1.439655899 1.466582030 -1.573582465 -0.212092230 -0.446344388 2.182350955 -0.341446117 -0.283689468 0.717098019 0.102571382 -0.250605873 0.516915918 0.096953427 0.577417922 -0.746265864
-26.126253368 28.767619230 6.638284574 0.219216767 -0.747331723 0.622962559 -0.073191219 0.185203713 1.223769394 -0.405582856 1.659351734 0.089357852 1.024588915 0.521067752 0.146829096 -2.055074477 1.306034314 -1.216491036 -0.380163771 0.468348095 -1.185928878 -0.430697643 -1.334884729 0.583194791 1.285246886 1.317752228 1.270967434
-28.850390464 40.447151195 6.714685367 -0.332707259 0.379955677 -0.452237596 -0.735133131 -2.174476996 0.475733286 0.042611490 0.147261175 -1.061664004 -0.425232708 1.474593629 -0.276145785 0.707116039 -0.436471608 2.204234189 -0.279540382 -1.488704836 -0.441618251 -1.758743477 -0.636775218 0.688942653 -0.557534774 -1.077773154 -2.491040715
-37.695550874 37.497107837 7.560649532 -0.243267098 0.045946730 0.252307806 -0.935441494 0.185823668 1.972665970 -1.552524574 -0.816051930 -0.066397801 0.433010997 0.962886904 0.539852853 0.472550311 -0.843383752 0.360362605 -0.165171759 -0.306468628 -1.510510148 -0.143845048 -0.363964611 0.381984949 0.549622753 1.159388279 2.402863955
-31.527163649 30.986762656 15.969672183 0.725115298 -0.213270406 -0.582135334 0.299736536 -1.027060078 -0.404844850 -0.250997934 -0.138559638 1.092113350 0.317990016 0.124902206 -0.544977668 -0.833536443 0.162966615 1.757420029 -0.103847368 -0.066409460 0.084785102 -0.394335286 -0.233683583 1.225508768 -0.874109023 0.268230183 -1.071882475
-29.585180004 30.541847605 8.285447847 -0.575503522 -0.813959944 0.027163493 -0.074344136 -1.588071276 -0.451056446 1.565786427 -0.410455909 -0.616048992 -0.251445839 0.077076036 0.302652305 -0.345946767 -0.034303194 0.472425887 -0.849658769 0.815284859 0.724452592 0.125553876 0.019517576 -1.741986628 -0.529659896 0.463116617 -1.143855326
-21.288799502 37.888118960 11.441837980 -0.635496819 -0.217136611 0.629171211 -0.391329877 -1.328512854 0.205446751 -0.585848541 0.740262626 -0.557085221 1.171704798 0.370753993 -0.503659160 -0.107264953 -2.193191218 0.843272942 0.505627894 0.121923137 -0.557703923 0.272171306 2.363725238 -0.389390074 0.525596316 0.136872838 0.714955316
-32.051101455 41.677598442 13.066479310 -0.701715485 -0.514263235 -0.337653181 -0.359331367 0.350194058 -1.471478514 0.627793592 -0.771281648 -1.859759897 0.194441307 -0.226587730 -0.600693688 -2.838361462 -0.960942924 -1.295323226 1.187386659 1.975690755 2.118046917 -0.374258398 1.333139356 -0.787040538 0.409738855 -0.464811187 0.376492045
-31.224543794 36.978966491 10.822670335 -0.798384925 -0.485244892 -0.203287942 -0.292904283 1.957787873 0.022907069 -0.559950848 0.276333740 1.952301838 0.817777349 -0.682484160 -1.516742547 1.853431866 -0.347470728 1.764209204 0.280518206 -0.540472593 -0.681232399 -0.085444810 1.116880712 0.197425649 -0.035798536 -0.732415937 0.347686078
-29.424295185 36.754192960 4.627443673 -0.605185302 0.350947486 -0.248196181 -0.670063631 -0.270654376 -0.403604495 0.767173887 1.198745992 -2.246807952 1.389916475 -1.161636534 0.193244898 -0.934492294 0.045296099 1.037449652 -0.720634398 0.727472153 0.294119966 -0.990349931 -0.352360352 0.262408499 -0.823951553 1.020845538 -2.188680075
-32.052386141 31.399170510 18.889016613 -0.746493446 -0.643550528 -0.051828653 -0.160947333 -0.059416247 -0.494874558 0.706793040 0.792864053 0.065053472 1.378213870 0.198987584 -0.597074196 0.020361868 -0.644997468 -0.512423741 0.253099487 -0.880743135 -0.214802680 -0.048429702 -0.307713413 -0.681301517 0.349124107 -0.889793695 0.463351764
-27.123076962 30.852053919 17.980631978 -0.613298843 0.447495721 0.183465705 -0.624461723 0.666439501 0.870115031 0.979042300 -0.102200830 0.392499300 -0.930929318 0.248398483 1.450521126 0.780721381 -0.013592818 1.502792572 -1.523314092 0.295616846 -0.741338058 -0.215372593 -0.346238404 0.130442281 0.028128505 0.018946058 1.474281584
-31.626929390 30.106757857 6.860340781 -0.030349276 0.768112178 -0.009308647 -0.639527913 2.016917149 -0.521637228 0.558361346 -0.874746432 0.190154655 -0.807751903 -1.813874879 -0.324384021 -0.941520386 -0.107788966 0.316863187 0.303012067 -0.208182116 0.047585633 0.200284769 1.328796323 -0.826981261 -0.631156237 -0.009323807 0.372258615
-33.557880769 37.906273437 3.782912815 -0.584211194 0.355740921 0.408193267 -0.604585755 -1.122032080 0.256676585 0.189245973 -0.107203112 -0.751943505 0.632915412 0.367221255 -0.506572662 0.252827786 -1.203605459 -0.171096259 -1.599904758 -0.821574056 1.592276649 0.193979111 1.092365515 -1.168846603 0.868074038 -0.359262962 -0.271037838
-28.586469778 37.774627468 6.775891193 -0.513719176 -0.460606211 0.686322080 0.229992454 -0.048960333 0.133898209 -0.824148562 -0.012317474 1.287448464 0.425508401 0.556343702 -0.021932506 0.179696935 0.974733812 1.043893456 0.822277520 0.197670662 -0.093128572 0.730263682 0.211435164 0.219457081 0.783442941 -1.350463042 -0.272025405
-27.966460676 32.849780175 17.584199216 -0.020325059 -0.494868193 -0.401263996 0.770506047 -0.246035333 0.168441963 -0.771037586 -0.204218110 0.237562990 1.732731305 -0.533367079 0.375740894 -0.395138380 0.984862104 0.397296024 0.646886624 0.451399428 -1.506318579 -0.676694575 0.259368596 2.676665372 -0.043886001 0.746571747 -0.925107281
-22.607269660 35.986799907 6.623029218 0.696642503 -0.277730526 -0.566869412 -0.340901815 -0.730708960 -0.505503778 -0.613375843 -0.049151159 0.389940605 -0.012040516 1.885868493 -0.703441829 0.983407513 0.282392361 -0.603261146 0.681878343 -2.309373874 1.398255455 -0.139438019 0.935742133 0.148746506 -0.211577089 0.838242671 -1.088100269
-30.180439657 41.005055181 19.020540947 -0.092063225 -0.758896650 0.480255014 0.430064365 1.705074695 -0.286950142 -0.421235737 1.295670749 -2.015255638 1.756962435 0.552521873 -2.900909897 1.024335639 0.312625041 1.224469504 0.706964402 -1.998974274 -0.064367349 -0.308474433 0.265243024 -0.595976605 1.182246621 1.951969908 -0.916090241
-29.601282043 33.887307573 11.676094612 -0.303133448 -0.601735583 0.708852582 0.208692162 0.904954934 -0.605681881 0.450096292 0.029094782 -0.052603499 0.764447539 0.297097526 -0.384750124 0.003850794 0.190663607 0.393188543 1.351625329 -0.141263411 0.916887850 -0.906412904 1.915568009 0.196601215 2.706425636 -0.299426798 -0.954927347
-33.857675982 27.737471330 17.288908868 -0.445044190 -0.349941921 0.596598055 0.568811991 1.250639076 -1.279681619 -1.426693846 1.758976613 -0.889756724 0.297368200 -1.171937123 -0.245848556 0.452311411 1.268997429 1.232530396 -1.149156144 0.815324066 -0.200108855 1.995350217 -0.722833224 -0.139454360 -0.422476116 -0.634851512 1.833048856
-36.284772677 34.813190106 8.486707842 -0.100351251 -0.347493100 -0.567770565 0.739469240 0.175906939 -0.209879426 -1.936263713 -0.074050625 -2.740418996 1.081714056 0.340978607 -1.339229294 0.787389298 -1.005211921 0.975566881 -0.629002038 -1.177735560 -0.628158867 -0.508126782 0.254150777 0.059771992 -0.482734948 0.291431412 -0.121479764
-23.381981608 36.480602723 9.151706521 -0.303983888 -0.355710973 0.458851063 0.755327215 -0.193953602 -2.083626559 1.316212498 0.843003070 -0.663249411 0.559152716 1.373152067 0.707944793 -0.530451924 -0.500216257 0.413817547 0.279262883 -1.488400504 -1.737341917 0.080841227 0.144792460 0.214631767 -0.013522564 0.941755402 0.452156851
-23.366480104 34.602627517 13.789576971 0.963439830 0.210889122 -0.124810396 -0.108313603 0.898042427 1.012160838 -0.492220782 0.624436663 -1.436653159 -0.879725602 -0.207426381 -0.839545187 2.210483605 -1.339763002 -0.052053723 -1.672100251 1.388295964 2.037336725 0.528885866 1.074794234 -0.083459958 0.796666462 0.882468778 0.425015046
-27.937174047 41.712272942 8.757666127 -0.573512140 0.434285725 -0.201250924 0.664814109 -0.348326916 0.165501977 1.434331568 -0.439670601 -0.317859180 0.716996332 1.788608231 -1.654113001 -1.786261893 -0.438106150 0.089053296 -0.432318224 -0.496227010 -0.484019596 0.169460099 0.680716258 1.760542027 0.979561045 0.234842111 1.253926372
-31.817724763 36.871592265 13.901944116 0.902068762 0.089843114 0.268082653 0.326085655 -0.858962185 -0.247262801 -1.813526462 0.300473532 0.349311390 3.370098250 0.055775029 -1.471512411 0.586273219 -0.327263841 -0.379579059 -0.590658400 0.629715878 -0.215575383 -1.458007638 0.132535125 0.154304807 -1.002570127 -1.744122919 -1.007912748
-31.948399103 38.017279668 12.945301086 -0.179511998 -0.789661525 -0.508365048 0.292873859 -1.437878203 0.780318057 0.443305054 -0.077873544 -1.109703404 0.771928239 1.786715334 -0.776150077 -0.234433998 -0.663769545 -0.074368898 0.567364223 1.522175657 -0.332999007 0.892969241 1.208229282 0.981615739 -1.329185978 0.013982112 1.344366443
-33.371998133 34.556162664 20.422052911 0.606864110 0.487750292 -0.533064660 -0.331145999 -0.069389110 1.942118649 0.021177429 1.585876755 -1.278402942 0.837901633 0.265070768 -0.039691022 -0.614677936 0.011128328 -1.049137515 0.210368203 -0.226114926 -0.577156874 0.502950157 0.141820752 -0.649144349 -0.247699527 -1.481915172 1.265895166
-30.772777138 38.514354802 7.610060556 -0.298952956 -0.216972989 0.529127906 -0.763919833 1.364456875 -0.152237139 -0.401931985 -0.401855411 0.639368907 -1.048510221 0.042792453 1.004080515 0.171936960 1.018083289 0.071013024 -0.187952893 -0.997196779 0.040919258 0.972530878 -0.904679087 1.236857561 0.334480500 -0.125235909 -0.198853870
-28.107838609 33.111007301 15.023928844 0.523330968 0.538912601 -0.502537491 0.427964924 -2.075336619 1.015430683 0.881287098 0.281288257 -0.218163684 1.688746419 -0.124476489 -0.331214452 -1.092813291 1.038131464 0.265737875 1.147254618 0.663260869 0.953565874 -0.239313368 -1.106357969 -0.235558228 0.445099708 -0.624220631 -0.097017399
-31.384189315 30.916800923 19.045245139 -0.326889007 -0.832467974 -0.252549359 0.369268833 -0.527509947 -1.359751536 0.914266816 2.936310040 0.202034458 -0.829532140 1.280948084 0.198304679 -0.400245807 1.025576472 0.778523163 -0.650795936 -0.257242059 -2.042846039 -1.082843825 -1.250757250 0.636864014 0.538181961 -0.245545578 -1.658026673
-31.650387392 32.235852205 9.110781728 -0.445535064 -0.046324216 -0.661961803 -0.600965178 -2.307634642 -0.036496542 0.152341716 0.310511075 -2.288820174 -0.862686844 0.615409635 0.593310804 0.284094671 -1.491492016 -0.245499567 -0.553667382 -0.694189488 0.944386420 -0.506102264 1.074816810 -1.201167903 0.144948689 0.936344968 0.162909802
-23.486630069 37.859551599 17.618097226 0.775927415 -0.036161145 0.543569618 -0.318058308 0.095357698 0.092156871 0.751980566 -0.005321424 0.677211362 0.232867260 2.094783184 0.871778488 0.428943773 -0.669801040 -0.048698591 -0.166623530 0.381430889 1.332132913 -0.097937962 0.024222266 0.227088787 -1.520502383 -1.531881251 -0.323215958
-28.775523245 39.212027181 8.474631813 0.568091819 0.721622135 -0.382515705 0.101068864 0.971234139 -1.449999496 -1.221927024 -2.348846914 -0.205683361 -1.126461323 0.701720166 0.686120100 0.364197304 -1.389952700 -0.500188436 1.418014441 -1.491646744 1.189388950 -0.432597293 -0.619806261 -0.981548532 1.091507573 -0.592143577 0.604544074
-34.863272569 41.375019173 13.744184843 -0.047340339 -0.338486302 -0.789907534 -0.509148311 -1.150366914 -1.163991376 -0.631519543 1.546322212 0.020386331 -0.091343011 0.376602598 0.305205145 -0.464361514 0.845732178 0.626392993 1.033130469 -0.697979627 -0.201259926 1.159930874 -0.081481513 -1.288362346 -0.840856251 -0.554619505 0.346538850
-30.904926640 31.804899798 5.479877369 0.061762063 0.686901170 -0.717504531 -0.097670252 0.268587119 0.826855596 -1.142252047 0.667179305 0.396553733 -1.670054445 -0.959135199 -0.338237920 -0.095057876 2.449386004 1.182706227 -0.445829378 1.278067137 0.172174298 0.792270383 -1.010398474 0.237679211 -1.773235065 -1.125597329 -0.916586433
-34.800242946 32.369372374 13.479485733 -0.665836777 0.250759583 0.469550934 0.522783836 -0.185350459 -0.268043709 0.580693045 0.824118136 0.442056326 0.286178327 -0.325793348 -1.474686152 -0.324448061 -0.077716664 0.688835926 0.643717685 -0.984439441 -0.163342430 1.331487753 -0.329494893 0.402649706 -0.614302308 -0.570961880 0.014460225
-32.389243109 43.069164961 17.258445080 0.673557066 0.250651884 0.442406375 -0.536443018 -1.259123814 0.678883931 0.020882503 -2.070635625 -2.550699882 -1.333030644 -0.633299126 1.557816968 0.054643167 0.917230566 0.480496743 -0.260382253 -1.443052496 1.164156002 1.147253035 0.882628496 0.186732815 0.418729247 0.972045151 1.075081163
-31.414092708 34.411072769 20.015246335 -0.328652939 -0.179403501 0.157638474 -0.913756937 1.337184219 -0.134192902 -0.004023469 0.407161419 -0.577587224 1.722013605 -0.002447605 1.215270455 -0.117557258 -1.013009636 0.764566704 -0.728924564 0.379562048 0.401527692 -0.033010008 1.680667911 1.637229124 -1.193273035 0.212825962 0.639041895
-28.388652354 30.463733070 4.104184183 0.272570500 -0.612357867 -0.353706169 0.652391838 -0.155625402 1.146241485 -1.339808113 1.615407619 1.603491918 0.411079858 -0.756185660 0.643666964 0.145370718 1.132714749 -2.581095141 2.273605159 1.751459729 -1.282650994 -1.666217954 0.321557103 -0.422480164 -0.776331545 0.165200271 1.447819324
-23.216446375 32.922086289 18.573153949 -0.569006938 -0.518140797 -0.575185118 0.277350499 0.040865174 -1.049148749 1.056375379 -1.059468682 -0.902094663 -2.395420814 -0.605871756 0.301830198 -0.422395992 -1.283601786 -0.201725966 -0.243721493 1.256404717 0.301005151 0.289924259 -0.698961051 -0.059473557 -0.919837226 -0.359559968 -1.732281799
-35.315196642 38.063272128 17.355369716 0.936728832 0.235486728 -0.239807586 -0.097864284 0.887628144 -0.255750990 -1.377759158 -1.278862632 0.831594188 0.837310518 -0.126688759 -0.772054186 -0.736957957 0.370490086 -0.637738957 0.017447683 -0.811913642 0.416970729 -0.252889922 0.236832053 -0.556552469 0.153805753 1.177456644 -0.810477431
-32.795491542 34.778509205 3.278635031 0.533107715 0.437953098 0.104475339 -0.716294738 -1.740384454 -1.042778113 -0.103825946 -0.145677666 0.145913231 -0.729912436 0.968853700 -0.243479623 0.114660997 0.122251198 0.910525549 -1.100405439 -1.595362315 0.559390101 0.083946259 -0.193698513 0.550444402 -0.141456696 -0.532663502 -0.118865831
-29.418594848 31.802824479 9.579295647 0.657944753 0.694869172 0.284485107 -0.057738712 0.527050856 0.912059485 -0.819084917 1.610778677 0.953466138 -1.461909181 1.639796009 0.156902990 -0.919729486 -1.131709467 -2.757286817 -0.369338223 0.242330446 0.448361485 -0.475366840 2.475993302 -0.993854831 0.271626413 1.098207201 2.306399996
-29.429356964 28.688448460 15.837347810 0.755808408 0.046900828 -0.553949370 0.345968290 -1.322563719 -1.589500273 -0.349264445 1.660694141 -0.468943503 -0.511665340 -1.559055368 1.123799892 0.085407673 0.545331644 0.014197692 1.494882221 0.800014759 1.296555759 0.121476283 1.643012266 -1.785880987 -0.367365306 -0.371449512 -0.881351526
-34.294852860 31.815988504 19.879063493 0.542924537 0.280219534 -0.361822807 -0.704126563 -1.380854249 0.525951509 0.652976692 1.512896330 -0.505139465 0.788317215 0.393379802 3.172320772 0.380932546 -1.253707876 -0.240571469 -0.112941783 0.759913381 0.328196872 0.382901910 -2.934400163 -0.343491992 -1.341676228 0.569528528 -0.936968848
-27.844744400 31.459641239 9.267739430 0.345641919 0.498885555 0.546268325 -0.577265782 0.545243991 -1.512969583 -0.639319071 0.224291847 -1.442087009 0.073105160 2.155208527 0.730332230 -0.619686187 0.212048983 0.240196753 -0.315490760 0.381796048 0.824747061 0.502562835 -0.609089696 0.953199290 -0.026731662 1.113252566 -0.901616105
-23.470559536 37.400000925 18.183110733 -0.371182484 -0.767314411 0.410803616 -0.323562276 -0.006911695 1.554589088 -0.983595594 0.519267871 -0.562350417 -2.068330271 -0.603864409 -0.059688756 -0.484340365 -1.184079238 0.594593639 1.360918317 -0.632063838 -1.284767491 0.464676348 2.019500569 -2.256207800 1.236926518 -0.518501884 -0.716873239
-30.404108113 35.971779298 8.977439158 0.394544229 0.448602352 -0.674281381 -0.434091465 -1.395356627 0.686354498 0.247186958 0.776136842 -1.110907068 -1.327357449 1.862952953 -0.169766062 -0.836725061 -1.359999369 1.118419703 0.260789307 1.230471468 -1.802047393 -0.798980119 -1.016723929 0.618500004 -0.411732411 0.931930751 -1.109516477
-33.027900462 34.587514701 6.653214672 0.318477976 -0.040989304 0.826537422 0.462306765 -0.004285451 -0.428927673 0.981492266 -0.218428567 -1.106322478 -0.843242955 1.238741507 0.125171476 -0.441819577 0.629520928 2.109443571 -1.193771679 0.287958197 1.485593605 0.564835988 0.526568028 -0.065525349 0.802411516 -2.147274195 -0.162003082
-36.263633137 38.148777628 11.933423025 0.384828609 0.054112345 -0.921341481 0.010424504 -0.431932008 1.675115575 0.322293754 -0.304620197 -1.310227384 1.094290414 0.489900573 -0.030701373 2.182758998 -0.519823359 -0.816682089 1.842706704 -0.857715971 -1.887129776 -0.395620502 0.663467515 0.069644015 -0.041818184 -0.180228204 -1.178626579
-29.400006261 25.858057727 10.960126506 0.608536128 -0.419148309 0.620192959 0.263361289 1.125174130 0.614948994 0.241932408 0.094976546 -1.446376063 -0.806909463 2.324267519 -0.417044850 -0.689977451 0.502908442 1.618569008 -2.953686430 -0.653848608 -0.255595508 -2.547208822 0.989387963 -0.012599127 -0.166743397 -0.427411259 -1.503064865
-25.485522319 38.273642400 8.715762275 -0.673524437 -0.035361873 -0.020344816 -0.738038250 1.212420637 0.040002026 -0.654600077 -0.771296930 0.038819876 -0.464181858 0.262675162 2.146586612 0.455978506 0.419537300 -0.497191384 1.110335295 -0.108113121 0.618107146 -0.510045163 -0.606527336 -3.175773971 0.011032825 0.220375440 -0.732073971
-33.943503123 30.209795423 11.794783239 -0.408153279 -0.281766119 0.840729074 0.217240371 0.486734419 0.177822421 1.093774991 -1.247836253 -0.705055851 -0.377928875 1.339540857 0.986382112 -0.150285936 -1.225242398 0.732894267 -2.460959201 0.231650917 -2.084095947 -0.257962900 1.594210312 -0.443151236 -1.939130610 0.064839169 -2.339091370
-24.535241497 38.578106805 11.469276302 0.797178609 0.353922510 0.482982390 0.077286051 -0.959351744 0.174051545 -0.358661179 1.624698420 -1.780640611 -0.218243702 0.177884945 2.024241181 -1.793951459 0.986208863 -1.412991148 1.831171153 1.338073902 0.501605275 -0.831140926 1.124108256 -0.195202444 0.542267991 -0.849286423 0.368366432
-31.202314240 30.490954537 15.429771168 0.025624767 -0.582987646 -0.727490398 0.360869085 -0.226450003 0.213156745 0.962059738 0.485955638 0.745033801 -1.058119259 0.630240950 -0.565162559 -0.611421659 -0.604225682 0.807373906 2.416694664 2.990712896 -0.535103985 0.804230909 -1.056549247 -1.264403933 -1.085621541 0.301688483 1.290948898
-27.968867652 26.520297576 10.736088807 -0.172749184 0.530917401 -0.032291750 -0.829000407 1.330981685 -0.057015286 0.327463053 -1.909982181 -1.038000768 -0.778566049 0.797786373 0.976598854 -0.927808281 -0.533542256 -1.024613996 0.224283212 -1.039696159 0.616690429 -0.005552051 1.524534437 0.542574042 -2.126335220 -0.353127899 1.505723979
-32.061855255 39.361982921 15.887663769 -0.047260604 -0.838168427 0.543114697 0.016326342 0.108087160 -0.747465536 1.008724584 0.006245073 0.588744192 -0.447747996 -0.772505651 -0.463413940 -0.254547497 -0.338003606 0.382050720 -0.163410502 0.483305705 1.280438934 -0.978306210 0.018222056 1.007800898 1.102851152 -0.586010450 -0.428853166
-33.899865540 34.367529823 3.444777837 0.376395957 0.216921290 0.900695174 -0.004409272 -0.140074628 -1.203367767 -0.581527774 -0.605118866 -0.154640897 -0.166623473 0.629003662 0.036571750 -0.599298795 0.921980414 -1.164071321 -0.660932283 1.079554257 -0.094520382 1.468912138 -0.416022116 -0.465897029 0.056452444 1.093479756 -0.302633492
-36.657045573 30.150430407 8.036577092 -0.408552176 0.801457591 0.434495487 -0.044322915 1.866277141 1.030334744 0.530912764 0.351923885 -0.296072591 -0.722357155 -0.809728768 -1.050469615 0.036182781 1.321123747 0.961629050 -1.941442211 -1.607641875 -1.007494343 0.443389103 -0.621787136 -1.086852311 -1.565698729 0.399261903 2.134848456
-33.652622728 41.756324862 6.461583436 -0.097170487 0.642013245 0.611263040 0.452475840 0.180181311 -1.151280705 0.849327242 0.491782147 0.355986862 1.419145116 0.055774952 1.090241177 -1.068522561 -0.154031813 0.877909882 -0.712961085 0.528496252 0.087048069 0.519563317 -1.841078920 -0.293311777 0.491371563 0.625248017 -0.510348587
-31.435547675 33.503640258 8.117229482 0.087325969 -0.856889319 0.465536349 0.203447238 -2.477361442 1.539916078 1.372819933 0.065414493 -0.094862906 -1.437146465 1.121491665 0.016998255 0.270111258 -0.504148385 -1.442163595 1.049946477 -0.589920183 1.385830075 0.492083699 1.452892033 -0.577961375 1.131929067 -0.874353184 0.301971051
-27.855559770 30.601285600 11.634613688 0.328424351 0.061342570 -0.772665471 -0.539780145 0.404741815 -0.342588672 -0.901748839 -0.735483634 -1.545739263 -0.647525973 0.175723812 -0.099444720 1.639088604 0.245155438 -0.078775875 -1.219744313 0.430795251 -0.304812156 -1.572279740 -0.829938509 -1.890282324 -0.260205394 1.051034863 -0.356153509
-28.590014132 34.367359669 5.382373947 -0.048113696 -0.783908022 0.551455968 0.281193172 1.316401829 -0.468383947 -0.554395884 -0.085815159 1.385960152 1.209159362 -1.297763571 0.514153989 -0.572297301 -0.838742094 1.372035414 1.098451345 -1.166383546 -1.205632750 -0.515196637 -1.504179881 2.351272660 0.097836619 0.155568834 -2.607745979
-24.023169328 36.005056616 17.934565301 -0.862315188 0.140191454 -0.443184628 0.200863780 1.525569896 0.503820762 -1.081873778 -0.466032740 0.609042663 0.560263398 0.129181991 -0.636191693 -1.240379454 -1.070247678 0.707269861 -1.276052524 1.304103252 -0.636745318 -0.569606273 0.469344663 -1.069840363 1.892819672 0.635404293 -0.307704080
-32.913389302 33.431211878 6.212107355 0.776340923 -0.257224593 -0.321951409 0.476946088 -0.021589654 -0.277913252 0.456807557 -0.563067767 0.267464353 0.367179412 -0.579127280 1.962490098 -0.179743426 -1.189106234 -0.482959873 0.357497637 -0.683449614 1.690719564 -0.271494192 -1.001337394 1.281469138 1.725591408 -1.339290971 -0.928645934
-38.009355001 37.982746277 14.481917920 0.425891223 -0.214399605 0.361306463 0.801315865 1.413368466 -0.850739553 0.216872208 1.168131995 0.784668458 0.517368657 0.536699562 -0.219222812 -1.390169554 1.499817068 1.002120103 0.853232482 -0.289715469 0.819358860 -0.290614343 0.799516804 1.142131414 -0.638253276 -0.360550321 0.946870050
-33.412945542 36.629536551 20.955273751 -0.622573825 -0.223074829 0.749996650 -0.012019920 0.482821415 -0.153840832 -0.570133080 1.281303575 -0.128302494 0.602972959 0.877254091 0.398641873 -0.140980246 -0.963389015 -1.808794246 -0.205966703 -2.227849205 -0.927375771 -0.636886630 -0.619063896 0.245830690 -0.218315134 -1.318632554 -1.010577709
-35.924278786 42.830869133 14.401997334 -0.633891619 0.240524448 -0.166872432 -0.715879177 -0.159162403 -0.821591583 1.221901494 0.967238514 0.758612454 0.305829336 -0.771278857 0.070355566 0.072286536 1.041932855 0.024683317 0.840132685 0.202516602 -0.348728681 1.028913894 0.578332560 -0.465024228 -1.054246682 0.353500073 -1.230441819
-36.560740160 32.064702529 15.595723758 0.207091769 -0.070072107 -0.859511645 -0.461998519 -0.037709998 -0.582290997 -0.296244243 -1.345405525 -1.219369840 0.179082416 0.110809377 1.181377425 0.777333047 -1.206425632 -1.724495639 -0.436234690 -2.495957037 -0.952677137 -0.116038686 0.982054604 -0.516481588 0.557869967 1.316938697 0.032283313
-35.987653728 31.597325636 19.906904315 -0.265219394 -0.114504700 0.236684711 0.927646320 -1.577511794 -0.567071103 0.049440631 -0.255739563 -1.198627049 -0.951998654 0.465837571 1.553938113 1.254056866 -0.349711526 0.392395469 -0.576048261 -0.427635004 0.104484865 -0.087726304 0.264539812 0.669780022 1.773989106 -1.943118826 0.110046227
-31.129717670 33.552826089 9.313620579 0.563026089 -0.334615843 -0.165978862 0.737214269 -1.207825820 1.473040007 -0.926371482 -1.382514527 -0.471974426 -1.209344235 0.975501129 0.647263111 1.203765994 0.250329121 -0.358507265 0.558005300 -0.743600341 0.120775153 1.088849770 -1.353548350 1.563241614 -0.377848227 1.373824516 0.964571000
-34.803688202 27.061810133 12.528728909 -0.701563249 0.186677012 -0.686745293 0.036627890 0.531585637 -0.670273126 0.463477860 1.261303191 0.258598256 0.293500751 -1.232204459 -1.828681634 -1.333156463 0.182566104 -0.449779874 -0.617266217 -0.211942911 1.048045380 0.547422795 -0.996102021 0.490857729 1.502951446 -0.098465844 0.016924731
-25.396909346 35.723914457 9.587163433 0.418582176 0.089722557 0.556229502 0.712283347 0.204261255 -0.759279123 2.080908552 0.511224361 1.582403974 -0.358902444 1.042729770 1.599435206 1.084204683 -0.500933594 -0.834815870 -0.411463720 -0.455730217 0.666443989 1.268198824 -1.422223743 1.459690071 -0.785193357 -0.522719759 -0.323508097
-32.213216035 32.116788781 15.810053322 0.117836927 -0.016211207 -0.549640436 0.826889985 -0.438153764 0.119146721 -0.973801325 0.457234130 1.426425368 -0.317324321 -1.006712785 -0.521904254 0.036705242 -0.816925925 0.192615310 -1.090685983 -0.201233471 -0.847469760 -1.813007561 -2.362748852 0.443590493 1.220881323 -0.675048584 -0.540590713
-33.814120333 29.910716316 10.769819091 0.711912901 -0.589159557 0.230096407 0.305166645 1.305835662 1.036485120 0.067697776 0.121013045 -1.699307478 -0.389163488 1.420890322 0.002892202 0.541735229 0.539135594 0.580384583 -0.228695887 0.692194253 -0.979861115 1.809819633 0.173707332 -0.639897816 0.899008894 1.387576563 -0.180048645
-21.103749224 34.427055435 12.906878818 -0.614864135 -0.308775687 0.074233117 0.721865025 0.206470127 0.220232200 1.106744688 -0.109330927 0.366353374 1.336871238 0.864216016 0.295692353 -0.118842774 0.430177014 -1.108172408 1.406835675 -0.462058523 -0.080323680 1.997762433 -0.850887382 -1.107411034 0.361875042 0.326420856 1.564681512
-26.003184209 33.365360889 17.840035791 0.407130256 -0.432699523 -0.792662568 -0.136755734 -1.169739156 -0.266928732 -0.895041343 0.684712352 -0.969516116 2.013845663 1.357713072 -2.838615240 -1.690047116 -0.245927303 1.123918689 -0.082133700 0.193066013 1.369247734 0.302125955 -0.696764878 1.167765116 -0.888563255 -1.732888353 -1.392756410
-32.495487669 41.939759278 14.468630002 -0.592713067 -0.066540704 -0.775159181 -0.208306981 -1.156399392 -2.194452199 -0.238933192 -0.561045643 0.124923806 -0.611372906 1.208953311 -0.394676094 -0.020278595 0.601018192 1.632645772 -0.757386449 -0.440272452 0.403397470 -0.488879736 -0.159069366 -0.932255494 0.241226603 -0.866588529 -0.965933144
-33.575396411 27.618454467 10.257098267 0.088933818 -0.864614662 0.469644436 0.154810744 0.770765953 0.754168234 0.462899203 0.426601445 -0.156439930 -0.301219054 -0.886562906 -1.350699812 0.030323766 -0.310856196 0.450230093 -0.680458143 -0.011581218 -0.978134332 0.713646068 0.300608484 0.932112918 1.853027340 -0.830062388 -1.863012235
-26.859386874 33.515985379 13.876292562 -0.200729357 -0.891345886 0.029515942 -0.405387526 -0.434637806 -0.434377732 -0.209189018 0.899014742 -0.253569931 0.579639314 0.046802628 0.404754229 -0.234128803 -1.759186599 0.059807012 1.141317597 0.153430090 -0.094423924 -1.101868080 -2.308711071 -0.379625806 -0.812458895 -0.502057202 -0.724633406
-26.178857663 26.980182708 9.228639441 -0.568607660 0.328290853 0.191037734 0.729667753 -0.892392092 0.095256510 -1.647550290 -0.899816179 1.477861591 0.708330201 0.500955726 1.225650827 1.097293581 0.103784647 -0.209389011 -0.749854322 1.607494304 -0.197230078 2.077089663 0.233464330 -1.385378640 -1.310875683 -0.799395250 0.883061012
-24.556159201 40.589479024 14.525615952 0.038380630 0.921296207 0.242428993 -0.301609697 0.512385577 -0.119157942 -0.556298565 -0.103888651 2.611168755 -1.260619203 0.592993501 -0.271359286 -1.289474205 -0.930054246 -0.977896057 -1.113019697 -2.398579428 -2.037736102 -0.721340291 -1.575060871 -0.379914022 -2.171996139 -0.353851748 1.747792696
-37.358700935 34.509056791 5.370395056 -0.210130517 -0.503309483 -0.759374479 0.354788854 -0.417234630 -1.115546358 1.878520797 1.270072163 -0.376998635 -0.970555829 1.423640321 -0.427890273 -0.098225568 0.914647507 -0.198851143 0.402820499 -1.159988902 -0.581401681 -1.032450862 -2.057759110 1.990081256 -2.269855207 -0.933007675 -0.903278143
-24.739779997 34.435460496 14.520964654 -0.212196620 0.191877548 0.596578903 0.749832790 -0.598555533 0.093235964 -0.568817538 2.272968377 -0.924997458 1.087710513 -1.192944964 -0.588797922 -0.253748115 -1.138942006 -0.188410535 0.546007980 0.298718270 0.279938353 -0.309078928 0.588648962 0.982519734 1.231010960 1.845842452 0.095167099
-38.749579741 31.715383768 8.407647237 -0.098690023 -0.695798781 -0.467729999 -0.536053154 1.035602314 -0.883477819 0.581919559 0.856796698 -1.154090923 0.366964509 -0.938135963 1.970903207 -0.135226188 -0.477003794 0.531525779 -0.822116147 -0.793461738 0.114601087 1.387413672 1.960281329 -0.082436577 0.769437798 0.437852728 1.612741896
-31.292334168 39.180558952 21.355956160 -0.365059466 -0.346030450 0.839184522 -0.206794228 0.411309140 0.499596863 0.631410028 0.151343640 0.961041473 -0.215448880 -0.156371958 0.357779144 -0.473101378 -2.308037059 0.444528502 -0.311409785 -0.809898640 1.057183929 -1.043084558 -0.087234993 -0.021546631 -1.596461039 0.727920638 1.600835908
-23.624433139 32.555353373 18.355508449 -0.521473088 0.361697388 0.401360192 -0.660417151 0.953619221 -0.140327380 -0.531007431 1.389320213 -0.119295690 -0.369568984 0.539971439 0.328478095 0.463467211 1.590197234 -1.751276545 -0.848535661 0.066481863 0.747267908 -0.024868076 -1.941003914 0.937613956 -0.062888495 -0.452952061 0.288555098
-25.400717616 35.792000510 6.400591231 -0.757944841 0.582400626 0.013092324 -0.293526352 -0.316218233 2.806942822 -0.171159245 1.561293376 -1.188431963 0.924204267 0.445261311 1.290477024 -0.566195730 -0.014117374 0.525779244 -0.780869735 1.054144404 -0.052573471 1.733034019 -0.252918420 -0.274348374 -1.707674928 0.669333239 -0.208752363
-32.185313274 36.284811010 18.590661899 -0.223493074 0.887703405 -0.125742024 0.382390447 2.097047124 0.995089567 -0.196734511 -0.765764095 -0.665271492 0.251505228 2.896479072 0.054819487 0.054053208 0.632141470 0.450039599 -0.252970080 2.060949941 0.652444695 1.204972459 -0.316118961 -3.637390123 -0.491539852 0.888941153 0.827225065
-35.237488844 35.415496629 9.858088261 -0.494426838 -0.030135380 0.724187933 0.479776822 -0.658369372 -0.300759632 -1.107791870 1.414953217 1.151353384 1.181716608 -1.932247554 0.668868741 -0.559937318 -0.303697179 1.210301794 0.136735422 -0.781199497 -1.522187344 -0.321545130 1.210410835 -0.430952165 1.063778219 0.530084466 0.087501092
-23.960638070 39.044356740 9.481714093 -0.295553371 -0.472971427 -0.329464740 -0.761839366 0.142981050 -1.256987700 0.649737999 -1.953359194 -0.445634801 -0.399034661 -1.094235766 0.803837299 -1.843461097 -0.745830966 -0.041231798 0.565489895 2.108275512 -0.945857020 0.243359804 -0.726510937 1.656411817 -0.755803504 0.136189953 0.030504413
-32.211217487 26.216549477 13.786171115 -0.047554252 0.113510276 -0.674925168 -0.727550704 0.153441653 0.054244582 -0.108036459 -0.009530456 -2.087704984 -0.332357598 0.727169810 0.520381104 -0.738291987 1.422772138 0.723994573 -0.352623071 -0.432330014 -0.232719686 0.777178686 -1.029046573 1.460801246 -1.047722385 1.112059214 0.183652818
-21.995608382 39.173462597 14.541685304 0.179283913 -0.634161564 0.650774802 -0.377078965 -0.796690424 0.466778959 -0.985740302 0.115085661 1.228604797 -0.485940137 -0.354685844 1.437453998 0.491697723 -1.478926372 0.250340320 0.207552049 0.217330046 -0.646520503 -0.716124235 0.038497241 -0.909728449 1.628254058 -0.069363869 -0.017149055
-29.219605338 40.939971319 12.076536619 0.815244379 -0.531952607 -0.158591249 -0.165081319 -0.127060380 -1.453364069 -0.997215653 2.010393665 3.620209232 0.133040047 -0.627713967 -1.486658965 0.262171522 -0.194780018 -1.504205174 0.279102399 0.619670925 -0.417800467 0.451595165 0.225882659 -0.784256758 -1.492546150 1.386041420 0.298257085
-24.537258563 30.159962655 15.156657005 -0.783444285 -0.346522565 -0.323703306 -0.401688106 1.932048804 0.800219500 0.576483571 2.853237849 -0.977091460 -1.092117074 -1.053239284 -1.246211091 0.328294428 0.054516060 -0.701678152 1.056135541 0.681067223 0.115342662 -0.022484150 0.221155413 -1.534735093 -0.221504219 0.503094364 -0.625799765
-32.479118327 32.032850018 10.360719784 -0.459663115 -0.713388994 0.197649198 -0.490633018 0.444075644 0.135384799 -2.524138052 -0.272774928 -0.055175256 -0.199419465 0.677570281 0.456355388 1.182437694 0.132102424 -0.288514600 0.442986949 -0.591370715 -1.089084848 -1.190094335 0.897856279 0.628777464 -0.130902314 -0.417543761 0.829309599
-34.384868383 31.482793297 4.716032744 -0.798365855 0.474851340 -0.215025053 -0.301483653 2.107935807 0.014677990 1.301465705 -1.171789452 -0.780633302 -0.651247074 -0.321434972 0.040360322 -0.203487081 -0.698395548 0.236529256 -0.221821268 -0.276091413 0.452630756 -1.021962839 1.367385018 -0.406397887 -0.897762319 0.614765281 0.032482389
-32.828032839 39.410369806 21.124922737 -0.452221339 -0.104955357 0.688724687 -0.556900834 -0.875269201 0.257320737 -0.508097899 1.930871847 1.093119568 1.939481566 -0.755943284 0.072341211 -1.789859218 -0.966735177 1.069427635 -1.878721487 -1.440732757 0.167854801 -0.772652723 0.118019537 0.096347187 0.593064549 -1.791715577 -0.851675717
-26.219167148 42.143433559 8.027146302 -0.638513785 -0.087872102 0.652403706 0.398682887 2.115723933 -0.917151456 0.276218567 1.499528656 -1.134624587 -0.488207923 -0.754802973 0.416070820 1.149403614 -1.057704219 -0.195068895 -1.159117481 0.142360611 0.143477404 -0.153901959 -0.340953461 -0.966737577 -0.730987363 0.108301345 1.263999851
-29.133959590 36.324668083 12.847495043 0.185725453 0.540983388 0.059682428 0.818095983 -1.030870412 -0.177368641 -0.231589492 0.168580119 0.900687000 -1.373535926 -0.927803224 -0.967026230 0.335402707 -1.341340476 -0.478476528 0.402595076 0.347159826 0.079570604 1.423981933 -1.873987887 -1.374159895 -0.510647915 -0.182769990 -0.327699880
-32.086734914 34.284100524 18.212267593 -0.652002774 -0.291310599 0.295638534 -0.634530042 -0.930736886 1.566317782 0.993848760 -0.698176215 -1.550808092 1.321639174 1.206032256 1.986136310 0.016866127 1.031484599 -0.609676324 -0.494692171 -0.064008779 -0.241574837 2.424345573 -2.020611115 0.250183099 0.169744206 -0.011348675 1.061889432
-28.232548289 40.907791318 17.274702357 0.377132395 0.767807734 -0.230185149 0.463958229 -0.623098085 -0.509626660 0.949006878 0.988168327 1.157534463 2.160662941 0.601113418 1.502849497 -0.299309365 -0.689767705 -0.374098245 -0.772918061 2.136708640 -0.747942319 -1.501290807 -1.153473061 -1.352827811 -0.221040113 -0.256409621 -1.304556148
-34.941728407 37.639013628 19.528775313 0.337010777 0.609212018 0.132421897 0.705513214 1.605236404 -1.672107052 0.844524282 -0.185656100 -0.476176679 -0.193655057 0.299604693 -0.422178929 0.218674653 -1.141239705 -0.237347443 -0.007056643 -1.292933012 0.001077336 -1.364017209 -0.586749757 0.726661895 -1.912020755 0.304239255 1.076870143
-28.174904323 25.780158037 10.518373881 0.173470945 0.436178375 0.396772285 -0.788814307 0.763324612 -0.292266494 -0.205017226 -0.465874197 -1.046947145 -1.021369806 -0.993396460 0.710450522 -0.069812849 1.457846555 -1.550124226 -1.513127549 -0.163688497 -0.560747188 -0.239158069 -1.156084995 1.149401696 -0.956769382 0.290427444 0.229211932
-24.970000293 30.832075918 14.321774602 -0.252942483 0.127229253 -0.192050788 -0.939653826 0.369687744 2.094044784 1.135121794 -0.181725887 0.460767649 0.146341776 0.497116052 0.254843228 0.268300446 0.875772455 -0.401266200 2.042362625 -2.387308964 -0.058785750 -0.374116398 -1.346621707 -0.023395512 -0.196971818 0.039217743 -0.948860784
-24.433915537 37.373654692 8.715877585 -0.394626273 0.577909567 -0.649671001 0.297015534 1.630032937 0.540586306 -0.115671075 0.885431335 -0.643670675 -1.102374627 -1.096708276 -0.321391123 1.378795625 0.238410601 -0.454736235 -0.269446767 1.306040962 -0.604006287 -0.812990049 -1.183680386 0.227010979 -0.024388659 0.478957775 -0.306455704
-29.628015167 44.528268512 14.642784639 -0.864668513 -0.230181102 0.256649336 -0.365371238 0.393983127 -2.641027074 0.037530190 0.025266262 -0.742871496 -0.400852666 1.976715741 0.187718101 -0.005251270 -0.869239461 -1.282720176 -0.942827167 -0.417526785 0.174096241 -0.775583979 -1.069379047 -0.020210514 -0.020897654 0.324049726 -0.484811927
-23.319994481 33.910107621 8.043155575 0.150760367 0.000364148 -0.910289360 0.385544369 0.636189162 -0.606641407 -0.769890211 -0.318765160 -0.750399070 -1.348627285 0.692047326 2.003760151 0.131869774 0.791598569 2.965446971 -2.668182637 -0.274538587 -0.288181675 0.242911156 2.483796681 1.482967154 1.465684095 -1.798478289 -0.713998813
-32.963647901 29.557390985 19.220485621 0.253057501 -0.906070336 0.108864950 -0.321164865 0.383686700 -1.510838195 -0.245282748 0.387284251 1.343039911 1.738177642 1.504681251 1.374167917 0.869007577 2.504407882 -0.999724492 -1.012424484 1.039512936 0.608960657 -0.175337050 -1.190302641 -0.643434292 1.622343531 -2.241763153 -0.053888843
-29.365973924 40.460804598 15.286482541 -0.038146572 -0.819425178 0.041843471 -0.570382627 -0.584608018 1.031690017 0.362611779 -0.315030170 0.093085522 0.600467895 -0.713167997 -0.345922486 -0.082556487 -0.268025456 0.435160372 -0.880460065 -0.790959303 0.347595297 0.618935796 0.197844886 0.193245037 -1.075083735 -1.122305867 0.307472690
-25.563919972 40.323923495 14.911074277 -0.116275641 -0.990812739 0.067577432 -0.014261211 0.386502184 1.238892030 -0.855671462 0.296362996 0.190970745 -0.948885192 2.030782451 0.085137566 -0.616490513 1.158381434 -1.659145845 0.279448563 2.406664215 -0.500245028 0.168439890 -0.936837671 0.761528031 -0.202063776 1.027764401 -0.329576631
-36.590809933 31.625024785 5.759326043 0.046328706 0.639540994 -0.031872275 0.766697545 1.855402788 -0.673542221 1.383252726 1.006401672 0.696046987 1.706525966 -0.542872096 -1.483456308 -0.532460988 0.513557575 -0.194886582 0.372782026 0.643877644 -1.467454921 -0.118373123 -0.004068177 -3.423805051 0.510946633 -0.466471252 -1.007240857
-34.227830103 39.056886740 13.672602723 -0.647626106 0.574403246 0.293965637 0.405247507 -1.328881653 1.274069004 -1.744635596 -0.137332044 -0.485740464 0.441683317 -0.566904610 -1.398630369 0.903457485 0.109281060 -0.082318718 -0.674620012 0.095543328 1.047578155 -1.047881383 -1.597857967 0.860377861 0.024706324 0.901417742 -0.941563190
-34.221072948 34.938268039 15.732903308 -0.347041663 -0.464228289 -0.513724307 0.632567400 0.709288528 -0.968045180 0.066804921 2.404760954 -2.299609342 0.081505951 -1.569234504 1.325767674 1.918618475 1.136275259 -0.450425907 0.965585350 -0.983593645 0.738654114 -0.765296392 2.329092467 1.026313620 -0.791261030 0.511312395 0.759745342
-26.118764947 33.410719090 16.204237230 -0.158219462 -0.301673631 -0.777877999 0.528077116 0.040483210 1.732181314 2.130289049 0.850436368 -0.825942433 0.775194655 0.602795667 0.625518939 -1.637842424 0.830094525 -0.433087536 -1.211120410 -1.431964294 -0.300661640 -1.664220851 -0.858495482 -1.398402904 0.484284566 0.819864781 -0.179030196
-21.905947156 38.005945560 16.096706242 -0.318349446 0.059127240 0.713505008 -0.621343868 -1.270425433 -0.370933117 0.777961727 -0.439707027 -0.344335323 0.492632143 -0.616800777 -1.003551920 -1.260144112 -1.109439967 0.007857626 -1.031721383 -1.440237739 -2.378636456 0.668717928 0.439878776 -0.581589676 -0.565555501 -0.128783489 -0.463742768
-30.370759237 31.231658320 21.384799552 0.279746265 -0.820958790 0.225151572 -0.443931821 -1.304850134 0.653570626 1.784613719 1.658490415 -0.484405676 0.060088271 1.738116958 1.944039800 -0.121844626 -0.047720924 1.193065859 -0.619338524 0.393612885 0.425386271 -1.795734627 -2.411059141 1.113755831 0.134575867 0.628250930 -0.726008051
-30.389112467 42.875379225 6.299423054 -0.820900564 0.017767253 0.303198002 0.483608892 -2.145335088 1.526445867 -0.671248187 1.226945639 1.360292258 -1.412496699 0.256578483 0.192554320 -0.516220302 -0.707485006 -0.326573506 -1.201382072 0.745254910 0.423837329 0.070546202 -0.649169969 -1.781965085 1.006403672 1.042798088 -2.361265613
-30.739860961 33.213114111 3.401549298 0.369077584 0.751714711 0.504451958 0.210321069 -0.269301329 -0.052715815 -1.726279404 0.380431585 0.140570107 -1.091420013 -0.120098213 0.538481956 -0.216689023 -0.470343036 0.286363964 0.100063720 0.712189611 2.063990926 1.517039438 1.123233812 2.121759460 -0.538193095 0.839981450 0.241487784
-31.898170790 27.909328154 17.965590361 -0.088392272 -0.232309520 0.675084804 0.694607515 0.953526737 -2.454632420 0.466168807 0.072104213 -0.396828198 1.159900538 -0.197101017 -0.132268440 -1.665173602 2.095160050 0.040909574 -2.374848856 2.279801625 -1.236794727 1.058427999 0.829087174 -1.289708743 -0.320157119 -1.364877262 1.130762502
-32.201054750 31.937923706 17.053880095 0.027265648 0.175791142 0.329150448 0.927369420 0.925090763 -1.283029006 0.652780289 -2.557671702 0.386775667 -0.327046678 0.702274144 -1.328349785 0.316709826 0.595800474 2.132532655 0.752881858 -0.967956229 -0.214218036 1.817442877 -0.619258769 -0.341884261 1.160917937 -0.108751502 -1.923592337
-34.304215345 31.740482503 18.377884972 0.463388118 -0.200616239 0.512475561 0.694545446 -0.402410582 0.516288741 -0.006040352 0.145533443 0.966157813 -0.000398634 0.397538003 1.425695787 -1.597608454 1.383173937 0.327405135 1.477285622 -0.522517196 -0.211505637 -0.901723041 1.850772869 -0.480667339 0.012363858 -0.198066137 0.613919815
-35.233957252 35.384688811 20.529870625 0.687505992 -0.545196728 -0.374021194 -0.300340116 1.299657322 1.310005642 0.727083435 -0.028669819 -1.868356005 -0.164654950 -0.102219155 -0.202750735 -0.108735985 0.754256701 0.819724708 -1.180594495 0.115294785 0.386447276 -0.557582438 0.467622637 -0.648340570 0.046930514 0.946340065 -0.091054128
-31.120390203 30.292254515 6.397279941 0.569408719 -0.225691850 0.165861357 -0.772869271 0.072138406 -0.149188507 -0.275185400 0.833166679 -1.142612699 -1.591245255 -1.226124292 0.408198133 0.417030326 0.338920792 1.633919271 -0.128622808 0.973136470 0.050191838 -0.755517836 2.674687289 1.038649743 -0.672379509 -0.761785173 -1.855340474
-35.202624179 41.561027781 14.906290924 -0.520741833 -0.092899035 0.487121571 0.694917468 1.013344830 0.445336276 0.124981322 1.079426964 -0.809054189 0.247269209 -0.410151904 1.505499338 -0.480285046 -0.097730833 0.053678113 0.532763962 1.621712487 0.429954013 0.357507303 0.565388446 0.479428182 -0.805928658 0.989929058 -1.649141039
-24.892612510 33.170690071 12.951679947 0.619628750 0.473639260 0.391758000 -0.488110369 -0.578622988 0.584837019 -1.412978861 -0.676928753 -0.174352491 0.594125609 -1.784386308 1.413288425 2.218495143 -0.240277188 0.156052589 -0.665534204 -1.175053728 -0.134860705 -0.501485331 2.205021840 -1.627303501 1.809564402 -1.108950250 0.911110593
-29.986879108 27.047037006 8.977553879 0.355054402 0.926189865 -0.114563337 0.054625525 -0.373993513 0.495333448 -0.391553595 0.921397981 -0.787970082 -0.884083065 -0.608439022 -0.573593306 -0.455274311 -1.101616863 0.476082900 -1.394912212 0.525035500 0.627033639 -0.493862788 -0.581207280 0.138063134 -1.015722967 -0.818327734 -0.300910576
-35.551957419 29.240290785 13.184578053 0.782101792 0.092674780 0.492225701 0.370731751 0.339156269 0.107886658 -1.945092144 -1.048117114 -0.062108706 -0.602227845 -0.128445362 -0.476564041 -0.067578390 -1.252310136 1.757162525 0.524049825 -0.666776351 0.724214614 -1.127399887 -0.011847373 -0.859640794 1.065065817 0.264565372 -2.567777791
-22.800603507 39.247401808 14.067423964 -0.143786941 0.511098740 0.673541412 -0.514242510 0.347689278 -1.178975209 -1.415989628 -0.092563240 -0.789416427 -0.450598462 0.510483150 -0.211024166 -0.892760544 0.502192508 -0.757468323 0.276581973 0.257042449 0.196755425 -0.665407461 -0.697103883 1.236934821 0.236840891 -0.288568436 1.623440768
-36.176210943 41.871238787 13.905397593 0.702590281 -0.565567679 0.171520308 -0.396334306 -0.618001498 0.207019593 -0.891773303 0.175806625 0.879791583 -0.556194947 1.829755209 1.889684785 0.101063358 0.175121682 -0.122259579 0.206271308 -0.553113284 -0.076125128 0.382498849 0.486422836 0.660773208 -0.862050676 -1.510401820 1.936686454
-38.826253922 37.024359446 12.935602454 0.682488361 -0.653177573 -0.324713433 0.046150632 1.852659012 1.146178909 2.041984110 1.042192907 -0.359488971 -0.003978658 2.067671028 -0.909572062 -0.471064413 -0.141614683 0.139670109 0.168130488 -1.774539666 -0.087594768 -1.005628105 0.416351535 -0.549085332 0.790210491 0.366061438 0.747847292
-25.074848819 30.070084284 15.227613255 -0.920585576 0.372957274 -0.044077342 0.107155296 2.288140266 -0.956568722 0.034418455 -0.089800101 0.453752304 -0.464371902 0.166351450 -1.671431011 -0.325275989 -0.162808306 1.402558130 0.128959791 -0.179454382 -0.336753617 0.823882539 -0.289844805 1.111828466 -0.557518276 -0.699654258 0.340962637
-30.087972463 35.545887252 18.987373233 -0.384277136 -0.309271432 -0.749748534 -0.441088880 0.340317187 1.079200658 0.768960716 0.826320613 1.132401021 -1.165183088 0.420679108 -0.562840700 -0.248734281 0.831579187 1.366455306 -1.102591672 0.395619666 0.410862294 -1.276121594 -1.099169367 -1.172794254 0.752799634 0.285831078 -0.942071507
-27.979504866 26.577693498 13.189080534 -0.283005574 0.408072058 0.313898162 0.809229871 -0.279698850 -1.294697025 0.381400884 -0.759222084 0.804121406 1.487836963 -1.088181299 -0.526889983 0.187357356 -0.090785784 0.350605195 -1.752896609 -0.046078087 1.586275879 1.551366387 0.488556875 0.886173224 -0.027841390 2.191052474 0.447760971
-39.353508241 33.583849968 14.702375812 -0.658919310 -0.453494134 -0.021069764 0.599770355 -0.124681058 2.259513340 0.378575333 -1.800454350 0.696532979 0.045672820 -1.255115956 0.970054901 -0.507272366 -0.763163462 -0.102310097 2.745591232 1.870289160 -0.120612079 0.418796524 -0.619829180 0.898910595 1.801397107 -0.590730125 -0.960282653
-24.801323892 41.916607418 16.606710339 -0.205447399 0.058269706 -0.563989785 0.797691375 -1.246967343 -0.469382607 -0.974776347 0.658178604 -0.668353985 -0.681064093 -0.759691193 -1.988509733 -0.845103246 -0.798187949 -1.013923153 0.500225294 0.271413322 0.046895839 0.251280367 -0.052708935 0.406119138 0.093628364 0.727692411 -1.610801656
-27.951114412 42.306941593 18.243841938 0.734712795 0.151824871 0.339757862 0.567195657 0.177979472 -0.028327037 0.011646762 0.470931326 -0.314763532 -0.399237419 -0.999945034 -0.807826826 -0.037566675 -0.248626144 0.648007384 -0.362268239 1.675667274 -1.098490157 -0.482489215 0.390276159 0.246398641 -0.676649921 -0.696506237 1.494908257
-30.840878251 42.558570874 11.782118278 0.618447692 0.582682628 0.135373281 -0.509585598 0.908793246 -0.048150003 -0.285661681 1.069982174 0.521520459 -0.077178077 -1.430643455 -0.354399234 -0.988953663 1.069098511 -0.390614168 -2.214423045 -0.436756943 1.584478712 0.444508700 -0.037100005 -0.656393003 -0.306360447 0.508346121 0.477300012
-39.135945935 37.614647332 15.567131745 -0.484701649 0.454438528 0.735980718 -0.129931978 -0.108507850 -0.747871931 0.279858420 0.792338022 0.454119606 0.289249135 -0.819799474 0.015567238 0.706890287 0.413699807 -0.162431078 -1.258195677 -0.318333818 1.234294487 0.452513620 -0.805499781 -1.165936156 -2.555428725 -0.728780395 1.286928001
-21.942351506 39.597766748 13.010345188 -0.152884903 -0.077653946 0.080482456 -0.981895435 -0.635456488 -0.229104913 -0.097613980 -0.116175369 1.122298715 -0.860950361 -0.151902265 0.948394923 -0.606590511 0.204532706 -1.224672194 -1.668979428 0.864771390 0.206030098 1.542966438 0.701111388 -1.198795901 0.049020066 -0.832103206 -0.438559208
