41.710844570 26.248315478 -30.921538561 0.530242519 0.285716777 0.796218755 -0.056960420 1.392205908 -0.400696924 -1.355156027 -0.339203794 -0.282889017 -1.832635428 -0.576398966 -1.165761614 -0.330361559 -0.277187884 -0.205165846 -0.738147074 -0.019143539 -1.404443152 0.846426725 0.797201269 -0.924076150 -1.562805291 -2.537596265 0.365824494
36.953400901 21.431928629 -38.770344684 0.333823122 0.844065618 -0.031819145 0.418452982 -0.718368450 1.374470055 0.582252899 -1.692593855 -1.266522318 -0.740378974 0.808350730 -0.323732448 -1.515564592 0.820731250 0.968286584 0.339182349 -0.651128062 -0.129071959 -1.102493207 -0.034557393 0.008596762 0.532525748 -1.905973511 -1.400843640
39.031670195 32.636503649 -32.214141751 -0.504447829 0.203525272 -0.220728129 0.809560958 0.469448255 -1.392317823 -1.301073063 1.370165213 0.979032287 0.444936828 0.551564092 1.244102798 1.800399730 0.472145075 -0.924809928 -1.480889026 0.158961653 -0.302230645 -0.221920319 0.419816758 -0.733771324 0.372077701 0.713486406 -0.782739716
37.511480578 33.445190275 -33.671313713 -0.553164242 0.532787826 0.356627245 0.531943100 0.957469480 1.841958257 0.180963603 -0.333467578 0.638784737 -0.691238122 0.585192020 -1.025116975 -0.469956437 0.530928351 -1.364762150 0.225250045 0.044234548 -0.522359419 -0.218188031 -0.837711880 0.770584105 0.627265550 0.754254593 0.489727320
26.075082305 28.186670983 -35.738764514 0.670481471 0.312879013 0.577068454 0.345764833 1.015346961 -0.731438288 0.099164028 -1.123928516 0.962708022 -0.985649557 -0.950144968 0.730186404 0.632810013 -1.737532929 -2.453457771 -1.220820574 0.181094634 1.059205440 -0.909746543 -1.217403803 -0.359221414 0.665791800 -0.797249539 2.451596080
36.370125690 21.468452172 -41.327567471 -0.425156633 0.378997989 -0.045224396 0.820705255 1.642156097 -0.513778714 -2.763929712 0.119098347 -0.100696715 -0.749222436 -1.593253278 -2.068336960 -0.209204800 0.492389626 -0.920286835 0.023012161 -0.153379859 -2.393300670 -0.945363623 1.471720574 -0.562151602 -1.181377626 1.861310498 -0.349463446
39.576735739 26.965176537 -42.535547473 0.281873228 -0.332534419 0.898246869 -0.055865066 0.497755556 -1.219077499 -1.181343475 -0.722417361 0.368492943 -0.127195815 -1.538767077 0.291511424 0.300186114 -0.691540864 0.085746753 0.147184340 -0.709891281 0.080489000 0.152862161 0.680162937 0.079950986 -0.234186442 0.176607674 1.000018256
39.911463667 24.411535942 -28.938165103 -0.149260687 0.502065533 -0.558254109 0.643431269 -2.525737968 -0.656827960 1.529910401 -0.323677193 0.738098578 -0.311807637 -1.059536775 -0.268251392 0.244843936 -0.568430545 1.984618706 0.014183233 -0.035897229 -0.921222240 1.879787689 -1.833701211 -0.845510486 -0.518796295 -0.676538588 0.157500660
33.852928456 18.306006032 -35.319675029 -0.511989673 0.210342976 -0.698084110 0.454203681 0.854079194 -1.245443318 0.980171955 -1.207831627 -1.093262241 -0.646007771 0.011326571 1.427536244 -0.439611448 0.568205483 2.234635817 0.193358084 0.170692125 -0.384195256 1.403783025 -0.258312560 0.674882787 -0.434493272 0.445758138 -0.172030426
41.635418678 27.984955191 -39.047987161 0.039290240 -0.066313947 -0.996992302 -0.008067651 -1.217241409 -1.378833784 1.074681765 2.033654272 0.823766529 1.960987305 0.096844592 -2.163327867 -0.270610782 -0.520063394 0.465985535 1.166912341 -0.708999749 -0.869320323 -1.300974500 -1.198073536 -2.123816454 2.131234009 -1.128034350 -0.369963716
37.258189218 34.222857628 -36.386087630 0.524747565 0.522278277 -0.568124566 -0.359304707 0.567364591 0.265205794 0.491988642 0.206769043 0.654536299 1.286421597 0.990833995 -0.743599625 0.972474279 0.155937171 0.226876176 -0.374550016 0.737241376 -0.418225458 1.018607564 0.821917598 0.191010134 -0.824093895 -0.366474329 1.208710936
33.797906321 23.198220235 -41.910600235 0.253886690 -0.759316153 -0.182711784 0.570611017 0.198110482 1.176294593 -0.346877390 -0.373074541 -0.104193155 -0.676012248 1.160727291 -1.656474041 0.888699723 -1.407099921 -0.571267060 -0.859813835 0.385499927 0.111066487 0.688694260 -0.566992995 0.604595047 -0.607961578 -0.362192747 0.977366866
32.652849480 26.716092618 -43.093001002 -0.026796751 0.934087523 -0.346497419 0.081865576 0.582172054 -0.046216707 1.323775395 0.936302754 -1.327174311 -2.511725545 -1.006949193 0.710710991 0.193767384 -0.035089141 1.492640504 0.272291097 -1.162139619 0.237567914 -0.582745008 0.440900334 -0.786363050 -0.428727361 0.512268562 0.732474650
33.528870296 21.533062645 -32.815773195 0.508675453 0.597405658 0.045920370 -0.618261339 -1.046059423 -0.545994422 1.960333928 0.753430130 0.627088024 2.092853369 -1.640107786 1.352003248 0.952552673 -0.384099349 0.022359647 0.704026302 1.489251050 -0.905576474 0.107057190 -0.950572122 -0.204488461 0.034064468 1.291263939 -1.538531507
35.188809369 25.422139077 -35.211887681 0.328040704 0.315569597 -0.823590001 0.338385336 -0.610616497 -0.728732454 -0.820671353 -0.418623077 0.748905566 0.538617665 -0.483037456 0.541188771 0.575558280 -3.996773313 1.743217574 -0.359120298 -0.215923947 1.652120187 -0.495838843 0.843279691 -0.945377885 -0.465561803 -0.024018254 -0.832840456
42.429424010 24.652874274 -35.276559329 -0.689239006 -0.464707812 -0.328272688 -0.448590329 0.383229136 0.600932345 -0.589165397 -2.993169191 -0.903174350 -0.217529719 -0.736133143 -0.368464000 0.143170626 -0.519175854 -1.303002855 0.618202063 -0.089958259 -0.360539084 -0.023254910 -1.163207032 -1.310263609 -0.051788914 -1.019587306 -1.850950356
36.146916735 32.496756912 -30.437165621 0.903191425 -0.023281042 -0.008276037 -0.428526254 0.239727109 1.085562844 0.888911808 1.426895218 0.741615676 -0.509919828 1.137780841 -1.923616839 0.929536218 0.426429177 -1.015276509 0.603643340 -0.939170320 2.545500043 0.491147783 -1.214651357 -0.400047898 0.184874473 0.107807392 -0.173356507
27.562529818 25.846787477 -31.213814109 -0.102247652 0.350505978 0.849531114 0.380772718 0.401908489 2.379879468 0.589641793 0.354942052 1.209086274 -1.019199924 0.381712490 -0.249137991 0.521901972 2.898420883 -0.215089266 -2.243066102 0.057863864 -1.093303681 0.976423344 -1.651916431 -0.101674539 -0.631121728 0.395522786 0.869240684
35.209819478 22.799434724 -38.689650139 0.201158651 -0.007984633 0.392312049 -0.897531447 0.451482067 -1.245687132 -0.125714341 1.864111991 1.032587135 -0.325204890 0.688173131 -1.243888960 0.204414581 2.162935030 0.492456794 -0.616988811 1.095122973 0.497208903 -0.266068589 0.716468305 0.705190607 0.370591249 1.590234518 -0.769934267
40.352845226 26.068462085 -38.315915494 0.345329179 -0.289761540 -0.584956824 -0.674248858 -0.856425931 -0.031834195 0.394802991 2.601731649 -1.902436074 -0.146567524 -1.457051542 0.414100297 -2.281445017 -0.547949588 -0.796177665 -0.035944023 0.257632123 -0.518859931 0.441337040 -0.148195457 0.114780453 -0.014929704 0.155068482 -0.897861850
39.315632062 19.269589976 -41.816964245 -0.446030302 -0.199929671 -0.872114415 0.022395173 -0.144939662 -0.063486835 0.411851579 -0.213157296 -0.281812987 -0.353872184 0.935610737 1.194706134 0.144824897 -0.162663481 0.290920113 -1.178681041 0.240568512 -0.099427656 -1.722496988 -0.566454912 -1.931620757 1.371918560 0.114225807 0.065290234
37.426737962 31.911973343 -41.493219831 0.076613584 0.471998222 -0.864206553 0.156509016 -1.137899358 -1.258447186 0.259391018 -0.808116973 0.802363493 -0.415399969 -0.350078933 0.208832329 0.531125272 0.476511665 0.894566607 -2.091909008 -0.056917231 0.260571984 -1.892615632 -0.309813746 1.823937747 0.355765573 -1.149837907 -0.561231195
33.836833283 22.471841116 -29.073215531 0.556274892 0.264526131 -0.750840122 -0.238376346 1.057983625 -0.719087630 0.584048242 -0.055883613 -1.274110044 2.024363839 1.120213833 -0.494375152 0.275761596 0.092498534 1.062510272 -0.118779469 0.620379576 -1.091048253 0.076027311 0.021993204 0.591283702 1.180284751 1.085635152 0.528351807
40.832625459 23.312614988 -30.818075812 -0.671057173 0.616520402 0.127757926 -0.391487900 -1.100923567 -1.687066268 0.304106102 1.339161494 -1.419839831 -0.391688382 -2.368584505 0.343158553 -1.084615664 0.141902627 -0.703738823 1.082417633 -0.360217454 1.132350612 0.120954558 -0.666417457 -0.312334105 -0.819061772 -0.073964065 0.368092355
31.737892334 25.713378947 -39.597098406 -0.235106784 -0.754273764 0.121252391 -0.600910765 0.954894738 1.214876410 0.814035013 0.648915315 -1.593089381 -0.891365730 0.911645317 -1.440758788 -2.020374423 -0.659983692 1.312674146 -0.579616158 -0.018534687 0.590678409 -0.145482666 0.208122707 -0.099420500 -1.562597031 -0.393927735 -0.969011938
29.559403819 27.192047801 -40.862708181 0.210842934 -0.760636418 -0.588695379 -0.174399676 0.340779323 0.264142136 0.185222728 0.376926732 2.336735716 1.145632427 -0.465291784 0.098151856 -2.491772869 0.631344146 -0.002236344 1.258816670 -0.579927417 0.005799694 1.204195893 -1.303873840 0.143692659 0.560750613 -0.480529752 1.098121717
32.103552228 22.025533069 -26.987882947 -0.010429309 -0.174249224 -0.194137695 0.965318079 -0.599156840 -0.650346439 1.766110367 -0.203815145 0.060884273 -0.105909630 -0.814065647 -0.637542427 -0.839684224 0.968187942 -1.722453161 0.579588412 -2.087070959 0.649487090 0.775845568 0.529085240 0.353803114 1.434420912 0.678970251 0.764573249
41.504526676 23.889409258 -35.221111374 0.119260370 0.383213115 -0.507446239 -0.762510975 -0.322268973 -0.320325128 -0.904570342 -0.272535798 -0.429384585 -0.027251687 -0.242015776 -1.316121648 -0.762439226 -0.448158054 1.596713188 -0.546374631 1.323000851 -1.007511649 -0.443429847 0.164745729 0.267642498 -0.759904311 1.776568737 0.829801559
27.910509141 18.367865598 -35.603509769 0.720213263 0.690163182 -0.013575499 0.069161724 -1.201706181 0.436350760 -0.187261107 2.057449321 -1.204313075 0.237233455 1.592106639 -2.437995327 -0.064211926 -1.390494376 0.087192514 1.456023306 -0.716448959 -0.373776530 1.160846268 1.260430326 -0.720729556 -0.471900243 0.086585604 0.136919110
38.896571595 29.861063057 -31.723215077 -0.283524070 0.874245621 0.263698369 -0.292868342 -0.323838059 0.336532250 -0.258857951 -1.228247368 0.886421492 -0.024735559 0.548887048 0.219289868 1.420412042 -0.124705635 0.197910240 0.633072796 -0.093320630 0.927771840 0.339191329 -0.809308368 -0.753499705 -1.199540023 -0.443674933 0.424928763
33.657873985 28.531414936 -34.165036365 0.217857279 0.314942182 0.876950056 0.290358792 -1.020516067 -0.471388583 0.281122800 -0.981425066 -0.044812289 0.501853823 -0.421392796 0.699552467 0.934083001 1.484793354 2.396894073 0.707997093 -1.453130546 -1.291254594 0.737195686 0.688839028 0.337678349 2.115397854 0.993842004 0.143240521
30.224974849 32.332018335 -31.911745807 -0.118574596 0.468437318 -0.635900736 0.601778030 1.263771461 1.450781100 0.207823054 0.529571124 1.247106098 0.582063059 0.282450954 0.403068145 0.543126126 -1.947396552 0.145847418 -1.090366905 0.087870951 -0.167330564 0.312198344 -0.771220301 -0.909161918 -0.234027349 -0.430819005 -2.349644195
43.532619199 25.674713040 -31.287935967 0.654002608 0.692278079 0.269443251 -0.142940495 0.118218998 -0.351702729 -0.119475775 0.091899970 -2.372034177 -0.018850339 -0.504510229 0.193160047 0.654957371 0.513314146 0.811421926 -1.744291074 2.507363367 -0.546143881 -0.632427157 -1.035740818 -0.116255533 -0.688669303 -1.091928261 1.046164338
33.426906133 31.333747934 -33.653772763 -0.079825786 0.050975766 -0.527585863 0.844205231 -1.331489092 0.357185547 2.538855084 0.639300751 -0.315241729 -0.045506176 -0.165210700 0.813825667 -0.864274650 -1.610020950 -0.033706728 1.245245858 -0.210502829 -0.128142544 -2.155950532 1.261148097 -0.679884629 -0.650124598 0.266775588 -0.626691242
32.094714124 20.618230373 -30.995142435 -0.328078032 -0.941470799 0.032905697 -0.070105313 0.547263284 0.027829708 -0.341517286 -0.031842196 -0.370550888 0.637756910 -0.970219191 -1.081752802 0.225169977 0.281141492 1.613125180 -1.061472546 0.175307464 0.318640372 0.020888388 1.022109845 1.525830051 -0.778719603 -0.096637437 -0.579307569
32.249056430 28.229785258 -26.791384434 -0.884262439 -0.115811132 -0.058797352 0.448565037 2.017825190 -0.594669218 -0.058971447 -0.481706957 0.352509520 -0.225822214 0.142879459 1.321287534 -0.649025312 0.274099978 -0.599371905 0.701599707 -0.126533095 -0.520907265 -0.457695187 0.934524784 -1.665180434 1.255698820 -0.923438796 0.208055607
33.054865833 23.004748508 -35.793585130 -0.504413450 -0.257543333 -0.815520483 -0.119016159 -0.533183226 0.745104106 -0.085521481 0.828452323 -0.783446832 -1.908357637 2.212521334 0.108908050 -0.527258508 -0.468991879 0.118022712 -0.621951527 -0.455277834 -0.057501925 -0.563445219 2.189772568 1.181617960 -1.423475888 -0.753792233 -0.466662151
28.901367169 22.064324292 -34.115576111 -0.414037394 0.771455532 -0.281481691 -0.392679839 0.192668306 -0.470623421 0.077781510 2.102898229 0.011352362 0.260167791 0.520398262 -0.682810392 -2.223790311 0.393633477 -0.515240897 -0.952345143 -0.888473872 -0.565639355 1.024340507 0.399137401 -0.522664213 -0.270323902 0.430312776 0.494701226
30.717723160 16.829453226 -35.886282690 0.161210967 -0.356351294 0.085668627 -0.916343639 0.559071600 2.705727278 -0.208433265 -0.953470046 1.524782457 2.163502129 -1.908659276 -1.231470147 1.142241454 0.196564524 0.887768744 -1.097372603 -0.162337889 -0.899330547 -0.973500893 -2.007306493 -1.043063799 -0.088263898 -0.076788197 1.240408982
36.473562966 18.815757886 -31.030630881 0.452862878 -0.556438783 0.229422019 0.657766396 -0.342090079 0.745485907 0.885316673 0.139153050 0.862517568 0.426352527 -0.335133403 -1.125514479 1.104982898 -0.079154158 -0.642618862 -1.197843574 1.542399143 1.585420221 1.030204736 -0.091808537 0.725742656 -0.786645383 -0.959951708 -0.881011001
30.465746409 19.623370846 -29.414292966 0.090256297 0.015243758 0.586867104 -0.804492655 -0.345630947 0.369768401 -0.275903231 0.366418626 1.672722597 -0.054446108 -0.503485087 0.040797685 -1.212723835 0.716024685 -0.911144014 0.212083463 -0.474500732 -0.358650058 0.349346894 -1.193168925 -0.410244276 -0.630363108 -0.241791119 -0.471880763
37.271097176 29.784740331 -30.021609041 0.719117589 -0.206124640 -0.626353193 0.219235499 -0.950811544 -1.203724556 -0.548199332 0.419089302 0.014581773 0.144175137 0.690758878 1.201949472 2.273653417 0.938767375 1.122618807 1.593638865 -0.932728496 1.143678049 1.245504899 -0.933194158 -1.295546646 0.329640192 -0.207393176 -0.496217440
37.520781356 22.806834093 -39.870138621 -0.319785411 -0.754768302 -0.099844323 -0.563997529 1.366368247 -0.918438441 -0.073532540 0.465722697 -0.752257663 -0.875660300 -0.934705241 0.472957137 -0.987078436 1.558444802 -1.951371751 -0.032080005 -1.091696739 -1.251854699 0.498344563 -0.437650738 0.872755747 -0.600227325 -0.553888362 -0.896678115
39.090137451 26.050750389 -33.775315413 -0.284871905 0.861140611 0.316073245 0.278177191 1.203762085 1.144318811 -0.571421762 -1.200279599 0.357801904 0.409951150 -1.076477208 -0.279840460 1.902630872 -0.554996364 0.309593017 0.528246903 -0.369943854 1.684052745 0.762589087 0.686807718 -0.772431034 0.979247553 -1.240052337 -1.736915154
28.137738611 19.170922703 -38.192518465 -0.463425312 -0.326769907 0.704228836 0.427223776 -0.027378148 -0.412984194 -0.167939192 -0.305533463 -1.185456435 -1.147724496 0.320299843 0.059742801 -1.544943872 0.008071336 0.963209543 -1.365953795 0.863026517 0.627990736 -0.332768709 1.072073346 1.218903785 -0.537946347 0.329982609 -1.125545175
41.596416274 24.244852170 -41.765790473 -0.336757470 0.442602641 0.456610362 -0.694409307 -0.155348726 0.747939492 -1.548078979 -0.456327332 0.440983572 0.748230608 -0.348613139 0.575128377 0.980458471 0.959435857 -0.778684447 0.293495224 -0.276694181 1.918899978 0.082033181 -0.122730388 0.676601744 -2.741342827 2.274293724 -0.040731663
30.131192804 23.898311482 -27.028867502 -0.311572387 0.501516893 0.773209907 -0.231408499 0.132477090 -0.284498895 0.959727898 -0.074234847 -0.540066352 1.038531842 -0.524285027 -0.939865054 -0.485018324 0.439402540 0.285565116 -1.427683678 0.779380370 0.114114050 -0.845736477 -0.471446682 -0.159120181 -0.527264280 0.844949069 -0.547193789
34.965097426 26.445423506 -44.610040425 -0.122004406 -0.800607963 -0.544497797 -0.218320783 1.877760330 -1.380240561 0.721430909 -1.417026148 0.082736714 1.399092930 -0.218927201 -0.819786769 -1.349192253 0.015765764 -0.637982149 -1.222457402 -1.933570879 -0.792690496 0.498890025 1.208659438 1.336489192 -0.997060909 -0.394091430 0.103721633
35.299324035 18.789032253 -35.602514974 0.489545366 -0.724634079 0.311613029 -0.371682803 1.000402811 0.045344330 -2.531432100 0.790966923 1.026298449 1.158685919 1.067680633 1.986688841 -1.175677870 0.185885051 -0.136489911 -0.903919674 0.707647278 1.806600504 -0.957037956 0.374485153 0.967369996 1.158360763 1.125339265 0.631755736
40.958778709 29.750637922 -39.976554711 0.519372440 -0.520604687 -0.006075293 -0.677632732 -1.151710473 -0.045368404 0.612225109 0.608497026 0.165842780 -0.056981792 -0.409048727 -1.642021521 -0.704205447 -0.322141546 1.107743053 -0.376260361 0.730725248 -0.172918852 0.862711617 0.653409737 -0.582357242 -1.795509110 -0.185932707 1.656830629
41.033538056 25.931618063 -40.417013021 -0.169081956 -0.513603803 0.718437056 -0.437573562 -0.166954187 -1.368791870 -0.400235686 -1.113929748 1.547511361 -0.148055200 0.169641355 0.773471442 0.956196834 0.667024135 -0.769938092 -2.157156893 -0.942105928 0.889556832 -0.505302774 1.068856071 -0.935763130 -0.723213132 -1.197411474 -0.142865257
43.344807595 22.457202931 -33.895231568 0.542851452 0.308019686 0.700109875 0.346817440 -0.629926215 -0.652521311 0.511195372 0.938838427 -0.500374229 -0.335537722 0.431313684 1.247998705 -1.092012558 0.277403132 -0.322814860 1.204121534 -0.736896952 -1.126105261 1.439626477 -0.760536613 0.000191617 1.520604367 0.970411815 -0.060996637
33.505420076 25.259464479 -28.240958933 -0.642025009 0.084571228 0.455586794 0.610812793 0.842610084 -0.333053173 0.886408007 -2.435031069 -0.939681343 -0.656087450 0.036264956 -1.894010887 0.941181724 0.465701654 0.155123622 0.782820782 -1.289867901 0.568604792 -1.345232201 0.054967833 0.470422235 -0.098605824 0.158043402 -0.178757011
35.266745556 20.432816478 -31.276864113 0.523706984 0.316241907 -0.684654610 -0.396194543 -0.296533068 1.024539087 -0.417309076 0.125266072 -0.855121685 -1.872316178 -1.785056989 0.572933572 0.200099483 0.584062103 -0.065617118 -0.180352548 0.919717697 1.436946999 -0.167421413 -2.562943441 0.145839598 -0.173557605 -0.477693125 -1.087463807
33.828696769 17.195952296 -30.585962806 -0.275516869 -0.404614286 -0.710745800 -0.505191194 -0.270504074 0.746571334 0.107169695 -1.513863620 1.110989886 0.199207983 -0.826529397 1.650853393 0.502193888 -0.717609029 0.985658586 -0.328662719 -0.949930552 -1.397437705 1.000509395 1.238968500 -0.961583163 -0.147033460 0.537610419 -1.065840854
40.226075854 27.347778023 -42.976302013 0.538569119 -0.472075490 0.413100553 0.562526416 1.872327402 -2.113735181 -1.144753942 -0.740687732 0.527057675 0.911696306 -1.657540658 0.684377453 0.626152669 -0.266466064 -0.109450753 0.137961008 0.780005750 1.464137710 1.023656766 1.463731281 2.892923337 -0.371573359 -0.700054605 -1.923594235
32.862662064 29.308078516 -37.277686448 -0.312511301 -0.010095819 0.874221927 -0.371444186 -1.683837792 -0.467757833 0.033004495 -1.759147330 -1.436244576 -1.180124637 -0.615256651 0.176396340 1.393615791 -0.491608997 0.361789766 0.056232924 1.393772035 -0.080078373 -0.595371455 -1.017545656 -0.861768714 -1.325829614 -0.185336242 -0.719123577
42.014496516 23.199377303 -40.980983567 0.521580938 0.563730084 0.321298619 -0.554011657 -1.529872223 1.986540745 0.094698111 0.986768720 -1.919118507 -0.740980071 -2.023124843 0.162977553 1.350471202 0.280906992 -2.370418784 0.500906047 -0.252712355 1.935268172 1.276598809 0.515455785 -0.001531035 0.399220952 1.572666854 0.537172992
38.818136951 31.855855241 -37.617163932 -0.963688122 -0.156945015 0.003514692 0.216011837 0.797408815 0.762781389 -0.895793026 0.781195507 -0.133297946 1.082459458 0.973091516 0.001746673 0.755541445 -1.599738021 0.748615697 -0.916553328 0.863682467 -0.084710857 0.898401912 -0.748737104 -0.056102985 0.501064782 0.082249687 -1.760923382
35.612425337 23.742626719 -45.059430978 -0.386630938 -0.324311516 -0.670724323 0.543569168 -0.222212287 -0.468896195 0.546482739 -0.463819598 -0.685688244 0.422902771 -1.993505589 1.234215494 0.621518809 0.243406368 -0.516752836 0.698247281 0.357142414 -0.719383126 -1.248643950 0.553912697 -0.442603321 0.691851683 -0.342222553 1.258892377
38.573669267 29.301495920 -39.222938837 -0.862934726 0.349603841 0.297450650 -0.211291090 0.619996533 0.285480259 -0.334842241 -0.004126384 -0.208600963 1.025929822 -1.926094040 -0.730594530 1.097983437 0.744874961 -0.205808291 1.174148877 -0.169983505 0.241993998 -0.188722457 1.174171675 2.824070427 0.237042382 0.316205817 -0.661154174
32.928603603 21.523204110 -42.175348850 -0.350236495 0.300471083 0.615497412 -0.638916631 0.325567782 0.290984532 0.983786151 -0.186789933 1.586625928 -0.639623451 -0.944802879 -0.137291558 0.210564227 0.339186347 1.860924093 0.874676631 0.087016146 -0.835923922 -0.894155411 0.388470719 -0.279570380 -1.101227759 -0.880959352 0.608135122
37.883546652 16.859977140 -39.092437385 0.494573690 0.066125042 -0.859583705 -0.110182564 0.415638159 0.898418166 1.043683210 -1.354426378 -0.259511511 -0.152559578 0.537091786 1.476965141 1.064193504 -0.374478413 1.533308752 -1.027118333 -0.258579970 0.865472973 -1.050986471 0.277561321 2.267007730 -0.768269988 0.221023681 -0.491458339
42.344267003 20.526285590 -36.808666072 0.274878947 0.293990164 -0.434273590 -0.805864627 -0.865358952 -0.779658459 -0.696267045 1.046324035 -0.140830321 0.557143223 0.122265593 -1.058853487 -0.849108116 -1.085602059 0.683730339 1.852095913 -1.727245385 1.155436691 1.797109109 1.045321583 -0.938247559 0.758421056 -2.579904781 1.042744140
40.425383037 19.379034341 -40.986668899 0.066942998 -0.471263093 0.840472217 -0.258913470 -0.593308097 0.285303521 0.053171976 -0.153680794 -0.919138315 -0.154669812 0.326332307 -1.140160407 0.177031839 0.366494890 -0.391375034 0.948826254 -1.037729555 2.193465392 -0.168757777 -0.908669459 1.677339659 -0.895677498 -0.565305055 -1.706094224
35.192247278 21.726332905 -36.202834512 -0.299233569 -0.909321348 0.182540250 0.224216444 0.248750898 -1.647720453 -0.185610136 -0.417910428 -0.379313914 0.013696508 -0.480750253 0.689198574 -0.451825632 0.540686794 0.488847216 -0.531108365 0.477425956 0.066933315 -1.390833438 0.003821113 -1.171404407 0.547610155 -0.341198700 -0.856749161
41.558923901 23.412905244 -34.552370288 0.705360438 -0.639083546 0.290654342 0.097769764 0.871246636 0.678653626 0.582486708 -1.083395381 0.161151300 -0.396183817 1.047941234 -0.444076858 1.361078727 -0.097614755 -0.299158607 -1.700175929 -0.166686439 1.019435713 0.715252421 -1.629749235 1.429060428 0.593165311 -0.419654433 1.601503659
31.920691809 24.774291167 -30.255879391 -0.249533867 -0.909422749 -0.003992270 0.332666761 0.520017521 0.880121785 -0.281635254 0.013596878 -1.995676167 -0.796536190 -0.667895008 0.468298693 0.596692474 1.122237506 -0.007640049 0.926315663 0.280745117 -0.445855829 1.379344552 -0.060094538 -1.236888242 0.682060395 1.049345417 1.125020592
36.892233425 23.855693769 -34.665777207 -0.163270113 0.932694417 -0.281665668 0.155204529 1.417162979 1.204579370 -0.091130757 1.512813813 1.184584132 -0.711042315 0.127941571 0.431360608 0.979949915 0.217257418 -1.365731817 -0.807896181 -0.662378782 1.385400329 1.093795964 0.490963826 -0.127595859 1.180283704 1.312731560 -1.434060563
37.771854140 23.049175614 -36.325891397 -0.925217263 -0.010453454 0.035550157 0.377624057 0.010397421 -0.102759950 0.804547277 -0.885037699 0.471338144 0.329918867 -0.419863883 1.246507513 -1.311296105 -2.552786638 0.605485185 0.418141666 0.750778758 0.567990978 1.994784832 -0.857862014 0.011862439 0.931801526 0.589340890 -0.680212352
31.390978785 25.395103347 -37.207134139 0.814765687 -0.080297637 0.524723225 -0.233183835 0.006051268 1.733506374 -1.278242358 0.472636744 1.534748086 0.311553807 -0.781896068 -0.514476571 0.689614736 -1.270401527 1.133956727 -1.592959597 1.192279576 0.873127055 -0.857321773 -0.086697718 -1.262401362 1.772548801 0.148277614 -0.599081077
32.359968921 17.222986344 -36.979651222 0.485392264 -0.218874570 -0.846456247 0.000307621 -1.201594036 1.445826575 -0.257290745 -1.109183700 0.931421526 -1.752156518 0.810932208 -0.890579276 -1.401064722 0.996111836 -1.338423896 0.480199124 -0.871752217 -0.959953281 -1.651853676 -0.265840098 -0.749241548 0.532781914 0.972067151 1.180871164
36.746652948 32.309455292 -32.147556939 -0.529609630 0.267186888 -0.409621737 -0.693061930 -0.689366297 0.773295813 0.929722766 0.609767255 -0.409548515 -0.564237925 0.640736425 -0.871670048 -0.087277460 0.752560747 0.817160769 0.007456012 1.155459271 -0.990818935 1.038636235 -0.905099043 -0.499187655 0.872653002 -0.284995233 -0.191999932
28.559289458 27.082828865 -31.871954280 -0.312180999 -0.609533359 0.533417874 -0.496464983 -0.139014452 -0.781786019 0.817373617 -1.112129614 -0.403232072 -1.413659474 0.533372354 0.060051045 -0.189285656 -2.503914146 -0.752226342 0.024756874 0.410790182 -1.021971792 0.003359004 0.554872836 -0.004001167 -0.249946462 -1.311271324 0.236944816
27.646447852 25.591818414 -39.803795795 0.136043559 0.265435310 0.660864023 -0.688690779 0.749568615 -1.078903509 0.455959731 0.578297442 -0.767531087 -0.712730955 -1.817955220 1.768741530 1.481232410 -0.604747807 0.385089359 0.481861108 -0.366905846 -0.550439108 0.100979979 1.042479136 -0.634831210 -1.090255529 -0.426178784 -0.186051241
33.479228443 29.231691109 -38.139838163 -0.696011871 0.571489672 -0.427598480 -0.078272412 0.305195406 -0.343851598 -0.155465241 1.210619651 -0.757835833 -0.726916279 -1.120836796 -0.037178232 -0.808078975 1.125471760 -0.848333643 -0.596051786 -0.323129530 0.231739897 1.175133556 1.023644962 0.352464906 1.162798857 -0.164841136 0.999359011
30.376315737 20.387393107 -29.617768243 -0.283055192 -0.038584244 -0.926139510 -0.246285651 1.170390171 0.609732173 0.836741437 -1.217578217 0.973068036 -0.879973847 -0.568830360 -0.028571182 1.748137666 0.503780910 0.688038414 -2.651222682 -0.623278261 -0.382028602 -0.530837655 0.211291777 -0.957563886 -0.961817678 -0.624559270 0.255820637
30.538030982 20.092950496 -43.085436818 -0.201927117 0.475338776 0.639071782 -0.569969950 0.505609510 1.366393948 1.404064540 0.223362777 -0.666878733 -0.287456507 3.066082691 -0.039050723 0.399502265 -0.266418594 -1.039706863 1.847271915 -0.160444940 -0.337703869 -0.327380854 -0.674688730 1.452073006 2.226657102 3.438531042 0.825067909
28.492366196 29.913379126 -40.752247134 0.878001940 -0.075637456 0.124580983 -0.455928884 -1.242091262 -1.220045172 -2.670022895 0.617388225 1.048552435 1.065294551 2.554029839 1.389073829 -2.081494284 -0.616147857 0.021531042 -1.222373623 0.497299041 -0.630957151 1.414638570 1.014042054 0.370864745 1.507155517 -0.371650349 0.374579809
27.841309219 31.884777414 -37.322232163 -0.628946565 0.710873696 -0.193608970 0.248194227 0.996175527 2.259410137 0.532206367 -0.550569522 -2.561743799 -1.219876904 0.581483466 -0.185766694 1.050260159 -0.880746930 1.502785450 1.390445781 -1.022143521 -0.592264310 1.083270855 -1.762706569 0.243891256 -0.457274184 0.424835524 1.458124270
43.181219941 25.797228365 -33.090211378 -0.383284162 -0.718960252 -0.228153740 -0.533043411 -2.171591606 1.142778393 -1.316007473 -0.139692975 -0.161037106 0.235740034 -1.336773010 -0.860074170 0.866868534 -0.013518474 -0.301709983 0.625172115 2.723426403 -0.273731589 1.365187966 1.815218242 -0.206049171 0.572444145 -2.475295588 0.333411899
35.540036489 32.129167292 -41.462883102 0.459826737 -0.741623150 -0.478201830 -0.099385538 0.349924380 0.839967072 0.423305340 0.295944070 1.183283852 0.236242208 1.766423726 -0.399986040 -1.111969335 0.260988031 -2.151085039 -1.611183163 0.287535119 0.641892641 0.109405143 1.410049974 -1.081610298 -1.444915834 -0.137091405 -1.564165921
30.397645613 23.439603332 -40.930844434 0.852180538 -0.490182081 -0.158888045 0.090909006 -1.313704660 0.994780804 -2.877022579 -2.174221028 0.330488729 -2.394790107 1.542756331 0.335470428 -1.226988418 -0.261701476 -1.169297336 0.783786141 1.648853182 2.073907956 2.069090433 0.833126335 0.191085766 -0.724829338 0.874142171 -0.707789725
35.909495368 31.713491807 -37.428341746 -0.091815105 0.622364928 0.725606425 0.278795981 -0.360118031 -0.590255086 -0.798797766 -1.954929646 0.132217289 1.103089649 -0.255463526 0.443368111 0.664379623 0.287831093 0.402377987 0.393765851 0.041207595 0.114459386 1.446491404 -0.809030710 1.342693335 -0.695886250 -0.568574018 0.110602210
34.163336598 19.851823324 -27.685621645 -0.414778681 0.770946791 0.159409308 -0.456276631 0.028360103 -0.736941463 -0.310329300 0.528817341 0.337495499 -0.057825050 -2.619627960 0.659222121 -0.712333214 -1.903558467 0.190586194 -1.887884509 -0.204067171 0.344469426 -0.793945267 0.203543410 -0.310535448 -0.955446096 -1.613025231 -0.212758773
37.156566976 24.325211895 -36.351378209 -0.483122391 -0.134499517 -0.518578422 0.692516465 -1.546222872 1.422000121 -0.708973503 -0.573879382 -0.250716417 -0.103389211 0.230564829 -0.976132819 -0.400655255 -0.777010149 1.479062129 -0.191695458 -0.808747368 -1.218112057 0.733595942 0.104775730 -2.027563916 -1.220640911 1.294571926 -1.052522580
43.464699443 27.979174131 -33.888867880 -0.102337544 0.905088439 0.405591189 -0.076405058 1.289570075 -0.236665485 -0.915153991 -1.733982964 -0.351342074 0.496674279 1.041688928 0.666044909 0.584389351 -1.332359196 -0.678056238 0.359230575 1.126523903 -0.682836691 1.020971219 1.908552081 0.336060076 -0.942010209 -1.821152583 -1.400264618
40.553873063 17.033612833 -37.211239643 -0.257362570 0.360827223 -0.743419657 -0.500894636 0.717648066 1.419516340 0.011944891 0.663541116 -0.298615519 -1.265015752 1.384849474 0.226201452 0.704041348 -0.081092002 0.740132187 -0.112464187 -0.952553598 0.440091244 -0.373463834 -0.183542854 0.701889523 0.525385444 -1.011622114 0.274257514
40.274241318 30.263147366 -36.821755521 -0.401938837 -0.257985966 -0.207723032 -0.853662436 -0.670757348 -0.385363523 0.255806031 0.849953814 1.423478817 0.388684490 1.192743491 -0.793683247 -0.315522413 0.513282639 0.509575092 0.187813726 0.950416869 -1.103662090 -0.252607092 -0.535828444 -0.007958098 -0.728661888 -0.186695204 1.922684699
30.393656059 27.442193924 -34.918672263 -0.722013511 -0.484304361 0.463623738 -0.170876578 -1.085355202 0.683496771 0.668624615 -0.197982919 1.511420515 -0.528654683 0.894624224 -1.234117990 -1.580272573 1.538850977 -1.180897134 -1.292521728 0.199963585 -0.254711757 -0.680955505 -1.328306002 0.725500249 -0.215106314 0.302696985 -0.679240905
34.188740826 25.680116434 -43.084574185 -0.886671206 0.366057301 0.281998690 -0.017116175 0.310155616 -0.141701654 -0.689532148 -0.959110018 1.205492671 -1.801302668 -0.446918865 -0.214306752 -1.695366504 -0.653535069 -0.032087555 1.514996113 -1.666297324 -1.260639920 0.200437683 -0.590482544 -0.029527823 -0.031994219 0.836270882 -0.454930670
32.329795827 28.107509225 -26.478008756 0.307559020 -0.570873224 -0.339957449 -0.681131518 -0.305531733 0.446272259 1.452162133 2.513112996 0.694035797 0.497766966 0.390965748 -0.050036222 -0.334091468 -0.638313086 0.674120063 0.566657284 0.011238041 0.096457590 -1.251830887 -0.618004213 0.534407362 -0.261805824 -0.585899329 -0.018613639
28.027067090 29.231430083 -31.985154794 0.727091316 -0.306642711 -0.530678467 -0.309336113 1.349750534 1.501501808 -0.561801957 -3.528122481 -0.565667044 0.543864079 1.484508285 0.738271176 0.633350645 -0.056938987 -1.546114744 -0.616647851 0.976979741 -0.101611845 0.570956849 -0.442656794 -0.772910525 -0.102939898 -0.842330214 -0.888531543
33.482590063 30.252812854 -27.589513569 -0.133848632 -0.422260378 -0.725747760 -0.526375253 0.776360544 0.191905834 -0.298477918 0.842409612 -0.885995374 0.501560474 0.094472717 -0.511995079 0.562924441 0.744899084 -0.327012116 0.383105734 -0.628427050 0.941694470 0.361526894 0.461809151 1.409551797 -0.034962881 -1.159390769 -0.922778149
37.234216136 29.294495845 -42.427895525 0.554709622 -0.770313780 0.314376929 0.009003439 0.647122696 0.343319216 0.125766023 1.121908556 -0.323552903 -1.995117872 0.206295780 1.252225140 1.453414158 1.361667384 -0.222075386 -1.577059002 0.123533178 0.161492270 0.738787640 2.221121703 -0.839350496 1.304367970 1.778736590 -1.341404313
29.011116074 23.337546096 -39.887148991 0.718216355 -0.287787129 -0.451946749 -0.443945910 -1.691916401 1.305489967 -0.250520163 -1.963990929 -0.779368264 -1.079197637 -1.575058538 0.263824581 -0.058267940 -1.994832372 -0.096662370 -0.208383581 0.841258317 -0.205426587 0.381679026 0.394002879 0.703691604 -1.519416396 -0.612907383 0.130471713
40.391983036 31.270632519 -39.018548986 -0.557154658 0.380652222 0.624210751 -0.393755648 -1.913318846 -0.579940415 0.981274129 -0.660691873 0.048379363 2.461045150 -0.787781598 1.298886029 0.356488459 0.259417880 1.776940539 -1.063404547 -0.964466899 -0.330083221 -0.242728318 1.177522120 0.239564110 -0.323444671 -0.331122758 -0.119415241
35.296423852 29.875207539 -31.450001263 -0.268395741 -0.066866308 0.743523190 -0.608823365 0.308830365 0.772620108 -0.453992428 -1.558524516 0.528927107 -1.451039355 0.432543051 0.895507655 0.102413416 0.285529168 0.985872430 -0.598556190 -0.903471914 -0.447746567 -0.141521848 0.615816515 0.951989541 1.244901594 -1.292063286 -0.548030860
31.451858804 26.281883445 -34.150220918 -0.625850967 0.667829055 0.346952002 -0.204790696 0.073812812 -0.480326489 -1.615360021 -0.484747416 -1.522812872 0.169899543 2.135674792 -2.308602746 -1.987199640 0.475403469 -1.134633398 1.121409382 0.276063905 0.179177807 -0.408470468 -3.646222469 -0.637387132 0.801952055 -0.977088367 0.598847165
33.321310333 24.612533376 -26.910075700 0.286208575 0.679252544 0.463917107 0.491407724 -0.975744774 0.880978593 -1.725110767 0.438069122 2.350158809 0.602528589 -0.119401934 1.416692139 -2.209239876 -1.046946712 -0.265080662 1.291777859 -1.666634048 -1.843001610 0.015907332 -0.697951363 0.982163821 0.156154656 1.632029412 -0.041253264
39.407143115 32.332773230 -35.805565301 0.637374288 0.507672532 -0.242904313 -0.526327000 -0.091598267 0.294305443 -0.544442541 0.085367115 1.780102648 -0.845331654 0.644849730 -1.380253206 -1.445797720 0.733589813 0.492593908 0.368569043 1.025096420 0.522442518 0.739054154 0.776000642 -0.665061752 -0.052289837 -0.190837162 1.574673650
40.720985491 20.197167308 -30.675643336 0.968915339 -0.179014126 0.162426512 0.052674819 0.438433696 -0.023625865 0.629128233 0.611848752 -0.197346795 0.756259603 -0.812270766 -1.653992939 0.909794836 -1.825824965 1.292612621 1.372588565 -1.796392308 1.399470012 -1.403194480 0.239762080 -1.574890173 2.625963942 1.222678708 -2.657841594
37.700012838 20.042657870 -36.616799755 -0.487121349 0.757192337 0.434641244 0.021437039 0.064764280 2.624956169 -0.291736943 -0.333221339 2.065525187 1.120899665 0.419153896 -1.362654843 -0.390684969 0.337305375 1.444532392 -0.683025168 0.798166193 0.285320340 1.088908316 -0.289228259 -0.333936846 0.986820444 -0.199659185 1.935033622
40.371377868 24.860567727 -39.143559932 0.748756508 0.141316457 0.255720816 0.594979172 0.027049175 0.002318645 0.177532711 0.165815425 -0.094256206 -0.246583664 -1.354194490 -0.056931559 1.086744436 1.684479169 0.631795775 -0.636004447 2.469070822 0.404046075 -0.631440958 1.200024998 -0.604606370 1.204104708 -0.946814944 -2.090489429
39.719553473 29.608961677 -30.890876971 0.899651704 -0.057440640 0.357063714 -0.244607622 0.320202227 -0.881876014 -0.152000600 0.669643609 0.510269225 -2.043836281 0.850220179 1.343876486 -1.686316046 0.169587066 -0.448929186 1.047472948 -0.256469134 0.976271939 1.456159639 0.407925598 -0.794965020 -0.553022281 0.252065282 0.920636293
28.667481202 30.575643866 -36.671703517 -0.117731071 0.763868344 0.253916667 -0.581524612 -1.700909559 0.795208136 0.725598922 -1.552425903 -0.804341161 -1.802958032 0.943437783 1.693626414 0.183531755 0.177676124 -0.569410421 -0.191708639 -0.757119058 -0.150918039 -1.139122469 0.893015251 1.124603344 -1.264776253 0.328098659 1.107265911
37.249192238 33.395582089 -34.384628112 0.402288884 0.790789923 0.157025264 -0.433771851 0.423046422 0.672115054 -0.417243907 0.873603501 0.248977692 0.618843719 1.174984420 -0.531105324 -0.403493464 1.682984308 0.522800533 0.772618477 -0.653541361 1.261171506 -0.952357999 2.384090846 -0.183728907 -0.365225196 -0.234112756 1.567465299
29.609485898 27.166388525 -38.759231292 -0.189598132 -0.610597782 -0.252689030 0.726203244 -1.418029229 1.267004637 0.007701240 1.029344693 0.001396977 1.005220357 0.361792650 1.015601736 1.505711009 1.566720739 0.394031813 -0.553065572 0.659576193 0.250837520 -0.315075229 1.304376941 1.220612481 0.351939392 1.806234123 0.640895241
33.947905951 20.716868337 -43.857805721 0.386546495 0.737365186 -0.293401342 0.469883009 0.617774858 0.177070811 0.168897322 -0.015605326 1.759150976 -0.989666790 -0.189351047 0.004017732 -1.269363196 -1.093436383 -0.355756946 -1.098596730 -0.019736671 0.513431694 0.988669928 0.077178527 -1.126752061 1.171444323 -0.081162205 0.601529331
39.528563420 31.597929011 -40.973566179 -0.465815015 -0.362772599 -0.781589578 0.201320996 -0.879775456 0.803160761 0.197680623 1.161446999 -0.820938000 -0.880815722 1.763622384 -0.412684262 0.698801073 -2.185188266 0.573217323 0.085084139 1.819076531 0.080315830 1.083408230 -0.332094952 0.074428289 0.103385391 0.669008982 -1.490310512
28.302755676 23.250955496 -31.850612677 -0.694630346 0.516301095 -0.010552054 -0.500809860 -1.011822626 0.010727763 -0.027062603 -0.814866565 -0.490440912 0.418375820 0.242199335 -1.101432588 0.044202851 -0.213508259 0.063254292 -0.966567128 -0.714787062 -0.599308896 -0.375458349 -0.822056202 -1.099807568 0.708856537 -0.849109916 -1.081379135
36.004933893 22.214275032 -44.900995178 -0.241026579 -0.064075208 -0.510117996 -0.823152590 -1.470331453 0.255236964 1.845498433 -0.823388187 0.949991472 -0.614849964 -1.290637187 -1.038915726 1.363150112 -1.804406138 0.435054247 1.232352438 -0.530501774 2.694497226 -0.984532161 0.523303982 0.765545532 -0.320504035 -0.597756196 -1.114695625
40.619452583 19.701570338 -38.188489747 0.901422227 -0.304523241 -0.262529978 -0.160566421 -2.443438614 1.095187534 0.617566245 -0.760070231 -0.791482577 0.758790687 0.430488106 -0.805730799 -0.456578479 -0.124186360 0.367287566 0.225121040 0.365926463 -0.690255184 -0.253004988 2.193414917 1.378076124 -0.172835425 0.347804677 0.991151103
36.269163346 30.999212836 -37.457342012 -0.053232632 -0.421105813 0.514341177 0.745177385 -0.591903702 -1.859521241 0.032972692 -1.510653387 -0.540043945 1.176619875 -0.046372596 0.062204019 -0.247229141 -1.223550935 0.866090877 0.746662801 0.318725118 -0.077510539 -0.309135303 -0.180029233 0.922586171 -0.691329746 -1.102430093 -1.102996397
28.242065685 24.745501305 -29.253514252 0.443907202 -0.570605316 0.145184112 -0.675483192 -1.420728183 0.174967236 0.725038164 0.279108394 -0.286599733 1.043241224 -0.627422826 -1.108185441 1.308795657 0.915343802 -0.558273056 -0.420048262 1.332853337 -0.848605124 0.076907705 0.776015629 -0.134155762 1.109054539 1.177466476 0.192310616
28.812904990 25.774798558 -28.377450368 0.314953562 -0.558649430 0.568977802 0.514761430 0.993168118 -1.244250090 -0.522399723 1.021795859 -0.615169423 -0.186647074 -0.107154956 -1.570734977 -1.636358500 -1.159693120 -0.172537942 1.081239219 -1.698471440 0.055835547 -1.595750711 0.421323585 -0.881361135 1.736577583 -1.491032061 0.458442059
39.444436118 30.415937050 -29.072871095 -0.272468944 -0.363081690 -0.881042341 -0.133029148 -0.489440824 -0.623204328 0.830838713 -1.094908162 0.915988613 -0.258645427 -1.066262040 1.494007469 0.980419800 -1.066774380 -0.598624300 0.734895299 0.514956446 1.052836135 -0.237762611 2.108311600 -2.596574181 1.698749177 0.269951776 -1.081914721
28.901646885 26.624339545 -39.858259011 0.190590305 0.774345263 0.323387952 0.509396684 1.707654556 0.096415840 -0.598537763 0.314931815 -1.530695994 1.090192780 1.491803414 0.939880853 0.569231577 1.336077405 -0.231403985 -0.538792631 -0.801485711 -1.021886692 0.526903591 -0.713235815 -1.056270807 0.742027571 1.120335786 0.482707630
32.242550174 16.736972923 -37.541094241 0.151469694 -0.764586401 -0.086850748 0.620420434 0.802588616 0.564413360 0.278433574 0.053062446 0.561116878 0.236649784 -0.040074361 1.755334980 -0.431959608 -1.863182082 0.733371008 -2.108247445 -1.617811750 -0.739579393 -0.428038682 -0.353413636 0.405763093 -1.117254905 0.015505331 -1.701024113
35.157682809 21.098136250 -41.430650668 0.078964687 -0.382738596 -0.164572539 -0.905644315 -0.444003742 1.057278702 1.825687263 0.495180927 -1.853498996 -0.869283497 -0.786575555 -0.134091319 -1.134208366 0.013525680 1.020060917 -0.174682664 -1.696900196 -1.648990712 0.655423110 -1.759438103 -0.474525384 -2.004284606 1.285939936 -0.899737150
34.691431651 16.047227995 -38.947257410 0.676183695 -0.725030171 0.125698739 0.036148148 -0.932126248 -0.488011109 -0.692179689 -0.013986787 0.430862695 1.931436919 -1.412835959 0.824898235 -0.934076443 0.284111443 0.033993662 -0.792186647 0.544577867 0.330364606 -0.121108517 -0.836406059 -0.215805222 0.013817894 0.072952674 -0.979440788
31.017721353 19.320725113 -31.489676810 0.628009170 0.072152003 0.000425826 -0.774853786 0.117023316 -0.465320408 -0.306159428 2.987591603 -0.598342615 0.308272585 0.115487626 2.268000776 -0.803537597 -0.954576734 0.034822547 0.835317307 0.262601565 -0.901986606 -0.206490640 0.115026501 0.434536419 -0.242884229 -1.171737272 -0.657965487
34.891229884 21.916438813 -27.055726694 -0.680016433 -0.614468851 -0.384254737 0.111148452 0.313966586 1.274660527 -0.824396172 -2.767768269 -1.673930381 -0.142873853 0.255351823 0.553425548 -0.442620762 1.655665972 -0.141602830 -0.781512632 -1.756331192 -0.237638518 0.846389583 -0.119047384 -0.816141227 -1.905738700 -0.724916553 1.190568246
28.670186953 19.572085116 -39.908499770 -0.189545317 -0.282499057 -0.711213781 -0.615176245 -1.106341853 -0.309352939 0.491617957 0.224306905 0.016465117 -0.811963697 0.199031461 -0.690153261 -1.210742621 -1.523785185 -0.006801558 -0.875943248 -0.152290333 -0.007027685 -1.890819150 2.205680860 0.127218274 -0.973079713 0.371021899 0.450081461
38.000055180 20.766683078 -33.989959434 0.782112063 0.618880832 0.072682789 0.002109327 -0.435170885 -0.402502274 0.306093834 0.245922226 1.354173047 -0.454785487 -0.869529357 0.502955733 0.696399783 0.222741285 0.574708170 -0.018482541 -0.754340562 0.376787960 2.243830504 0.647289234 1.088266963 -0.658243021 1.867267511 0.270351390
31.155290085 21.503491856 -39.069502464 0.295812985 -0.090105314 -0.630025457 -0.712350780 -0.797378765 0.488786522 -1.304513487 0.698363021 -1.573379040 1.349226631 -0.008155054 0.573732653 0.897611486 1.540172770 0.967904776 -0.954093010 0.741536553 -1.132462958 -0.455814297 2.103864358 -1.018573846 -0.250150033 -1.356566447 1.772145239
34.649704128 32.236996718 -32.013417267 -0.422364557 -0.821043334 0.022913055 0.383367992 -3.159794291 -0.842648550 -0.252866267 0.094965006 -1.627782465 -0.551281252 -1.097204094 -1.538111992 -1.085290624 0.133061479 -1.166411382 1.186762006 0.452553625 0.266638980 0.456105014 -0.766580350 1.419326217 0.619929629 0.936246194 0.097062558
40.975918801 20.319361581 -39.376814440 0.942539782 0.272075555 -0.102727250 -0.164440764 -1.413187751 -0.254437597 0.914006469 1.066891678 -1.105773917 -0.008685867 1.658531493 0.466014889 -1.200939090 0.480581706 -0.407536704 0.936624028 -0.090519331 -0.670613584 -0.308382364 0.931874423 0.128859944 -0.547714984 -0.706927333 -0.145876386
39.694517391 27.370627488 -31.322384963 0.417557503 0.126550259 0.820738868 -0.368806826 0.833458785 1.273933375 0.989306037 -0.429195133 -0.342626717 0.812128824 -0.168605342 0.872465678 0.127149189 0.854751559 0.982787344 0.255705083 -0.755590596 -0.165674382 -1.277340578 -0.507296592 -1.353289254 -1.042930858 0.231237573 -1.114983610
36.150830168 21.571774325 -32.912280210 -0.334009017 -0.363090040 -0.866491546 0.076131470 -1.240739416 1.363309086 0.337101532 -0.831978104 1.841200518 0.245429441 -0.885465288 -0.462266449 0.595098266 0.464311265 -0.513875307 -2.106242401 -0.072744813 -2.401241917 0.713407414 -2.319491301 -0.783327409 0.076657247 0.945611974 -0.233662074
42.592157572 29.321691158 -32.329249480 0.923298907 0.330814539 -0.173804513 -0.088729137 -1.111436915 -1.510833163 0.279909548 -1.058210664 0.883579928 -0.158342349 -0.134166119 1.591288561 -0.698154636 -0.361133315 1.126594075 1.605015334 2.000402896 1.918691721 -0.267684105 -0.943353345 -1.822234676 -0.433547627 -0.739103589 -0.176478561
29.897242980 18.868245099 -34.728933958 -0.610922567 0.014014334 0.046498856 0.790199387 0.037549255 -0.792123009 -0.270227193 1.369175033 -0.280908573 0.421627856 -0.898383648 0.431586472 -1.562045884 -0.251939114 0.743515669 1.473407769 0.708859646 -0.494626732 -1.603267195 0.984737485 1.024279024 -0.814358574 -0.126451747 2.100209139
36.500529281 21.891320739 -31.680282682 -0.309184571 0.632911698 -0.709010730 0.033637291 -0.785748456 0.860391038 -0.212636467 1.652891271 0.010804215 -0.559909789 -0.617464499 -1.234214303 -1.138012724 -1.013128310 -0.020208056 -0.130834335 0.571114584 0.829769195 -1.199631950 -1.152601565 -0.413129607 -1.315504757 -0.440025675 -0.733489810
31.333284040 33.221574607 -38.922733049 -0.336718092 -0.590000435 0.722243490 -0.129941352 -0.541561144 -0.571808425 0.634535643 0.828765604 0.686887399 0.382013233 -0.406375490 -1.004706352 -0.073589906 1.254827022 -1.324738906 1.165311115 -0.358447258 0.459702913 0.886055915 1.002314113 -1.183455419 1.551902924 0.986370138 0.390740786
41.222442289 30.334999686 -34.423835229 0.186325913 0.115881451 -0.689129499 0.690619053 -1.347553103 0.007032797 0.316048834 0.621854601 0.196674614 0.308847294 -0.642794320 -0.425057423 1.289424099 -2.039309795 1.129436639 0.192895122 -0.423541475 -0.411570721 -0.026630118 0.789689702 1.555713093 -0.439630299 1.210370971 0.288978833
39.246287003 25.477014595 -34.862220856 0.096198994 0.812872484 -0.254761317 0.514859931 -0.148583081 0.347992038 1.052351277 -0.692578039 0.775593312 -0.867998672 -0.120922786 0.753552423 -0.645591153 -0.391820406 0.113254837 0.259683749 -1.017768914 0.474258752 0.312400700 0.627070586 -0.594797774 0.057343575 -0.720149768 0.589051949
35.905400709 26.116954227 -27.483679091 0.388242972 -0.789316767 -0.395107974 0.264832256 -0.054085622 -1.146913923 -0.877273747 0.702950068 2.063321341 -0.926253112 1.036126380 -0.002348767 0.501890477 0.181871764 -0.305181875 -0.292629748 0.979193948 0.159671025 -0.505025425 -1.011722074 -0.714599210 1.014341068 -1.400000728 -2.797149329
32.613757491 30.517705009 -40.572476384 0.159732848 0.003602890 0.894056541 -0.418491741 1.316363581 1.290574898 -0.291213524 -0.694693580 -0.925676475 -1.521267942 0.411466119 0.454063802 0.689809120 0.852350315 -1.634059562 -0.512348405 1.865478925 -0.678313807 0.871597358 0.309193792 1.520386873 0.729686917 -0.471773249 0.782525264
35.146621910 21.323576015 -31.751607462 -0.120136719 -0.521171574 -0.699387978 0.474134808 0.073907925 -0.289764523 0.556245458 -0.229173586 0.355720766 -0.233939205 0.890669103 0.322856458 -0.394671327 -0.459366267 1.181585750 0.318729571 -1.071195818 -0.990806720 -0.956705583 1.161579483 0.078454211 -0.331627327 -2.724350832 2.413096083
35.729034439 32.052629087 -38.561074783 0.205798000 0.765791087 -0.159407228 0.588048068 -0.164538829 -0.625868662 0.186525735 -0.946884313 -1.958062077 1.224540422 -0.204536383 2.376603239 0.542312069 -0.520322315 0.221829487 -1.971987174 0.986456257 -0.554784471 0.935034216 2.821976717 1.398842034 1.029919627 0.268308677 0.094963213
37.164385742 27.965289125 -42.359289243 0.119163938 0.153349527 -0.295493869 0.935396842 -0.317858611 -1.579732072 -0.485159275 0.315572342 -0.800511443 -2.474848394 -0.920286498 0.122172847 -0.871453961 0.015056223 -1.023723882 -1.585837732 0.207040403 0.448140955 -0.622078235 -1.018226531 0.337088926 -0.147579132 2.596427336 -0.239002664
36.780595269 27.219856209 -35.744037660 -0.647689820 0.106975504 0.264425648 0.706493606 0.753771602 0.930712019 -0.071026949 0.537616417 -0.307661559 0.474140019 1.589621541 0.133996864 0.124188582 0.607495266 0.329937458 0.322139038 -0.449135043 0.435016970 1.439086655 0.374050507 1.422769650 -0.346086308 1.103380628 1.322972536
28.846298412 31.380446493 -33.418628925 0.400538276 -0.231770953 -0.851818842 0.245470927 -0.667492584 0.148028405 -0.878364920 -1.786874415 0.208764833 -0.473127178 -0.724779545 0.258091595 0.482755566 -0.242670533 -2.519857308 -0.346733089 -1.534364732 0.481973891 -1.498298724 -0.960484363 -0.279389561 0.300796081 0.422004333 -0.433352207
28.629061928 25.282276796 -43.368478125 -0.506793767 0.837084154 0.070431650 0.193622261 1.351730656 0.452291326 0.016906343 0.099760311 -1.007858827 -0.034172331 0.845483466 -0.301266378 1.478190693 0.890621642 0.004012432 -1.112664327 0.488208091 -0.406764713 1.467124309 0.879464099 -0.316310714 -0.582390363 0.997152161 0.911164816
39.866693828 29.170885267 -38.727967801 0.230010846 -0.693110652 0.200952401 0.652924779 0.189821076 0.654424539 -0.448530868 -0.753262716 -0.669677413 0.216560421 -0.705580786 -0.298641116 0.625554660 0.361839456 -0.320482606 -1.113750972 -0.386071915 -1.244734880 1.117645857 0.053554071 -1.311565810 0.347890901 -1.994907638 -1.927944853
36.170646833 19.228378615 -28.149094626 0.668146404 0.403399438 -0.617651090 0.096728521 -1.602370134 2.312453537 -0.638835145 0.780436028 -1.192057859 -1.374287165 0.029427433 0.467142075 -0.040719226 -1.381000926 -0.193262202 1.366379697 1.746387076 -0.213089120 1.238304422 0.057453217 -0.324017778 1.911286664 0.759799502 -1.273010020
37.663626481 26.006050379 -41.238401107 -0.075511773 0.230845438 -0.768086850 -0.592495524 1.272842840 -0.031892142 -0.449025318 -0.443874948 -0.189064452 0.395924903 -1.132710461 -0.769461230 2.309817935 -0.728183023 0.233267215 0.655831837 -0.677623773 0.918701974 0.542918760 1.554704136 -0.013432334 -0.919930293 -1.071512174 0.549195390
43.142598103 22.558044568 -32.212895458 0.483238221 -0.851606635 0.186193546 -0.081110574 -0.140420028 -0.183488020 -1.901883493 -0.021484161 0.768229451 -1.056821077 -0.319843474 -0.865664430 0.115807994 0.437874882 0.498116137 -1.260772616 -1.472212088 -1.689429407 -0.461352106 0.552666670 0.170309114 -0.146742207 -0.057089989 0.994635386
30.606573264 31.647963617 -41.050914960 -0.409638109 0.491076456 0.461778909 0.614655004 -0.343010820 -0.555928649 1.745108794 0.262929102 0.269105898 -0.045784203 0.077979552 -1.338333134 0.167420906 1.276721541 0.464153842 -0.378003326 0.285503987 1.396749073 0.104136076 0.076214767 0.367626676 -1.089880618 -0.623168603 -0.170579219
27.085861600 29.240407587 -40.299487865 0.169640875 0.178772841 0.896067493 0.369222552 0.071419270 -1.026689112 0.020751075 1.530371637 0.681988964 0.406278957 -0.434782252 -0.935301316 1.949806714 0.810660757 0.582763634 0.135939176 1.714218253 0.232887630 0.918977364 1.547388900 1.239050862 -0.536180308 0.582005868 -0.556709622
37.395548403 28.182647655 -29.148968093 -0.458277758 0.700641380 -0.022399465 -0.546426040 -1.956083451 -0.427887775 0.965445903 0.189783569 0.599540490 0.239809218 0.032243338 -0.787933279 -0.202290179 -0.942052093 0.028913610 1.702271977 -2.482091579 0.670146984 1.060867165 1.907931100 -0.111561683 1.045863241 0.079849892 1.709124157
34.981093037 31.782968618 -41.465994703 0.167804365 0.903127091 -0.078555812 0.387339822 0.471261874 0.206616714 -0.112005517 -0.043789414 -1.359900509 -0.001315249 -0.860553393 -1.868829383 1.214876191 1.314326582 -0.080144644 0.172897540 1.589553722 1.212544613 0.897882330 0.028361283 -0.459211141 0.581209075 -1.758647972 -0.754987318
29.015249141 20.108351513 -32.973892641 -0.174603448 -0.207631704 0.763419440 -0.586168465 -0.256390519 -0.834397278 0.165462878 -1.137823559 -0.472496962 0.377332879 -0.233196386 -0.017931501 0.930464014 -0.113577864 0.304209684 0.877916023 0.411984987 0.373698719 -0.058347053 -0.360879552 -0.084443531 -0.163838490 -0.538810047 -0.088010655
33.808416481 28.418728793 -34.437834793 -0.519819216 0.263250046 -0.642745252 -0.497358962 -0.427111463 1.504566544 0.197036447 0.300566217 -0.610599400 1.396460884 -1.046129634 2.034529914 -0.981767571 0.283741721 -0.628889200 -0.268424830 1.121988632 -0.422159139 0.730812008 0.375453758 -0.704476148 0.592087905 -1.591827880 0.013332767
41.427932810 25.746732685 -37.649506013 0.595390766 0.569709319 -0.500302077 0.265779908 -0.754378181 -0.544079900 -0.108627688 -0.035271333 0.007738733 0.419831560 2.054217843 -0.012168892 0.067641285 0.444277736 1.020869798 0.985883076 0.723933341 0.174971053 -0.227606099 0.112231685 0.527499771 1.236544621 -0.066150655 -0.193059528
41.699146423 20.223346287 -38.304436745 0.235405756 0.181757932 -0.107341837 0.948696956 0.428769984 -0.164421298 0.949736997 -1.315645584 -1.406137338 0.538477090 0.668165611 -1.968312120 -0.471959652 -1.750674112 0.550628741 0.697950856 0.935163315 -0.543728077 -0.141729025 0.567918998 0.511567342 -0.325626158 -0.008496024 -0.511786100
33.680930179 31.507689097 -30.934110966 -0.229693502 0.907704683 0.248803442 0.247810313 0.712176693 0.067771565 0.344686572 -2.396585272 -0.892175635 1.080198153 -1.472814550 -0.121475079 0.195865211 0.489706024 -0.204254271 2.276658629 0.873180361 0.453844949 -1.468188639 0.592277806 0.422722998 0.559129685 0.736680169 1.922258872
36.067629473 29.370044183 -38.690425046 -0.125974393 0.843904898 -0.154887502 0.497960679 0.192406403 0.691532290 -0.718161374 0.255120853 -0.794334001 0.570547397 1.517062562 -1.229893000 0.236165551 2.093830558 0.018339445 -0.774360162 0.151450037 1.255566191 -1.293603546 0.740892238 -2.167742773 -0.407371861 0.853896514 -1.125240830
40.835004326 20.181673729 -30.889743134 0.177187146 0.687738301 0.407846525 0.573830948 0.175578050 -0.694854286 0.592702515 -0.470407455 -0.094845538 1.892769418 0.452710716 -0.478090013 0.372388198 -0.637689731 0.588431619 0.632382084 -0.375619849 -0.123295526 -1.360019162 0.841710372 0.804924439 0.279067247 -0.887304632 0.599483623
41.756598131 20.654464650 -34.777193104 -0.408031826 0.415795475 -0.797448234 -0.157163818 -1.565148587 0.049799869 -0.257703583 1.633709109 -0.459149541 1.591518555 -1.551393065 1.931308013 -1.192382746 -0.585006098 2.231459958 -1.254321806 0.817003796 0.577400789 0.241597507 -0.026213845 1.746571825 2.038132562 -0.318395620 -1.173455174
30.686824578 24.628393838 -27.600058565 0.375753962 -0.275262990 -0.883654943 -0.046831492 -0.072952690 -0.856400359 1.371710557 -0.234118298 -0.492726954 0.835501575 1.296754394 0.836633326 0.490676827 -0.497995067 0.483944798 0.277179483 -0.980921493 0.137208556 0.906991046 1.124381059 -1.006548330 -1.965490040 1.566201349 -1.230723272
31.028908310 29.171149870 -28.607389421 0.125107271 -0.209992222 0.544781349 0.802162527 0.074837887 0.522839419 -1.462822213 1.282116536 0.798249182 0.162484317 -0.113665590 0.936617485 -0.861247708 1.606561923 0.292357297 -0.207015774 0.778235526 -0.792565914 -0.162372877 -0.961482077 2.462116254 1.184223194 -0.464415890 1.349578200
34.254609284 19.862579046 -31.876921182 -0.414128338 -0.723105330 -0.443115012 0.330553304 0.948776801 -0.460556700 -0.268381488 1.982309669 -0.322962442 -1.447431055 -0.264433207 -0.878474265 0.608176874 -0.015060222 1.975181679 -0.211208594 0.383439441 2.327905753 -1.018199457 1.183377317 -1.331249059 -1.106987672 -1.135967611 -1.327620293
37.273167444 26.909710427 -40.317944642 -0.786131810 0.453522823 0.017151928 -0.419546944 -1.627854873 0.026969845 1.424636460 0.629793488 -0.307899085 0.504616998 -1.989926868 0.632461111 0.792185428 1.972642160 -1.014848167 0.338538308 -0.912345982 0.911027477 0.840390001 -0.581824905 -0.540650537 -0.297975472 0.380430283 0.832719747
40.662408653 29.533021140 -29.935277859 -0.166159103 -0.201129532 0.761584154 0.593234895 2.330901496 -1.056959275 -2.045262447 -0.337812272 1.013542892 -0.404412260 1.137466040 1.724461166 -0.208112630 0.890722953 -1.111230917 -0.692058994 0.833189569 0.489935460 0.069521313 -0.881791399 -0.274754394 -1.062106271 1.219696358 -0.432368410
32.841652150 26.172420531 -33.488021193 -0.262266030 -0.403669005 0.711613817 -0.511735908 1.435633293 -0.299122749 1.792134271 -0.779031826 1.149811264 0.814023819 1.178741062 0.102909080 -0.110833520 0.692240990 -0.910514554 0.582693789 0.309059532 -0.951120521 -0.281869451 -1.702953147 -0.965428527 0.041836836 0.569435077 -1.031631079
35.301112753 25.698851322 -29.068794675 0.924798184 0.274477599 0.243581138 0.100392209 -0.552322796 0.220999638 -0.282679280 -0.959916938 -1.381375205 1.127871173 -0.657154080 -0.110844772 -2.421892063 -0.831120997 0.392432169 1.083245969 -0.772375432 -0.310092378 -0.308977692 1.240851634 -1.118980742 0.815350077 0.068020418 0.433947240
35.460559454 30.889603481 -42.338029147 0.533108916 -0.243896635 0.686804163 0.429661910 0.399143548 -1.659714211 -0.479429383 -1.501628184 0.284843579 0.005421388 -1.159590025 0.413508849 1.239572138 0.261373962 0.057040608 -0.624434372 2.013380670 -0.859323496 0.308794590 0.052452640 0.409087442 0.056224911 -1.754548800 0.730238325
25.937019634 23.003839329 -34.682230564 0.017644418 -0.224420884 0.972443454 0.060643792 -1.636654932 1.300460211 -0.139326395 1.435874876 -2.643596103 -0.747465279 -1.323822481 3.242171712 0.080080871 -0.724974173 -0.269880891 0.728154290 -3.022290185 -0.277735944 0.106244807 -0.709498115 -1.332495021 1.164310704 0.266572407 0.272535042
39.355565061 23.494276294 -29.355528720 -0.932453118 -0.004637726 -0.248672983 0.262052327 -2.305270938 -0.676868269 -1.712664879 -1.231071951 1.391800111 0.602750819 0.272591442 1.232368545 0.472371777 -0.499337473 -1.038180399 0.361495343 -0.089570134 0.253026634 1.245609464 0.573412622 2.588588832 -0.009773275 -0.465978952 1.684368626
30.387670549 24.031376102 -29.769759336 0.547772000 0.406135246 -0.727296018 0.077720646 1.329245942 1.559008092 -1.606281978 -0.302739673 1.317892234 -1.502899867 0.133560067 0.699838407 -0.843501515 0.159825471 -0.294861970 1.210166504 -0.026513374 0.672883555 0.274159387 -0.223091745 -2.160461317 0.171935270 -0.094934638 -0.357123109
30.274021747 31.294863799 -35.930474567 0.830373846 -0.434298764 0.089013358 -0.337550710 -1.115738495 -0.565127405 -1.499793611 1.008678192 1.936349558 -1.125238609 0.927590318 -0.028226293 2.269510987 -1.366411762 -1.500673984 -1.129353735 0.306380877 -0.923313270 1.073081814 -0.072999458 0.940712435 0.935667311 0.935569870 -1.351891496
41.260718764 31.241526983 -36.390865509 -0.183489929 0.233822089 -0.476709293 0.827288902 -0.417848346 -0.381183256 1.881873670 0.252504564 0.417219438 -1.257639147 -1.385782321 -0.225060275 0.586182026 0.306634244 0.895399458 -0.999429117 -1.698014071 -0.737658568 0.373189098 1.405191816 -0.339770680 0.529921292 0.071974509 -1.975349802
31.322504013 16.586778495 -33.792565330 0.054381734 -0.228173839 0.549619594 -0.801808973 -0.638264319 0.783686257 1.245541514 -0.796360580 -0.391248296 -0.900432333 1.365801213 1.409742562 -1.385549780 -1.017176086 -1.499864313 -0.410937144 0.330953347 -0.710441820 -0.181305336 1.190827176 -0.625742420 0.909578266 -1.076585028 0.393299572
36.774030088 29.486742186 -38.877363552 0.534656527 0.333609470 0.773496791 0.067452459 -1.334493850 0.474723120 0.290926743 1.930467495 0.656168293 0.115560116 0.032731908 1.244934798 -0.784414404 1.090001460 -0.195456660 -0.418684563 0.137452981 0.216697602 0.104000465 0.138411732 -0.299323335 -1.386812762 1.245824695 0.415929312
27.049930659 26.212165320 -39.027662452 -0.782937484 -0.445296276 -0.419839113 0.111603052 1.578600629 1.222830478 -1.397025130 1.408507708 0.714062058 0.338060687 0.263389978 0.095644968 -1.028340356 0.141952522 0.596432890 0.259938942 -0.084615102 0.384769948 -1.121115000 -0.008551027 -0.262660985 -0.205642479 1.419067928 -0.253396945
40.264822508 21.872806591 -31.999168412 -0.753967831 0.191528285 -0.622454421 -0.086022785 0.170976436 -0.418678948 -0.612624152 1.191648881 1.090699413 1.973254187 0.609981438 0.411816310 0.147486958 -0.335920421 0.496193659 -0.024429947 -0.057810538 0.638673341 1.614671550 0.747195694 -0.376586451 0.403823885 -0.959959861 -1.591351993
43.472177101 21.589329196 -36.389007086 -0.664616761 0.265539126 -0.057980810 0.695996954 -0.406848909 -1.000941420 -1.043262158 0.322925387 1.321021284 -0.323195578 0.830956402 0.243185159 0.164193651 0.797526687 -2.702172979 1.260448228 -2.469476668 0.360909651 1.262160203 -0.888862545 -0.003073262 -1.056626109 -0.692312489 -0.405692962
27.913085830 25.169525278 -30.200216073 0.630611660 0.757061027 0.128751639 0.112296713 -0.085815078 1.394086499 -0.432067887 -0.374266760 1.992164171 -0.159020235 -0.790646465 0.753268746 -1.369167601 -1.176289046 0.045236883 0.041434285 -0.632211590 0.458177496 -2.333572450 -1.565447849 -0.565609285 1.052940992 0.044569426 -0.563885427
33.297458294 27.031139833 -33.781882863 -0.269762167 0.062140263 -0.323683419 0.904762955 0.534595959 -0.755329976 -0.069718783 -0.865116787 0.912653350 0.424826977 0.620579855 0.976730753 0.828324650 0.803413375 0.133368832 -1.334236229 -1.424703717 -0.263658046 -0.154854901 -1.628898002 -1.161852453 -0.256359648 1.044712454 -1.457835124
29.422368124 30.586520286 -29.795977038 0.170219964 0.154285165 -0.275696623 -0.933387714 0.949087238 0.924206206 1.227272658 2.067666583 0.954316992 1.765522944 -1.129838303 -0.161673090 -1.764740265 -1.531880461 0.691884635 -0.302223107 -0.927186444 1.297207600 -0.298525114 0.257655547 -0.018672991 1.086522379 0.196902831 -0.120444007
38.290428880 21.849929710 -34.154044695 -0.085463485 -0.191128842 -0.309808428 0.927461318 0.123680032 0.606463548 -0.993942127 -1.146232413 1.002027129 -1.528487293 -1.809385597 0.780268834 0.132706630 -0.075625463 1.730418232 2.779550398 -0.635995375 -0.675547849 -0.306949634 1.333486215 1.432561354 0.596596433 -1.107643269 0.699581520
32.964027990 24.518377793 -42.685586306 0.400194707 -0.866723357 0.182424165 0.235279076 0.918883254 -0.255973642 -0.996769495 0.336268125 -1.823445209 -0.248712429 0.128879728 0.081486921 -1.384808436 -1.296470367 -0.892943286 0.606269884 1.100850421 0.050394214 -0.248633320 -0.905891028 0.193035673 0.389857482 1.267829441 -0.766184725
38.247210038 20.243591906 -38.094218821 -0.357022405 -0.231700011 -0.137355181 -0.894418058 -0.258186691 1.100962082 0.423854843 0.795870413 -2.148899560 -0.717031175 0.586559940 1.393538472 1.520833523 -2.002112919 -0.385639241 -0.076196755 -0.438153921 -2.510608051 1.764346398 1.300718678 0.057439796 -1.053772384 0.815255388 0.560521937
37.147437138 21.414391527 -43.145383615 -0.140938222 -0.780546535 0.589969754 0.151060298 -1.204753492 -1.197055090 0.976164305 -1.737738266 -0.465926390 -0.936656345 0.280230411 -1.304705605 1.809608403 -0.819320581 0.488485131 0.607050326 -0.225260585 2.290314329 1.009171969 -1.258387765 1.896774795 0.066338248 -1.035893704 0.720747991
35.271577313 24.717287901 -29.038097972 0.655863295 0.293726528 -0.241744930 -0.652017986 3.104989433 0.340232499 -0.967797488 -0.820672004 -0.175116490 0.193935530 0.204504264 0.978615651 0.596468636 1.425067837 -0.715544810 -0.669685726 -0.598959956 0.468584311 -1.589143135 -0.038027045 0.444719596 1.281970224 0.624042336 0.478387989
34.532671154 30.430576635 -38.235827202 0.093041688 0.072707260 0.922046701 -0.368628239 1.285082357 -0.595972351 0.024019719 -0.536081134 -0.121060152 -0.708169355 -0.765843694 -0.976500499 0.258579582 -1.730321565 0.281165367 0.323309507 -1.764939786 0.541286312 -0.187483604 -1.641777820 -1.969176718 -0.287883727 1.157385137 0.852446785
27.006819283 24.621393590 -31.386021251 0.960306024 0.063662548 -0.230939605 0.142920677 -0.011501199 0.172376108 1.266245566 -0.141876722 1.111682834 -0.179524061 0.641630004 1.819860405 -1.026146863 -1.846538378 1.014765709 0.493690625 -0.577443483 0.662063514 -1.381876952 -0.095374219 -0.711726165 1.729636315 0.427286666 -0.983958085
42.211858731 24.109353814 -29.430792131 0.694633821 0.394864188 -0.154875266 0.581016162 0.565817525 0.472774445 -0.048765366 -0.201855751 -2.019366380 1.647767704 -0.806531462 0.866611322 -1.170876116 0.581476402 2.080559788 0.405261056 -2.028064225 -0.475277747 -0.717002180 0.448282472 -1.812321625 0.233429577 -0.403385645 -0.793092532
37.942211940 23.887960428 -43.981226167 -0.527781862 0.117357486 0.389269031 0.745750057 0.246713570 0.958216006 -2.737683450 0.118199861 0.045584915 -1.690884357 1.482993866 -0.639190846 1.000531893 0.793059748 0.319297792 0.842155063 -1.763155790 0.148657671 -0.843183338 -1.128548371 -0.285592347 -1.108040547 0.666572550 -0.856198029
35.639293417 31.085069247 -33.213510255 -0.486504455 0.274005820 0.003961152 0.829589377 -0.836437901 0.272237101 -0.244540544 -2.953516153 -0.176285236 -0.393999383 -0.970622179 0.786173501 0.768932101 -0.069475155 -0.279788132 -1.414768072 -0.932645333 0.474669737 -1.217115800 0.233959532 1.474221039 1.768536885 1.882785849 -0.889616560
30.813138331 29.805339061 -38.024139993 0.279081756 0.574731286 -0.663806349 -0.388791015 1.093938589 0.935869158 -0.873464508 -0.505617084 -0.555680109 0.351365606 0.481399164 -0.376894715 -0.397472221 -1.428068482 -0.818028954 -0.670433105 -0.381413358 0.245778414 0.792118820 0.487340989 0.927743441 -1.643100647 1.091387590 -1.368027374
29.811969067 23.936428994 -37.004325880 0.806385896 0.216228993 0.373226406 -0.404584797 0.243443484 0.260051220 -1.069135598 0.787599730 -0.385913797 1.594671147 1.299927937 -0.066977577 0.897638683 0.305025822 1.979559562 0.989119965 0.667594219 0.632024707 0.570181929 0.161363353 0.258662204 1.945467608 -1.280921686 -1.718184942
38.790345027 21.391511754 -36.427890567 0.356932926 -0.739873997 -0.424202023 -0.381101035 -0.358845612 0.440340805 -1.140060311 -0.467159517 -1.272486556 0.025676390 -1.391035901 1.297741220 0.383309075 1.218678510 -1.631765055 1.486674731 -0.597021685 1.326933071 -0.619094864 0.813562459 3.062894564 -0.799838099 -0.517949743 -1.149563730
37.419593736 26.402102411 -40.305370031 -0.518619289 -0.701582767 0.207884212 -0.442266671 0.668022142 0.693082380 0.364011360 1.045945562 0.850231696 -0.108298348 1.610919457 0.282440318 -0.358234322 -2.394423769 -0.169415434 0.377917582 -0.407465000 1.444520758 0.033085587 -0.497335186 -0.866333644 1.216182557 -0.328571858 -1.343164750
33.703269527 34.519158668 -36.301430524 0.703452720 0.169076896 0.156771531 -0.672301987 -2.713947292 0.286583646 0.361105327 1.296635576 0.404084644 -1.065350068 -0.572645920 -0.313340598 0.588221311 -0.439171614 0.641954862 -0.657116894 0.692564880 -0.494082900 0.236822415 0.325500537 0.199511085 1.257352351 -0.861977017 0.488851917
26.772534846 28.329997493 -32.052518025 0.192355390 -0.631218266 -0.339154107 -0.670475500 0.349016869 0.949396125 1.311964098 0.145777013 0.252617435 -0.392404525 0.584585746 -1.875170912 1.721803058 -0.560182732 -0.979122778 0.077776361 -0.277769550 -0.139125075 -0.509336130 0.847263069 0.011354280 0.892468960 -1.421194064 -0.324733541
28.060673583 20.868778236 -34.435015062 0.066937406 0.436698864 0.654946698 0.613072841 -0.494077203 -0.082680347 -0.560200284 -0.051346976 -0.727763094 0.427132230 -1.433150562 -0.806377319 0.261619968 -0.773093244 -1.277230010 0.861652866 -0.578856824 0.967734496 -1.596304512 2.299578023 0.991543439 -0.870497957 0.295883130 1.098549306
24.877714537 23.600583573 -34.947070456 0.596476902 0.112595272 -0.644450346 -0.464996088 -0.022886749 1.433264898 -0.359094840 -0.978763325 -0.131696383 0.489456284 -0.000579599 1.750499877 1.541899519 -0.449504171 0.924753961 1.111016184 1.119144599 0.955919304 -0.198311334 2.125772670 0.738991235 -0.002445116 -0.886239330 0.972970061
36.764747398 20.755738616 -30.613238204 0.093284847 0.082515291 0.315958799 -0.940563236 0.665216730 -0.310968587 -0.966599778 0.446554428 -1.066154424 0.225443054 0.702056679 0.546797782 1.145090007 -2.069111367 1.531384360 -1.697753926 -0.894643021 0.616328076 -1.639648416 -0.549193276 -0.620883968 -0.940862386 0.460087337 -2.399704158
