-21.484591882 -20.555504765 -14.232651526 0.394546397 0.578499318 -0.055702087 0.711736579 0.869715716 -0.207330399 0.616842352 0.342544297 1.132154037 -1.401329938 -0.337554580 -1.681059107 -1.706129476 1.080657318 -1.307218894 -0.643318081 -0.684598797 1.235259997 1.393484238 -0.565924153 0.714815907 -0.071541323 0.223599383 -0.158240728
-11.530029035 -21.155092245 -14.472306386 -0.226828219 -0.130640249 0.006170655 -0.965113469 0.269114865 0.346180927 0.318655025 0.285416394 1.774741625 1.660259155 -1.039741859 -0.413912968 -1.002920196 0.283192558 -0.414816150 0.194978744 -0.630715759 0.178701244 -0.536729930 0.527352812 -1.021953736 -0.063305985 -1.663529174 0.884861573
-15.611068890 -25.832210806 -21.493242820 0.155543477 -0.978706739 -0.131083814 -0.027502348 1.952002276 0.334186353 0.515324666 1.831673621 0.250919314 0.877192111 -1.063984633 0.927936952 0.097479059 0.950998337 -0.321252953 -0.078680166 -1.384411959 0.023650309 -2.308886384 0.702687471 -0.219847043 0.867297243 -1.399526087 0.435273546
-20.408084932 -31.239617585 -15.953894989 0.120748028 0.465525581 -0.638864026 0.600465322 -0.445306641 -0.595682237 1.146410404 -0.279259669 0.479552033 -0.554352361 -1.209895269 -1.317927600 0.468486712 1.076372683 0.000841688 -0.015146417 1.266103143 -0.122326770 0.201302515 0.316671296 0.678095078 0.451261554 -0.631860261 -0.123265068
-20.193420718 -22.084765637 -18.121611342 -0.825113366 0.312918445 0.284872375 0.374323003 -0.295303565 -1.194851046 -0.462671772 0.543169190 0.852533260 -0.223814320 -0.007236683 0.519203651 2.204383014 2.085235206 0.132198818 -0.641702748 -1.834085598 1.904976972 -0.166314736 -0.118984107 0.363108347 0.636490261 -0.300280594 1.321933737
-19.817854560 -31.502892850 -13.076318568 -0.049494925 0.014160904 0.906992905 0.417987549 -0.407610441 -0.830408226 -0.022550557 -2.503244337 0.626520819 1.294451609 0.285052566 0.026071838 0.188397111 -1.330719623 -0.244306439 -0.935827401 -0.590999948 1.112992623 0.579951254 0.847226061 0.802984575 -1.940195863 1.042775922 0.478251976
-13.963297512 -22.150433268 -21.240460506 0.388003254 -0.746614070 -0.179043836 0.509866855 -0.220772297 0.413946388 -1.906698811 1.650852768 -0.165276003 -0.987998558 1.201357220 0.127055899 -0.944810886 0.100667465 0.429145773 0.531492911 0.595819608 -1.507945175 0.834815474 1.583290236 1.174931927 -0.545259936 0.865906527 1.201654035
-18.261369039 -23.957852195 -10.181861609 0.593611818 0.381442906 0.601634741 -0.374382101 0.944235390 -0.270832048 -0.258990714 -0.645183836 -0.499594665 1.886258633 0.361915437 0.125271816 -0.220198817 1.167132017 0.597710972 -0.616489251 0.573420278 2.636628628 0.525781374 -0.030621600 0.443888502 -1.486554372 0.700411906 1.254468318
-12.404064715 -18.231736319 -10.968728274 0.787180390 -0.446056440 -0.422220961 -0.055768688 -0.209354073 -0.829245971 -0.294107791 -1.169615948 -0.412043745 -0.502990509 -0.884854664 0.534164178 0.595383939 0.118705168 -0.717892463 2.400721741 0.571137563 0.817162734 1.268117349 0.720751636 1.378682093 -1.158848172 0.554949157 -1.216750496
-21.803118523 -19.989080502 -16.163966836 0.589518200 -0.116768951 -0.478080985 0.640524688 0.058030825 0.350375701 -1.543522712 -0.281961810 1.313844052 0.918698949 -0.667219012 -0.117577072 -0.567263687 1.378187532 -0.403153153 2.244025674 -0.947280158 -0.332352708 -0.691862851 0.072819606 -0.467718985 0.435134802 0.636922842 -0.339558085
-24.405061685 -18.527729851 -13.637032593 0.977423102 0.162374860 0.131313093 0.032176939 -0.047346972 -0.122513086 -0.015833789 -0.008988590 -0.865288346 -0.005837170 -0.106314354 -0.681159961 -0.894898640 0.090811160 -2.673183121 0.378654065 -0.671715517 -0.605171383 2.629053111 0.382733997 1.215966137 0.520348385 -0.084480878 -0.152865113
-15.849156117 -20.805566988 -6.056512802 0.209079676 0.033160128 0.968187710 -0.133411596 0.227479243 -0.607423080 0.614140517 -0.682472609 -0.485863135 0.570353208 0.461684847 -0.170150432 -0.092290328 -0.816854749 -1.339736646 -0.071503943 -2.980733130 0.631522279 0.389585666 -2.282911202 1.153289362 0.068198788 -0.206764967 -0.311689035
-20.952384368 -27.580724675 -11.017929509 -0.713048553 0.264205215 -0.508023267 0.404561152 0.298610955 -2.032694004 -1.707287358 1.272706682 -0.540044742 0.694650565 0.766575377 0.178981983 -0.907185465 -0.114743678 0.455694378 -0.215012234 0.785661973 -1.909541060 0.539821983 0.305049349 1.597046832 -0.459525119 2.401393082 0.847689162
-14.652404602 -28.122265408 -11.188898888 -0.055476593 -0.028743117 0.144241608 -0.987567992 0.159848268 1.296367882 -0.883450132 1.882580814 0.051380260 -0.757650018 0.431382629 0.128741858 0.277489169 0.926215921 -0.978397480 0.920461880 1.039770679 -0.608746584 -0.536626801 -1.041981571 1.294574693 0.288670171 2.020086291 -0.150166460
-20.845937070 -15.587756498 -15.970116658 0.201927734 0.289557204 0.097862099 0.930486338 -1.786940094 0.194292218 1.360706773 -0.368192591 0.202085808 2.258261631 -1.184122489 2.757086132 -0.308643143 -0.657517533 0.940487305 0.456600549 -0.799566304 -0.338482842 1.233360363 -0.504457712 0.532678182 -0.121011747 -1.408674472 0.531403559
-14.614094880 -17.298056828 -13.881453535 0.811246504 -0.151296417 0.021746557 0.564371855 0.359190078 -0.110811952 0.335833132 0.019921918 -0.231100532 -1.054968442 -0.886558078 1.514879364 -0.770403066 1.073760429 0.950357284 0.601625216 -0.968310756 -0.689617249 -0.988706074 -0.763637171 -0.247968870 0.253478251 0.469462072 1.186569288
-15.959070539 -21.290448472 -21.692601275 0.094730093 0.796063050 0.238899897 0.547938563 2.085509065 0.480241553 -0.824980970 -0.098116174 0.812318862 -0.561332251 -1.060834992 -0.031623610 0.418124072 -1.007478363 -0.866458417 -1.281306090 0.392724299 -1.357656236 0.570950020 -1.431647928 0.482073325 -0.068367908 -0.223709173 -0.046030807
-19.885195107 -19.926747692 -24.029520737 -0.397435084 -0.143599724 0.902347871 -0.084810337 -0.757546913 0.337420126 -0.597564944 -1.083696012 -1.187306337 0.356120393 -1.203148701 -1.243751833 0.868050488 0.240721223 -0.636624600 -0.432780268 -0.137208546 0.799728697 -0.057398176 0.130680152 1.591026556 -0.527692854 0.750349926 -1.323032257
-26.451252994 -27.592383429 -15.023138722 -0.119962154 0.321363339 0.667076816 -0.661319293 1.212987639 -0.391019738 -0.370118690 -1.388133949 0.500533125 -1.341619362 0.558495339 0.132243689 0.267814791 -0.804991369 -1.329871298 0.355910906 -1.320370530 0.582675628 -0.628750046 0.713385497 -0.713853952 -0.634993248 1.327820011 -0.254116318
-11.394376081 -17.546847692 -10.388463143 -0.138287551 -0.219737766 0.289841697 -0.921186006 -0.660895820 0.092302691 0.036722333 -0.645660375 -0.605553004 -0.590352397 0.932354234 1.331022386 -0.765335253 -0.121432648 0.352059731 1.186132295 -0.536791227 -0.170643055 -1.904813952 2.024587842 -0.990335624 -0.106550541 0.313488264 -0.248342691
-22.470821574 -25.841036827 -13.690545675 -0.444035983 -0.135759754 0.730312778 0.501043493 -0.140612914 2.186973899 1.582728720 0.028920863 1.613662755 0.187837005 -0.412712766 -0.302164778 0.272873815 1.020655536 -1.004136231 0.871922137 0.266677432 -0.390026435 0.805490039 -0.344253127 0.514411921 -0.156294768 -0.512965178 0.498972401
-21.111315877 -21.779298429 -7.718347112 0.640579913 -0.574302674 0.293768731 -0.416573819 -0.580920503 -1.202967517 0.029281078 -0.049178074 -0.536962417 -0.167454535 -1.226228324 0.312917855 -0.305374579 0.054532398 -0.312124122 -1.034672244 1.151615422 0.012168215 0.864863322 1.849749478 -0.520012483 0.848123995 1.034825864 -1.283978830
-26.336655151 -18.050165464 -17.385581120 -0.173582268 -0.207992449 0.923742981 0.270753101 -0.511538696 -0.768085223 0.498922786 0.871014911 0.263273496 -1.033391226 -1.408157790 0.075535556 0.150436831 0.398451047 0.053518809 -0.183183105 -0.133846508 1.277298171 -0.493219974 1.700902318 1.583803112 0.786041554 0.685907483 -0.915912339
-16.041559495 -20.332406802 -9.025777073 -0.682742829 0.081299111 0.256698668 0.679233743 1.062921632 -0.229718492 1.297226283 -0.853462160 -0.838794623 1.301203174 -1.315752167 -0.878053322 0.595193671 -0.467727328 -0.117813451 -0.235112980 1.330067594 0.307925170 0.357029222 0.330676078 0.012880783 -0.782438050 0.245195524 1.071703099
-25.509562305 -28.251561408 -15.465867332 0.754236427 0.596435220 -0.259858082 0.088691703 1.514742192 -0.504251334 0.493963810 1.348837751 -1.216112174 -0.946135592 2.134762572 1.080698779 -2.503528709 -1.355971560 0.188846803 -0.426488424 -0.886456672 0.548931563 -0.677531438 1.454611348 -0.370906888 0.169875938 0.797496141 0.556571597
-11.720079054 -20.502338620 -22.741054920 -0.099239535 0.936707831 -0.330005987 -0.061854691 -0.491891269 -0.292636336 0.694513562 -0.326636654 -0.722589192 0.519228721 -0.222487021 1.392096133 0.920741586 0.649807994 -0.690838350 -0.371711239 0.820192713 0.242044016 -1.028520021 0.236868100 1.021447597 -1.185613584 0.234808173 1.233784602
-15.778651819 -22.584374570 -19.451480425 0.448227360 -0.866433904 0.191695949 0.107875795 -0.371553178 -0.755106489 0.196587403 -0.653097918 -0.972353218 0.355931108 -0.674052044 1.053584575 0.997022115 -1.059982075 0.750951598 0.307243677 -1.190683809 0.563313300 -0.437080558 2.150967946 1.434172273 0.584891624 0.659291183 0.150352784
-22.087498936 -18.426826745 -10.610871433 -0.924233899 0.204168280 0.242570637 0.212759251 -2.044693754 -0.660097129 0.376355904 -1.417562253 0.419111915 0.495454642 -1.588871065 0.646177250 0.816260593 1.017917711 0.353605291 -1.343736068 1.931377808 -0.647786793 0.714803064 0.218494771 -0.856260761 0.395256815 0.388914178 0.493308192
-17.141828922 -29.195796451 -16.016533759 -0.766452410 -0.638750914 -0.056042332 -0.037513076 0.211607883 -0.369521826 0.933322545 -1.117712680 0.727114496 -0.661083423 0.073909170 -0.242695817 0.524271894 -0.011452143 0.716868304 1.492972565 -0.532676043 0.047443625 0.779393238 0.021069830 -0.586410393 -0.335486157 0.897022670 0.210334865
-23.842292776 -29.643021290 -14.172983333 -0.949214907 0.096011631 -0.211665388 -0.212062706 1.575426102 1.125471741 0.128335080 -2.142432561 -0.824862615 1.532412061 0.436691578 0.536446470 -1.143273119 -0.478616124 0.462295780 0.426875470 -0.835366977 -0.986247595 0.959638928 0.273800737 -0.787379697 -0.490410782 1.290288220 0.433915069
-19.304837599 -21.810501347 -22.848113465 -0.315185779 0.224766107 -0.921976348 0.009886087 -0.770950039 0.557979451 1.096392465 1.131939832 -1.116674807 -0.814713676 0.708870195 1.603285560 -1.127465084 0.729093704 0.442066007 0.606714321 -1.286412373 0.908199916 -0.845610795 -0.668261564 -0.257308371 -0.190434617 -0.399135008 0.015732052
-22.156155197 -20.682341047 -11.524475134 0.257408954 -0.558074801 0.540444748 0.574641298 -1.350391582 -1.047302093 0.180969024 -0.093246877 0.262804959 2.068080316 0.252764862 -1.860571494 -1.537779059 -1.743412127 -2.155529299 0.088141516 0.187732081 -1.061264816 -0.161141908 1.408931085 0.967787590 -0.291287129 0.435482095 0.522299106
-21.313037307 -19.764098638 -22.770110129 0.555940209 -0.147610470 -0.009315504 0.817957734 0.547127687 -0.299509441 0.479831201 2.027225638 -1.523368751 0.276356837 0.246069051 -0.296178957 0.767163852 0.038037055 0.496469659 -0.268844793 -0.638431504 1.608866314 2.931882564 0.216242303 0.209640001 -1.363713256 0.983601949 0.593212119
-9.805716573 -23.869121270 -14.955377684 -0.341010736 0.038553287 0.390676924 0.854164424 -1.241742536 -0.433499557 1.215904894 -1.318088686 0.076242315 -1.349684507 -1.535910456 0.356953851 1.189223867 1.004484399 0.204324425 -1.769103198 2.776921407 -0.270873909 -0.526517885 0.734527857 1.101830962 -1.006584524 -0.713066723 -0.759351582
-12.997244196 -25.601255331 -15.353178255 -0.660373022 0.659620950 -0.147229886 0.327308776 0.258494844 2.113638619 0.650691094 -0.536669819 0.577778481 -0.473525579 0.139026168 0.305661614 0.780540668 -1.066389472 0.455124124 0.227977005 -0.539429160 0.411145577 -0.708624529 0.294002597 1.083288051 -0.566742882 -0.388625934 0.646634946
-21.717151434 -26.645940268 -10.444590364 -0.036086489 -0.054553303 -0.785031556 0.615992823 -0.211958808 0.723268173 -1.242446728 1.144124901 0.213370121 1.356235531 1.622229537 -0.676772934 0.823365917 -1.488448112 0.541558592 -0.180263239 -0.442029314 -0.662947911 -0.818255886 0.147097431 0.729426276 0.225380160 -1.402287458 1.512937064
-14.925206193 -25.009174664 -22.492478081 0.231119136 -0.907242454 -0.226178988 0.268957506 0.455392088 0.766893788 -1.683180038 -1.437458940 -0.555753150 -0.584061717 2.244214041 -0.433274284 -0.798030389 0.080932134 0.846734195 1.418628044 1.364117895 -1.272600966 1.666859335 0.701517847 0.549568298 -0.474993801 -1.562076315 0.965173609
-15.525467309 -28.688406556 -16.821631905 0.096975215 -0.492826385 0.101373164 -0.858744109 0.362822195 -0.086554379 -0.107640082 -2.537591418 -1.293356968 0.990264038 0.256061406 -0.903157495 -0.528926268 -0.386465731 0.834324180 0.448455741 1.183545652 -0.848425259 -1.926361397 -0.060302071 1.605278338 -0.591310016 1.573066834 1.745732146
-17.294441968 -25.353713811 -16.778351402 -0.439312738 -0.087093612 -0.508519701 -0.735409229 0.746802660 -0.242572792 -1.657583493 0.067989023 0.217425171 -0.853628808 -1.420339770 -0.442210974 0.401422660 2.100451197 -1.532841666 -1.093110140 -1.757634026 -1.057255427 0.356786732 -0.710957716 0.368083130 1.571959022 1.649177945 0.626114156
-17.592490381 -26.786030962 -18.695577176 -0.363303412 -0.653353044 -0.467032095 0.472251473 -0.549938763 0.456004096 -0.873727931 0.755128641 -0.115909642 0.156670505 -0.076664381 0.257536781 1.207819700 -0.043206597 -0.813457244 0.353264676 -0.342860397 0.558509781 -0.250587623 0.920958438 0.310486243 1.848238756 -0.542673801 0.559730936
-26.340550533 -23.629370749 -15.501398907 -0.835130899 -0.101282008 0.439730746 0.314539674 -0.027957219 0.762172709 0.640358056 1.347160966 -0.021221555 -0.522180994 -1.479936184 1.879025737 -0.514975079 2.059213188 0.780870458 0.718342629 0.683881804 1.493706141 -1.808347221 -1.434179973 -0.511350326 -0.304407488 0.250942802 -1.174896060
-16.213193171 -24.612163984 -14.226901804 0.121915074 -0.104231298 0.203781936 0.965787489 0.778839867 1.595877059 -1.080473150 1.015362169 0.956163233 -1.574743135 1.128747085 -1.184595143 0.676979318 0.518675805 -1.294248931 -1.512328716 1.841631094 -0.705154823 0.625900275 0.187377009 -0.532284965 -0.793547797 -0.737198657 -1.464304902
-18.047462212 -21.884480775 -20.477482852 0.748338444 -0.389692299 0.432013445 -0.318581024 0.085771328 -1.171085932 0.781070543 -0.989763995 0.028727539 1.524172883 1.661897684 -0.235594643 -0.007127466 0.779550995 -0.478897250 -1.766187180 -0.488665045 0.900409558 -1.211286772 0.301987688 0.247734793 -1.012044641 -0.533396258 0.146328754
-20.489709266 -19.634160459 -19.177079965 -0.114331953 -0.378695249 0.914024616 -0.089872769 0.846889292 -0.548331159 -1.196847558 0.407699986 1.007328392 0.134157313 0.905367130 -0.017398155 0.066247453 1.873757937 2.083538575 1.108182092 1.979765316 -0.162379927 -0.661542106 2.629053258 -0.047063662 -1.610505931 -0.984514915 1.575584080
-23.942651152 -22.948532298 -14.052645587 0.095553017 -0.565903537 0.260839790 0.776263752 0.834682400 1.120374744 -2.402867879 0.812965042 0.261019904 -2.191838710 -0.173312487 0.345954605 0.089921670 -0.376096534 0.736896311 0.611715759 1.833286863 -0.006197229 0.440936364 0.078867953 1.420989530 0.644150174 -0.255089432 -1.740687438
-14.102361098 -25.803748413 -17.782085349 0.390500671 -0.394543855 -0.249472752 0.793478241 -1.362346289 -0.253295046 -0.129269545 0.227323796 -0.326367353 -0.096321331 -1.722414436 0.328591930 -2.216804533 0.430293610 -0.062782372 -1.073995827 -0.073085003 -0.645998856 0.370211128 0.665970130 -0.544787386 0.305259056 -0.169392937 1.227392174
-14.179417396 -21.426613857 -12.287098161 0.018626876 0.097909169 -0.751776689 0.651842499 -1.288118963 0.726963172 -0.530987939 -0.793258354 0.065815550 -0.437372988 1.084754341 -1.247545571 -0.663394258 -1.077826891 0.145495461 0.330318545 -0.039682461 0.406416947 -1.240627732 -0.483400452 -1.101696701 0.013864286 -1.389100690 0.707212783
-15.762945533 -28.957152945 -18.259516922 0.638933740 0.195604993 -0.701205415 -0.248622865 1.081642780 -0.887641160 0.452427823 0.149179792 1.714886309 -0.648140891 -1.005835760 0.033800917 -0.002765814 1.773201384 -0.467535044 1.079866037 0.459572373 -0.613599630 0.680383664 0.962651510 2.400282274 0.738184968 -1.209096502 -0.050854765
-16.864531873 -28.385805076 -20.767651500 -0.612351941 0.634619028 0.437663561 0.175312283 0.012478111 0.332207631 -2.116149442 0.452835506 -0.823754029 1.228849857 -0.153412721 0.433373708 0.376697355 0.223684546 0.033689056 -1.623651109 -1.072617304 -0.438506428 -0.270261006 0.890438063 -0.890133989 0.522130463 -2.613914556 0.516312718
-17.008529373 -31.715611362 -15.709821164 -0.691502117 0.389444044 -0.582191285 0.176667672 -2.352123122 0.690295828 0.202094637 0.339710451 -0.390316998 -1.065797136 1.701365707 0.912423406 0.511721735 1.346545411 0.254726289 0.615466035 0.531673559 0.085610929 0.693347539 0.045870866 -0.649538363 -0.269018099 0.954654534 -0.204475388
-22.066799680 -20.199864306 -14.075522093 0.480621981 0.498071587 -0.488761802 -0.531073541 -1.018026086 -0.237110759 0.439565595 0.904973240 -0.038790460 0.716740371 -0.542812110 -0.791822632 -0.877453235 -0.110250726 0.553527576 -0.935403696 0.006876357 0.582587361 -0.523561058 -0.205275294 1.127650805 1.620984577 -1.052701569 0.490339544
-16.880789939 -18.524436607 -20.203207511 0.575539143 -0.744863231 0.071888347 0.329796191 0.733261566 0.571701944 -0.120881896 -2.023596880 0.443915646 1.905989585 0.763518973 -0.349742080 -0.832647451 0.255726627 -0.428357094 0.334564327 -0.565646844 0.802304311 0.056911735 -0.503314633 -0.736024571 0.120702096 0.198402004 -0.355858819
-9.661971407 -27.850851729 -15.027652415 -0.527893709 -0.519698644 0.027389953 0.671186518 -1.150995097 -1.128177980 -0.214852036 -0.912456205 0.572474368 -1.024471048 -0.441276378 -1.635335422 0.302960852 -0.842540889 0.020386410 -1.059296648 -0.182045693 -2.270234431 2.228854859 -0.384060078 0.842646797 0.895688081 -0.617236906 2.169137018
-16.408038179 -27.939257751 -14.032468185 -0.657800709 0.269447356 0.615565343 0.340258224 -0.683839646 0.392441923 -0.318293732 -0.332096522 0.422805334 0.880198529 0.474579769 -0.170680619 -0.931337885 -0.004886499 1.248736757 0.805342682 -2.684053882 -0.155485647 -1.423011831 -0.809850631 1.067164870 -0.542322606 -0.712638364 2.177869444
-21.352879908 -21.064751864 -23.731807124 0.459385915 0.029524998 -0.510029703 -0.726610320 0.238850910 -0.090275386 1.344438751 0.944393857 -0.867439967 -0.876130524 1.799531731 1.050592862 1.292208389 -0.434394920 -0.086869430 -1.398663570 0.357944148 0.376463506 0.920718811 -0.027083867 1.047058887 -0.873601827 1.622561829 -0.890477676
-17.760440187 -16.406901920 -18.159028821 -0.428172520 0.663752845 -0.272494454 -0.549406249 -1.211969350 0.404585110 -0.682609010 -0.794583080 0.558381773 -0.497036196 -0.703480672 -1.090547696 0.683855222 0.011199696 -0.450847982 0.854922591 1.673571515 -0.745838230 -0.775389678 -0.569283316 0.414716070 -1.580346968 1.000282674 0.756683114
-13.324547243 -20.117684795 -12.296259542 0.573815730 0.140851162 0.644662737 0.485083925 0.603782321 0.702173266 -0.593564250 0.496198865 -0.483339039 2.161022596 1.193050266 -0.022030153 0.758326780 0.043119496 0.624220473 4.218276484 -2.410157790 0.567620279 -0.259209299 -0.895121450 -0.991110300 -1.016542809 -0.319762309 -1.780707805
-18.229255167 -15.109139197 -11.105901154 -0.244490299 -0.374903493 0.894164478 -0.011905913 -0.570948446 0.620602504 1.139059151 -1.846278284 -1.092244852 -0.374050739 0.837598840 -0.071411797 0.778857056 0.959660635 -0.667732710 1.416732769 0.442396891 0.112753184 0.224835517 -1.105531396 -0.553073996 -0.641764247 -1.599010957 -0.731914221
-20.058114275 -16.503293565 -16.836061301 0.162959442 0.952720623 -0.254632444 -0.030495128 1.979354736 0.674046320 -0.271976259 -0.568903405 -0.104401042 0.968388948 2.097280458 0.194705407 -1.392245422 -0.225873136 -1.844531842 -0.075902188 0.700838100 -0.843011261 0.727742767 -0.790983428 0.255016564 1.370990590 0.653401839 2.299909241
-16.377922107 -20.357606337 -20.745291464 0.314522591 -0.699909927 -0.019049691 -0.640967038 -0.629445687 0.167144942 -0.856252597 -0.420140186 -0.133785080 0.333631240 1.404973565 0.409918827 0.330922799 -0.661771537 0.790269713 0.384766069 0.316906848 -1.784479861 -0.114246048 1.088301157 0.749110726 -0.381546142 -0.865071367 -0.674953018
-23.462899683 -25.646573197 -13.314592961 -0.781761900 0.447163511 -0.434287614 -0.016952722 1.061089326 -0.182174973 1.327640572 -1.211438790 0.137215222 -1.751858015 1.187476550 0.459657546 0.433224924 -1.037371915 1.785450817 -0.121174190 1.081416852 0.304717915 0.476073351 0.071346708 -0.240249253 0.465318306 -0.934481031 -0.913667662
-15.963025743 -17.136658604 -17.043731701 -0.791446085 0.225483304 0.471082296 0.317571794 0.943139958 -0.480451884 0.195218039 -1.132186119 0.643900277 0.305125912 0.206195299 -1.312426106 1.095887642 -0.356434117 -0.007980580 0.500732061 -1.512487541 0.915142823 -0.337455908 -1.347075910 0.529504131 0.914538504 1.793917762 -0.942904703
-18.092619846 -28.772966137 -10.737285256 -0.544445292 0.190656788 0.344874079 0.740466869 -1.252074684 0.162241639 -2.511841240 -1.912697550 0.033314989 0.588334856 1.258078332 -0.237755739 0.342032324 -0.370299110 -2.141981416 0.000929155 0.001800113 -0.118333954 0.095565133 0.215967496 -0.635670723 1.801632641 0.156534923 -0.286374577
-20.832490491 -23.854117128 -13.745563182 0.066689917 0.371534898 -0.141323735 -0.915173140 0.906412527 -1.647718437 -0.460275472 -0.068063224 0.192232495 -0.318650065 -1.565273843 0.960215760 -2.089002097 -0.065750519 -0.766075593 0.044875439 -0.300891682 0.522141572 -0.450661622 -2.267463817 -1.346498227 2.453118074 0.296468994 0.816377365
-15.033438000 -19.174614627 -11.972321400 -0.218159162 0.243732497 -0.047177015 0.943808974 -1.201704038 0.843765083 -0.033212626 0.193235008 -0.127276391 2.452078701 -0.352860998 -0.202929813 -0.969477177 -1.056514062 0.166969588 -0.338385162 -0.822393245 0.697610841 -0.521708106 2.025320176 0.464743135 0.259655250 0.143087643 0.670858117
-11.795953972 -27.042981873 -18.212045174 0.587555352 -0.152328191 -0.766666339 0.209278655 0.251615455 0.241172401 1.373682605 0.963856557 0.461141255 0.247646711 -0.506460716 -0.278427234 0.274143478 1.024236637 -0.352594561 -0.228850441 0.991668326 -0.301045467 -2.095945567 1.444878051 -0.314530781 -0.360998819 -2.680783329 -0.306674268
-15.209835576 -19.223295051 -6.587139415 0.100125746 -0.305005244 0.925000572 -0.203274636 -2.589545378 0.585958723 -0.310880454 1.224934003 0.083398246 -0.190714890 1.500035829 0.900926525 -1.035591045 0.022065872 -2.196123118 -1.790208953 -0.876913043 -0.607767985 -1.652447206 0.647780383 0.096209251 1.257716121 -0.420846350 -1.112006894
-22.725127298 -13.900908996 -16.848157796 0.479158458 -0.716104986 0.437808184 -0.256758284 -0.033591044 -2.059744790 -0.925633609 0.683381547 -1.359858583 -0.076386779 -0.712703151 0.617770401 0.978252405 -0.223994971 -2.014749096 -0.030921562 -0.268289625 -0.997268078 1.270411713 -0.387841481 -1.521728720 1.438544434 1.544794968 -0.267600884
-20.282471411 -16.794575837 -9.322319975 0.247760071 0.679841552 -0.569483362 -0.390024501 -1.321079440 0.102238337 1.274194220 -0.731760353 -1.460366036 1.104039686 0.312574549 1.026461758 -1.720320371 -0.451847953 0.766803012 -0.927940754 0.639600878 0.373954135 1.271499301 0.757227244 0.007715722 1.317090270 0.989169628 1.265235877
-21.325407692 -28.095340161 -12.110141026 0.788409314 0.502958249 0.184176975 0.302527015 1.404008421 -0.857109362 -0.617325811 -0.740720963 -0.051426165 0.644629702 -0.263632945 0.841225999 1.866980014 -0.129705946 -0.203543988 0.066143412 -3.007587266 1.571255284 -0.227396885 -0.759775392 -0.060889746 0.458338599 -0.112270967 -0.435230807
-17.998995891 -29.291331133 -22.370611970 0.083815812 0.880886058 0.394528562 0.247713293 -0.501849864 -0.445172502 -0.204818995 0.732800180 0.695805064 -0.755427597 0.389448982 -0.334301495 0.284555204 0.386604478 -0.942444537 0.627151617 -0.446816408 0.422301588 0.038189731 0.008978252 -1.377611778 1.241471299 0.174000556 0.093194573
-15.219750519 -15.808980587 -21.200413127 -0.210068349 0.371738271 -0.900985465 0.076857917 -1.178226297 -1.459675359 -0.418262293 0.607085764 -0.274396805 -0.888556801 0.868076555 -1.051831336 -1.766334834 -1.644245384 0.106370849 0.880119839 -0.419085016 0.085943736 0.534812727 0.726172843 -2.201641942 -0.710337667 0.091432646 -0.099075058
-26.518357970 -19.178460201 -18.859464657 -0.371599400 0.463295448 0.796632744 0.112461035 0.469868771 -0.453780198 0.104201963 0.988640055 -0.550517231 -1.141491354 1.538997469 0.570793778 0.081478357 -0.898042310 0.911349393 0.553239861 1.056130542 -0.253699124 0.811522787 0.888289391 0.112477518 -0.152769049 -1.378211231 -1.957050457
-21.943094244 -25.821560471 -14.579347619 -0.459138880 0.700545004 -0.530552323 0.130163048 0.820855864 -1.385267642 0.308699976 -0.042524112 0.989355187 0.597499133 0.415416768 1.267461108 0.133163512 -0.937478071 0.665427610 -1.221355167 0.231211058 -2.537525395 -0.898197393 1.237553944 1.440087427 -0.735362592 -1.483169220 0.326865712
-11.803420075 -16.622555715 -17.888722702 0.012523317 -0.116198403 -0.958742913 0.259139200 0.890380450 1.243190067 0.530385145 -1.123598561 0.768996467 -2.806193104 -0.611435225 1.069122021 -0.998348696 0.603384609 0.758691699 -1.271551468 -1.051897997 -1.445842487 -0.188574978 0.455787977 -0.720606170 -0.156171644 1.148953334 -2.079506527
-14.011921072 -25.861402709 -7.625010741 -0.471331358 -0.626022953 0.369357887 -0.499516530 0.990565339 -0.909296890 1.179150446 1.868463725 -0.416793527 0.779242481 0.475116780 -0.199207309 2.013693501 0.605252016 0.808627889 -0.318072198 -1.072106459 -0.040401392 -0.905287674 -0.914670556 0.620603817 0.953868891 -0.051977394 -0.320371612
-13.879766358 -31.481654166 -14.319549935 -0.493434619 -0.685281487 0.133291483 -0.518791809 -0.518704231 -1.144471827 0.453085261 0.048112885 -0.199423650 -0.914339055 0.951318733 0.305074514 -1.254450881 1.352425467 -0.410630817 2.224159410 0.145694938 0.633028562 -0.047957498 -0.467018899 -1.254798245 -1.431453317 0.472809652 1.990665840
-13.533369182 -21.832308606 -17.584954625 0.285339210 0.613448425 -0.480415084 -0.558089520 0.771108093 -0.512919315 1.212994481 -1.722123675 0.451372004 1.125623725 -0.178176028 0.651794755 0.311200476 -0.227231504 0.609356916 1.220356838 0.280073592 -0.165907511 -0.999554814 -0.574532495 -0.250705565 0.416126635 0.461286943 1.056922399
-22.081920547 -14.834755393 -19.024822511 -0.312950418 -0.255929588 0.582701376 0.704997297 0.297282555 -2.009760484 -0.651241899 1.348371914 2.509836631 1.887878252 -1.338350340 -1.177033712 -1.545829230 -2.212257115 0.036463704 0.457448939 -0.067721541 -0.519072319 0.364205747 -0.661724753 -1.805255165 1.537226693 -0.082485311 0.704352568
-13.859181394 -22.596033666 -22.729168641 -0.712945076 -0.640160202 0.198205610 -0.206443141 0.529841971 0.122480120 -0.202065674 -0.255960217 0.413986514 -0.275999589 0.510514958 0.307947403 0.972874568 0.048241755 0.622341430 1.510506495 0.293062943 -1.262165890 -0.575057837 0.215306884 -1.292496146 -0.615777248 -0.466079083 1.089229054
-11.964624022 -18.534840116 -11.479043460 0.338120490 -0.234479718 0.911213917 -0.019570223 1.101266674 -0.100916111 -0.472090464 -1.694818203 0.144523038 -0.238499242 -0.264775516 2.085637601 0.806693243 1.119545757 0.707660104 1.251117542 0.794969023 1.471137574 -0.905842490 0.909560867 -0.988805802 0.526783477 0.145005086 0.569457205
-12.363362977 -19.199150523 -10.398677436 0.050325212 0.224518391 -0.473632035 -0.850136201 -0.955290830 1.636241485 1.550437263 -0.568872718 0.246000041 2.126824157 0.379906712 -0.847904051 -0.430128265 -0.291964099 0.896472920 0.007741608 1.252621097 -0.133341427 0.479031506 -1.441891094 0.689301259 0.254153784 0.631347234 2.306591230
-15.671388981 -26.314611327 -14.693376050 -0.049229014 0.752929915 -0.286628140 0.590353587 -0.773233957 0.019587603 -0.091825273 1.883651335 0.044846113 -0.826901728 -0.647590287 1.509766268 -1.418048005 -1.859653772 1.901452905 0.541019655 -0.698870703 -1.613169946 -1.690059927 -0.685477130 0.650499983 0.004885347 0.854027879 -0.010672741
-23.116135539 -25.792617066 -15.910472777 0.468475284 0.869727152 -0.140216665 -0.066669905 -0.641010635 -1.223222974 0.000626445 -0.070380726 1.107285658 0.194573207 -2.183702855 0.131257894 -0.219568378 0.577345067 -0.367834982 0.054920480 -0.297096090 -1.000505047 0.119786645 0.572452994 -1.066187237 1.157043844 -0.210165595 0.061571736
-20.272703285 -28.059754952 -9.029444075 -0.557539031 0.342263307 -0.082848657 0.751759375 0.435033018 -0.146799832 0.948495891 -0.711217913 -0.061175014 2.098196760 -0.883712226 0.990044743 0.106662146 0.924468858 -0.223504830 0.415276106 1.620832509 -0.592518709 -1.060898714 -1.384187322 0.650962478 -0.439314493 -1.002156679 1.357981883
-16.154882758 -30.133292693 -16.322014675 0.390297068 -0.726800699 0.295894327 0.481534516 -0.342847658 -2.266317352 -1.190485893 1.947752114 -0.438360542 0.440467927 -1.768311438 -0.715464180 0.120239541 0.913905163 2.570236201 -0.253602193 -2.633378605 -1.099474538 2.606760664 1.249245813 0.178809770 0.786006182 -0.619127377 -0.370876591
-21.469912701 -30.194082160 -15.272541126 -0.152331805 0.671143642 0.564715919 -0.455474657 0.092721812 -1.396377139 0.665126497 -0.376601173 0.597131442 1.050783451 -0.897180721 -0.751618462 2.666910430 -0.484999571 -0.230967212 1.581678771 1.748928425 -2.098674543 -0.838454543 1.079000036 0.218403291 1.135843822 -2.502865844 1.217406490
-12.172542196 -16.328916294 -10.833751782 -0.396672943 0.373671342 -0.798320787 -0.256328357 -0.976384289 -0.892681058 0.259234833 0.181114685 0.073115163 -0.349232912 1.305199860 0.605583911 -0.576504947 -0.248881709 0.832648118 0.191871660 -0.266856178 -0.081379045 0.811182003 -0.494054533 0.901195090 -0.103637960 -0.322372910 0.839155885
-18.446522151 -18.460614791 -18.750876960 0.867247240 -0.368266477 -0.283534614 0.178522125 -0.795384264 0.425326033 1.150411412 -0.788704119 0.513770196 1.192897190 -0.046978565 1.200583895 -1.728412988 0.422365513 -0.088433224 -0.119459793 -0.741732630 -0.798330967 0.843239563 -1.956988489 0.687077191 -0.194805506 -0.015947195 1.309454224
-11.641269053 -26.158444605 -9.983251446 -0.191700873 -0.508505325 0.617686503 -0.568450960 -0.353168976 -0.664353649 -1.003922393 -2.684688456 -1.542771269 -1.767970086 0.075754871 -0.689461984 0.596067975 0.183632709 -0.338511129 -0.690074088 -0.324650771 -0.472874413 -0.596389526 0.573545057 0.188694288 -0.596938336 0.660332092 -1.641563338
-23.255480838 -15.801934063 -11.510574524 -0.760243433 -0.519920470 0.388657168 -0.025656050 1.595962964 -0.668523572 -1.810707965 0.728992829 -0.073731396 -0.801196408 1.371626246 -0.437876503 0.696597858 -0.088106489 -0.268876360 -0.323346661 0.657886423 -0.049106834 -1.073862242 1.121259870 0.230018319 0.127915184 0.517266927 -0.688291744
-24.983572126 -22.429643420 -12.128689563 -0.886358894 -0.346549761 -0.137012342 0.274770435 0.429803068 -0.313754834 1.684905050 0.124446094 -0.150985285 0.745402683 -1.995837555 0.546403143 1.086860830 -0.146970456 0.219090490 1.993206444 0.379113827 0.364013542 -0.810227546 -1.305807862 -0.042440149 -0.931745521 -0.211987223 0.962923252
-14.282910424 -26.879801709 -12.250035182 0.402360122 -0.511521404 -0.416044850 0.635105399 -0.597227153 -1.836302278 0.293894829 1.227186690 0.063089345 0.519241071 -0.371255639 1.469593481 0.100572393 1.218370196 -1.060356609 0.332824094 -0.177542801 0.697200054 1.035076655 1.239157668 0.359885281 -1.698036462 -1.923528801 0.812131119
-10.099117998 -21.063859274 -18.441748380 0.677438340 0.313209976 -0.663497230 -0.052423585 1.596481794 -0.321473220 0.590044722 0.933191621 0.143560481 1.338131860 -0.762589487 -0.751969640 -0.610281567 -0.296518158 -1.855654179 -1.133058897 -1.726780778 -0.977076453 0.782094955 0.082216204 0.316417709 -1.472793619 -0.453138239 -1.247815622
-16.659317234 -27.742026460 -8.529961978 -0.518642973 -0.548578251 -0.590095055 0.286110461 -2.035498121 0.621596896 0.297461284 -0.755969388 -0.916872573 0.377454756 -0.045239072 1.311521258 -0.692704140 -0.991356751 0.029796420 -0.902568031 -0.929615601 -1.415308422 -0.528421966 0.878428106 -1.630940766 -1.284669241 0.368677669 -0.990197201
-20.473511608 -17.456123819 -15.760473284 -0.087560218 0.930190669 0.174841434 -0.310658977 0.247041474 0.591077670 -1.060746790 2.105875088 -0.453109582 -0.717012447 -0.821872783 -1.197752091 -0.475935858 0.560329355 0.581700295 0.409769073 -1.591657474 -0.022795706 0.574681789 -1.346045840 -0.366331738 1.025786587 0.411696509 0.388865271
-16.748285552 -13.904834351 -12.782035418 0.132608045 -0.763981848 0.072292525 0.627312229 -0.101104679 2.275982525 0.391164971 -0.144501118 0.555773247 -0.442240128 -1.094990364 0.801281564 -0.149130350 1.998095862 0.243462164 -1.103815803 -0.667966619 -0.850969603 0.293376986 0.304061400 0.789657446 -0.041452513 0.696671828 -0.134820878
-20.994734274 -22.891166018 -9.469032430 -0.777371214 0.203320145 0.523073160 -0.284164359 -1.010728447 -1.158140488 -1.021126988 -1.616263502 1.110078971 0.221446877 -0.240812749 -1.703485946 -0.101871926 -0.898502351 -1.243460580 0.015480922 0.344402747 1.413387844 -0.971006513 -1.521134917 1.251527507 -0.154934879 -0.159258572 -0.759191245
-25.350412089 -20.710814450 -21.854822959 0.002495383 0.146582868 0.826534625 -0.543459060 -0.107212075 -0.119247160 1.277952871 0.889190717 -0.068646866 0.860202174 0.156461388 0.216013956 0.558874915 -0.085878811 0.412237861 0.959350209 -0.128068309 1.389693362 -0.165310531 -0.345893111 1.627305794 0.124823146 0.275886017 -0.741566640
-14.013077361 -26.896666991 -22.478825687 -0.032442830 0.910756513 0.065788696 -0.406376530 0.545932240 0.044413245 0.178167824 -1.498916520 0.948536711 1.084084608 0.157956935 0.289771620 1.095236450 -1.345073990 1.113611573 -1.158658429 -0.628540857 0.074302436 0.545856431 -1.168688021 0.839297692 0.979882503 1.348715203 0.675727335
-16.805178615 -26.705105721 -21.449440641 0.687640720 -0.467670505 -0.555332777 -0.006328114 -0.519957832 1.709828389 1.198304114 -2.296947748 0.161477649 -0.821687403 1.103200427 -0.714757532 1.553513341 -0.425461799 0.044519935 -0.269696240 0.057327240 1.445849651 0.857390222 0.392743675 1.341163323 0.238464211 1.066866540 -0.078291192
-10.003986789 -26.222809903 -17.279385628 0.487082423 0.506347284 0.620534755 -0.348281149 -1.691079912 2.160712759 0.449846569 -1.124341162 -0.919338656 0.031303755 -0.607725056 0.389044924 1.773590063 0.627103433 0.419289626 0.523505176 -1.547385509 0.081993307 -1.900582436 0.166429815 -0.289368487 0.092049235 -0.854818691 0.860924576
-15.877908259 -30.186968413 -15.319650878 0.819834544 0.453182115 -0.275701988 -0.215605439 -1.296986830 0.941281807 1.679784902 0.384348123 -0.445406205 -0.810029338 1.392705290 -2.317162770 -1.100555621 0.042980914 2.034307352 0.434703997 -0.531521638 1.267987664 -0.430427253 0.332192077 -0.769136803 0.100566413 0.335865833 0.764335142
-17.488719683 -16.304369086 -22.259247492 0.665215305 0.339790984 0.634086983 0.199910935 1.780261576 -1.633705235 -1.746957115 1.790002648 0.127389009 1.517139287 0.387485836 0.206361881 -1.499449200 0.267634732 0.869254724 -0.254625729 -0.052538861 -1.361922336 -0.244327928 -0.181036975 2.279313173 -0.498927029 0.368020365 0.199260558
-19.165525748 -20.024277006 -11.638806574 -0.577638859 0.754248589 -0.266731931 -0.162161931 2.040320167 1.292748634 0.001000855 -0.249537019 0.869581594 0.344676205 0.154053030 -0.276224732 0.880420218 -0.307750672 1.543990475 1.795782328 -0.251598129 0.827667022 0.647361241 -0.098778885 0.212644008 0.742512799 0.383673427 1.087587847
-14.347800661 -16.227063271 -11.667328183 -0.812882813 -0.443711019 0.126772575 -0.355345998 -0.678941975 2.071769057 -0.189464709 -0.575002790 -1.583526574 -0.981385403 -0.291747621 0.243417758 -1.229782724 0.672268430 -0.959592065 -0.201331609 0.004375089 -0.985415396 0.073550087 -0.804545751 -0.666905602 0.497915665 -0.500646171 -0.054555737
-9.383888879 -27.123844921 -13.464984138 -0.962689119 -0.111332732 -0.239814768 -0.057650327 0.839954398 1.338700509 -1.872749791 -0.006063103 -0.455307111 -2.275766286 0.414362977 0.065710149 0.987093524 0.849765956 0.055434823 -0.657405056 -0.259245499 -0.016873055 -0.923281501 0.123169061 -0.330347547 1.299833303 1.589450783 -1.169221699
-21.417439507 -26.875100498 -10.592812870 -0.207630735 0.154241541 -0.947223818 -0.189383379 0.459548381 -0.188830936 0.034754028 -0.027367135 -1.066239494 0.891303122 -0.355415124 -1.415885030 -0.412272172 -0.215567208 0.569307685 0.854884965 1.625613048 -2.007970252 0.363059799 1.483761944 1.504892927 1.538708932 -0.310839179 -0.484365653
-12.805751389 -24.704626743 -12.044271807 -0.963516256 -0.016776459 -0.013697652 0.266772092 -1.966904012 0.911785198 0.346692828 1.942463552 -0.496743081 -2.006460755 1.036734378 0.836314436 -0.130362464 -0.205033405 -0.719130107 1.310625594 -0.384444024 -0.862467327 -0.445148878 -0.084493207 0.455032427 -1.284953218 1.734349561 -1.241375951
-23.278843438 -24.883678448 -15.405390287 -0.579890715 -0.714740415 0.190630540 -0.341369147 -2.089444221 1.678504235 0.501706427 0.247781444 0.738974317 0.471341383 -1.513501779 -0.053005645 0.002642417 0.442464193 -0.421480661 1.157671242 -0.624700985 -0.559931387 -1.162947736 0.369999845 0.401573832 0.157007783 -0.131344376 -1.084441650
-22.925764198 -21.486128742 -19.266701964 -0.880908742 -0.075186415 0.317126053 0.343187787 -0.321382268 0.107186426 -1.395046682 -0.710029658 0.580388937 -0.518924381 -0.523790977 -0.434131157 -0.689444339 -0.384215299 -0.078926884 2.501755634 0.074791224 1.345221512 0.834338190 -0.453830922 -1.893739005 -0.879369449 0.448398464 -0.308411871
-19.203997867 -20.207692598 -17.485065917 -0.700478203 0.483804635 0.212111431 0.479866756 0.545521847 0.844992121 -0.940881522 0.760540760 -0.025140337 -0.404340412 -0.960222143 0.480755410 -0.967867572 -1.636143056 0.570307747 2.852901239 -1.015439066 1.061225359 2.037076871 -0.585560647 -1.062820837 1.223094311 0.046312702 -0.824650722
-19.013511860 -16.030891782 -10.014790407 -0.441028813 -0.092973826 0.094454485 -0.887652975 -0.528687804 0.197613371 -0.143955588 0.107548688 0.715852847 0.188196229 0.375041523 0.380067460 0.749417391 -0.971044663 0.524555925 0.149780750 -0.071554141 -0.776721776 -0.500843130 -0.018496058 -1.066595415 -0.848883789 0.808611242 -0.904463700
-23.854263321 -25.714436005 -21.667001332 -0.718199069 -0.204190514 0.663932632 -0.041107082 -0.513457661 0.536098561 0.025444802 -0.299586990 0.269232382 0.050009852 -2.106536597 -1.737198563 -0.054408526 0.730626492 1.276615912 -0.004609885 -0.024196186 0.734242935 1.183895484 3.027771738 -0.190963317 -0.678177492 0.527220944 0.092833349
-17.872822682 -30.731418684 -9.728527805 -0.691107688 -0.694442993 0.131050746 -0.151475397 -0.186099252 1.422345345 -1.332877647 -0.334414525 0.210703909 1.124155941 0.462262704 -0.660642555 0.948781505 0.674435417 1.572229777 1.294982243 1.688317891 -0.717399302 -0.022949154 0.143984381 1.319592901 -1.438015434 -0.024454879 1.319993299
-16.465653102 -21.884502123 -16.248584070 -0.583776343 0.433758187 0.086900020 -0.680813780 1.530976435 0.325014960 -0.256893955 -0.669863720 0.779345816 1.372589630 0.404771830 0.031261834 -0.668896931 -0.371519524 -0.384892807 0.852065234 0.655364373 -0.059722618 -1.101360803 0.045596391 0.289433937 -0.268438536 -0.903369013 -0.358704057
-17.219473641 -23.125764059 -10.622323322 -0.125905539 -0.045711480 0.276703435 -0.951574204 -0.519841943 -0.610577474 -0.932948693 -0.473999170 0.459061137 0.602865180 0.095505556 1.092891019 0.675647383 -0.350036957 -0.371447889 0.140799736 -0.379840999 0.068522642 0.701902981 1.077006025 1.235010978 0.629447626 -0.693589506 1.525973873
-13.726350322 -21.241766713 -16.619177770 -0.409521198 0.439918730 -0.297311186 0.741869232 -1.176672999 -0.639630033 -1.601836896 -0.259795036 -0.504055555 0.219963740 -0.044731140 1.393078866 -0.373506325 1.717804397 1.295725757 0.528060392 -0.778518687 1.423190147 -1.774516839 1.208217078 0.744995156 -0.011705230 2.547977533 0.434119520
-22.061348984 -23.213528321 -15.696517655 0.244885232 -0.429165686 0.846127665 0.199789919 0.113925205 0.393386946 -1.009335580 0.504338637 1.173670590 0.302044169 0.255696027 -0.232822844 -0.842345384 1.169140470 0.844130040 -0.009746258 1.156359651 -0.682747442 0.863826913 1.719829705 0.709055290 -0.074766855 0.003422715 0.568788103
-16.033667415 -22.482576741 -12.526770127 0.582758301 0.384897704 -0.687679534 0.198351654 0.026997002 -1.971466883 0.712633288 -1.737090508 -1.663809894 1.396785004 2.457658424 -1.431253143 0.697733136 0.756437341 -0.436786727 -0.657147719 0.033122786 0.182830757 2.366511634 0.854187557 -0.469063652 0.275609778 -0.100698909 -0.974768895
-17.372777062 -28.796299160 -14.766524013 0.365655445 0.232595451 0.856144518 -0.281446292 -0.183925424 -1.291430047 -1.352439024 0.192283798 -0.921505931 1.391783784 0.606721075 1.818201268 0.230526619 -0.023504426 0.095921422 0.017549552 -0.250919237 1.381875909 -0.323067008 -0.311934830 0.636643925 1.661546052 -0.520544004 -0.325738013
-26.266406952 -20.646619262 -10.464555394 -0.172244235 0.027817874 -0.666690896 -0.724624964 0.409113061 -0.158482824 0.238893071 -0.694874680 1.357255308 1.293013152 -2.034028107 -0.548988745 0.082800663 0.124855669 0.510925311 -0.278625007 0.682062928 1.543753321 0.845381857 -0.245547275 0.634480496 -0.718624761 -0.174010351 -1.174339578
-23.810382160 -19.489218225 -21.142512089 0.215337426 -0.227492471 0.782439279 0.538206041 -1.169260555 -0.483154993 -0.079483125 1.599616807 -0.852038679 0.130017443 0.620981235 -0.939385995 0.318491382 -0.263581879 1.655029872 0.098582651 -0.459525935 -0.053179842 -0.581056680 -1.115671699 -1.008766770 0.212599264 2.206414364 -0.902578077
-13.102860600 -25.066370634 -13.712981907 0.480010294 -0.167218847 -0.466263440 -0.724034791 0.312310828 -0.202069265 -0.556477316 -0.044210918 -1.053928184 0.466611837 -0.100739351 1.121601645 -0.352971313 -1.053930447 -1.636423027 -0.267948474 1.988295794 3.147089195 -0.017168451 1.764132439 0.770454145 -0.201256130 -0.644314351 1.706498021
-8.809315804 -21.275650070 -12.529013219 0.452110215 0.544978270 -0.261692134 -0.655829448 -1.221911854 -1.442691175 -2.476116475 0.763538829 1.131775836 1.092386906 -0.131165321 -0.942020218 -1.782698156 1.018897168 1.892767849 -0.566179266 -0.571843802 -0.575204382 -0.679204446 2.521980586 0.561141590 0.813468706 -0.446348503 -0.342879561
-11.465059777 -20.462976913 -16.186736026 0.733831509 0.363949926 0.498854043 -0.283154396 -1.444962421 0.418852020 -1.362239000 -0.823035843 0.366289480 -0.402382353 0.399559310 -0.566991128 0.937604944 -1.867140981 1.392306174 -0.521627604 -0.348801500 0.252322859 2.811934626 -1.229999837 0.249465981 -0.005427279 -1.805124944 1.891286878
-14.540646617 -22.108784443 -10.868096106 0.699081373 0.203364572 0.338385950 -0.596173660 0.028307307 -1.459140533 -1.250911292 -0.996453274 0.682087572 -0.152039835 2.552218221 -0.697133520 -0.087878804 0.474837953 0.583732085 0.614577699 0.298354463 0.700762917 0.055857148 -0.370793375 -0.961043868 -0.821770039 0.803726672 1.343577080
-19.329696080 -29.150573942 -9.860841317 0.115031619 -0.623284868 -0.684481606 0.360234133 1.334150240 0.136618736 -1.121276928 0.350003553 1.148177997 0.390044779 -0.771283332 0.470526696 -2.577776369 0.101425329 1.594731550 -0.389638341 1.887818134 0.326160685 -0.861381056 0.677800518 0.480404599 0.549659593 1.148958414 0.817325126
-26.408954237 -18.164202497 -13.993551566 0.121729972 0.065557197 -0.436659156 -0.888939170 -0.191711450 0.533811845 -0.473138531 1.729436493 0.356961752 -0.094661010 -0.595040667 -1.005983501 0.377123928 0.888460314 1.086704571 0.057934946 0.440963726 0.958731273 -0.345334565 1.356146257 0.414626543 -0.955565681 0.919747595 -0.065976933
-23.370054716 -26.734366433 -21.926480810 0.402156262 0.132160221 -0.241238440 0.873274317 -0.326585968 0.870523463 0.206745707 -0.681795313 -0.830581632 1.316544359 -0.361799402 0.132406944 -1.239451673 0.635530017 -0.420337160 0.954958701 1.340268275 1.462938967 -1.606280985 -0.772762628 1.144356773 -0.710908656 0.007931797 0.012857009
-15.346891019 -13.460662055 -16.542639398 0.170687559 -0.526421643 0.563003170 0.613818737 -0.490265089 2.301199570 -1.231847331 0.585059114 -0.194106154 2.605158006 0.754704301 -2.339261031 -0.299534178 -1.795864298 0.098883851 0.447929862 0.505168440 0.275508489 -1.704200139 0.464168302 -0.211444865 2.325691545 0.900792098 -0.378305127
-23.549997672 -22.412861951 -15.026361953 -0.550561679 -0.467192498 0.275626481 0.634541606 -0.721006256 1.857023471 -0.509474876 -0.236587385 0.177190099 -0.026293669 0.011341713 1.282706012 0.698891773 0.012677174 -0.521769748 -0.226064233 -0.362321265 1.252186792 -1.126461811 0.224662137 -0.936970900 -1.511122432 -0.038725118 -1.581176860
-15.065354209 -17.249137315 -17.387269107 0.713882287 0.660722117 0.191775534 0.130539298 -2.459943784 0.477532628 0.254499873 -1.647012579 -0.046425468 1.963522457 1.075416405 -0.921185018 0.133498353 -1.271870548 -1.158182073 0.818264642 0.518861862 0.596898955 -0.592690790 -0.682897008 -1.430645035 -0.387183848 -0.348042554 0.674182962
-18.613891797 -27.346088867 -22.007163150 -0.073057908 0.322902055 -0.336137461 0.881707668 -0.820468932 0.437293454 -0.166771618 -1.526970605 -1.474270774 0.257775080 -0.572892957 1.552328199 1.616496347 -0.020444613 0.564117318 -0.547188237 -0.098812787 -0.507373851 0.251691379 -0.637046496 1.344823806 0.661675225 0.407594655 0.162462171
-23.303493233 -15.939249112 -13.831265256 0.252578245 0.110914258 -0.750342461 -0.600739918 0.342949624 0.159831011 -0.717556195 0.913092356 -1.356054902 1.407814392 0.593387240 -2.099697911 0.147959129 -0.617388586 0.492181271 1.508792214 -0.304602333 -0.905576633 1.503266348 2.064356285 -1.907389731 -0.651522897 -0.021687834 -1.020139227
-15.203557604 -22.078420906 -22.258872073 -0.494200376 -0.674331959 -0.382091151 -0.393762301 -1.033454709 0.625076481 0.763647114 0.150052020 -2.575386811 0.291546439 0.175371652 -0.098092146 0.810620627 -2.021182950 -0.170321071 1.448062358 -0.052180663 0.644957395 1.939708488 0.041224578 -0.286623455 0.351312821 0.150281225 -1.903327832
-21.404957216 -19.937762360 -23.257570138 0.086199736 -0.546974055 0.320539185 0.768533421 -1.993773450 -0.874111937 -0.001466099 -0.720479082 -0.062772362 -0.995724255 0.187371474 -0.282196734 -0.635470872 -1.425699967 1.330340987 -0.358385510 1.018637769 0.116574132 0.901299158 0.324440648 0.291917177 1.207601196 0.014837180 -0.202119331
-19.146911595 -29.897166080 -15.015538300 -0.693206640 -0.195543159 -0.213504782 -0.660032678 1.148887307 1.655870716 -0.065517247 -0.417790677 0.378357457 0.266089834 -0.132542129 1.954220139 -0.658895363 -0.141941821 -1.258473345 0.225971531 1.330529514 -0.329672365 0.357508385 -1.709110260 1.200435596 -0.576299572 -0.377996109 -0.044525741
-24.191409524 -20.532338018 -21.328465051 -0.341968030 0.647576607 -0.638414701 -0.236915752 0.621514778 0.312341779 0.865125250 -0.681509675 -1.342491147 -0.367486017 -0.223455807 0.565227162 0.030184777 0.037923318 -0.801849789 -0.235468190 1.469541411 0.802532106 1.619972207 -1.396148487 -0.174387641 -0.720032916 -0.290549900 1.495429510
-11.644869205 -25.661938650 -15.369132144 -0.669240846 0.200925724 0.082631466 0.710575530 1.412991686 0.889680199 0.531308938 -0.530195172 0.192545045 -0.576326180 0.448919877 0.121821730 0.237917016 -0.935943772 0.680071075 1.394067577 1.424310248 0.734621438 -0.688515509 0.844447998 -1.677410091 1.892639200 0.418270719 -0.384742076
-16.999828390 -23.534795186 -20.593972973 -0.423931664 -0.539576630 0.704014881 -0.183035656 1.254688019 0.363087418 0.126214965 0.968991771 0.870963813 0.198642161 2.314516500 0.391856171 -0.046628338 -0.354057703 0.624298529 1.385780042 0.204121266 -0.192177930 1.752766609 0.905278092 -0.534635554 -1.057253035 0.517329390 -0.136940910
-15.166128083 -29.468871348 -18.311528377 -0.240678293 -0.194022409 0.807911995 -0.501704567 0.554644217 1.267619358 0.170452624 0.717050433 1.035271690 -0.306055880 -0.492069428 1.312586544 1.211790314 1.855033617 -1.448776835 0.688302694 0.324816258 0.714466070 0.452421590 -0.675086239 1.410781596 -0.982466683 0.588196952 -0.244413792
-20.741447887 -19.270013067 -18.292387569 -0.271609689 0.589158831 0.676953137 0.347641338 -0.152802951 -0.389545970 0.643914026 1.355470184 -0.672359604 -1.630581100 -1.760627567 -0.677815533 1.001926269 -0.860720459 -0.416634402 0.327320161 -0.084652615 0.761309985 -1.314836842 -0.258947891 -0.989575969 1.123273394 -0.936280901 -1.997968284
-22.719900557 -20.638296606 -22.235499543 -0.115775324 0.596011374 0.778333640 0.159885152 -0.419060347 -0.449977582 0.487944016 0.293516183 0.424641172 0.705859107 -0.731542359 -0.118129738 -0.349770343 -0.645924336 -0.827057662 1.073343522 -0.315543899 -1.156250019 0.765940499 0.903455790 0.962662598 -1.611104442 1.148809296 -1.024172087
-19.292683237 -20.490183891 -24.965428935 0.458200819 0.040549288 0.310371554 -0.831911812 0.127285144 1.124365544 0.033663043 0.247143173 -0.099193946 1.626061191 0.539872682 1.023872967 0.761574536 2.448480625 -0.859053637 2.376785260 -0.861180456 0.863092534 0.302627227 -1.636171562 0.710431051 0.148530196 0.317536169 -0.769211592
-17.762995870 -15.245141516 -17.625482394 0.029572018 -0.729924007 -0.528524916 0.432432483 -0.698588112 -0.923642110 1.866334412 -1.402482660 0.269783375 -0.904338093 -1.544133526 0.231339842 -0.203989890 -0.157365475 0.469965868 -0.411205834 1.102739888 -0.175038408 0.165272167 -0.141936894 0.302091316 -1.106318235 0.721381875 0.561647742
-12.456588504 -25.562054134 -21.815422255 0.004005853 0.643350662 0.055416501 -0.763552808 0.804926984 0.853197985 0.006739855 0.018582731 0.615796617 0.194080161 1.640382700 -0.781185072 -1.339079207 -1.792319005 0.206395820 -0.529574165 0.229179212 -1.171923516 -0.324793768 0.644688362 0.103430597 -0.046645151 -0.358373533 -0.964663693
-24.302509334 -18.509690004 -9.598348513 -0.593349356 0.511895847 0.101442883 -0.612869093 0.412296994 0.272482714 0.115927079 -0.677643377 1.545143706 1.637151551 -0.425381072 -0.227119654 -1.334644628 -0.472338503 -0.756698415 -0.366027311 1.258865473 0.126890239 0.362574703 -0.715311388 -0.512310959 0.159502480 -0.568911834 2.817267378
-24.662942567 -18.136630268 -14.923660436 0.444270954 -0.568513637 0.402193123 0.563610021 -0.045264804 0.116762001 0.802273487 1.848868457 -0.703994340 -1.088490118 -1.104429838 0.190431611 -1.181163943 -1.002459856 -0.478870743 -0.208250630 -0.978235067 -0.809645519 -0.563204451 -0.651700114 -1.330328054 0.044308718 1.172429327 0.912679516
-13.520970518 -24.244360842 -18.880800236 0.281674805 0.773687153 0.301876140 -0.480560392 0.281095460 1.010140155 -0.998568663 0.076151600 -0.895045917 -1.473031271 -0.899638161 0.643360019 -0.446231686 2.062788413 -1.996600535 -0.328824516 1.257340501 -0.251213624 -0.091088772 -0.569055599 -0.227262512 -2.338255568 -0.441343938 1.161904004
-19.851252912 -26.390412002 -13.209351951 -0.333552892 0.458983123 0.493339279 0.659312761 0.265370081 -1.565521850 0.787287687 1.037684197 0.976286933 0.355128370 1.215692636 -0.245772746 0.407739098 -1.157887499 -0.728741113 -1.901156868 -0.643535488 -0.211142343 0.939011362 0.725515586 -0.246274929 -0.363922301 -0.896263554 -0.375115877
-23.244117975 -23.033079585 -13.290590809 0.747971921 0.372588979 -0.430655713 -0.340956177 0.492301978 0.070469373 0.084372232 1.251139874 0.073767158 -1.384197093 -1.041618446 -0.048336787 0.616153836 0.166469562 -0.097425233 -2.172957389 0.130617821 -0.513643142 -0.938748063 1.403451150 0.449551616 0.700607781 0.241499402 0.228015897
-18.978673214 -27.750884905 -17.617852521 -0.327146377 0.410572011 0.786741243 0.324721555 -1.723494122 0.266705348 1.836049267 1.674655626 -1.547562764 -0.909065520 -0.790640819 -2.199705708 -0.331838470 0.471819589 0.054061524 0.928536984 -0.302603134 -0.839522398 2.120742486 1.186202334 -0.498818741 0.360943646 0.241967087 0.550343209
-22.260339917 -18.705732006 -18.621198632 -0.168717194 -0.709196308 -0.279974799 0.624651276 1.146224511 -2.487723940 0.939856509 -0.708198307 0.388379961 0.455182234 1.678618023 0.855902288 0.209646059 -0.032760944 1.514163535 1.509842256 -1.708283900 -0.787280697 0.490793563 0.489561967 0.715091045 -0.487312444 -0.991953649 -0.244309795
-23.168294635 -20.539188417 -9.128897764 -0.085204515 -0.568385016 0.701049200 -0.422147703 0.634760015 -1.046444230 0.646500890 -0.542499172 1.125163686 0.920849497 1.757852369 1.793259238 0.247997384 -0.779078995 -0.011405392 0.728640854 1.624650481 -0.133754850 -0.552567956 0.045116463 -1.265274975 -0.376232909 1.474235618 0.241069139
-21.079569896 -26.069155513 -11.047348222 0.016405853 0.197576230 -0.770133874 -0.606290604 0.878088142 0.400613694 -2.808505228 1.334166831 0.055870646 -0.310966206 -0.779925952 -0.312058304 -0.326526740 -1.355914161 1.358530329 -0.795451596 -1.207817039 0.119030438 0.319393384 0.245740185 -0.723010038 0.497166468 2.242117998 1.731743080
-19.283753165 -22.380155422 -9.543172417 0.401862746 -0.864906494 -0.252519585 0.163330794 0.584765905 -0.016386541 -1.437704397 -0.352380628 0.623985474 0.252183550 -1.426998922 -0.914910869 0.336093295 -0.515852452 0.630548345 0.360790853 0.881567716 0.474970635 -0.558980027 0.403928504 0.315033764 -1.012320761 -0.618486920 2.042958205
-12.720397619 -29.917516569 -15.958574438 0.478384551 0.362083666 0.347773652 -0.720483953 -0.846326489 0.263985378 -1.151836031 0.618803086 0.213799948 -1.313327829 0.281942582 0.596323501 1.184713564 0.029623024 0.190755080 -1.392524571 -0.340782675 -1.121025617 -0.935450202 -1.113954163 -0.064598988 0.438036049 -0.302167101 -0.283023245
-20.221839439 -28.741621628 -10.147731241 0.152470080 -0.202966667 0.711899643 -0.654794857 -0.831163464 0.101006614 0.579084520 1.028993937 -0.009776181 0.001246628 1.631508064 0.879818576 -0.186098600 -1.246631665 -0.878583987 1.725287369 -0.987271397 0.607550108 0.294112071 0.189414853 -1.052880190 0.047581854 -0.505265670 -1.583449207
-12.436632550 -28.075338708 -14.153751169 -0.471595002 0.814508244 0.188630564 -0.280344405 -0.386154312 -0.850417490 -0.259283441 0.044466883 -0.499493509 -1.565373933 0.130090593 1.163493238 0.871508913 -1.210421006 2.113418076 -1.001764614 -3.242122301 0.682999837 0.085682655 1.758366381 -0.825350880 0.026182597 -0.074230645 0.733334653
-26.750383465 -21.902478019 -18.243979280 0.815370788 0.417931715 -0.364344989 0.166602189 0.421587863 1.123843002 -1.296913118 -0.509067691 -1.619958742 0.458210506 0.224431881 -0.207018991 -1.093808835 -0.454791268 -2.206691588 0.161049085 0.047641276 0.122042964 -1.345575892 -0.387270814 -0.246931890 0.580003844 -1.625483117 -1.658292669
-23.851384960 -15.445495910 -16.912558659 -0.462106092 0.068850347 -0.464346172 -0.752396319 0.016241006 -0.960335344 0.718105725 -0.186935115 0.912380352 1.160888716 0.945058083 -1.063941351 -0.521571111 0.275706093 1.072175190 -0.961354952 -1.559038445 0.465539154 1.085067521 0.749210514 0.183181685 -0.237267271 -0.828232196 0.452783174
-21.293051533 -18.432021754 -8.721066446 -0.505495232 0.085716312 -0.773841510 -0.371882511 1.234447205 -2.458760516 0.668239006 0.080840529 -1.932081562 -0.237396520 -0.991069026 -2.202275163 -1.125865437 0.364261798 -0.451987888 -0.513628203 -0.209385002 0.753914015 -1.051978493 -0.319107071 -0.162779037 -0.335403583 0.852736939 2.071870990
-26.113136149 -24.491221404 -10.160727135 0.302349452 -0.681499074 -0.666253049 -0.015833400 0.352230583 0.345818746 -0.398335502 1.625700140 -1.969425363 -0.032923399 0.873514206 -1.627683392 -1.454922345 -0.662942484 0.622780120 0.394405263 0.164156979 -1.465349324 1.726738537 -0.886418847 -0.193839249 2.025486411 0.118571091 -0.076667363
-24.881600821 -24.719185910 -10.112658604 -0.645851508 0.413389694 0.274799490 0.580060368 0.478394816 -0.693152112 0.268655830 1.357623458 0.029545588 -0.686250251 0.930972462 1.427319162 1.095816763 0.976421810 0.480689224 0.372972759 -0.793557319 -0.166932098 0.039494211 0.779727106 -0.529013197 0.066650941 -0.678590229 0.068849925
-19.579313999 -27.490131859 -10.344720839 -0.346801931 0.751003786 0.259972077 -0.498132767 0.835739340 1.865566540 -0.177459133 1.689298530 0.337426479 1.738439888 -0.577735393 1.200810412 0.370832817 0.538362267 0.249721986 -1.627281450 0.463622830 0.436054176 0.641119683 -0.147080587 -1.090703746 0.057680373 -0.712500242 0.007122853
-15.642817719 -15.357430413 -12.933308781 -0.382691756 -0.525914164 0.563387745 -0.509465956 1.547229765 -1.162917160 -1.007405889 -0.789520994 -0.651342104 0.317247960 0.650031032 0.243224347 -0.061739743 1.214909882 -0.738760291 -0.496075286 -0.355340861 -0.720167970 0.719817023 0.043431152 0.046787077 0.173665337 1.042492658 -0.127894962
-16.834059879 -23.700601107 -12.036933441 -0.826260359 -0.305961778 0.433456336 0.189200462 -1.433644945 1.305691045 -0.924121654 -0.823065171 0.284317560 0.673464765 -1.476260753 -0.953542522 -1.511455508 -0.130093268 0.353069596 -1.896234685 0.089181956 0.901446174 -0.575853738 -0.334448327 -0.477025434 -0.788946209 0.088432507 0.506699502
-14.192074660 -24.434654860 -15.645592656 0.748671849 0.103514085 -0.641153116 -0.133033750 -0.428731885 -0.267773117 0.099781541 -0.489979117 -0.643471354 1.300444555 0.025061238 -0.634450009 2.102269393 -0.385616461 1.077252157 0.240956798 1.279712243 0.335560540 0.301011245 -0.095328925 -2.177551371 -0.105795027 -0.999894028 0.498896939
-17.036029150 -18.297485616 -9.158485694 -0.185212280 -0.024550646 0.929108540 0.319141032 0.644270819 2.063775190 0.553890061 2.472458124 -1.690527010 0.246952190 -0.910956689 2.997418534 0.254813184 -1.705194265 0.225652964 -1.326892391 -0.532324383 -1.496214193 0.518521130 0.144322131 -1.017870339 -1.224791249 1.710258885 -1.652570998
-15.356416512 -25.244107805 -18.301299755 0.604596285 -0.564337259 -0.560652319 -0.040691124 0.212727280 1.845544927 -0.149135967 0.116181065 1.318826591 -0.894415810 -0.402085345 0.057538763 -0.103966370 -1.422648111 0.467229372 1.345556679 -2.074458694 1.932566389 -2.033749560 1.374802746 1.820097109 -0.011665720 -0.485443508 -0.299930517
-23.671666237 -21.961635344 -22.509644022 -0.473411014 0.780357678 -0.408548459 -0.003473224 0.406216325 1.618870783 0.747058380 -0.738461046 0.443999982 -0.141878626 -0.119590726 -0.952930555 0.849735721 2.163112222 -0.294639443 0.161800769 -1.445521652 2.158299508 1.174837417 0.512421435 0.909329532 -1.054347109 1.062934204 0.035762065
-16.561324276 -27.903213922 -16.243231874 0.712195415 0.699815868 -0.025168901 -0.049009876 1.010002755 -1.815836109 0.083753103 0.302226794 0.631224197 0.455770390 -1.457344646 0.647348616 -0.418149484 0.380674832 0.424799753 0.550847357 0.631126286 0.190442296 0.886439598 0.397952505 -2.635861419 0.247567621 -0.098476148 -0.590832824
-21.221893774 -16.635923027 -18.493724386 0.439174766 -0.690759083 -0.557294451 0.139284993 -2.755874385 0.728707623 1.425878672 -2.454697479 -1.431220706 -2.416588363 -1.992129666 0.353606343 -0.553805982 -1.362509079 -0.671004316 -0.213293780 0.489184515 0.550843633 -1.324550564 0.781736221 0.785197648 0.084262787 -0.379806395 -0.498786166
-10.502881882 -20.871900575 -14.531634833 0.552111637 0.780987843 -0.225123244 0.185876989 -0.304256058 0.326940419 0.712449136 0.741950910 1.446171323 -0.048503427 -0.202968831 1.497183008 -0.793567355 -0.005394903 -0.217079567 0.881702385 0.361376222 -0.007643566 -1.751735677 -0.019332193 -0.863205638 0.082280109 0.226589220 0.174668975
-16.377316364 -14.708080367 -14.207906292 0.614863125 -0.532495008 -0.280045005 0.509869785 0.177362232 -1.110226611 1.415761510 -1.916073231 -1.335665091 0.457684766 0.128862932 1.609754928 0.863111011 0.684078705 -1.507721887 0.814165151 -1.091056715 0.524652814 -1.191710182 -0.622082438 -1.448459629 0.452748522 0.286035084 -1.918226344
-17.828091613 -31.054350086 -11.292382398 0.383635534 -0.766752486 0.143817043 0.494197391 -1.240599558 0.804888741 1.497890679 -2.532039547 -1.824092872 0.249489472 -0.834718005 1.059684456 0.657406749 0.870954378 -0.915000327 0.774656050 -1.125922556 -1.596061616 1.966871484 -0.274963222 -2.057712003 -1.474033816 0.612829885 0.900229502
-25.814517663 -22.676929826 -19.830508082 -0.156470675 0.766989958 0.268876801 -0.561202814 -0.140375580 -0.066830963 -1.441067943 1.293007892 -1.468688251 -0.268964599 0.061914699 0.237098078 0.055403069 -0.550708766 -1.030818279 2.427457505 -1.107747061 1.693260589 -0.727398233 0.382232215 -0.205344685 -1.208533892 0.482825047 -0.295738727
-17.716039364 -16.423193062 -18.007831122 0.702237338 -0.200183492 0.348257235 0.587797744 -1.082371611 0.220268511 1.118344527 1.150711442 -0.026385789 -0.309439440 -0.043624725 -0.008278867 1.784210083 -0.165679654 -0.651894328 -0.681488011 -0.406921847 0.438651579 2.964170823 -0.799845494 -0.245213065 -1.277624696 0.868529568 -0.505978698
-22.129936344 -27.581979462 -10.462362219 -0.187233521 0.277067676 -0.704101998 -0.626432349 0.545294805 -0.311954689 0.739072880 -0.423661130 -0.733787617 -0.582166740 1.143664349 -0.342419419 0.006285115 -1.596086794 1.071393679 1.380270886 -0.189904069 0.469845064 0.626401773 -0.641782824 1.307368240 1.056666984 -1.015757967 0.895734885
-12.050548698 -18.227017235 -21.775769470 0.179022512 0.382124534 -0.746361584 -0.514661216 -2.726633170 -0.177534649 0.283176608 0.773610170 2.319758801 0.252937668 -0.666158467 -0.264597605 0.756850154 0.807866088 1.448534828 -0.101187501 0.904540019 0.061586333 0.767031754 -1.394057178 -0.686038377 -1.045089755 -1.019628817 -0.188279992
-13.170317265 -15.229447027 -18.598216143 0.486507247 0.623590999 -0.249201305 0.558877154 -0.100662777 -0.725019944 0.700115015 1.927485600 1.036606055 0.463117623 -0.571889230 -0.845521915 0.073564490 0.655403676 -1.358910715 0.528944748 -0.802769516 0.335364253 -0.549672571 -0.169562187 -0.407319280 0.045468331 0.358418755 0.854475930
-20.872499089 -14.712750710 -19.169361531 -0.029404086 -0.120455804 0.988528620 -0.086237845 -0.285091690 -0.486364442 -0.114818993 -1.038323714 -0.775439667 1.992599280 0.789761828 -0.325394393 0.224985003 -0.728612960 -1.419051936 1.154044489 -0.842518345 1.960821647 -0.954737535 0.096786733 -0.270496943 -1.690487645 0.185762035 -1.588638818
-24.372044243 -19.288559528 -11.830918889 -0.037001334 -0.337154519 0.773411838 0.535529513 -1.479247530 -1.061371926 1.436399586 -0.296834640 1.972886258 -0.512001336 1.614954864 1.411798428 -0.105098226 -2.365517015 0.011559521 1.709006177 0.714749901 0.638419154 -0.626856196 1.600859925 -1.161131055 -0.875348224 1.412757428 -1.116702564
-21.006519369 -17.303021534 -12.808362234 -0.983940629 0.015481260 -0.015914403 -0.177109855 -1.176684535 -0.672606368 0.353813056 -0.206644659 1.063136186 0.249135190 -1.522442480 0.862536622 -0.269975597 2.355186765 -0.170780221 1.244169427 0.915202488 0.621778366 -0.765675003 -1.940120615 -0.918905220 1.530313239 0.471553316 1.010659758
-13.067632601 -20.828837094 -12.228277243 -0.937280196 -0.037280086 0.346577444 -0.000323748 0.940236940 -1.166338464 -2.759141129 -0.605325707 -0.601667382 0.740425160 -2.197613564 -0.165129591 0.875594756 0.586950988 -0.088223319 -0.394855079 -0.113606982 0.312403748 -1.126719524 0.237008249 0.347144044 -0.438432233 -1.108918432 -1.223855926
-10.329831947 -28.037303567 -13.502966875 -0.368112372 0.443484859 -0.796185923 0.184126145 0.690269667 -0.202069926 1.011754229 1.919743755 -0.656335276 -0.313291860 0.463707907 -0.769332435 0.811196225 0.555340547 -0.861231250 -0.694723328 -1.226396939 -0.536736843 0.536756619 -0.299177182 0.188001094 -0.974772806 -2.972605350 0.866273113
-12.887846045 -19.373933347 -16.616562507 -0.795921978 -0.108408576 -0.588863046 0.089420910 0.838610239 0.907186233 0.919721054 -1.832387636 -0.269766078 -0.871758166 -2.546545887 -0.564280044 2.520524347 1.273648260 -0.575544787 -0.005663793 -0.043739972 -0.271535079 0.178097561 0.933028029 -0.835674383 -0.065184062 -0.184494764 -0.235616317
-11.477266634 -20.066713067 -12.643347805 -0.418355398 -0.502519304 0.687177170 0.316608034 0.019585690 -0.316600623 1.181682438 -0.439631925 -0.097977757 -0.521225377 0.439389300 1.122611835 1.043823730 2.001445240 0.183890418 -1.202073765 -0.859818997 -0.622734899 0.645170738 -1.150754718 -1.741582024 0.342703161 -0.999594129 0.826471131
-23.300154024 -22.873499290 -19.512767596 -0.286752196 0.236317654 0.927960399 0.028576971 0.096031301 0.681749536 1.569947253 1.759391286 1.940965562 -1.172999599 -0.436647571 -0.400883565 1.093856091 0.297183401 -0.516601705 -0.662674812 0.402852870 0.338116003 1.058134749 0.757536677 -0.876901457 -0.648959452 -0.894210653 -0.307208625
-18.886618596 -27.468315209 -22.210966175 0.926349880 0.126310713 -0.174884847 -0.308766570 -0.549224712 1.090051510 -2.038110911 0.084624136 -0.199597490 -1.301294119 0.310371452 0.919007298 2.289990151 1.887937085 -0.194672271 0.677408307 -0.379719380 0.758989806 1.626037263 0.099943045 0.342969274 -2.377827518 -1.146482654 -0.537707265
-14.340102785 -23.897093999 -7.687439415 -0.405498311 -0.041839596 0.573275834 -0.710756911 -0.374354676 0.065974793 0.837349361 -0.476765730 -0.537560201 -1.141025398 0.302775182 -1.625584947 0.031394979 -0.423457415 0.078910311 -0.476327425 -0.815738107 0.464856809 2.869696075 -0.134896549 -0.507908144 0.090023593 -1.017847446 -1.051800004
-18.669439308 -23.970070854 -22.087106290 0.102150423 -0.376679780 -0.574231361 0.719677691 1.638215551 -0.249711965 -3.011244760 -1.454630205 0.652629393 -1.650296072 1.276269644 -0.812923032 -0.999293318 0.809057798 0.341952631 0.351320961 -0.062027463 0.265062021 1.354951813 0.850740885 0.269415854 -0.476189373 -1.113209540 -1.994674088
-18.217130080 -20.587778908 -10.228282867 -0.217209413 -0.829643812 -0.090770315 0.506233115 2.323344939 -0.898904908 -0.386366426 0.424894164 0.992092777 -1.188923608 -1.212873697 0.294455776 -0.501435756 -0.596887260 -1.621332799 0.421506645 0.027180838 0.779984460 -0.970701851 0.422116386 0.958194808 0.255182784 -0.934934007 -0.891695398
-17.044508875 -15.897381446 -22.462915370 0.766543765 0.019377330 -0.614825527 -0.184457979 -1.948393062 -0.054868577 0.252027275 -0.134235447 -0.222820519 -0.678269227 -2.448701745 0.555648224 -0.673183108 1.351679401 0.247255877 -0.107141538 -1.147791526 0.033574131 0.875450006 1.630642095 -0.285781264 -0.060755444 -0.231006428 0.124633227
-18.636588982 -18.891681736 -8.900480206 -0.770204418 -0.470418875 -0.262635298 -0.341341379 1.367996492 1.653744645 1.011576375 -0.473611749 2.027818659 1.816186089 -0.841334594 0.572504741 -1.276767989 0.508378519 0.328510899 -0.201045206 -0.548967944 0.357996898 -1.033834612 -0.545044453 -1.658635850 1.922973266 -1.295767503 1.450299577
-11.566193854 -27.886843917 -11.088938599 -0.515330929 -0.568179533 -0.146046616 -0.624721088 0.334276226 -0.340896711 0.803996034 0.822841381 -0.294104669 1.162300522 0.452123613 0.699071308 1.082443608 0.825398002 0.822848826 0.559755522 0.420606703 -1.394835863 -2.130137820 0.037334979 0.346490233 1.372115845 0.941016327 -0.450480001
-23.189985508 -25.609577622 -19.700316350 0.641057625 0.266552477 -0.245850365 0.676426268 -0.422355279 -0.502099274 -0.008740775 -0.192129129 0.127237754 0.328395604 -1.466360388 -1.140956068 -0.463421490 -0.508851549 -0.921319218 0.151587206 0.454451527 -1.573566185 0.414952470 -0.793902766 0.841937536 -0.741563760 0.001230705 0.236473145
-16.219162453 -15.901963295 -17.834466666 0.409441604 -0.564871435 -0.652655213 0.295497899 0.660953823 0.171268823 0.355674824 -0.283751582 1.677792077 -1.489658591 -0.333473497 -0.439105190 -0.008095383 0.210140879 0.591988891 0.545554551 -0.089251384 2.431598105 -1.279551996 -1.081615259 1.116443529 -0.673535548 -0.853812932 0.614740140
-14.816256258 -29.790448785 -11.827652884 0.365755509 0.032389848 -0.271678486 -0.889586761 -1.262326782 -0.017638267 1.298485735 -2.120580665 -1.361875459 0.129219973 -1.626412860 1.361416645 2.343244447 -2.506527502 -0.730415489 0.186947330 0.850538336 -0.932308979 -0.964803146 0.407037853 -0.382730161 -0.734773567 -0.781649703 0.700400195
