-26.233521379 10.785159607 -3.841436644 -0.099638027 -0.593653928 -0.311850001 -0.735116899 -0.643098301 -0.405220236 -0.872985485 -1.289854470 0.613616919 1.115017682 1.368449112 1.058251964 -0.378129139 1.498018058 2.137524189 1.020667230 0.049479659 -0.656769064 0.967814175 -0.974284390 1.944920399 1.384464537 -1.277457853 0.624240792
-24.772689843 19.680907427 -1.015273571 -0.215047935 0.459708860 0.308383457 -0.804563107 -1.778015466 0.393827035 -0.722146492 1.795462577 -1.046175299 0.294815939 1.807916767 -1.806385101 0.310176781 1.716758095 1.432099396 -0.389488324 1.641721416 -0.813033301 -0.791607629 0.775709257 -0.023900907 -1.361432322 0.153240663 0.237916631
-18.014734846 7.888758536 -5.848746378 0.537020008 0.007646529 -0.190076418 -0.821840616 2.251745389 -0.263957649 -1.336579863 2.637055165 -0.745974697 2.310367296 2.142342158 2.758816339 -0.575580545 -0.597409947 -0.855795515 0.142398420 0.448490976 -0.551127766 0.440455732 -0.814855370 1.501175589 -0.245678324 1.594384440 -0.531567484
-20.167578160 19.124263751 -4.418051960 0.274961125 -0.000706693 0.958599781 -0.074042827 1.886795828 0.121405467 -0.134742254 -1.378157565 0.568554679 0.231589603 1.073317221 0.349244521 2.038684805 -0.836541876 -1.643482545 -0.106924673 -0.964560611 -0.695030528 0.011588948 0.008088812 0.871483672 0.804052034 -0.487219787 0.291181617
-20.598956930 15.341044079 2.641778287 -0.826014543 0.126429681 0.301830155 -0.458927084 1.114449504 -2.301379090 1.052842540 -0.267871456 -0.223872992 -1.840138604 0.752971302 -0.586177914 0.412322729 -1.798874108 -2.043534216 -1.755179804 -0.887540925 0.993754482 -0.965422429 -0.316564285 -1.089827708 0.698986009 -0.840607264 -0.487246150
-16.976599895 17.628940576 2.446503170 -0.497288762 -0.823867808 -0.032227334 -0.270013186 -0.035889548 0.310781730 2.585668106 0.894064006 1.635669993 -1.937017950 0.539404978 0.409712348 0.870102805 -1.763293143 -0.299764949 1.359422257 -1.757583132 -1.031320995 -0.502959929 0.509077777 0.644248697 1.862393360 -2.831004869 0.118778377
-22.187370934 14.702939918 -4.458792704 -0.449092019 0.554882177 -0.612796449 -0.338972920 1.131021217 -0.924696282 0.333523890 1.358977920 1.021887852 -1.003076759 0.796718665 -0.303121371 -0.212489296 0.133200833 0.597500246 -0.198771521 0.567094623 -0.641033686 -0.045685218 1.230944273 1.545073050 1.753204955 -0.759997458 -0.585675416
-21.352558035 14.792014670 0.017192308 0.931845663 0.116241316 0.244744571 0.241353913 0.911970600 0.940809256 1.258520796 -0.406602216 2.579322509 0.135864667 0.428555233 0.604259910 2.718358683 -0.595479814 -2.017163783 -1.137749212 -1.557732697 0.187276412 -0.010972921 0.992523922 1.581774789 -1.009366783 0.746636378 1.457412261
-12.622718175 8.103284960 -6.960030134 0.571149861 0.123901233 0.530556543 0.613959344 -0.303943632 0.465821436 -0.252292595 1.110187826 -0.468532054 -0.102325853 0.682506094 -0.594297147 0.142842942 0.810117686 2.444173819 1.539506115 1.996767644 -1.112594023 0.672283331 1.425639259 0.698740574 -0.196341311 0.645769233 -0.262042534
-27.949763120 12.341259723 -4.719793580 0.958394994 0.167090689 0.152916943 0.173712824 0.704061954 -0.639913016 -0.241979505 0.250411715 1.019620236 0.739805854 -0.709582657 -0.015279340 1.056294552 0.060847441 0.650778990 -1.366928004 -0.724605762 1.173316030 0.314275085 0.215336670 -0.379401362 -0.296036279 1.128956769 2.659047547
-19.540950237 9.142585745 2.082933483 -0.320982251 0.019194758 -0.358239610 0.876508036 -0.020985965 -0.034057597 -0.825952430 -2.265717973 -1.091392604 -1.581307061 -0.434024514 -2.094987177 -0.177103481 -0.097042244 0.545916223 -0.444146689 -0.341033611 0.507332591 0.599900883 1.748315954 0.121805781 0.686400072 0.768269476 0.751171378
-27.669751370 12.903454313 -4.665843527 -0.161460148 -0.216125312 -0.955925781 0.115872224 -0.794875372 0.515029568 0.456232332 -0.606384974 -2.040293171 1.295026561 0.461614208 -0.237871826 -0.572619317 0.113305729 0.351283981 0.811934417 0.676139539 -0.896389930 0.661491005 1.112369202 -0.357872722 1.828677264 -0.848198830 -0.871657940
-27.125775818 7.251624038 -3.542940384 0.180552284 0.347032134 -0.357637875 -0.847976840 -0.267089753 -0.900281054 1.323931501 -0.658657925 -1.770507742 0.486374946 -0.955611962 1.306552473 -0.272239615 -1.038831671 0.021181533 0.129774181 -0.198676284 -0.036078075 -1.545854675 -1.156157907 0.701494596 -0.068900346 -0.107973557 -0.292594230
-19.789225486 4.445560659 1.770537061 -0.208251144 -0.855158325 0.436146971 -0.187380683 0.832377242 0.259551461 -0.240823885 1.253754114 -0.210604753 -0.820857410 0.235539478 -1.165726496 -0.278735533 -0.098915321 -1.049688748 0.336639576 0.213457510 0.111898979 0.152762448 0.178723472 0.368952672 -0.567858200 0.052998735 1.160615540
-21.168747880 17.898144184 -1.867742908 -0.607123659 0.297240358 0.228656247 -0.700546467 -0.891254685 -0.315349894 -0.206773740 -0.748178842 1.278403260 0.510001714 0.497322839 1.200257135 0.985031571 -0.010451001 1.284135656 -0.662419702 0.271805899 -0.046018162 1.860721493 -2.153998262 -1.345690472 1.137201649 0.408830585 0.266834437
-16.267083480 16.995001146 4.641955864 0.041489746 0.847235486 0.410700547 -0.334358630 1.046563520 -0.591648290 0.299181582 -1.938169809 0.393678314 0.593597088 0.204439690 -0.873716558 1.676407232 1.595013128 -1.093970594 1.231417577 0.162372337 -1.766045799 -2.828472307 0.765871177 0.600846139 -0.004922197 -0.787654366 1.882033983
-10.183355281 12.731510902 2.049794812 -0.760024415 0.490625430 0.254756002 0.341685462 0.126590958 1.250477611 -1.264987281 -1.117943770 -1.464418478 -1.199105734 -0.476352629 -0.653306834 1.549767861 0.067430664 0.189551668 0.562049952 0.322814752 -1.160930246 0.165173204 -0.323347129 1.700013649 -0.388213939 -0.774709914 -0.262871885
-18.845654682 13.995139147 1.681108409 -0.387169696 -0.525341490 0.594818129 -0.469369086 -1.038644368 -1.424912719 -1.476402105 0.776684534 0.953658804 0.850285229 -1.265870959 -0.307572307 -1.022248106 -2.121299311 0.419630889 0.973498691 0.325473478 -0.648057366 -1.196160198 -0.409175457 -0.434824005 0.733285891 1.670675199 -1.727796601
-21.941774555 10.596312463 2.805237370 -0.232515902 -0.534364203 0.693905631 0.422949440 0.439935686 0.753907771 0.464417715 -0.811748578 -0.246367714 -1.561858192 -0.857055519 -0.231410340 -0.197814067 -1.211498722 -1.052999892 2.099461053 1.415597777 -0.148821911 2.714591969 1.166891607 0.383739125 1.111714527 0.375816131 -0.863624438
-25.536979716 11.311614825 -8.185312051 -0.251743156 0.372899836 0.325138251 0.831778945 0.070575620 2.037148849 1.273997520 1.587307673 0.806475168 0.730745251 -0.576434214 0.767053737 -0.147342872 -0.528929457 -0.396300796 0.810967073 -1.235482746 -0.208570891 -0.673174828 -1.751505947 -1.499058990 0.552234405 -3.502214984 1.259321133
-16.198363415 12.399949959 3.985935324 -0.497828181 0.452352226 0.693585038 0.257845615 -0.025232755 0.222863771 0.379013408 -0.986019893 -0.490754722 1.233488352 -0.461388981 -1.017407549 -0.226782777 -0.356869560 -1.627609018 -0.378495777 1.413748365 0.262263196 0.155305503 0.433166871 0.387224421 -0.358974502 -0.252756796 0.873166011
-19.790755113 13.882034221 -11.037094910 -0.328841076 -0.061514660 -0.621557754 -0.708339927 -1.205228895 -0.438254746 -0.153374515 -0.604472614 -0.871215532 0.686200587 -1.565469716 -0.542234403 0.319251632 1.242428639 0.483596227 -1.549093635 0.055337764 0.253048399 -0.581565303 0.900574981 -1.226741764 -2.191189275 -0.068040703 -1.131125715
-15.261811792 12.868597847 -8.379811706 0.513983875 -0.244167062 -0.158264326 0.806942021 -1.204454167 -0.422682758 -0.170066633 0.136315023 0.112551396 -0.113691948 -0.427105497 -0.659786170 0.248447006 0.771753756 1.517584113 0.206333217 -1.156784175 -2.023659371 0.097302938 0.465597575 -0.310861155 -0.544889308 0.089440424 -0.286934258
-19.414554314 3.685685646 2.150194841 -0.418882864 0.577449392 -0.628350543 -0.310265920 1.772986147 -0.396195042 -0.254367894 -0.427743024 1.241935562 -0.687664567 -0.591295931 -1.246791102 1.768131766 -0.796247944 1.057800082 0.164432161 1.021613267 -0.307533262 2.019795352 0.161947667 1.900154610 -0.404598587 -0.493651463 -0.121944369
-18.865923763 14.686707534 7.290225787 0.576297724 -0.028977766 -0.716429901 0.392134441 0.423258544 0.464547327 -1.476052612 -0.247437840 0.499291513 -0.429442014 -0.096545635 0.453422196 -0.456209968 1.565969068 0.106963569 -0.974413404 -0.064507836 -0.647970085 -0.278723800 0.024218754 0.594039474 0.753602315 -1.516897539 0.781954085
-16.964750780 6.223994574 3.459816281 -0.380516381 0.320246431 -0.275628905 -0.822604531 -2.151616428 -1.048165138 -1.339678686 -0.139881860 -1.367809426 1.372250306 -0.307367365 0.134212724 0.791954615 -0.581383424 1.090019284 0.074670354 -1.241756057 1.146450669 0.181908282 -0.931980361 -0.107623798 -0.729553980 0.150661507 0.122506584
-21.659784167 9.111245523 -8.956801184 0.812144422 0.470486698 -0.189748310 -0.288200076 0.086986332 0.309427573 1.231174478 -1.193651230 0.921376024 2.096983071 1.823223823 -0.140013946 0.572195162 -3.041971855 -0.804716941 1.327561604 -1.328893176 0.275625964 -1.521424873 -0.450047234 -1.282680316 -1.624730308 -0.387292884 -1.295490858
-19.857427146 19.820313086 -0.717665421 0.401116393 -0.409608265 0.525413953 -0.628702542 0.258223319 -1.156980962 -2.392278148 0.268781136 -1.907157814 -1.944910768 -0.542059808 -1.044042361 -1.100980494 0.005809181 -1.026718240 0.588649376 0.973172735 -0.143295682 -0.882782139 -1.302343595 0.727988368 -0.730364714 -0.033317554 -0.578990965
-16.407864478 11.968621226 -4.462371938 0.827408736 0.434643305 0.118352833 0.335369330 0.771070903 -1.506915021 2.035029228 -1.272576261 1.036218670 0.683235701 0.413121866 0.062383493 -1.282446159 -0.728895693 0.648137561 -0.745529626 -0.468478947 1.462336668 -0.158642211 0.845180956 -2.172991729 1.778436519 -1.095713274 -1.101466758
-25.750047360 10.523464146 -4.323027502 -0.712624410 0.129268900 0.107755434 -0.681061501 0.035060618 -0.035407065 0.894392585 -0.813332106 -0.135103049 -0.026037015 -0.038961816 0.986046935 1.248701844 1.570091147 1.387616066 0.807844984 -0.231739721 0.279932974 0.671474568 1.414833077 0.601511613 0.487580659 0.430754111 0.582966735
-11.637430539 6.978428379 -1.022332754 -0.062115027 0.153282775 0.844121007 -0.510005725 1.902584746 0.865900134 1.007492881 -1.675575135 -0.326959523 0.836995442 -0.381143813 0.689512535 1.980365678 1.808963395 0.455359437 0.045029850 -0.462615357 -1.997535915 0.280531898 0.405928107 0.116123288 0.519911122 -1.899712939 -0.327384882
-18.176549515 11.198881719 0.654104958 0.266119267 0.857630308 0.000432100 0.440057501 -0.316971900 -1.359773996 -1.304425713 2.707336117 0.259509510 -0.753827389 -1.053224706 0.248452227 0.424025994 -0.588677216 -1.441009824 0.955261634 0.110967099 0.186666719 -0.513435159 -1.079078283 0.110419126 -2.009738353 0.129830990 -0.870636431
-22.001438492 18.083615556 -7.927207595 -0.349882577 -0.002729376 0.009166588 -0.936744739 0.864594903 1.093684182 0.488450386 -0.517597453 -1.953477096 0.105980157 -1.259372482 0.243564922 0.722946310 -0.860286417 -1.634405044 1.452220146 -0.417119027 -0.476205174 -0.682765038 0.153385352 0.462973041 0.205785997 -0.204331742 -1.247882640
-14.670534908 11.927109413 3.855169249 -0.722748625 0.618916221 -0.191136216 -0.240923395 -2.229505327 1.403263448 1.085727508 -0.326753600 0.224417320 -0.770621217 -0.267115039 0.614074158 0.050719509 -0.031077814 -1.302021290 -0.479060679 -1.025330104 -0.221188626 1.495220080 0.087559637 0.506086715 1.671384636 -0.666218554 -0.749977250
-19.801614329 9.864779843 -6.330488995 0.184211908 -0.536160729 -0.823491581 -0.021430377 -0.279697759 0.117760343 -0.095899631 0.898314568 -0.223451919 0.705853112 1.685998172 1.569716957 0.995431337 0.910801888 -0.679600049 0.868225323 -0.022944676 -0.690557549 -2.136828536 -0.720662645 -0.352390944 -0.765115779 1.138924713 -1.811515329
-19.258394397 14.140746467 -1.531754908 0.044239076 0.667921134 -0.180321416 -0.720699972 -0.481519461 0.409052005 0.841128668 -1.628516637 -0.251429083 2.294997920 -1.334939392 -1.411203933 -1.342515417 0.092110813 1.033455427 1.010186791 0.074748557 -1.276664874 -0.249012095 -0.723628699 -1.071382152 1.249418801 0.407795665 0.150938176
-16.577272683 13.637964911 0.332759540 -0.056453602 0.184703545 -0.867307485 0.458775890 -1.987086429 -0.372790284 -0.424758277 0.046283715 -1.112199814 -1.773723573 -1.181792644 0.333789520 0.828688629 0.622002692 -1.129775327 1.938197258 -1.105603762 1.421198096 0.782631890 -0.732847736 0.078217565 -0.483110050 -0.490518102 1.157667226
-26.583034357 10.937654568 -7.737151764 -0.243084192 -0.074106139 0.471570460 -0.844416756 1.602130854 1.145586189 -1.051286413 1.772956449 0.244336402 0.569283702 -0.143323798 0.916366289 -0.346099480 -1.769149063 1.141108791 0.598309627 0.670249422 1.174585722 0.989453346 -0.371174652 -0.428856370 -1.522226742 0.985520619 -0.525700377
-19.838400293 15.229499303 -2.416775971 0.336290145 0.905940990 -0.179358542 -0.184419020 -0.731191563 1.713665529 -0.722118155 -0.204843616 0.891268341 0.664017679 -0.009265093 0.806677457 0.320774426 -0.427740609 -1.989920547 1.486730681 -0.161551008 -0.569616473 -1.286703695 0.385041954 -0.793560749 -1.105936068 0.887585829 -1.323389852
-21.235165439 20.858705418 -2.764902772 0.430322881 -0.612895198 -0.662519930 0.015780948 -0.360848384 0.425145666 0.098389070 -0.451192285 -0.787583180 -0.006867551 1.146599980 -1.209577786 -0.459778927 -1.428326497 0.819241491 -1.061645838 1.985989501 -0.395300682 -1.284500776 0.618686758 -1.859136022 -1.611978380 1.405808089 -1.916709738
-23.658984237 15.849358116 3.140876464 0.329585246 0.308854683 0.717499178 0.530261520 0.579116280 1.086390098 -0.692326745 -0.361956461 -2.504353370 1.162356641 -0.704778404 -0.158341984 -0.116163730 1.138174266 -0.327228833 -0.178878729 1.224493634 0.954047522 -1.100420661 1.308030231 -0.337662600 0.318031518 -1.780791687 -2.405204705
-14.342522982 12.846003567 -10.534749415 -0.812552842 0.205455630 0.544492261 0.032772572 0.015551780 0.795931814 1.080620735 -0.359580476 0.955253270 0.981867981 -1.500463603 0.431750298 -0.184018601 1.253951924 -0.534038737 -0.079072438 0.800723514 -0.421343704 -0.369898763 0.262874317 2.810272621 -0.545541912 0.700229706 0.049723184
-17.981528467 9.951141913 -2.376538004 -0.601702255 0.778204718 0.163065813 -0.075903585 0.917602691 1.912876907 0.268151187 0.342392680 0.599182437 0.718698093 0.474443876 0.358949452 -0.802410460 -0.953750891 0.950740628 0.928126863 -0.062241527 -1.756487388 -0.573922646 1.906938146 0.911921970 -1.330853340 -1.046467208 0.620079964
-21.936304859 17.503224795 2.988047406 -0.009915919 0.480872026 0.721392792 -0.498253157 0.713847598 1.936895221 0.750925414 -1.532527091 -0.203329356 1.233858085 0.201076803 1.498339073 0.725032691 -0.556613961 0.862831640 -1.028820644 -0.409885903 1.055144792 -0.431749182 1.242603175 -0.149614744 -0.589734827 -2.051793732 -0.283078703
-18.497560543 17.435503127 0.021275725 -0.004249649 -0.651732994 -0.445450539 -0.613840259 -0.528218369 1.729940513 0.315852379 1.598337062 0.736532412 1.266909286 -0.188758601 0.890860123 0.239557560 -0.673057829 -0.478766909 -0.921395883 1.035636621 0.420638853 1.479769245 0.415461328 -0.326505235 -1.247187634 1.731907510 1.620580620
-14.659614394 8.724285854 1.388043619 0.743811586 -0.509311555 0.432834357 -0.000696112 0.703538681 0.752675989 1.782724352 0.013071841 -0.778579059 -1.312952412 1.084901201 1.231402449 1.913816642 0.806720142 -0.936136506 -1.756405676 0.553287066 0.599260303 0.086130986 -0.673988209 -0.350971850 1.959293453 1.726032998 1.634923286
-13.711205620 17.377085073 -1.051236551 0.685249918 0.716077968 0.066031834 -0.115345958 -1.133191765 0.858737484 -0.068429377 -0.694903559 -0.349744571 0.877716471 0.517977477 1.166440699 1.305758271 -0.819810730 -0.305092212 0.392789048 0.524648658 0.605920375 -0.047008226 1.007301971 -0.862661385 0.789788314 1.707508942 0.127934551
-17.433354231 11.042768998 0.028866872 -0.670593693 -0.105653669 0.581697108 0.448073516 0.973173620 -0.588807306 0.372123292 -1.613721527 0.158400482 0.684574579 1.038971727 -0.821891240 0.325176396 0.306346578 -0.107718289 0.770710318 -0.214318271 1.498233835 0.294629173 1.367858630 -1.362833643 0.504513054 -0.334550748 0.353830054
-19.860772133 12.221664484 -10.043482544 0.823252267 -0.283668302 -0.440015785 0.219486009 0.554992997 -1.572601568 -0.059360472 -0.631784809 0.992861370 0.491343286 0.395275179 -0.818171685 0.490618540 -0.478616844 -0.849817699 0.161000830 -1.787281970 1.519379632 -0.966516194 0.267093231 -0.099215298 0.956620550 -0.602317296 -0.643048250
-18.102461098 5.670961464 -1.945468616 -0.372238015 -0.154033189 0.915081715 0.018387280 1.797943733 -1.035202943 0.453333260 1.549264262 -1.119218628 0.850142840 1.679002698 -0.046590593 1.635363041 -1.138782640 0.516098008 -1.414430622 -1.209404625 -0.899587681 0.703251441 -0.171201382 -0.650485742 -0.862067050 0.719595051 -0.706480428
-22.356526020 14.647919918 -3.676546690 0.181403563 0.299507225 -0.085139615 0.932812637 -0.483897782 -0.168813501 0.074516354 1.058852597 0.657362649 0.832222656 0.952056219 -0.931414352 2.008127362 0.333180095 0.218338162 -2.134478154 -0.562926681 -0.812813585 2.836016034 -1.111511965 -1.022645194 -0.405846417 0.876272608 -0.054812784
-13.652185907 4.774949702 1.785695184 0.174394271 0.494887176 -0.306296581 -0.794264267 0.336982434 -1.848295233 -0.267062056 -0.058555893 2.593855331 0.129291570 0.039959990 -0.147474638 2.002448736 0.053112022 -0.977480148 0.110265450 -0.259837200 -1.809806841 0.569428913 2.046911977 -0.107193403 -1.246832689 -0.160029116 -0.934316660
-24.606701370 9.734122142 -1.643852493 0.630071508 0.699104158 -0.112569828 -0.318733909 -1.629395151 1.206526158 -0.347246927 -1.464026089 -1.063683773 -1.336297591 -0.589966577 0.963442361 0.168809985 0.118341288 0.239312975 1.098659171 1.497903375 0.716575890 0.093099229 -2.312586102 1.466759604 0.473770439 -0.906157292 1.521899809
-16.724925361 14.644080405 -8.392107201 0.569850306 0.082734370 0.214486841 0.788936657 0.098571313 0.225228610 1.932362676 -0.552882348 -0.395234630 -0.161551226 -1.775903420 -2.053324626 -0.669764357 3.261855676 0.569161945 -2.499659014 0.748137865 0.787828878 -1.246132940 -0.266239434 0.577084546 -0.937939574 -0.337396399 -0.645868214
-21.755753868 21.089656387 -2.938861613 -0.601856937 0.516961901 0.537153046 -0.286330624 1.388735507 0.833143670 -0.905388183 -0.593017857 -0.452016004 0.595649822 0.460177939 -0.291888294 0.663026016 0.235053374 0.579299052 1.614400150 1.155145856 -0.297172626 0.229390150 0.240335785 0.280090218 -1.575330354 0.534403544 -1.270498086
-14.505992892 5.590200007 -3.726329433 0.268172457 -0.022597847 0.542461880 0.795806496 1.113784803 -0.286646953 -0.286629456 -0.552558957 2.317234528 -0.193321700 0.912729495 0.778288068 0.066470976 -0.329557919 0.499614807 0.652140879 -1.179847851 -1.325708902 0.168088430 -0.005503640 -0.902518149 -0.044336778 -0.567712660 0.073321140
-18.042345578 13.357372564 -4.351085649 -0.071978571 -0.136916932 0.987748016 -0.020656610 1.002573081 0.050842738 0.518418532 1.237598379 1.604702569 0.753356644 0.091764356 -0.462511780 0.267630837 0.531985914 -0.220327495 0.053468823 -0.829068947 -1.044121170 1.152957598 0.334074389 1.899306411 -0.771964074 -0.159985722 -0.792872834
-10.068844255 16.541227396 -2.115461685 0.559985813 -0.276391562 0.700826413 0.344769390 -0.937609948 -0.660961919 1.621701657 -0.953392486 0.153738050 0.164225180 0.409920672 0.083545568 0.035019541 -0.168366501 0.848599343 1.154760043 0.496175229 2.033749390 -0.494554653 -0.373205391 2.178185594 0.154642602 -0.449050671 -0.890214624
-13.595148699 14.583697230 -7.503784778 -0.129047935 -0.108842014 0.962128746 0.214028788 0.254518884 0.933165354 0.675896153 1.154632909 0.031494649 0.799210075 -0.959283029 -0.717043636 2.044382549 0.578848572 -1.562620979 0.780320132 -0.180639410 -0.792053221 0.056140919 1.410210329 -0.990244868 -1.093325316 0.515163926 -0.651767075
-19.472783746 11.608313729 -6.106114937 0.056439551 -0.777029867 0.494286889 0.385641848 -1.398054033 -2.688924365 -0.900666275 -0.401874374 2.608130479 0.242364692 2.309040680 1.078197614 -0.905520656 -0.004915726 0.769512894 0.264743949 0.585518858 0.496192553 -0.269838667 -0.404327608 -0.151667806 -0.914957194 -0.765151926 2.077057324
-18.908022284 11.605792413 -5.517887813 -0.719656528 -0.383526023 -0.578773849 -0.004806535 -2.280034679 -0.061368459 -0.114248266 0.210976195 -0.709901259 0.070834271 -2.180757016 -1.983022809 -0.789753574 0.206509693 0.567328420 0.476095712 0.669237046 -0.251210142 0.091312296 -0.450943232 -0.582538847 0.292311618 0.453448500 -0.964513634
-16.842205132 4.428094469 -4.522007412 -0.603825554 -0.463041484 -0.348297214 0.547427013 1.561438367 0.261682071 0.733236122 -0.313126853 0.306876462 -0.072312373 -0.495696217 0.259610908 -1.096100082 0.129909510 0.922196211 -0.287959569 -0.478539856 0.949968311 0.893938479 0.880935119 0.080374845 -1.643674420 0.794037036 -0.269331161
-18.492617799 15.210537152 6.566456261 -0.049592320 0.607153365 -0.468195645 0.640076739 -0.480374304 -0.933158764 -0.521565823 -0.184208415 -0.315281430 -0.671017857 -1.149986313 3.419180362 0.823109653 0.296256446 0.615159331 -0.618285399 1.842095619 0.820320449 0.711398522 -0.111437269 -0.901915105 -0.059413956 -0.783812600 0.171272534
-14.943093995 17.391185330 -0.399123245 0.333550530 0.491225204 -0.355349611 -0.721920007 1.144635875 -0.023689229 -1.114140340 0.400853023 -0.129041904 -0.494710719 0.328430104 0.603869544 0.358263418 1.438083710 -1.789013771 -0.678173246 -0.461799877 -0.662585902 1.049980022 -0.031239655 -0.402613132 -0.953825853 0.441472895 0.435699595
-15.670673071 11.598895892 7.506085558 -0.649188321 -0.381342186 0.568864820 0.330946337 2.470262639 -0.381598467 1.032910379 -0.244436757 -2.099195441 -0.754355658 -0.041649312 0.200268645 0.086831458 -2.559016800 1.659495607 0.740495738 -1.061155110 -0.780477296 0.100830475 0.648386272 1.723307874 2.194499905 0.496790248 0.763416724
-22.348332239 6.911577673 -5.042343860 0.596268559 0.302484407 -0.697059711 -0.258987932 0.949166214 -0.052522877 -0.681604448 1.077412840 -1.382915077 1.501033921 -2.425479761 0.857765698 1.545858677 -0.697700079 0.887282962 0.585635453 0.432026871 -1.373681927 -0.729098805 0.635549792 -0.231997760 -1.316974921 -0.616384528 0.830421288
-24.692494276 12.693285748 3.424822074 -0.067311612 0.891218562 0.048455280 0.445926797 -0.199368708 1.328301044 0.019709073 1.624096605 -0.482009988 -0.006808435 0.172939837 -1.530729233 1.989049845 -0.344250779 1.235962454 0.737755444 -0.690263908 -2.494559192 0.549684795 -0.891928569 0.753213965 1.494008809 0.429478530 -0.031519036
-13.472353313 15.846625741 -7.981220603 -0.837417364 0.202607710 -0.294250246 0.413641231 1.337951482 -0.629568250 -0.965411109 -1.006422154 1.768779038 -1.002123808 -1.951952916 1.849135123 0.548325668 -1.113427227 -0.050740639 -0.504080452 -0.154241189 1.116803088 -0.839392212 -0.413876691 2.079161467 -0.889540545 -0.035062583 -1.510232980
-18.035136849 2.037421745 -1.857724894 0.377926358 0.136760172 0.540360343 -0.739242195 -0.177892781 -0.432620915 0.692489595 -0.389711121 -0.884515352 -0.865287217 1.041387117 -0.868734813 -1.125330616 -0.617574215 1.271335247 -0.369656198 0.499383557 -0.506188922 0.585493445 0.257174968 0.820232707 -0.685192884 -1.245447975 2.997301454
-9.112064273 13.704851713 -3.449309934 -0.039349922 0.410453664 0.608935486 0.677625964 -0.776838860 -0.194617766 -0.412031219 -1.681357473 -0.480680806 -0.954860085 0.256733027 -0.889364696 -0.276971351 1.760141309 0.827591014 -0.202908530 -2.174090901 -1.481875821 -0.755422579 -1.048199698 1.238612451 0.941053537 1.342191000 1.210361975
-13.913436817 13.042730939 -3.319558895 0.477236746 -0.349356861 -0.585062092 0.554884872 1.018919355 0.010322933 -0.036865291 0.145368875 0.016286348 0.192481335 0.813555438 0.596378498 0.671619077 0.882501933 -0.399845017 2.304537488 1.222469565 -1.057431800 0.591442447 0.739740062 -0.120885792 0.089765625 0.523536239 1.088697332
-20.129148720 16.739635842 -8.022550568 0.526131972 -0.814743904 -0.075389030 -0.231719687 0.674869669 -2.091553758 -1.151323002 0.161091592 0.895445703 -2.464256375 1.458357462 0.788518933 -0.427542691 0.058134508 0.836357754 -0.942090902 1.337467456 1.078182753 -1.718861396 -1.017657078 -0.408863309 -0.330569437 0.990834618 1.285391535
-22.672624264 17.809697110 3.336584608 -0.494664342 -0.255934158 -0.416925402 0.718316159 0.388880459 0.095980990 -0.134217970 -0.054941235 0.136387445 0.194666995 -0.053411547 -0.079943440 1.013574776 0.347515357 -0.098866959 0.451328835 -0.968393944 -0.027991945 -1.643914647 -0.285962459 0.145904830 0.851514514 -1.320004139 -0.148706315
-15.698257556 15.716272312 6.805432971 0.056185520 -0.191833705 0.837950857 -0.507820223 0.627745229 -1.494981174 0.674797571 -0.803505096 -0.340041214 -0.074167684 0.946225916 -1.321695482 0.941347622 -1.760116464 -0.974002113 0.318323543 1.958477667 -0.039812890 0.188874611 -0.674032299 0.991417563 -1.041378032 0.897405782 1.059415847
-23.357376287 4.061859636 -5.231162521 0.139495520 0.663941913 0.682405464 -0.272111960 -0.946327909 -0.477636230 -1.126116379 -0.822512540 1.081306277 -0.204343955 2.128987563 2.008221146 -0.004143905 -0.338652198 -1.367601587 1.041914845 -1.618817566 -1.070018141 -0.547035871 -1.671607999 -0.710562963 1.108094043 2.179477373 -1.002922567
-26.986546727 7.650396028 -0.866359272 -0.139384764 -0.648896365 0.212299138 0.717240874 -0.522369290 -1.186982643 -0.847726198 0.467076443 0.042204071 -0.584230844 -1.120477298 0.044825936 1.298041031 -0.833472682 1.665145373 -0.325401951 -1.161588559 0.414544439 0.435771419 1.110748718 0.193881031 -0.400354182 -1.151920759 0.343302732
-19.424291171 7.823029669 -1.341467366 -0.605984627 -0.401290779 -0.206917550 -0.654930126 0.768328348 -1.745677587 -0.330994731 0.545463506 0.997880969 1.751881899 -0.919797499 -0.869871051 0.326097101 0.875982055 -1.795866546 -0.486700502 1.529095648 0.226340110 0.035690808 -2.048461265 0.464474365 -0.617613966 -0.904893213 -1.385470166
-26.000510196 16.540912203 -6.276255787 0.104311796 0.954763540 -0.210693258 -0.182082351 -0.429195910 0.148587987 0.943239896 -0.038725515 1.329303311 0.646058401 0.684037265 -0.415259892 0.568752213 -1.041531171 1.662535209 1.025617656 -0.410430501 0.932293336 0.795612275 0.113375729 0.629587520 -1.125263866 -0.163820979 -0.601495972
-21.391104081 13.145382199 -0.298205615 -0.356932275 -0.431747305 -0.388869415 -0.731419301 1.549072654 0.301886018 -1.004614689 0.825495929 0.414329583 -0.790945045 1.701276065 -0.403546808 1.696370462 -0.632894637 0.066640168 -0.416420719 -0.404335963 1.157805931 0.561302778 -0.094604390 -0.364818289 -1.872369039 0.834797041 0.396576369
-25.678129342 14.582613527 -7.263815369 0.412046461 0.221062272 -0.564062787 0.680575021 -1.043419427 -0.678769199 -1.121588974 0.380103565 -0.651277550 -0.319282584 0.653420730 -1.217843368 -1.225557796 -0.114195172 0.047644973 -0.343247853 3.028026756 -1.729873196 0.101885083 0.209134063 0.209855736 -0.207367072 -0.043704816 0.782752403
-23.682451766 4.869943499 -5.954362271 -0.272680164 -0.214585538 0.698670114 0.625666562 -0.198270869 0.775875906 0.169118635 0.324828889 -1.574120337 0.519664156 -0.709935306 -0.576691239 -1.141282773 -0.910978103 -1.171150324 -1.256801334 1.436800962 -0.904107577 1.400553491 0.294395582 0.342160386 2.337430645 -0.371625641 0.091324197
-9.933789493 10.166019237 -5.657969853 0.350218030 0.905304912 0.102708804 0.217304509 -0.543342581 0.909759864 0.248520684 0.062562535 -1.224331749 -1.876389814 0.775502781 -1.274563930 0.004213345 -1.676654197 -1.954914084 -0.538544960 1.306949355 0.662116737 0.427462723 -0.225057821 1.024770725 0.031223554 -0.339266114 2.104225307
-21.772262641 16.549192428 -0.501293314 -0.255230023 0.226549644 -0.934232667 0.103644669 -0.029116920 0.818416127 1.131376113 -0.126579916 0.313933393 1.347672264 1.895274613 -1.261141768 0.242850952 -0.482249778 -0.583511805 -1.117436050 0.222002157 0.231812672 -0.275859912 -0.393595708 -0.603154684 -0.393879040 0.022220137 -0.576213475
-15.310831456 18.586655452 4.114154749 -0.479107951 -0.077825932 0.615190921 0.621239750 0.487379381 0.941952254 -1.397508798 2.142109336 0.339016584 -0.436070832 0.106147024 1.061296554 0.074778389 0.537507652 -0.025927887 -0.180066186 -0.904031164 0.971125709 1.281043718 -0.264791536 0.660107102 -0.353925760 0.818355054 -1.661658868
-26.342845957 7.429193101 2.246706947 0.104432576 0.943835825 0.214945330 0.228180362 -1.656304095 -0.034944108 0.694474686 0.936273222 -0.746268161 -0.373234107 -1.300058475 -0.649127087 0.679605014 -1.631016245 -0.456990846 1.483355778 0.605666972 0.901396973 -0.496345038 -2.184904581 0.586020635 1.023411819 -0.510478226 0.330210214
-18.620444520 18.574960052 3.571596356 0.672700695 -0.649985721 -0.338050504 0.103509391 -1.093814590 -0.564456443 -0.563953952 0.348857630 -0.414374849 0.636257084 -1.427569904 -0.414989260 1.877402100 0.221716363 -0.062291524 -1.688027912 -0.341414380 -1.048777306 0.566568089 0.516748496 1.269566123 0.941070927 -0.207066885 1.713194364
-23.157119318 17.353423695 3.821943137 0.434483752 -0.317652752 -0.510772853 -0.670396667 -0.221419820 -0.505575452 -0.059779293 0.241913539 0.977211427 -0.737769886 0.758295624 0.897947017 0.727170131 -0.615474370 -0.001697250 -1.292037513 0.258242261 0.595758036 0.155095413 -1.151262994 -0.826743217 -1.016051268 -0.205098271 -0.923520019
-19.063489690 9.454459611 -4.144587357 0.491376009 -0.101764681 -0.679769678 -0.534889477 -0.088876997 -1.131411191 1.187259549 -0.078362434 -0.819027537 0.138591949 -1.319130663 -0.377722432 1.683705304 0.210926478 -0.595582606 1.996473338 -0.058257867 0.076424634 -0.666751747 1.525262145 -0.009913167 1.639588350 -0.337583768 2.031026034
-22.700620021 7.623698259 -5.267428801 -0.570921439 -0.659658035 -0.137945403 -0.468904098 1.125044399 -0.316132860 -1.297423216 0.580682887 0.999509335 -0.585774729 1.234049623 0.297090585 0.913532577 1.018677835 -0.504928702 0.742373305 1.153520270 -0.340035254 -1.118485059 0.007305929 0.680949322 0.936231593 -0.160412756 -1.812855728
-16.735880953 7.785707691 -2.364611207 0.103093920 0.905584934 -0.326710658 -0.250095414 -0.018187565 0.751305140 0.880410974 1.280624126 -0.660452381 -0.683446766 -0.835535500 0.402421355 -1.681500128 0.400498669 -0.222190007 1.513580400 0.006155718 -0.085845675 -0.231735134 -1.350898607 1.392107421 -0.680864019 0.639632052 -0.137452154
-19.037853467 20.577602953 -1.282313375 -0.345388247 -0.710892857 0.578644966 0.201266758 0.971333171 0.373632850 0.445580759 1.604964750 1.770508379 0.016591738 -0.232593272 0.805694940 0.313774624 2.385253038 0.474169281 -0.262808076 0.536012537 0.282519635 -0.093241033 -0.130262537 2.501866383 0.747666742 -0.227415880 -2.466901143
-15.304628156 5.644903708 -1.649170968 -0.653597501 -0.238841818 -0.694922925 -0.181237472 0.473213474 -0.406380264 0.340163211 -0.577525156 -0.134172500 -0.987038669 -0.149203889 1.765087371 0.981040504 -1.178877915 -1.704078050 1.233279521 1.849107247 -0.191351839 -0.466727023 -0.159727177 -0.962572158 0.816444050 -1.218653720 0.858095971
-17.946338632 6.407697543 -5.228929135 0.414242896 -0.344073991 -0.144157240 -0.830201543 -0.694212706 0.328700638 -0.899971561 -0.328883442 0.696496192 1.087507459 2.123851690 0.396337066 -1.294468812 0.205239195 1.124606608 0.007934537 -0.961526835 0.423695606 -0.478346874 -0.627477411 0.013036709 0.130116155 -0.220533554 0.728006484
-17.977829077 15.959201352 5.768190880 -0.436748257 -0.839868539 0.319329240 0.043596249 -0.174606353 0.120686976 1.649884274 1.005501951 0.547536176 1.695970754 0.679703318 0.319169452 0.337427193 0.828037245 1.138466135 1.702971427 0.729246480 0.270237363 -1.285772016 -0.282468022 -2.382768250 -0.866370442 0.465815106 -1.182255181
-21.187963307 12.755333268 -10.430241079 0.372544735 -0.286374903 0.459392778 -0.753762636 0.531420455 -0.465996394 0.508344486 1.253463622 -0.661098587 -0.492455763 0.146959205 0.373907818 0.540696386 0.456177490 1.600286025 -1.279362240 0.691206374 -0.690341483 -1.035595236 -0.440616478 0.205777231 -0.277688082 -0.140348557 -0.879640777
-15.448126258 6.475694220 -5.778741174 0.502265060 -0.508438094 -0.264287495 -0.647589866 -0.245673641 2.012342639 0.958528484 -1.039910628 1.337595219 -0.994369747 0.314080656 -0.036296981 -0.145984894 0.172074443 0.352086485 -0.343288564 -0.911378891 0.013209125 2.652022571 0.070180827 0.266466816 0.554991703 0.323115213 -1.192351921
-19.728891285 11.764905622 -3.778509158 -0.229674178 -0.095017062 -0.278126148 0.927829389 -1.184178881 0.186391693 1.397803862 -2.446117145 0.753971201 -0.788846648 -1.470238950 -0.174248194 0.572701833 0.179618410 -1.268478599 -0.002063783 0.494499882 -0.627579939 0.418025643 0.473413978 -0.975839811 -0.724638358 -1.612026299 0.559415326
-17.641489377 5.515369895 -7.292031904 0.174478738 0.580284979 -0.679311096 -0.413960081 0.400885658 0.136719565 -1.884868640 0.871365617 1.169496730 -0.176819116 0.337044110 -0.334805411 0.071734023 -0.758807553 -0.041897531 -0.175496815 -1.256550941 -1.398267873 2.741720890 -2.242549552 -0.357909737 -1.496024197 -0.095393051 1.777867698
-19.666962847 12.294008112 -1.512773026 -0.869961440 -0.201667592 0.114558797 0.435170723 -1.060462391 -1.086694683 -0.742157137 1.455939478 0.064856900 -0.763602725 1.447098673 0.327671122 2.067818905 -0.219301463 1.677752964 -1.128765699 -0.905268873 0.933335978 -0.617087686 0.334849366 -1.013070666 -0.280735144 -0.361528315 -0.834397470
-19.684702457 17.783031534 1.329502837 -0.768188911 0.257267826 0.558115377 0.179461108 -0.410174975 -0.003939785 2.984764029 -2.817529958 -1.806266109 0.840958357 -0.182857933 1.805797106 -0.138009525 -0.011190886 0.390205384 -0.526722920 1.466116483 -1.339960384 0.405089442 0.325665731 -0.957395518 -0.097061400 -0.374829101 0.065898980
-24.852528874 11.105205947 -4.489120027 -0.610668264 0.029023473 -0.225637853 -0.758504759 0.696664620 0.028690879 0.238506126 -0.433009830 -0.576307451 -0.322626941 -0.955717138 -0.833404070 1.396894971 0.615398552 -0.554243755 -0.852446496 -0.702595296 1.771351676 0.335324442 -2.331290137 0.959859992 0.900287847 0.849071612 1.853953938
-13.531545730 6.611005700 -8.231090662 -0.867764681 -0.450783209 -0.208590195 0.016403879 0.678035149 1.454823323 0.807342325 -1.760970322 0.038644473 0.883375720 -1.709258378 -1.181977205 1.763465713 0.321663882 -1.639260705 0.246006611 -0.650794177 -2.262138068 0.566069973 -1.774786373 -0.286567008 0.384109542 0.326512543 0.081303556
-12.661755276 15.319218696 -8.853190793 0.268052712 0.347569976 -0.719820135 0.537774886 -1.179030906 -0.950926207 0.042408424 -1.074487564 0.060714101 0.142998902 -0.401177782 -1.609200886 0.328183370 -1.070968141 0.636526717 -0.514083514 -0.396184479 0.927927534 0.263165973 -0.918655403 0.532105666 0.278832288 -1.327030760 -1.606420812
-15.590003394 3.566527334 1.850846192 -0.051272900 -0.507580357 -0.543970900 -0.666204872 0.133843867 0.526259588 -2.698506094 0.619381744 -0.437594521 0.614087602 0.763168748 -1.226468056 0.793449637 -0.608177744 -0.430534966 0.151641275 2.276529197 -0.775098261 0.716365668 0.327382891 1.100388788 -1.076393038 -0.374672653 -0.961718483
-19.672283490 15.380684474 4.260513371 0.050470330 -0.067765936 -0.929773824 -0.358303167 -0.074112253 1.910621255 0.614675903 -0.128568295 -0.878726278 -0.779223512 0.942157516 -0.186850475 -0.486156389 0.111555366 1.361903332 -1.286161288 -2.210333910 0.425286110 1.405668883 -0.185174679 -0.905642912 -0.194274958 -0.851389896 0.028498571
-25.365118205 12.937492510 -8.850350353 0.125164775 -0.482045742 0.829731542 0.252014385 0.944533760 1.427905570 -1.154337674 0.203615950 1.431946927 -0.216937030 -1.549250531 0.399107087 0.105825058 -0.361978646 -0.580303377 -0.520171903 -2.394621880 -0.853771794 -1.029909848 -0.173979984 -0.160236445 -1.342712688 -0.876613273 -0.207657130
-20.533952233 11.824182994 3.872443749 0.598716048 0.138374577 -0.138583469 -0.776650624 0.374804976 1.089826038 0.385621507 0.132305068 0.547128594 -0.299373699 -0.216449210 1.194618195 0.306863212 0.383072421 1.215210884 -0.880702809 -0.058109909 -0.935402895 0.729176267 -0.356579836 0.360235434 -0.651358190 -1.881568132 0.088892246
-26.235619688 9.498500704 1.668432523 0.365596267 0.557868148 -0.738771534 0.096639121 -0.882378944 -0.279000516 -1.507033686 0.515888938 0.023726231 1.435741521 0.958573048 1.358416779 -0.757036565 1.393616568 0.119017386 0.452087030 -1.013351816 1.268381529 0.487998545 -0.662195836 -0.978279122 0.635804380 -2.633661474 0.634290548
-16.062823971 14.645420378 0.701447843 0.468468829 0.621026058 -0.603567453 0.174842558 -0.435956905 0.522691657 0.753593151 0.743996811 -0.348577075 1.162723951 0.941171295 0.256287732 -0.929889237 0.449363773 1.977089551 -0.111829662 2.135692707 -0.252514308 0.762150683 -1.693104335 -0.130126233 -1.294390790 -0.735450886 -0.036580355
-24.032800236 8.573651249 -1.221492786 -0.279567373 0.485287724 -0.755247673 -0.340497960 -0.970906914 -0.389743730 -1.397902330 -0.693048584 0.461701936 0.534906570 0.183925616 -0.981378625 0.108682725 -0.468274944 -1.576242123 -1.488165242 -0.075945815 -3.451777022 2.359347466 0.485128475 -0.332016685 1.653426132 -0.730044326 -0.720026711
-20.140288875 5.189762350 -1.916154018 0.708739662 -0.439464149 0.052864616 -0.549331125 0.665615150 -0.079837234 -1.133799413 0.247381615 0.894505868 -0.020669812 -1.916739771 -1.111519128 -0.577832744 -1.943064969 1.756094092 -0.803990292 0.127300794 -1.238893313 -0.687589912 0.449526676 -0.485711348 -0.143336673 -1.809938547 -1.242799847
-17.994797786 13.869736513 0.297648970 0.436719886 0.696962268 -0.268086936 -0.501646024 1.310741693 -1.125447866 -0.813736551 -0.334131653 1.617344013 -2.118180418 0.970805645 1.431848294 0.255325432 0.817099568 -1.399206182 0.155631791 -0.714781474 -1.382826188 -0.647455648 -1.693415294 0.322773729 -0.386880699 0.647434652 0.522311038
-19.374727398 13.132608599 -7.128860677 -0.128493841 0.311303358 -0.169571470 -0.926188463 -1.095692769 -2.095168985 -0.604536106 0.108191801 0.668797629 -1.055866454 -0.612263608 -0.599330460 0.120890622 0.232075371 0.308539542 1.238410983 -1.797035202 -1.261145770 0.402857394 1.645454398 1.082396393 -0.440462812 3.255153657 0.030398106
-11.329627804 11.636221995 -3.061510484 0.920794446 -0.103457054 -0.304606918 0.220564845 0.750080513 0.535412213 -0.212207857 1.325672236 1.459731192 -0.220780812 -0.485465971 -0.789738877 -1.320410270 -0.511594334 -0.179894572 -1.186843469 -1.681361553 -1.961338287 -0.628920427 -0.932859922 -0.412435511 1.744567469 0.976781131 -1.481567636
-11.174246729 14.125311098 -0.883419670 -0.629629425 -0.346503272 0.516934147 -0.465060596 0.588773999 -0.200193719 -0.216294651 -1.360414725 -0.157398699 -1.456459490 0.001019804 -0.237733057 -0.290106838 0.485046363 1.215639525 0.677843990 -0.157431045 -0.286120888 -1.419353446 -1.640822245 1.747528487 0.122453125 1.823038550 -0.392178762
-22.886130830 11.439878854 -1.241796114 -0.541384383 0.107539516 0.610215928 0.568308652 -0.871244173 1.029999568 -1.060079310 -1.809445200 -2.108748781 -1.461072867 -0.283941408 0.466774210 0.460100081 1.220063892 -1.220885150 0.886191783 -2.376017904 -1.036443840 0.325850726 -0.848245183 0.120221831 -0.669680594 0.387431561 0.450662781
-18.508752291 6.104587074 -5.451965259 0.710331504 0.075935359 0.535788486 0.450104071 -0.183431332 1.108757890 0.696324029 0.183733378 0.513024919 -0.372987181 -0.026780567 -1.786177505 -2.785769242 -0.108671371 -0.720006655 -0.103117458 0.676224584 1.597324222 1.856949184 2.371707399 0.543237272 -2.059586134 -1.215631311 0.332256421
-24.726263758 13.431016244 -3.168913201 -0.021827230 -0.313748717 -0.142724352 0.938464210 0.325302025 0.537733140 -1.016469212 -0.539742593 0.257467660 -0.536229129 -2.118892444 1.446922102 -0.579155805 -0.459952434 -0.148620546 0.643742758 -0.908929233 -0.732163819 -0.965781424 -1.396218228 0.227445349 0.474611589 -0.523539170 -1.133899052
-11.964075603 12.052855240 3.063513488 -0.103817859 0.559846544 0.548742956 0.612106908 -0.034500086 0.326986280 2.578673210 -1.207935852 -0.765923175 -0.403000505 1.024039925 -0.404350826 1.285302235 -0.135482548 0.395867834 2.113601656 0.739748581 -0.260343458 1.133959297 0.778263035 1.437029169 0.235586848 -2.185247421 -0.302529451
-11.913469486 12.591502014 4.671602024 0.389157984 0.886618249 -0.100290160 -0.228923630 -0.725828858 -1.178151419 -0.339417959 -0.818954851 1.133570796 1.526905350 0.285833426 -2.409917243 -0.642128535 -1.364441109 -0.593270342 0.419021029 0.201964988 -0.106907128 -0.722713196 -1.830934980 -0.987208346 -0.554860427 0.475936900 -1.192610745
-23.365341004 9.775278913 -3.472863384 -0.724850419 -0.470168934 -0.125424699 -0.487649145 1.056914820 -1.547854432 -0.883569798 -0.475911467 -0.608285039 0.021513418 0.010658652 0.232539549 -1.551366022 -1.584505264 0.271546508 0.049843381 -0.345999789 0.698069792 -1.231457870 -0.440584256 0.756781785 -0.824888258 0.699649698 -0.004910711
-18.774700504 8.293104493 -6.540458774 -0.153435335 0.345729333 -0.922903427 0.071958953 -1.809746269 -1.090955060 -1.284359482 0.313682475 0.081965974 0.172119917 1.432340110 -0.378851434 0.958834718 -0.272839163 1.101859660 0.813857571 -0.026599228 -1.171578565 0.108866783 0.945519036 0.035830038 -0.772218699 1.467076935 -0.428671898
-14.479649152 4.863282822 -6.321070060 0.693102955 0.500534633 0.487521611 0.177189318 0.814834444 0.313270392 1.573259355 0.373914740 -0.185338838 -0.602165494 0.598900188 0.295612978 -1.677240605 -0.213661520 2.288784174 0.940299705 -1.525970974 -0.291716559 1.397816769 0.367288253 -0.201714714 0.313823458 0.945347022 1.296450444
-15.544221130 7.788298583 -2.771905139 -0.904696617 0.228257282 -0.142162885 0.330472931 -2.529886529 -1.298862439 0.451943452 0.353204396 -1.108742953 1.929700501 0.290248425 -0.340897112 -0.516507108 -0.331895123 0.252447622 0.576303775 1.466395438 -0.924444367 -0.629221539 0.729685329 -0.012365463 1.036814822 0.094313737 0.612697970
-14.249530482 11.128034567 -6.842342991 0.461062448 0.689297336 -0.235721022 -0.506681558 0.087907185 0.665904755 -0.725646022 0.862793368 -2.225695786 -0.936463343 1.049821492 -1.026819523 1.117614270 -0.267000868 1.332680740 1.344700333 0.818481487 -0.969738787 -0.062980445 0.555061946 -1.725315574 0.051092415 0.963148056 0.461266958
-25.831330325 8.508704000 4.314675253 0.711359509 -0.327559330 -0.534660180 -0.317507521 -0.030964624 0.197480180 0.398265453 1.936456935 1.818880154 0.808188275 0.341701310 0.072046304 0.570628369 0.009077898 0.137161186 -0.973883728 1.422718317 0.064957257 1.178314665 -0.525043745 -0.464211407 1.001035553 0.109246896 1.026256298
-18.821580016 20.538302766 -3.896648704 -0.055029091 -0.276011877 -0.232383029 0.931014162 -1.516670463 -2.097473033 -0.312652381 0.206101416 -0.505908285 -1.145700540 0.995484116 -0.480078853 -0.768626883 -0.747966751 0.333272171 -1.702803294 -0.190862248 1.236289502 -0.788137534 0.279263733 1.504109352 0.629414260 0.711417168 -0.519501564
-13.243354329 11.264640192 3.820172302 -0.170211987 -0.853072054 0.467405678 0.157568662 -1.093094081 1.478914312 0.647932362 0.174834431 -0.179553497 0.452695881 -0.138593799 0.336403183 0.174663671 0.101042284 0.019907229 0.099333857 0.400994394 0.187218574 -0.957281072 1.598335476 -0.754014083 0.300002333 1.557514429 -0.413820644
-17.468332135 12.879913692 -5.431271891 -0.659475095 0.642206926 -0.387926493 0.046646542 -1.151578945 2.037354404 1.400360982 -0.398228205 -2.080614953 1.847249251 -1.709506723 -0.574272285 -0.440048138 -1.802382542 1.514161026 -0.779808335 -0.029334753 1.989403312 1.150300866 1.186190292 0.939980793 0.585610340 0.078280723 1.190801392
-19.462499817 9.991315438 6.284813697 -0.094763150 0.523826066 -0.619244397 0.577202369 0.110967311 -0.186592155 -1.175352491 0.518280759 -2.185361810 2.455736620 1.070696849 0.119280925 -0.061147711 0.619968368 1.389454610 -1.250781716 1.665181753 -1.986321651 0.283561780 -0.125991812 -0.234200552 0.508669463 3.002000282 1.560617527
-14.899132271 7.521074408 1.798955435 -0.077413096 -0.453658169 0.819518379 0.341454396 -0.128060731 -0.791959684 -0.188513118 1.108789658 -0.205292389 0.503373552 0.188366203 -0.230079145 0.402522409 0.358250344 -0.808390014 0.620802642 -0.658003189 0.823781827 -1.559099176 0.998411992 -0.894376370 -0.292795525 0.097553468 0.804334951
-15.076368143 15.185066505 5.104894636 -0.485382960 0.431307445 0.118178666 0.751272968 -0.407615244 -1.152168721 0.311714626 -0.357481018 0.366030880 -1.210966312 0.489208558 -0.026567919 0.142543641 -0.191586269 0.329568351 -1.128521541 1.210660115 2.090854257 -0.366723210 0.801590452 -1.025134665 -0.627269031 0.254176766 1.142030855
-15.935046422 19.820409330 -3.047929558 -0.254679405 -0.127046248 0.890005087 -0.356214258 -1.413385286 -0.054306243 -0.687825676 -0.637572307 0.394076255 -0.391775589 -0.282368734 0.583437136 -0.217367821 0.273984814 -0.873629338 0.293961116 0.280048776 1.568637592 -0.410157817 -0.223720981 -1.636053451 0.389966144 -0.879637496 0.109842459
-10.550430362 16.625001633 -4.257391773 0.339174280 -0.285494005 -0.566261597 0.694839395 -0.193734337 1.306949986 -0.512260902 0.126135631 -0.345730147 -0.430138025 0.717193585 -0.914670578 -1.616648283 -0.561261060 0.196746265 -1.281797716 -1.582144876 0.253823475 1.241894914 -0.270832230 0.710145587 0.617414761 0.795534574 0.537531308
-17.444954826 11.561644048 0.030015181 0.486263979 0.668366625 0.544707300 -0.141870908 -0.972344958 -0.666714958 0.421387007 2.429344787 1.573519720 -1.037616688 0.353099900 -0.071898498 -1.310347845 -1.074264522 -0.096525015 -0.854265170 0.629597589 0.819568621 -0.105327867 0.674805497 -0.186103210 0.907048806 1.699994560 -0.949351705
-18.565071100 10.689848158 -10.358514943 -0.578037740 -0.199789586 -0.029230216 0.790633978 0.595982432 0.827774900 -0.179880568 0.456992864 -1.066301658 -0.788227460 -0.062888080 -0.293196255 0.753016124 0.395442066 0.019300567 0.733801968 0.103814913 0.471554433 -1.341290414 -0.986475523 0.628118296 2.434354405 0.198210874 -0.478038292
-23.739519902 18.047648507 -3.329262243 0.403539168 -0.134793602 -0.680679118 0.596374683 -0.416253272 -0.455096119 1.035967922 1.198812040 -0.023875792 -0.725593147 0.050189302 0.104539972 -0.271691214 0.474512316 1.291161096 -1.061580602 -1.512149382 0.182146092 2.261666725 0.651246414 -0.222346184 -0.345860814 -0.045703352 -0.446173427
-23.498294081 11.685085941 -9.508963931 -0.191268432 -0.905712655 -0.296221327 -0.235274092 -0.286915588 2.542145103 -0.063961143 0.067931191 1.008048329 0.170147326 0.597438074 1.155916280 0.484815582 0.259501311 -0.397695690 -3.144042680 -2.056957267 0.032403703 -0.811275563 -2.794894362 -1.750004357 -0.437222984 -1.774967028 -0.558945885
-16.471083593 11.602583923 0.140814445 -0.589533388 -0.750091982 0.019393020 0.299059047 -0.123141657 -1.249802543 0.490786917 -0.136684444 -0.129184990 0.973367758 -0.011440185 0.189491760 1.977121144 -1.080858784 1.413754052 -0.871788375 0.086947656 -1.431617146 1.154566589 2.237572360 0.913316967 -1.250433537 -0.121787385 1.120853650
-24.888333673 15.332483458 0.795670771 0.819974319 -0.110031836 0.340851413 -0.446492358 -0.284993421 0.685108825 0.195359603 1.201102514 -0.617252344 -1.536309803 -0.242136708 0.961997838 0.371845903 1.342341686 -0.097569351 -0.695439197 0.079631632 -0.021324844 0.463210471 -1.184738557 -1.965091837 -0.115965805 -0.535297902 -0.072036059
-23.001303094 13.490336647 5.537736757 -0.740083776 -0.353750650 -0.556262476 0.133073435 0.058108780 -0.803410720 -0.755469971 -0.725697454 0.441018689 -1.176178985 -1.841587546 -0.286043564 -0.138798852 0.247836848 1.599330546 -0.165043097 0.635472405 -1.704958121 1.786550500 -2.501402183 0.167527992 0.871540308 0.118433627 2.053706320
-18.091087123 14.064752198 7.163761285 -0.686308145 -0.213924433 0.369096996 0.589054220 -0.368040116 0.074392231 -0.771086723 1.376153402 0.326406497 -0.967958293 2.639766488 0.785891371 0.421902018 -1.267847221 -0.618373327 -0.409914646 -0.958755552 -1.600567151 -0.950831574 0.789471399 -1.183290433 0.086772631 0.203028461 -0.228867814
-14.095758385 15.663414187 3.618254228 0.350323204 0.073517877 -0.452575338 0.816727823 -0.546963901 -0.013222627 -0.913927950 0.163598372 -0.011382439 -0.518864347 -0.858032451 -2.262260598 -0.224676155 -1.072558944 -0.440588263 1.147793090 -0.428783150 -0.051537570 1.198427466 -0.307751231 0.600041361 0.160433358 0.203030995 0.370370334
-24.467008617 4.279355691 1.068033528 0.101759697 0.122245913 -0.366389739 0.916765761 0.145035225 -2.152276785 1.368638268 0.355573850 -0.297924594 -0.584735467 1.150886966 0.682032319 -1.494558259 -0.162573310 -0.458546238 1.360218615 -0.714570427 0.641549794 0.750062748 0.152090596 -1.072437447 -0.186612521 0.852639745 0.536306925
-21.791210644 16.637018229 -2.183267128 0.016789574 0.358394280 0.820590614 -0.444862556 1.265399414 0.903084674 -2.225866468 0.797679290 -0.510637702 1.970371936 1.356188519 -0.023263564 -0.315895663 0.291140041 -0.002576921 -0.627197893 1.114017197 1.712472399 -0.538099766 1.241278275 -0.700844714 -1.651928244 0.925301815 0.421566220
-12.821484659 6.540466171 3.909819886 0.301671795 -0.111290585 -0.336569453 0.885059059 1.206367735 1.591968116 -1.693513100 1.373753087 2.196542070 1.957646645 -0.535799239 -0.708406155 0.409906315 0.646793444 -1.479519883 -1.181587323 -0.556728063 -1.072589662 1.134214761 -0.845816144 1.327896408 0.751522240 0.176616184 0.310331546
-11.423666853 13.087553486 -0.769661487 0.534830459 -0.482515232 0.039162602 -0.692532831 -2.217148730 0.906491395 -1.049172944 0.430159091 -0.452444483 0.862181113 -0.568468529 -0.955334594 0.781756616 -0.735841681 0.986465437 -1.404911741 -1.063175381 -1.672339236 0.334068411 0.020072490 -0.999103056 1.017944452 0.015039937 1.038340137
-15.429302943 14.306824976 -8.317334292 -0.465408875 -0.643205631 0.320204570 -0.516865677 -0.132627944 -0.144814034 -0.096039084 0.430870391 0.708285726 -0.400327808 0.230942185 -1.175043424 -0.142425818 -0.914472412 1.018415576 -0.020906977 -0.494685714 0.453857317 1.780692495 -0.160514396 0.492295940 -1.273836932 1.029312875 -0.303758573
-21.739858331 13.142256989 -4.424110073 -0.781401007 -0.584092719 0.216873665 -0.034842150 -1.743328634 -0.155281382 1.579914503 -2.101313649 0.213450675 1.138520624 -0.364866068 1.920677614 0.928258960 0.582059257 -0.410863678 -1.228739952 -0.891458683 -2.396435916 2.310068671 0.775936755 -0.098744682 -0.071333656 -1.092759019 -0.066381035
-24.088414625 4.498289928 1.418452526 -0.835918839 -0.468217096 0.088972957 0.272206279 0.478694212 -0.699313774 -2.327346675 -0.146042033 -0.335164964 -0.027587799 -0.116438995 -1.057963992 -0.532646365 -0.110001344 -0.343788667 1.912501285 -0.489916318 0.000994671 -0.100244388 -0.179675747 -0.008657896 -0.583896216 -0.347702010 0.743700321
-12.235813442 16.446351364 3.174229936 -0.815370132 0.448158249 0.347866121 -0.115390181 0.927054575 0.016272635 0.654961014 0.535068464 0.838936466 -0.998935601 -1.712267708 0.192624944 -1.569462384 1.122018471 0.420766129 0.094607747 -1.080534588 -1.210893433 -0.730135572 -0.671671941 1.952411306 2.274435813 -1.241239074 -0.378810458
-13.643014301 20.131049463 -0.815973297 0.018712769 0.392299764 -0.652595502 -0.647973640 0.151846543 0.619771492 -0.183962294 0.492074637 -0.475891032 -0.247439701 -0.092869353 0.027815003 -0.948099923 0.855189548 -0.696545428 -1.634363674 -1.292974642 1.523490638 -0.416811101 1.091919521 0.801077752 0.564645963 0.099768070 0.021386473
-21.079916171 16.800318162 3.774695895 0.699856035 0.069971504 0.589401219 -0.397381078 0.324875445 0.566248741 -0.746422596 0.857597570 -0.578875986 0.270584005 -1.126903948 -0.453915396 -0.375991599 -0.030565216 -0.990123655 0.618409957 0.444720401 1.707443678 -1.057800998 0.498854776 -0.632876532 -1.201732465 0.859517648 -0.140174825
-15.797690364 9.824040717 -8.656617210 -0.401894533 -0.774896594 -0.265405512 -0.409360436 0.835588053 -1.416198193 0.661324793 -0.856482587 -1.758464789 0.543186142 0.695551865 0.259248834 -0.345144190 0.798629207 0.144550728 0.674548429 0.483350373 1.138288551 0.822305885 1.776458030 0.245483003 -0.380066437 -0.275664083 0.082542863
-14.178301511 10.757619173 -0.646427246 -0.608590409 0.544596212 -0.325094519 0.476808383 -0.535447881 0.187434511 0.970561024 0.966091632 -0.548372926 -0.197967428 0.829478254 0.164619568 1.874433785 -1.779981937 0.411428092 0.062790472 -0.261168671 1.109901988 -0.311744054 1.604887021 -0.565255571 0.211981789 -1.967444094 -0.088833743
-22.949357403 17.713345503 -3.525329455 0.070773606 -0.696283536 0.298730373 0.648799274 0.421914399 1.275335676 -1.338550237 -1.046004226 0.348082064 0.488614950 -0.745980219 1.383992855 1.084423363 0.234686006 -1.295681742 0.464582154 1.255731146 -0.736115868 1.438678894 0.817214154 0.256219300 0.764508106 -2.263719543 -0.521621260
-20.680058010 14.117843202 -10.582510630 0.427736000 -0.812841836 0.339046924 0.203413980 -0.724529178 -0.262655613 -0.234852595 0.984254197 1.143684248 -0.367058062 -1.062496567 -0.812995477 -0.750671240 -1.276666460 0.525876320 -0.121134280 -0.130499974 -1.860988192 0.779297086 1.031288578 2.218199139 1.198917944 0.755812116 0.064661161
-24.186156343 13.882328720 -1.743512367 -0.020792746 -0.828050074 0.250380502 0.501208879 1.483196452 0.438002992 1.164788293 1.116686825 0.263315833 -0.546858630 1.579735166 -0.196657259 -0.304324067 -0.462720102 -0.229191096 0.622944690 -0.586095064 -0.034482309 -0.124486097 0.446294350 1.282240327 -0.646413743 -0.421499807 -1.791635521
-24.609706362 13.878722379 -7.211866624 0.557748048 0.235691688 0.501777572 -0.617726324 0.276634649 1.971939029 0.257270011 -0.233394454 -1.475548853 -0.124604180 0.578304653 -0.716372139 -0.746455767 -0.785462713 1.115647702 1.882543774 -0.070132707 -0.051853828 -1.418882607 -0.213122134 0.026412520 -1.525597174 0.137953360 -0.095982984
-16.354808657 9.685795114 -4.139485827 -0.821427360 0.100095894 0.548542320 0.119746514 0.094707795 -1.063482317 -0.789696708 0.497011166 -0.986363453 0.084837123 1.930201230 -0.528166436 1.047401156 -0.041658022 0.447834702 -0.658656931 1.244057657 0.972231333 0.170714287 -0.595138045 -0.888620823 0.276791989 -0.214867413 0.744293525
-19.065847862 16.368190410 4.602938929 -0.766510234 0.574716796 0.046318997 -0.282873143 0.795947263 -0.674031313 0.369585216 -0.183774914 -0.825687494 -0.753222088 -0.896499883 -0.572262339 1.932090582 0.158901947 -0.071335617 0.825114320 2.228126274 0.557200051 -0.889264968 0.236806816 0.854812574 0.790085510 -0.172984313 1.691227805
-24.688088720 11.200673763 -0.724296320 0.420877265 0.228643581 0.098322905 0.872305593 0.408303674 1.064506259 -0.211332810 -1.058659656 -0.444909312 -0.627377564 3.250180661 1.161540490 0.578637675 0.450774690 0.674809823 0.937364470 0.333672209 -1.380017331 0.109129316 -1.077729396 -0.306952612 0.407555391 -0.778579086 -0.598029587
-20.234714086 4.298330032 3.819434871 -0.039391460 0.662942478 -0.585491921 -0.464924504 0.821639495 1.037158655 0.176296885 1.081643207 -1.891042397 0.207641004 -1.092186770 0.910007190 0.714126656 0.631714794 0.612904338 0.806211902 -1.316208354 -1.485668619 -0.967713838 0.435010333 -0.831163300 -0.914409849 -1.432221597 2.722152459
-19.917346844 8.545879921 0.613839778 0.142147945 -0.258031114 0.863649376 -0.409052150 -0.821520954 -0.148907799 -0.477877110 -0.691363276 0.339476285 0.881810678 0.374871246 0.572437798 1.150746043 -2.260412013 0.583204985 0.248464161 1.280516646 0.064977264 -0.815149276 -0.481689152 -0.175113203 -1.640715512 0.077486602 -0.197624738
-19.996376533 20.459117022 -2.530713199 -0.337997952 0.202508981 0.688800274 0.608524182 -0.252401536 -1.634108489 0.526805755 -1.195528152 -0.358469360 -1.196914627 -1.606526613 1.548081952 0.365258344 1.209911438 -2.121779004 -0.670885666 -0.053155988 -0.339767197 -1.095364541 -0.129019247 0.577201125 -0.095676565 1.686447688 0.819521201
-26.497603768 10.790269840 2.620057413 0.510164214 0.393439478 0.240468405 0.726025342 0.479498363 0.026495003 -2.704091898 -0.467058801 1.697071086 -1.199900511 1.278669100 0.722401298 -1.537082015 1.024213672 -0.625887458 1.173776099 -0.371628386 -0.652098173 1.150033616 0.248163428 0.398607602 -0.521407699 -0.253955915 -0.284402866
-15.018878076 18.957260468 -6.847603080 0.268391402 -0.562056468 -0.539845214 0.566238224 -0.283179924 0.165389284 -0.583056997 1.541204817 2.040240525 -0.009368868 -0.384233100 0.615014437 0.549059379 1.037193797 -0.101769417 -1.748947348 1.286023015 -1.705911873 -0.053739149 0.417708764 0.819174122 -0.924548476 0.491955746 -0.227990487
-27.341596164 14.603644331 -3.554972783 0.469514841 0.814293073 -0.131121310 -0.315102853 -0.021488717 1.350565786 0.181223070 -0.706257896 0.161315611 0.153857992 -0.613958096 0.398022126 -1.246356924 -1.735926156 -0.389894014 1.083653607 -0.376463975 0.742227454 -1.108336128 0.564560160 -2.048371342 1.430090779 -0.232885369 -0.226154577
-15.214486814 9.899887071 -1.144396819 0.305558676 0.075921249 0.898307513 0.306453049 0.289349293 0.078559046 -0.635880338 -0.055197803 1.598934756 -0.514392850 0.352268466 -0.439983445 -0.466001799 -0.075917219 -0.778157334 0.334896368 -0.091248014 1.430154967 0.537299772 -0.772423390 -1.550278585 0.603658952 0.535563904 -2.446486112
-24.051019755 18.110132337 0.341414811 0.509747833 -0.103100316 0.848165848 0.100708322 0.217670819 1.125010190 -1.615031167 0.708963886 1.128502198 -0.185519540 2.765297061 -0.096711616 0.329807034 0.274330102 -0.065490590 0.389160508 -0.559239685 0.435377837 0.198770606 0.528519939 -1.113276967 0.451828596 0.015541782 -0.322411086
-22.598768174 10.472649103 6.478583534 -0.934261742 0.327024851 0.142038360 -0.005903263 0.992365420 -0.815057553 2.386378774 -1.297283570 0.580850686 0.509519944 -1.689630087 0.402884114 0.701984291 -0.205288472 0.146012944 -0.677514450 0.380142634 1.508949195 -1.196084213 -1.269851495 0.198538995 -0.313909681 -0.434369362 0.554066432
-22.891397518 6.344375231 -4.315155582 0.195960228 0.449805511 -0.466705978 -0.735839738 0.148114204 -1.536466144 -1.221649076 -0.553297961 0.399308295 0.133735265 -0.732174662 -1.649418336 0.994536174 -0.489030863 -0.703158613 1.005535755 -0.403099572 -0.383943148 0.804737655 0.364654350 0.095468385 1.168190103 -1.352372202 -0.356099193
-22.583906851 19.969324653 -5.589870450 0.329253370 0.842733265 0.075086227 -0.419231346 0.206897676 -0.852130533 -1.711491985 -0.858054690 -0.750271806 0.493820235 0.374096342 -0.354740556 -2.188946890 -1.178707185 0.668268134 0.409778550 0.682655516 -1.830265694 0.953797891 -1.056443174 1.927660897 0.496717795 -0.151383544 0.565532517
-11.071916540 7.374954388 -6.160933717 -0.516233637 0.376098387 -0.036046639 0.768604889 -0.383610066 -0.960923940 0.041327426 0.329997022 0.231378685 -0.065012076 0.988397988 1.733840428 -0.623545489 -0.312458209 0.070279859 2.234152918 0.528599596 0.762643814 1.416927976 1.782136211 -0.034320682 -0.340936103 0.130376549 -0.132678590
-12.134568756 8.797548442 3.850080125 0.369864672 0.423490614 0.591030179 -0.578393596 0.079983128 1.115067124 0.159697662 0.086271052 -0.077180679 0.221880617 -0.845296210 -1.307437683 0.617235685 -0.802360393 -1.452660183 2.560685733 0.017041850 -0.509032977 -1.140813883 -0.156857281 -0.594330091 0.276122954 0.591739716 0.770059085
-15.489871478 15.744669628 3.207271225 0.408198024 0.010368359 0.282465932 0.868032181 -0.074156762 0.166814482 -0.719503460 0.529164000 -0.799854677 -1.581748362 -1.414434821 0.502893827 1.191717577 -1.355196357 0.112061996 -0.635081201 0.090666531 0.475327625 -0.753178910 0.271782848 -1.072699742 0.824245860 0.586926342 0.047542624
-21.055987855 11.260516206 4.905843815 -0.907081897 -0.094470916 0.390993431 0.124104052 0.477838789 -0.503778830 0.853670407 -1.216347671 0.257845099 0.471401042 1.481828440 1.721193209 -0.764067373 -2.116699403 0.702805245 0.223420504 0.160343777 -0.937812291 -0.939629170 0.273609832 1.334389725 -1.011550177 -0.053171329 -0.894307301
-21.331020274 4.387319041 -6.156679428 -0.872893813 0.429032029 0.146715964 -0.180173067 0.785213829 -0.398059725 -1.226489104 -2.976414615 -2.093104216 -0.311960661 -0.530317733 1.028270617 -1.445898449 -1.001121978 2.076020427 -0.279667997 -1.413110268 0.916734245 1.546199273 -0.404648132 0.341083124 -0.622030135 -1.196304145 -0.696567241
-20.702239229 15.454640645 -7.069015720 0.536616177 0.839289637 0.011590885 0.086611981 -0.597393548 -1.081592766 1.399549028 -0.537168651 1.243840103 -0.702666443 -0.757111491 0.223448240 -0.917264071 -0.278913123 -1.515550660 0.251588902 -1.819568960 0.656202328 1.082103317 -0.634530234 0.608719389 -0.285797702 -0.493998171 -0.058034326
-15.369531607 14.224476772 -8.831315494 -0.331193010 -0.201598813 -0.919846015 0.059602151 0.224910872 1.444902127 0.503856626 -0.524677869 0.475702829 2.708491687 -1.619171383 -2.637222500 -0.661218604 0.722585730 -0.517806116 -0.932322766 0.797984065 -1.748902442 0.642335822 -1.934142773 1.160189744 0.313656031 0.246340407 -1.164625166
-19.045622142 18.465867546 2.387495701 0.406027531 -0.680395093 -0.367010248 0.487347555 -0.186860786 -0.530000446 0.173115070 0.433998182 0.553539427 1.323345660 1.209584444 -0.160722745 1.153275628 -1.295408502 -0.611562630 -0.533543411 -1.829536825 -1.382215940 -1.326806965 0.152985416 -0.827826013 -0.593302130 -1.025238476 0.092905956
-10.645322107 13.793780753 -5.787678987 0.027035576 0.725021868 -0.022175015 0.687837653 -0.239555951 -0.422739624 -1.897906281 0.326056033 0.879873084 -0.973131120 -0.754013176 -1.025582367 -0.847492769 0.942489627 -0.746261907 -0.835706181 -1.627298269 -1.197218755 0.687695279 0.304699287 0.535491727 -1.210930154 -0.299597306 0.338003421
-20.446812351 12.771382414 -1.567688898 0.353633454 0.776386937 0.076875237 -0.516000874 -0.805070067 -1.000146402 -0.423000444 -0.378025544 0.037149531 1.436995751 -1.478581206 0.254587631 0.929298632 -0.262060127 0.395936963 -1.986416192 -1.050432177 -1.333181541 -1.208966183 2.541893230 1.252138155 -0.160739171 -0.422601881 -1.854738351
-21.057501569 14.214898609 -2.894493165 0.770167923 -0.193129906 0.297537095 0.530107430 -1.073616400 -1.222943762 1.131291600 1.013516233 0.625798653 -0.958008875 1.169179396 0.414694587 0.970058053 -1.542101105 -0.000855388 0.726357955 0.065777667 -0.403963074 -0.519336413 -0.592313434 0.884718345 0.379931227 -0.822972717 -0.561235725
-16.711535274 16.969308918 -3.765492839 -0.702040797 -0.176687702 0.380330821 0.575559416 -0.169486886 0.830784794 -0.329861305 -0.890285470 0.747639280 1.783552030 -0.532843939 -0.962738064 0.727383445 -0.570377747 0.404893250 0.270845588 0.063385122 -1.040685410 -1.633828417 0.853246815 2.444884582 -0.597013379 1.133286099 1.735495368
-14.762030156 14.450819758 5.590462249 -0.394923016 0.102062923 0.813564587 0.414405157 0.809305665 -0.283267582 -0.771275279 -1.022643519 0.004288754 -0.502659697 -0.996192268 0.224090829 -0.468198436 -0.189567444 -0.085135837 1.368069707 1.114025118 0.125276936 -0.775627391 1.445010799 1.063430084 -0.512894411 0.469829121 0.495474247
-22.055282824 11.274880260 -6.404036305 0.499789040 0.103621133 0.187423091 -0.839253335 0.614666287 -0.627855178 -0.066852337 -1.651082347 0.530711406 1.129770614 -2.814108299 -0.866857062 -2.655380698 -1.074163302 -0.794121475 0.508782167 0.537037875 -0.300809607 0.956872871 -1.246688996 -0.487816612 0.196075225 -1.197174409 -0.433240297
-24.963318079 15.827764680 2.933590237 -0.293283732 -0.836976673 0.071010887 -0.456521802 0.698821615 1.369865285 0.603424982 -1.630554604 -1.864999604 -0.315709805 2.274590301 0.269171379 -1.083347514 -1.409389918 0.394523058 0.524878972 -0.829213739 -0.199906564 0.719830263 -0.801180631 0.042916496 -0.338180525 -0.244846192 0.503037474
-21.837977978 7.525360253 4.038820767 0.873728302 -0.458240545 -0.103317459 -0.126253552 -0.135175344 0.120420252 1.630152623 -0.784952367 0.263190740 -0.034261941 0.850399075 0.211843852 0.919476376 -1.529095434 -0.957503512 0.187961225 -0.571795607 -0.411101312 -2.429394886 0.540738935 0.786276212 -1.723270327 0.506318091 0.623414349
-23.670910505 8.188642521 4.917852993 0.364430776 -0.233616514 -0.618557925 -0.655743568 -1.532111945 -0.209703974 -1.091470600 -1.232552572 -0.510664090 1.435609687 0.857775430 -0.025718328 0.813720963 0.247959050 -0.024827716 1.663087355 -0.329944550 -0.120071785 0.503373529 0.191740598 0.573013849 0.850460300 0.642421589 0.664272329
-14.312304978 11.057173595 -6.697938127 -0.007536768 -0.927220641 0.361307938 -0.098293715 0.962981159 -0.057656288 -0.953785200 -0.279184043 1.166117200 -0.585889128 0.393040990 0.834108573 -0.088162664 0.242302311 -2.443471036 -0.397924722 -0.547398456 -0.701320907 0.185199234 0.818493913 -1.581445163 -1.228903937 -1.225963181 -1.243409584
-12.929365341 9.588838052 -5.654914313 -0.047623550 0.540717900 0.540258487 0.643021708 0.198026789 -0.353828861 0.166690813 -1.898237991 -0.639092675 -2.340325544 1.135292219 2.913172164 0.467450918 -0.301685040 -0.205107298 -1.344205119 0.883260084 1.047046656 -0.587759703 1.227299882 -1.271276811 -1.157056189 -1.553385021 -0.391440236
-17.626310841 6.797051832 -1.905396617 -0.778144858 -0.140817207 0.441055943 0.424418131 0.386819300 -0.114594979 -1.215764604 0.653941357 0.317566635 0.181550576 -1.838158646 -2.195355636 1.203863837 0.470416628 -0.417824551 -0.109371616 0.229008773 2.630658083 -0.184803430 -0.354684926 -0.429271286 1.103379766 1.798029199 -0.386110174
-27.094121036 13.156688639 3.237934472 0.932698049 -0.220759525 -0.278424520 0.061801036 0.744661818 -0.196531483 -1.355783483 0.916475894 -1.428012819 -0.035365323 -0.994744908 0.287948036 -0.045468364 1.113120974 1.549783888 0.124482658 0.031477813 2.406396442 2.001381509 2.007984874 0.942547245 0.855009031 -2.254264833 0.286187743
-19.500676297 16.126620051 4.048976741 0.373161582 -0.026497710 0.822060850 -0.429260135 -0.936883922 0.613350797 -1.224319963 -0.713873007 -1.359397893 0.032130294 0.004636944 -0.601617099 -1.334091730 1.787432197 0.342790838 -0.451431690 -0.814454967 -0.207905810 -0.246823240 0.028900586 -0.899687300 -2.351463283 -1.253107808 0.347630423
-24.890527980 10.951467422 5.958454922 -0.233567355 -0.013867313 -0.939643508 0.249647886 -0.078634445 0.319413196 -0.519111909 -0.171852253 0.740035674 0.111224684 0.266793027 0.803986012 -0.072572541 0.703980930 -0.163139277 2.370536867 0.282999118 0.434318556 -0.329990908 -0.211011547 -2.162397710 0.351001645 0.145007269 -0.971974757
-17.917280948 4.778484570 3.234693922 -0.237191742 0.706133735 -0.508627862 0.431755630 0.817284814 0.308232479 0.022456610 0.546664721 1.191987781 -0.549824602 0.111192119 -0.272577618 0.961012371 -1.139814444 0.883785860 -0.633781688 -0.288619340 -0.270332156 -0.684228349 -0.160780028 1.490887878 0.552056352 -0.421449026 -1.006222428
-16.754137143 20.193701080 -4.279843820 0.228960611 0.939176458 0.255977760 -0.000071879 0.402929556 1.637467450 -0.435277182 -1.753801741 -1.895875776 -1.234478170 0.235172974 1.293002158 1.454968417 -0.546969104 -0.078545038 0.632426785 -1.384366443 -0.936256831 0.119139644 1.050253141 -0.046861840 0.833787403 1.170051328 -1.372475707
-25.659829732 9.305909394 4.188698396 -0.148550803 0.514812907 -0.695104491 0.479301655 0.002314884 -0.799315729 -1.536030522 -0.207147487 -0.226315812 -1.133665347 0.012355762 -0.808020471 -0.270841785 -0.296369150 -0.525954575 -0.727430191 0.643826843 -1.100515115 2.070727078 -1.005773798 -0.480728526 0.258170572 -1.773891594 0.688696920
-15.144349240 14.436357556 -6.093135667 0.849189743 0.299500588 -0.348035101 -0.260859631 0.745530434 -1.003525859 0.761560173 0.691650438 1.487313530 0.270009197 0.216610536 -0.536924534 0.310475872 -1.489625526 -1.551996037 -0.269521585 1.063525523 0.132809413 -1.209373767 0.148304089 2.399040103 -0.225578092 -0.385171633 -0.487820483
