-33.980992126 -1.312342119 -22.256431945 -0.215550300 0.504146150 -0.829136792 -0.109118774 0.017554636 0.717011820 0.579869872 1.231330380 -0.837151010 -0.533905825 0.191914684 -1.429058767 -1.834330332 0.570737764 -0.204183319 1.605207396 -1.360427601 0.665891830 0.043948179 0.242180629 0.684523863 1.234201211 2.536967415 1.623870439
-24.786260283 -6.112511740 -13.914886771 -0.012965633 0.738228692 -0.521874817 -0.427196636 1.752222377 -0.645837830 -1.624020410 0.222781335 -0.208867755 -0.675060163 0.303792245 -0.485753534 -0.392261125 -1.263870629 -1.352276332 -1.307848529 -1.877525693 -0.303326963 0.107015374 0.295856977 1.213580753 0.167960276 0.979185498 -0.907677737
-31.564998094 3.564016132 -16.673415009 0.013725251 -0.978948601 0.122809636 -0.162447060 0.234416073 0.262894664 -0.803579338 0.600565633 -0.696619169 -0.605797347 -0.372213084 0.451653835 -0.700556956 -1.343694448 0.090951957 2.371560075 -0.493762561 -0.203553358 0.105173557 -0.225205108 2.225156232 -0.680026555 1.649636904 0.422524159
-33.006188016 -0.895089814 -20.570533938 -0.238996834 -0.927043847 0.137226165 -0.254242400 -0.496106788 -0.832096835 0.730399951 0.190000166 1.168089087 -1.383632543 -0.613101551 -0.323889390 -1.215983441 0.318736032 -0.858051722 0.012990108 -0.356127455 -0.151068461 0.814585433 -2.174244046 -1.122505694 1.252582596 -0.196006230 0.941343955
-27.550248788 -1.988891167 -10.121443283 -0.647696701 -0.193761365 0.642792478 -0.360226800 0.425962959 0.521825371 0.107099736 -0.013685437 -1.251889105 -0.587176349 0.468864133 0.308981511 1.248737967 0.645495128 1.138608524 -0.963080677 -0.596268424 -0.339538126 0.239261505 0.326312346 -0.485333255 0.615766780 0.092970600 0.200737091
-24.806918660 5.288341223 -16.362083899 -0.972606714 0.202438315 -0.110973161 -0.027200472 0.404661782 -0.303690970 -0.327305590 -0.288912881 -0.474403594 -0.893240090 -0.287610599 0.304371099 -0.359417583 1.516879830 -0.746742253 -0.631031410 0.208081401 0.618293550 -1.332017891 1.219750413 1.817109142 -0.140208819 -0.608332698 -0.222814192
-27.506758189 -4.792585003 -19.419522815 0.013730916 0.847492853 -0.179099281 -0.499490514 0.074793015 0.185764838 0.399592333 -0.566331918 -0.229033349 0.820678903 -0.135739899 -0.945770272 -2.353154135 -1.019392465 -0.324273979 1.240804474 0.878020833 0.476768598 1.572013197 0.149289499 0.379397824 0.826363942 0.366671424 0.083754751
-29.883445831 -8.008470682 -15.229214480 -0.737277577 0.513861676 -0.139424430 -0.415847064 0.497104961 0.808809210 -1.085787680 -1.981734399 0.321469968 -0.157626152 1.300828683 -0.178020021 0.151330896 0.125617324 0.406539061 -0.491512844 -1.524892125 0.280286405 -0.267584903 -0.062513662 0.057124078 1.793062656 1.310894381 1.047262555
-28.563950616 -8.834909551 -11.516141175 0.307669095 0.887120925 -0.042000706 -0.341455902 -0.206932529 -0.970492003 -0.205046697 -0.245744654 0.318446712 -0.550466020 0.526352882 -0.745817075 0.631980049 0.733879951 -0.002835603 0.141266867 -0.118168954 -1.464092797 0.784829271 0.865589613 1.146022681 -0.111615975 1.281805333 -0.816048660
-33.150029479 -3.275848686 -15.227121040 0.828612752 -0.263984823 -0.428078093 -0.245890355 -0.269600405 1.315389861 1.606503624 0.071022719 -0.094872168 1.999625499 1.770281477 -0.144582802 -0.665510714 -1.500789312 -0.765143725 -0.307537171 -1.116129156 0.243810674 0.351042847 0.464112826 1.677865965 0.455205606 -1.114131646 0.706190927
-26.143549368 -3.181310545 -13.438827795 0.217337488 0.733679717 -0.614786490 0.191091759 -1.048108649 0.333708637 -1.523795376 1.196782412 -0.963570069 -0.151162197 -1.698609194 1.649067645 0.962272626 1.099244983 0.062319751 0.164849234 -0.743273790 0.139699418 -0.709936679 0.311924025 -0.141085945 0.103651548 0.628736861 -0.313518044
-30.413569952 -8.705425886 -19.799993892 0.872230989 -0.318531497 -0.209162362 0.306597282 -0.425566029 0.570515588 -4.179490317 -0.641330539 2.393464579 0.444332126 1.058741249 -2.555026302 2.095860643 0.306840140 -0.018113398 -0.176852204 -0.842045219 -0.636559204 0.052492888 -1.025006930 -0.360091965 -0.932467032 -2.746913970 -1.055536931
-21.855764927 -2.964070870 -18.879756413 -0.260260771 0.777893309 -0.524906915 -0.227198289 0.440197763 -0.669199542 -2.116926695 0.165025085 0.439826606 -1.693377682 -0.170722713 0.171521132 -0.864287864 -0.890565246 -0.307466815 -0.534547462 1.487703625 -0.587785648 1.344715767 0.328450249 -0.368596666 -0.342023013 -1.269787891 0.221585163
-34.418215137 5.425969936 -14.007927253 0.230674598 0.693537137 0.459505622 0.504628628 1.094589212 -1.440982404 0.822516565 0.527926004 0.576270569 0.873660370 -1.121356499 -1.988664128 -0.953899921 0.595589222 -1.026724663 -1.974493519 0.800142358 0.122995344 -1.391277276 0.211587973 -0.641600433 -0.237218585 1.415840960 2.108277612
-31.027785215 -2.492089613 -23.834210933 -0.419655288 0.488146809 0.427064434 0.634994568 0.179380397 -0.093042307 -0.968982102 1.751103609 0.441204090 -0.612503343 -1.156081275 -0.070055304 0.787890105 0.648922969 0.082311464 0.339639120 -1.621342993 -0.828903047 -0.510633444 -0.689894819 -0.219789963 0.824411905 -0.742678829 -0.055045862
-37.862190239 -0.232678580 -15.221056293 -0.534638004 0.103873886 -0.144067562 -0.826206366 0.644025056 -1.668891407 -0.801677604 -0.600178061 0.202466296 1.428600878 -0.109080108 -0.983427793 -1.145421600 -0.614231970 1.739338549 0.334381111 1.061253955 1.195969207 0.923095108 0.167298285 1.226329056 -0.463626692 -0.413494639 -0.148145706
-32.759988215 5.743300505 -23.211096823 0.149372373 -0.874040123 0.294156121 0.356670625 -1.273611011 0.539879381 0.998489710 -0.229637607 -0.163895144 0.058503565 0.606702255 0.723528650 -1.200334523 -1.125322431 -0.890760920 -0.588293643 2.557075583 1.016260956 0.564062468 0.697879784 -0.254174937 0.300509030 0.629584103 0.042352819
-38.104219518 -3.352034685 -17.264564692 0.641406030 -0.209829498 0.607164203 0.419429990 0.999515386 -0.893662978 -1.654220716 -0.264714696 -0.299603409 0.756985973 0.297993131 -0.228895437 -0.942482562 0.911826806 -0.129741135 -1.385007917 0.440628012 0.143214412 1.334612781 1.501967881 0.037744756 -0.376431131 0.359085991 0.728870365
-34.350539014 -0.832208054 -12.926097347 -0.807860900 -0.339781556 -0.331459959 -0.349347328 0.227073937 -1.281918338 1.099660083 -1.637359166 -0.563540931 1.375860523 -0.858575019 -0.008708905 0.268136084 1.597977850 -0.080721042 -0.829218230 1.766870842 -0.919680484 1.353952444 0.899925788 -0.372180540 -0.490370676 -0.609273965 -0.234746604
-36.867764990 -3.178886581 -14.776025006 0.469093197 0.869566088 -0.153337473 -0.017146768 0.562136411 -0.204666190 0.924780034 -0.302028183 0.631117640 -0.270208235 0.832508232 -0.615959932 0.472295112 -0.454290344 0.895169120 -0.513649812 -2.902078572 -1.505128339 1.141451227 -0.138254801 -1.870535663 -1.219089678 -0.134075557 -1.231228327
-29.478471135 -1.806894179 -10.047327620 -0.379473439 0.135544971 0.016306482 -0.915074624 -0.414126493 -1.204336096 0.609999032 1.691265762 0.162084594 -1.042647326 -1.694641228 0.731645836 -0.810599047 1.168290092 -1.061362251 -2.321325335 1.180751194 -0.759452029 -1.407306463 1.210503049 -2.203774337 0.375549178 -0.467365209 -0.501717208
-27.393373643 2.542185894 -14.724853140 0.053912101 0.324388297 0.695349650 0.639026277 -1.203957132 -0.171247454 1.253032050 1.033969464 1.434610507 -1.230531311 0.202445056 1.633714593 0.018273454 1.439439479 -2.002573698 1.160058823 1.566965460 0.909456176 0.879682638 -0.505901776 -3.131762813 -1.419867611 0.182318225 2.239631617
-30.509481410 3.155712393 -23.937954695 0.559012068 -0.369951064 0.741268638 0.034095820 -0.212191937 0.386026502 -0.566778998 -0.925207917 0.377614640 -0.670806127 0.130474855 -0.275767332 1.379067898 1.450503601 -1.392313702 0.600848342 0.003591275 -1.418425275 -0.231448739 0.170983334 0.301150637 0.430547521 1.400389704 0.620326319
-32.945145593 -4.238750541 -12.856600303 0.468498713 0.776256996 -0.380575032 -0.181924924 -0.316669218 -0.747351901 -0.372274080 0.849434035 -0.153539866 -0.682686424 -1.078680472 0.065136350 -0.266514355 2.416484006 1.949684289 -0.647257581 -1.581704556 -1.918552901 -1.545189665 -0.478606703 0.335247195 -1.345781440 -1.059105946 -0.928427202
-27.837773132 6.597332511 -22.555944768 0.781300738 -0.406041880 -0.017182107 -0.473712913 0.293188990 -0.346839145 0.170150819 -0.796511475 -0.936687218 -1.072832833 -0.138694569 -1.020623079 -0.011854759 -0.348115159 1.435923353 -1.001281086 0.354607350 0.607255533 0.171524875 2.087234297 -0.223939628 -0.332875090 2.255484250 -1.566921908
-35.916751240 -5.438161783 -15.329285826 -0.283328138 0.274768634 0.909156749 0.132896082 1.822202834 0.147148814 -0.663558341 0.788804177 -0.495958358 -1.457901012 -0.315042765 1.389197181 0.163243500 -0.055147442 0.324226092 -1.076486865 -1.822185894 -1.048833018 -2.996988309 -0.010128938 0.829623380 -0.535328803 -0.040803114 -0.094072963
-30.346053216 -7.640377634 -12.728894443 0.116721999 0.941929541 -0.291915353 0.118026016 0.182815229 -0.541309794 -0.023541931 1.384910118 -0.692706906 -0.139355835 1.428091913 -1.525633776 -0.217200508 1.518966806 2.209771166 -0.344746104 0.628573283 0.999603302 -0.436670505 2.787522595 -1.573391216 0.421524497 -0.180868512 -0.242082743
-28.938834609 -4.617655424 -21.969209307 -0.352004496 0.291028572 -0.887528031 0.060738774 -0.920821465 -0.867883856 -1.368316924 -0.382279621 0.944855675 -0.477020956 0.576053571 -0.111353698 0.091252698 0.558522872 0.990268918 0.823121863 1.571360029 -0.158383563 -0.799241021 -1.272171055 -1.374143123 0.568270325 -0.462465368 -1.718131136
-34.066214296 2.595921865 -10.588137538 0.297667018 -0.213639001 -0.845168895 -0.389155834 -0.756113527 -1.008711676 1.301967362 -0.576606383 0.307783115 0.681481978 0.139172622 -1.349196822 0.366732612 0.466865112 -0.239526304 -0.267932155 0.131912806 -1.788037501 -1.303673733 1.049845927 -0.019187322 -0.243026611 -0.284579596 1.649807619
-36.970828787 -7.698781830 -16.937644369 -0.724170943 -0.224728729 -0.423740012 -0.495497574 -1.555984761 1.396596833 -1.305197845 1.263906597 0.885052902 -0.399064878 -0.850609962 -0.319659586 1.560958066 1.403424629 0.057083411 -1.974463299 -0.148353147 -0.665520991 -1.295886369 0.755884990 1.356180986 -0.610741498 -1.016610072 -1.712644682
-22.076946333 -4.280166350 -16.303991722 0.763523738 -0.470526956 -0.295605692 0.329018479 -1.080041306 2.458830753 -0.694501576 0.747406240 0.385020318 -0.123325876 -0.629769858 -0.808484421 0.389448615 0.340349297 -0.344975837 -0.307945841 0.743036819 -0.363718768 -0.220280338 -1.034187232 1.253389413 -0.207806866 -1.353306269 0.068677117
-20.550838109 -2.455959622 -17.204171986 0.739548168 0.376390632 0.555551783 -0.052543462 0.946591013 -1.308213390 -0.864671970 -0.712891681 0.554473166 -0.828976970 0.686390945 -0.331376214 1.188760916 1.313130568 2.011111758 -0.970738057 0.208336881 -0.940093445 -1.067876958 -1.009850877 0.783752378 1.351059209 -0.010478998 -0.010545199
-29.343252290 -1.894375284 -7.560511574 -0.606426874 0.067919092 -0.784032858 0.113692220 -0.956145826 0.062783431 0.752363775 -0.594578026 -1.501196134 0.268952718 -0.148052909 0.699395323 -0.321381416 1.598691418 -0.162367153 -1.881591084 0.377397688 -0.327387672 -1.680325709 0.852975966 -0.214842186 0.740604158 -0.293142429 -1.073072916
-32.020248796 -7.092644222 -15.987551118 0.733637258 0.642258529 0.121461160 -0.185815881 0.661584964 0.625842084 -0.847971348 0.185386291 -0.074977958 -2.633845148 -0.011485735 0.285323654 -0.660092159 -1.210539955 2.026230104 -0.775369925 -0.275319075 -1.110262739 0.213290008 -0.078845618 -0.968434737 2.610501526 0.026103431 1.014456041
-28.808577739 -10.864054429 -15.662552782 0.341414755 -0.663710082 -0.447696886 0.492435164 -0.818323809 -0.429429603 -0.569533779 1.495727596 -1.054608222 1.303273413 0.714339986 1.342815102 0.975968370 0.999865130 2.003202191 1.151523421 0.783530384 -0.699426088 0.136779121 0.955203524 -0.173246330 0.773227434 0.030971817 0.724311610
-35.817499928 2.850324893 -16.027656730 -0.261727200 -0.423271639 0.858790785 -0.121730766 -0.375978811 0.544622668 2.178390411 -0.696769138 -0.486762459 -0.645093681 1.936571897 0.157840953 -1.088799693 0.246270709 -1.305670789 0.628135285 -0.716907743 -0.013243054 1.714588991 -2.639143553 -1.533197464 0.112829075 0.622396251 0.177424474
-33.782863027 -2.318906393 -21.697619497 0.251155877 0.485805510 0.540142941 -0.639655638 0.551931011 -0.638847505 0.228814260 -0.510643350 -1.003544454 -2.002179530 1.918320096 -0.731051879 -0.261961371 0.169124750 -0.329593892 -0.125974037 0.900706280 0.199174356 -0.884347094 0.050435232 -2.420310657 1.094674939 -1.423817970 -0.625455902
-29.945758604 4.734850338 -18.030867142 -0.342232156 -0.023675068 -0.263871709 -0.901492298 0.845952382 -0.703093631 -0.306058567 1.193316707 -0.010695058 -1.542004460 -2.432216473 -0.457103589 1.559378397 -1.146707376 0.497127997 -1.269997707 -1.018961735 0.596119527 -0.386856130 0.984243542 0.687388421 0.454251718 0.108316165 1.533260290
-25.657964396 -8.236514784 -18.419393712 0.435447411 -0.583531636 0.076914307 -0.681146512 1.887889120 0.051088474 0.856693500 -1.747334187 0.732007008 0.358141366 0.786689758 -0.345981172 1.105627427 0.813556321 0.798702684 0.381501855 0.332000623 1.331026779 -0.063762883 0.339338753 -0.876151820 -2.579638129 -0.452146073 1.357548433
-33.347454624 6.660819211 -17.698717592 0.266915417 -0.668839015 0.584518261 0.373830089 -0.404905424 0.540945368 -0.105708457 0.039110545 0.506010004 -0.836710954 -0.247873905 -0.925050092 0.639018041 -0.886373658 0.448230068 -2.023174422 0.283575904 -0.384459123 1.164152158 -1.760122330 -1.791067010 -1.089530867 -0.136314534 0.138004546
-21.037723311 0.597672002 -14.365036868 0.109903306 0.858533938 -0.202297372 0.458166469 1.321325065 0.684748233 0.511762363 0.010604764 -0.620627131 1.937248129 -0.399023938 -2.311318341 -0.235716979 -0.856113950 0.927481387 -0.916895191 0.867266971 -0.347079696 -0.130716253 0.775613168 1.025576101 0.427257693 0.020208779 -1.547228946
-30.160507259 3.344914104 -23.322043192 -0.383520198 0.115363173 0.139423103 -0.905629502 -0.970922569 -0.577321028 -1.126638032 0.191403186 0.615487829 0.740700359 1.084694557 1.707129923 -0.312150488 -0.153077124 -0.143901879 0.978041103 -1.474861178 -0.813487129 0.370612128 0.176274895 -1.143860437 0.077335567 -0.091685430 -0.423659064
-26.086319228 -4.708004761 -22.428239486 -0.485401022 0.727097605 -0.482058922 0.057741804 -0.527140837 0.762086115 -0.415081376 0.418832367 1.087702253 -0.295235958 0.188447158 1.121556141 -0.449335801 0.707644386 0.740578928 -0.948097212 -0.166521460 1.728105552 -0.006754775 -1.149105855 -0.349621131 0.079717850 -1.537368927 1.478066886
-32.358747846 -8.303693587 -13.112795618 -0.837565343 0.292447272 -0.440889954 -0.136289901 -1.537514242 0.915786749 1.977169313 0.297582196 1.783174436 0.216612828 -0.192429068 1.116623906 0.239282466 0.528081074 -1.224507224 0.500120836 -0.169619378 -0.518099597 1.429551041 -0.945224296 0.003420392 -0.390006828 0.331749659 0.125109096
-29.459556839 -0.506661265 -17.055196711 0.143007576 0.183848043 0.853031715 -0.466996385 0.251742273 1.573696160 -1.011521037 1.761833736 0.084117421 1.159455340 0.098127677 -0.293366514 -0.367825678 0.465400733 -2.148243099 -0.201767527 0.934059292 0.016522408 0.189396801 0.036591987 -2.512274862 -0.363310602 0.065024677 -0.484677825
-32.380208914 3.306085276 -15.391954085 -0.626869607 0.771387955 0.101303863 -0.041625064 -0.010651771 0.445333116 0.475949296 -0.756357648 -1.457490109 1.976528024 -1.525155580 1.066538506 1.640463492 -3.097677856 0.956776861 1.701755475 0.471002766 -1.184051816 2.284492530 0.012579853 -0.516060003 0.609895602 -0.531229613 -0.286999593
-27.502509657 2.198190612 -22.195215549 -0.037040173 0.756484362 -0.607878019 -0.238419274 0.142027892 1.414389449 -0.872072887 0.784242864 1.326080037 -1.584347951 0.099725899 -0.058724021 -0.342105965 1.377200114 0.421667357 0.928759600 0.428747334 -2.133695611 -0.902897021 -0.043705410 -0.492161344 1.891284533 0.713701151 -0.578977164
-27.017961130 3.680681130 -12.637276752 0.331513982 0.775077225 0.292436460 -0.451480554 -0.643331247 0.585808572 0.473812730 0.919077706 0.836847934 0.360178624 0.067956223 0.965039229 0.164349278 0.972643885 -1.174623481 -0.428003909 1.309109077 -1.121536461 0.450858134 -0.546677704 2.182235563 0.476267541 -0.640498907 -0.700580610
-28.970338510 -0.376898954 -15.915621339 0.177230539 -0.493784934 0.799778069 -0.291754716 0.915940523 -0.667805002 0.915327778 1.034579756 0.336116020 -1.178848401 -1.081903843 1.565207913 -0.708586656 0.383035540 1.854212143 1.176533337 -2.201760439 0.744556963 -0.279591814 0.846500896 -0.642667712 0.421814954 0.870158166 -0.069214548
-33.219781449 7.735076299 -18.756929471 0.122962287 -0.085367464 0.430129929 -0.890270137 1.809723111 -1.712033436 -1.319955102 0.622188305 -1.703905846 0.937733751 0.652639649 1.306084939 -1.862912909 -0.558714540 -0.423868338 0.807172618 -0.539401654 -0.581566347 0.803993096 1.705046062 1.575492885 -0.445045113 -0.479056933 -0.277571077
-24.733335589 3.867454469 -11.712221927 0.159611154 -0.381992763 0.249256337 0.875486771 1.000247713 1.675624451 0.154342543 -1.164153556 1.703698593 -1.210420056 -1.679736513 1.266738464 0.070909656 -1.379133809 -1.251338828 -1.007709047 0.025468514 0.298729522 -2.418788726 1.280575573 -0.068617926 -0.122068893 -0.338775837 1.473440808
-32.427985812 3.346646098 -14.020560863 -0.542993402 0.047050000 0.450915614 -0.706837726 -0.119607238 1.240614736 0.080822830 0.242692366 0.560837778 -2.017051372 -0.618209652 0.612039467 1.026061061 -1.385782376 -0.954100577 0.173267127 0.260764987 0.991023408 1.485407414 -0.652667023 -0.410928566 -0.577920856 -1.747066310 -0.038641192
-23.020026290 2.149652125 -19.867386327 -0.014604537 0.386381755 0.804746949 -0.450420021 -1.729971727 -1.723095389 -0.342807022 -1.143300754 -0.007909806 -0.237474280 -0.132027965 0.426176516 -0.686594499 -0.643258771 0.640444122 -1.137341491 0.802293600 0.808389757 0.853007924 0.781350249 0.028013238 1.076979080 -0.947495456 0.272149220
-30.776808144 6.132361199 -16.722700120 -0.493986223 0.590152840 0.534351505 -0.349522111 -1.045098155 -2.119166750 0.200875378 -0.956296684 1.032586703 0.129642729 -0.587324994 0.204026311 -1.301860679 -1.075823066 -1.989562818 -0.003826939 0.837965672 -1.204238132 -2.277378337 0.790429062 1.067368255 -1.552455885 -1.186089623 0.257564337
-23.134034107 -0.447468760 -14.417636188 0.674037915 -0.623368861 0.353901741 -0.178431251 -0.755515011 0.365251365 1.652569451 1.548921571 -0.181612463 0.496437046 -0.578635284 -0.800330280 1.373680093 -0.833484429 -1.189529562 0.876842802 -0.381905587 -1.097083171 -0.061560934 -0.317617167 -0.019369413 0.254055682 -0.094329877 -0.175025283
-34.803386246 -5.005160271 -11.982736582 -0.107603386 0.791498453 0.594199027 -0.094229650 1.484628238 -0.034716560 0.105750199 0.790665823 0.821222870 1.353387104 -2.507758171 -0.852849503 -0.306281739 -0.110112450 -0.174760800 -0.504958041 -0.828728082 -1.664570556 -0.445249062 0.190339107 0.153157261 -0.040173817 0.620669165 -0.550983956
-38.095897022 -1.746216070 -20.075782729 0.251844680 0.249396981 -0.234574408 0.905179678 0.507763439 -0.021618039 -1.400611596 -1.077689580 -0.599388999 -0.329896818 1.562425768 -1.195640938 0.515247469 -0.705667614 1.275590844 -0.047893002 0.614948558 0.226560151 1.214189510 0.945526561 -0.693849371 -1.220472969 0.503356519 -1.405955716
-33.757356538 -5.767720003 -21.847138970 -0.258485198 -0.367210527 0.426569565 0.785098871 -0.250986264 -0.705238632 0.665040190 -0.474341573 0.189010596 0.195539872 -1.644135983 0.815810205 1.952831584 -1.516196533 -0.394586538 -1.419917111 0.862932852 -0.153047056 1.271940769 -1.892297281 1.853133769 0.769126926 0.393105072 -1.580993030
-34.408665115 -8.931524426 -19.165788057 -0.170801857 0.097177214 0.028519782 -0.980086699 -0.450223220 -0.925461751 0.066662299 -0.089657350 0.694547236 -0.999748235 1.339027666 1.251835731 1.310309476 -0.484060627 0.250401885 -0.071169983 -0.985859862 0.238724822 2.147131590 -1.585399324 -0.867351617 -0.039844678 -0.038080434 -0.172505423
-31.273419683 -2.523120288 -11.841450045 -0.879554858 0.424103438 -0.074655092 0.202351534 0.252268707 0.687580387 -1.662732962 -0.834738384 0.231085201 0.353847397 -1.059024873 -0.298052382 -0.138599007 -0.041546789 2.428664659 0.476954816 0.854294216 -1.127062007 -0.379930762 0.407054194 -0.369830440 -1.258980154 -1.467151221 -0.301804869
-38.008923633 -0.661606914 -23.386342734 0.342086344 -0.635002248 0.630926005 0.285799677 -0.902133107 0.439768315 -0.498983620 -0.652815131 0.188240058 0.609143701 -0.162645240 -0.950262352 -0.665335068 -1.545817071 1.535592857 -0.383778188 -0.383817620 -0.616960118 0.204918122 1.179791626 -0.647535339 0.247272282 1.044698412 -0.717386568
-27.142611904 -0.375797964 -19.231165981 -0.419680017 0.602885284 0.132012073 0.665560538 -0.759037831 1.203567840 -1.542832171 0.177026006 0.409123802 0.176248024 -0.775881058 -0.805612029 1.215232896 0.523494737 1.219657930 1.603481140 -0.159179111 -0.315492609 1.181332114 -1.161319675 0.955142801 0.364517842 -0.109228933 0.877018310
-37.815136048 1.921739559 -20.619311239 -0.102710365 -0.686248048 -0.676005322 -0.248054433 -0.188665939 0.157536442 -0.269387107 0.173479656 -0.640602934 0.125716476 -0.620677774 -0.046699479 1.334594038 -0.595985221 -0.117617902 1.004826310 1.011120411 -0.149350413 -0.191474363 -0.757843721 -0.575095757 -1.109713621 -0.153032053 -0.966681422
-36.135280848 -1.205029524 -19.951684310 -0.044757085 0.289933081 0.955723438 0.022985260 -0.259710658 -0.929106754 0.155603685 1.222143792 1.765134831 -1.323646455 0.248702779 1.021240862 -2.397939454 -0.377308491 -1.909710986 -1.593335577 0.632142317 -1.635702335 0.442449397 0.684590612 2.517895699 0.661016630 -0.884055644 -2.082347930
-24.708434394 -4.142541609 -24.993924985 0.042582105 -0.603962503 0.708826206 -0.361913620 0.251011352 1.461358067 0.248813152 3.213651653 -0.082022560 -1.536615810 -0.829325142 -1.275682014 1.134140417 0.793550431 0.353707976 0.188103785 0.021699816 0.652744450 -0.077470850 0.734636756 0.238691000 0.633242994 1.112707340 -0.948548644
-33.735155668 -3.033694793 -17.654623266 -0.162416518 0.652465810 0.623646182 -0.398716292 -1.606696628 -0.608595455 0.712754223 -0.390252129 -0.197880684 1.022868358 1.394807961 0.579374889 0.803200895 1.026150632 0.010468629 0.129467695 -0.648948374 -0.621178064 1.086603478 0.425231844 -0.778556683 -0.117964030 1.758906377 -1.915914637
-29.682282921 -7.970362197 -13.009471171 0.644274100 -0.751002104 0.133296807 -0.056023976 0.182575877 -0.470469884 0.694904299 -0.130464524 0.270082667 -1.798111615 -0.527446914 -0.157008403 -0.888202447 -1.817755668 0.018900636 -0.081070544 0.268684275 0.120013305 0.190274032 -0.201447951 -0.466180259 -0.290126176 -0.147230784 -0.427019635
-31.007644425 3.241765956 -16.875853268 -0.681657993 0.514838849 -0.519631688 -0.016317156 -0.503782282 -1.129681750 -0.864159489 -0.727585513 -1.801460585 -0.080643480 -0.035254546 1.210442509 -0.802936860 -0.350706631 -0.808438874 0.340880989 -0.245401502 -0.482915840 0.503041120 -1.425795307 -1.169156550 -0.615073353 1.226494322 -0.148026945
-33.619965440 -0.184363845 -13.179380249 -0.122659199 0.431417701 0.893433114 0.024713541 1.276426965 0.217390568 0.320571077 -1.106923546 2.168463624 1.489191982 -1.699215037 1.987297060 -1.554975690 -0.983892932 -0.367729762 -1.390920261 -1.166181458 0.623253603 -1.327642819 0.407560699 -0.573028130 -1.160867663 0.698372338 0.090553350
-27.779749098 -9.190662085 -12.373016465 -0.823753623 0.275590836 0.113893780 -0.482190695 1.336679911 -0.474697461 -0.969368100 0.635655317 -0.055381654 -0.987538947 -0.370321507 1.863431359 0.571080433 0.140366651 -1.573852094 -0.604022597 -0.148760865 0.238067950 0.876765452 0.976284391 2.151534860 -0.466336699 0.386710326 1.271612680
-28.334155357 -5.222636133 -26.096097707 0.035794453 -0.867000454 -0.125141059 -0.481007989 0.196686561 0.857977767 0.314236566 -1.375995160 0.234441775 -0.477975321 -0.675570690 0.056411797 0.699197011 -0.911233311 -0.447470390 -0.552256936 -0.995752206 -1.124795179 0.607458330 -1.566627868 -0.306536417 -0.473310591 -0.895533429 0.190862126
-28.255101142 -3.696762064 -18.680918809 -0.143782498 -0.615900232 -0.476168516 -0.610947659 0.294896346 -0.014480257 1.603171953 0.007174455 -0.925923504 -1.108363882 -0.474398038 0.672728065 1.234619486 -0.662888431 0.211596538 1.023650358 0.703636102 -0.606655778 -0.758598088 1.634211829 0.769474914 -0.620960207 -0.937637328 -0.149859529
-33.466483517 3.966500990 -24.764118582 0.257577474 -0.830130417 -0.187343105 -0.457646039 1.134343731 -0.634181194 -0.486095320 -0.675319834 0.087067143 -0.188888868 0.064568109 -0.264188827 1.212319265 -1.378408426 -0.017759756 -1.450053361 1.698588792 0.008459435 0.890075807 -1.133202260 -1.249395160 3.249114267 0.008978578 -1.088215116
-34.387237992 -1.744182194 -17.982380244 -0.549561124 -0.022250547 0.095149524 0.829719261 -0.323956653 0.739783017 0.366010342 -1.987483515 -1.466280634 -0.395883804 1.152582107 -0.418174334 1.924582183 -0.596029528 0.589590644 -1.987447129 1.483248775 1.246401870 -0.854396955 1.487988410 -0.756743433 -1.251056473 -0.195050583 1.036592752
-32.973993876 -4.209768988 -11.356659287 0.699290233 -0.000834711 0.286592533 0.654871890 0.424680439 -0.469050842 -0.248707252 1.217659725 -0.245634381 -0.951484246 -1.561891642 0.659481654 -0.635948371 1.537967233 -0.137013623 0.218297618 -0.956235117 1.871502905 0.878735811 1.473708416 -1.900696441 -0.221448650 -1.306151435 -2.064689386
-29.598575145 -3.163822425 -18.366997774 -0.454879728 -0.833334740 -0.289717059 0.121250440 -0.018795018 0.939377046 0.401419019 0.511458959 -1.337367842 -0.760728637 -0.938140664 0.513611317 -0.796221109 1.754890146 -2.073769802 -1.184351678 -0.926068170 0.682570362 0.086613326 0.231046508 0.020416956 0.825238861 2.024139608 0.263852403
-35.023039114 -2.035384327 -23.970804424 -0.118226383 -0.948567367 0.121365638 0.267418875 0.398539321 1.148166730 0.458988060 3.079322154 -0.236341897 -0.808993404 0.103710432 -0.521464645 0.292631403 -0.676731713 -1.594361793 -0.141319962 -0.724407449 1.288174603 -0.350300357 2.211451222 -0.619185050 1.023368556 -0.068996843 0.876838010
-27.577966692 -7.196716965 -21.194117471 0.367940792 0.635444717 -0.237277235 -0.636026021 0.408823531 0.179052314 -0.030595021 1.702230766 1.157837261 -0.961869298 0.528042494 1.917459898 -0.120731664 0.210310252 0.128794039 -0.708641087 1.643189660 0.385881785 0.101257964 1.959483230 0.571761522 -0.277364150 0.197253700 0.993326478
-30.875220923 -1.655144904 -17.779925482 0.839142122 0.167037427 0.021020874 -0.517201238 -1.258897139 1.943256265 0.074951843 -2.060926731 -1.072015630 0.202094403 -0.845098940 -0.476974382 1.678104448 -0.153901963 -1.371198186 0.711203710 -0.925553406 -0.225168879 1.059611764 -0.178895173 0.272167223 -0.850118998 1.076356319 0.316160806
-27.931876444 -1.618292485 -18.162723519 -0.075069353 0.676178191 0.584364757 0.442340906 0.858128021 -0.843481800 -1.387643594 -2.186736405 0.006198562 -1.271382477 -0.629308966 -1.364326565 -1.156684912 -1.208947674 -0.896394760 -1.223690677 0.842978542 -1.779776804 0.927275895 -1.228120674 -0.771262346 0.562231668 1.619368572 -1.352992899
-24.362094166 -5.507097961 -17.260970946 0.538835702 -0.367987770 0.655579508 -0.380074462 -0.326853433 -1.083875014 -0.133204074 -0.894267709 -2.555385977 -1.585061347 -1.974337144 -0.568495495 -0.619294738 0.714926574 1.321046009 -1.571647413 -0.638666842 0.886481491 -0.077394728 1.521088627 -1.105746144 -2.495856498 1.087547404 -1.478206490
-27.639213260 -0.189748575 -13.464587427 -0.253577774 0.733147688 0.470365960 -0.420652640 0.170210418 -0.753813170 -0.251945622 -1.090623466 0.386173691 0.490933661 -1.269423954 0.521250025 0.263712262 -1.703913083 1.929063735 0.128656518 2.146283504 -1.439553414 0.116689584 -1.774443329 1.578542206 -1.002168592 1.821984936 0.029954379
-25.492307942 0.361670947 -19.677265605 -0.763203466 0.294773271 0.176067153 -0.547384276 -1.141341484 -1.184981015 -0.137674981 -1.461811131 1.152960130 0.660229204 -0.351247960 1.370567981 0.350570487 -1.416866561 -0.573544756 1.910051438 -0.543754733 -0.879392781 -0.634827693 -0.164248312 0.688845528 -0.014556821 0.704273866 -1.204196574
-24.288983672 6.412173510 -15.920312417 -0.165834054 -0.541967207 -0.569654136 0.595201461 0.807807956 0.981163965 -1.490559664 0.149004976 1.580089453 -0.838771692 0.364998884 0.384724785 -1.493157357 0.415598201 0.097285790 0.320505470 0.123460019 -0.074514384 1.315868388 -0.197285873 0.555162990 -0.154648126 1.153058388 -0.396175259
-25.318356378 -3.903550363 -25.325923795 -0.041995306 0.938561182 -0.162158790 0.301734701 -1.473792117 -0.054345142 -0.590171786 0.592542250 0.623631998 0.566136173 0.704116802 0.883237885 0.272675254 -0.152608923 0.443146361 -0.207838942 1.885607778 0.013713669 -0.124271989 0.621471812 0.277874786 0.416483381 0.163068091 0.015915977
-37.342135930 -3.630300789 -22.637774815 -0.835247435 -0.219081260 0.479951214 0.154957918 0.674490925 0.787614297 0.504257062 -0.593382508 0.358874176 1.557948242 -0.084953196 -0.543418525 1.553572357 -0.527510257 -0.183392373 1.505493919 0.261782801 1.130636842 0.286966211 0.486337748 -0.598245849 0.899327249 0.136428952 -0.493529845
-33.127314273 -0.407123848 -21.750797434 -0.570933030 0.300523304 -0.409597840 -0.644942500 -1.248751318 -0.511492542 -0.910750225 0.437952360 -1.483654049 0.871951010 1.286765124 0.223973090 1.449606494 -2.114929290 0.029758371 -0.335414605 1.368576583 -0.513146868 -2.146150372 -1.026147923 0.947752359 -2.343778230 -1.200252063 1.642722316
-21.507234108 3.223669994 -17.554304578 0.682203973 0.571366843 -0.295079596 -0.347944970 1.290207599 0.974382931 -0.091001142 -0.198862192 -0.443230930 0.723524001 0.250487612 -0.524920188 1.905599402 -0.542635371 -0.489567424 2.072269862 1.216007595 0.824295740 0.461094114 -0.651699302 1.310512618 1.015947247 2.178076809 0.103551596
-24.182822293 -7.105057737 -18.254699897 0.263471173 0.662933918 -0.698253294 -0.059530648 -0.935757446 -1.718208239 0.820784508 -0.449845406 -2.121669872 -0.302949500 -0.416532048 0.952621013 1.419768634 -0.090356710 -1.050596265 -0.893794770 0.704885526 1.114935932 0.136787299 1.310061163 -0.919185375 -0.739030266 1.554781217 0.553080364
-27.897773960 -4.578032550 -8.294046248 -0.578107880 0.654384651 0.362969710 0.325307543 -0.174003307 -0.480690679 0.484938672 0.580899851 -0.574564184 0.243712344 -1.539581883 0.121690793 -1.063389195 -0.752872699 -0.013892393 0.772470149 -1.128941850 -1.236357069 -0.388387619 0.110813668 2.040469411 -2.016749439 0.712623848 0.446385916
-34.440332653 -5.538373915 -10.503197456 -0.503250434 0.794116911 0.329528703 0.086765003 -0.475766955 0.160735811 1.488223624 1.879868169 -0.014728434 1.064369431 0.385288025 1.071565030 -1.034259158 1.847194804 0.658115816 -0.450396302 -0.647327296 0.793486761 0.078478216 0.022554198 1.073783769 -0.023322819 1.441423256 1.836473691
-32.760554475 -5.176966202 -18.682691781 0.328368974 -0.196761353 -0.140246510 -0.913120859 1.288036957 -0.400764285 1.590202302 -0.791016001 -0.953411040 -1.105550340 -2.413515775 -0.799812220 -0.436841852 0.365857445 0.613209764 1.193070611 -0.170208457 -1.129629999 1.033910842 -1.309811671 0.108668395 -3.137539988 -1.653468688 0.303413729
-32.649682392 2.526511523 -18.346018409 -0.366835361 0.419206230 0.328118826 -0.762912833 -0.276567026 -0.992375829 -0.110344577 1.076482684 -1.201001422 0.727045006 -1.462184084 0.912343315 1.358791855 -0.855925844 0.152597919 0.002922776 -0.451710373 -1.182392666 1.685509667 0.024145922 -1.173848519 0.315905063 1.488372035 -1.206970314
-31.116832759 -3.648466203 -12.143745182 0.095158714 0.357586448 0.566444653 -0.736353995 1.234091308 -0.779959266 -1.164460829 3.196657064 2.673874495 0.081436676 0.104417867 -0.615742248 -3.040329173 2.154284973 -1.642793194 -0.614143022 -0.410959522 -0.090088383 -1.719573148 -0.283311799 -0.378466171 1.634564471 2.566802664 0.470410450
-22.519766491 4.630157737 -15.074709540 -0.243999543 0.324306198 0.777155280 0.480956737 0.984742062 1.054314493 -0.013557907 0.035699761 0.648785448 -0.106632399 1.147248850 -1.259662595 -0.727687571 -2.101390533 0.018394101 1.214158149 0.452090157 2.044990686 -0.560844459 0.033392863 -0.825972962 0.450969465 -1.318956113 0.485742056
-31.031511243 7.827395002 -16.778842897 0.410955388 -0.137379540 0.898718805 -0.067431750 -0.101259672 0.986708329 0.353136868 0.652033953 0.669489202 1.361271951 -0.138060836 -1.048886239 1.269130095 -0.053374855 0.128519163 -0.683181557 1.968893556 -0.238604954 2.024056188 -0.545505294 -0.446349047 -1.446521201 0.322583773 -0.659768516
-30.296195424 -8.015975726 -17.745692240 0.839349340 0.368468654 0.124250608 0.379849080 -0.690953762 0.938975177 -1.612124131 0.742953072 -1.190631031 1.319311523 -0.827799974 -1.279167812 0.939543656 -0.363791315 0.622821869 -0.269764324 -1.765207190 -2.278768277 -0.330715469 0.893936477 -0.635571825 -1.206942114 1.999148419 1.365938701
-29.148315361 2.455604846 -9.414088956 -0.635057165 0.653675972 0.194346947 0.362821423 1.765705522 0.936587228 -0.470542618 -0.511583683 1.992133173 -0.089184653 0.088713020 -0.244205424 -1.224806924 0.452732554 0.844782642 -0.034134972 0.511645865 1.443250187 -0.052019730 -0.011804637 -0.277944118 -0.183969268 -0.568711141 -0.352257579
-24.410679218 -4.941794849 -13.837986152 0.189428080 -0.413907376 -0.564448525 0.688618580 -0.963315381 -0.103100759 0.166523999 0.376599484 -0.834164082 0.005650858 1.439840294 1.998726199 -1.282411766 1.488200130 0.029416576 -1.175188263 0.049087783 -1.040910481 -1.026480739 0.204954892 -0.380925186 -0.832945615 -0.631288567 -1.942212629
-31.145013168 -5.923772430 -12.826861947 0.209777639 -0.019605599 0.370938189 0.904441166 -0.411882801 -1.832547410 0.379966751 0.348769898 0.086705952 1.002459730 -1.538759270 1.548269990 -0.151900408 -0.477870693 1.375705031 0.486454448 -0.480069588 0.570108843 -0.089938465 -0.095460174 0.768537239 0.070629978 0.910961631 0.100475768
-35.094371757 -6.490898676 -11.385654052 -0.219139347 0.303151327 0.445045869 -0.813640826 0.836204822 1.242003991 -0.740117637 0.767281165 -2.230701996 -0.307077799 0.329255051 0.255152387 -0.133713352 0.411092746 -2.775487499 1.071827421 0.892757879 1.255130967 -0.858165439 -0.273716507 0.252889775 0.139541220 1.235816762 -0.285631462
-23.291051307 3.940621369 -21.930751271 0.873865992 0.274193321 -0.093748575 -0.390368359 -0.126107013 0.987563242 -0.948711877 -0.165947973 -0.248900920 0.578861817 0.168279145 -0.962263696 0.885800875 -1.275184225 0.700870981 -0.313705236 0.491625482 -0.660522672 -0.763881983 0.519849885 1.304481182 0.962527404 0.923293909 0.961592675
-22.790748100 0.842908201 -14.709222794 -0.563081703 0.218445541 0.619635258 -0.501271072 0.754503720 -1.477673365 1.930820779 -0.465062986 1.215284053 -0.161075714 0.610611700 -0.345518487 -0.864106527 -1.162207369 0.969818235 1.075143251 1.773439200 -0.136516531 -0.951664726 -0.865306304 -2.091565145 0.645073828 0.754815498 1.898634995
-34.449504492 -4.211611252 -16.768630004 0.639906458 0.284295749 0.700298718 0.138842924 0.972398092 -0.664581120 -0.613211528 -1.929249822 -0.184780117 -0.496577503 0.748726545 1.780383748 -0.158705943 0.126002231 0.233800717 -1.294509222 -0.813886142 1.051876749 -0.532953795 0.311734515 0.150907564 -0.277764926 3.389588177 -1.432033641
-23.161737089 -6.056493137 -17.870565759 0.477608718 0.071780316 -0.737734414 -0.471683616 -0.682726520 -1.992285442 0.136692885 1.195575181 0.278387158 1.995367953 -1.125258344 0.245180302 -0.516377252 -2.659669789 0.063734342 -0.975339000 -0.038232225 -0.238401006 1.500392253 0.044437243 0.609517608 -0.017127526 -0.160439573 0.055955804
-25.977120892 2.749742524 -14.936865601 -0.032931321 -0.260308720 -0.642082972 -0.720336279 -0.080123945 -0.498370902 -0.569387204 -0.391960605 -0.406818862 0.002455114 1.348713526 2.180207642 1.067178404 0.179013733 1.156984326 0.381859922 0.852871856 0.574436910 2.374343057 0.767512417 0.639601134 0.521118499 0.110981533 -0.534523499
-27.816710946 2.976080754 -16.153529800 -0.709492085 -0.043983789 0.355943666 -0.606622217 -0.501224441 0.230063313 -0.560365238 0.561149915 1.294119125 0.096331657 0.770854124 -1.507275505 0.497667904 0.975456492 -1.735820533 1.288439307 -1.551087905 -0.049087922 -1.021639925 -0.063709542 -0.890880856 0.637192129 -1.227502220 1.435952360
-24.798360501 -7.935678167 -13.225046620 0.519305430 -0.704757493 0.483204251 -0.012344968 -0.290862284 0.110888659 0.821067380 -0.123883993 -0.278529393 -1.824548258 -1.257259371 -1.693621604 0.224057962 0.944265021 -0.783531051 0.164766180 -1.167078067 -1.122189285 1.431781189 0.407836308 -1.889892711 1.683671247 -0.341400458 -0.739731697
-28.945355339 -2.882960587 -24.949869597 -0.183477996 -0.554056656 -0.805142997 0.105365087 0.544188404 0.733921938 -0.200081151 -0.467890257 -0.323027186 0.272271080 -0.424911237 -0.208428235 -1.366805726 -1.075940169 2.062670379 0.923688153 -1.123554357 -0.351096016 1.100393069 0.971521886 0.239326500 1.020104349 -0.104365750 -2.252768838
-32.115983061 -9.629887046 -21.527981134 -0.147303479 -0.190397586 0.587909730 0.772277537 0.737196527 1.496636506 0.969790837 1.093934486 1.670105663 -1.010089255 0.363550974 -0.886727470 -0.540901955 2.068753287 -0.531859450 0.907931973 -0.501643667 -0.093342569 0.182399494 0.303555531 -1.827158939 0.262934185 -0.435780614 0.597173932
-35.539685949 -5.038583772 -10.991261552 0.523148318 -0.143010049 -0.764799675 0.347772081 -0.580231482 2.368582434 -0.073523573 2.114521053 -1.079515382 1.464791176 -0.122770159 0.239087652 -1.229351782 -0.762149940 1.186248340 -0.051449860 -0.223019957 0.043881076 -1.139588642 0.307463080 -0.855690058 0.943864595 0.292881135 -0.092129142
-26.862559302 5.192866476 -16.944275967 -0.623399350 -0.444388346 -0.626864153 -0.144684424 0.730657994 -1.003297244 -0.610027448 -0.261711748 -0.738872535 -1.644315415 0.900527826 0.639354352 0.015249327 2.914989150 0.740507702 0.108676764 0.219219242 -1.137371000 0.300326210 -0.335173269 0.093253484 2.533170968 1.184271109 0.400854612
-31.120726169 3.608065811 -14.944053699 0.177442686 -0.399185041 0.212310933 -0.874122111 -0.534716361 -1.738697156 0.245319035 -2.636762194 1.869065258 0.891233889 0.061770920 0.333482472 0.318883571 1.576925408 -0.366956263 0.292496443 -0.222161142 -0.312093277 0.476819955 -1.726734645 -2.315000644 -0.715892868 -0.005438218 -0.717915877
-30.465479605 4.834489511 -25.042077005 -0.355694425 -0.690752879 -0.427696446 -0.461971520 -0.123719761 0.699356365 -0.499657592 1.679352708 0.145919899 -0.316778831 -0.143336681 0.644305632 -0.028809299 -0.264036282 0.152775116 -2.096120601 -0.307827020 0.733631835 0.222285360 1.009943316 1.537214721 -1.226042356 0.469361437 -0.847454701
-37.974579616 -6.200376695 -20.664526989 -0.678976355 -0.131477982 -0.714751313 0.104092310 -0.970754941 -0.949977859 -0.291650208 -0.127320272 0.620393840 0.191614487 1.903740407 0.905373509 -0.445258925 2.791192159 -1.048784513 0.643289988 0.260135394 0.220156363 0.037048031 -1.135736398 0.138300286 1.485148209 -0.236174003 -0.659422148
-28.105291562 -1.736345341 -22.834431197 -0.214622005 -0.841955863 0.072231545 0.489724742 -0.728319511 -1.571654243 -0.790626870 -0.323021737 -0.488825535 -0.586573086 1.336819007 0.620357000 0.338417253 -0.660801601 -0.834970027 0.064639955 -1.445149354 1.182655146 -0.254741191 -1.236327110 -0.512551193 -1.402838385 0.421891663 -0.532657798
-38.402586138 2.439877694 -18.558626670 0.371701716 0.116959375 0.870727109 -0.299987734 -1.215704846 0.573149750 0.075950656 1.673580280 -1.360466733 -0.046916095 0.113484958 1.237162587 1.259566954 0.231470760 -0.960482484 1.543083805 0.619497869 0.805696834 -1.765570755 0.418410705 -1.626046747 0.264142932 -0.097114090 -0.560667165
-27.517138381 -4.013668907 -20.062328821 0.227570901 0.811229149 -0.426199909 -0.329351470 -0.876555336 -1.197204993 0.886022213 1.685944756 1.099080785 -0.300074871 -0.744217801 -0.657943211 -0.679259256 -1.289961388 -1.171628948 -0.584875739 0.987613474 0.277963786 1.487959977 -0.043031469 1.674833762 0.456491145 0.121822915 0.730330894
-31.688016727 -7.363495409 -13.809415868 -0.593868704 -0.364025549 0.418991069 -0.582453299 -0.259178940 0.894639602 -0.583008296 -0.491497115 -0.216773162 -0.362040491 2.175897637 -0.431543050 -0.418085708 -1.349631134 1.027239101 1.227554869 -0.449624250 -0.146177870 -0.167545894 -1.356138022 -0.950006696 2.921704996 -2.113217882 -0.784299186
-28.286652827 -2.854711159 -16.386924158 0.759167249 -0.621280425 -0.052763252 -0.186793362 -1.053803825 -0.188206141 -0.033637514 -0.547078078 0.352881276 0.478728279 -0.749637549 2.138697678 -0.106532558 -1.262353293 -0.352878541 -0.109847024 -0.243878493 1.100654275 -0.347840449 -0.165279641 -2.295542139 1.010051879 -0.344455582 -0.163473077
-29.213907346 -8.459709430 -12.903289970 -0.498045387 -0.047571993 -0.107287101 0.859172378 0.135387288 -2.594236083 1.634279801 -0.455800906 -1.767760053 1.800708575 -0.002517234 1.110357952 0.718822467 0.467138681 -0.242931815 -0.011831494 -0.530994371 0.589475529 -1.895171127 0.917158700 0.889382752 -0.133421376 0.789543637 0.726449938
-32.578876960 -5.349458655 -21.731220045 -0.123448743 0.607094802 0.779822694 -0.089849175 -2.403239217 -0.132010905 1.429191203 1.468006984 0.252202386 -1.246025689 -0.416079425 -1.745432911 -0.548132449 -0.644196507 1.007366698 0.180980066 -0.453556916 0.012956599 1.478481226 0.181462196 0.472503696 0.253769551 0.235151985 -1.600629700
-24.267512746 -5.222824813 -16.491315106 0.374251487 -0.757661429 -0.481211543 0.233067445 -0.136860196 0.350859016 -1.316527693 -0.681951521 1.046279811 -0.606361827 -2.015640537 0.705516300 -0.069240593 -0.932374162 -1.095579786 -0.938029245 1.731593656 -0.972367115 1.215703627 -1.883243289 0.370796904 -0.365816943 -1.172111533 -0.154801641
-25.033174692 -9.237892882 -20.271839896 -0.519320857 -0.511563176 0.564133357 -0.387766064 -0.946514534 0.598636507 0.413061278 -1.624021392 -0.248701270 -1.137724726 0.504051908 -0.163962099 0.532025273 -0.230931211 -0.676473890 -1.680258980 1.179937369 0.558051427 0.429607506 -0.902891436 -0.615406114 0.283317875 0.284994136 0.996032284
-31.909454049 8.371172171 -17.072595878 -0.682831777 -0.273179525 0.194326884 -0.649115378 -1.192179970 -0.263900339 -0.357096180 1.238743438 0.196788413 -0.561998610 0.014124251 1.686808642 0.138850099 -1.055565082 0.944096392 -1.132990190 -1.157118187 0.324773401 0.970568682 -0.196175039 0.426250201 0.036704010 1.824054494 0.248995115
-32.142655487 3.248090646 -15.217996622 0.178578738 0.132428381 -0.488930847 -0.843515847 -0.153685759 -0.276474989 0.136680014 -1.437367040 0.008241221 0.638918813 -1.250896758 1.083167425 0.260245874 0.363109999 0.186257181 0.773541372 -2.211271225 1.662330778 -0.511756004 0.039344370 0.124490191 0.262633524 0.006666110 -2.184290608
-39.727492904 -0.552993901 -17.882095979 0.414009463 0.333736179 0.227628506 -0.815721515 -0.821217802 0.350766393 -1.035866409 1.461485088 -1.390868233 -0.527655154 0.653883418 -0.233642641 -0.141941232 0.676557765 0.612164324 -0.114856060 -0.708810438 0.404486793 0.120252600 0.455982360 -1.197586842 -1.541400672 1.762902623 -0.836475983
-36.353442560 0.732673009 -24.242096273 0.150192798 -0.100872614 0.944138846 -0.275442697 0.767346998 1.299013658 -1.008110915 2.242128168 0.204231213 0.446738016 -0.242067338 0.295409209 -1.125342290 1.671601629 -0.526864167 -1.402899068 -1.158964985 -0.635588455 0.524277402 0.530317054 -0.380806789 -0.544275266 -0.231039866 -1.168468243
-22.555138593 0.774202575 -12.910732541 0.499220043 -0.371028480 0.638426094 0.453353437 1.480053361 -1.104606457 1.652122179 0.507154136 1.326974474 -1.709388159 0.142160096 0.004684686 -1.243392096 -0.423276353 0.673968258 -0.411359175 -0.266838373 0.023078925 -0.010498659 0.992848884 0.266193184 -0.321184978 -2.779112657 0.428669749
-20.541589966 -0.566567572 -16.886426147 0.200870658 -0.358259293 -0.708732974 -0.573584195 -0.658641974 0.585265329 -0.241214703 -0.094893654 -1.541383583 0.393723800 -0.433686695 0.014118722 1.068046722 -0.547825428 0.537488066 0.346073485 0.262152511 -1.092155416 0.213940121 -0.546823362 1.799750580 1.105909846 1.045618680 1.209603837
-27.397856098 0.894976136 -18.375160633 0.298046347 0.367210748 0.318411107 -0.821546717 -0.889680813 -0.360636527 -1.676998402 -1.712821280 -0.095904219 -0.000063700 2.776788472 0.783179830 1.810624479 -0.924169777 1.147984301 1.789999609 0.824750012 -0.520523621 -1.545265514 -0.809145356 -1.060024216 1.236946868 0.608287381 -1.125935243
-32.617665964 -3.616772765 -16.467342731 -0.174352247 0.549768869 0.503678674 0.643166602 0.922071006 0.357315017 -1.420530791 -0.379886289 1.439286131 1.383145064 0.907628021 -0.541959894 1.084530664 0.590081409 1.142060684 -1.878280096 0.142695894 -1.540011296 0.626358036 -2.576867841 -0.335417514 0.618899383 -0.422510362 0.073847352
-34.497968172 -0.308690379 -10.539364613 0.202685599 -0.461033040 0.597595631 0.623896262 0.715837962 1.230643689 0.763441991 0.081537795 -1.548747621 1.138863637 0.838138443 -0.113672194 1.890465064 -0.756603764 1.226910233 0.589565574 -0.406354797 0.003541374 1.546636201 -1.147506012 -1.097542472 0.594978154 -0.500127182 0.949627746
-34.859736703 2.838336308 -21.551990265 0.599681428 0.015403363 0.206731088 0.772921198 1.310215714 0.880506757 0.762192068 -2.609352980 1.123145017 -0.928878508 -0.386907798 -0.226284796 -0.357958896 -0.035008322 0.411344261 0.072960834 0.416254686 1.816345856 -0.957669463 -1.859641131 -2.235139151 -0.822208536 0.998930192 2.267867072
-32.066296950 5.057072469 -10.211743274 -0.005717784 -0.676968324 0.393204641 -0.622150549 0.574880439 -0.406437908 0.232778494 0.359374855 -0.483794204 -1.053737928 0.012818302 -0.509553056 -0.778214881 -0.541542693 -1.179917809 0.260646764 0.048745714 0.064655647 0.051832135 -0.816391046 -0.536161809 0.716638014 0.588255203 -1.525721023
-37.344055382 -1.611528350 -22.552766971 -0.339218316 0.492753212 0.399467077 -0.694659097 0.131720253 0.806488598 0.106642438 -2.080437527 0.994798535 1.062094067 1.295131510 1.308307904 0.132632163 2.820138965 -1.816469240 -1.314308873 -0.067216941 0.042659141 -1.111306251 -0.017374843 1.949673305 0.445458490 1.410470128 0.825729164
-28.221128350 0.851703047 -25.773580667 0.120553545 0.955501896 -0.059791191 -0.262503300 0.936148846 0.203447864 -0.002629994 -0.573618437 -1.383998605 1.816414427 0.574489723 -0.155498587 0.898398585 -1.659516122 0.097635252 -1.213575559 -0.460500399 0.430874149 1.525401679 -0.528186764 0.746024068 -0.828032368 0.208526410 -0.704693947
-30.106198386 -4.811629060 -9.021332609 0.462664088 -0.617260701 -0.314684064 0.553086890 1.227294547 0.619261702 1.060983509 -0.240786889 -0.326334332 1.198763500 2.194198051 -1.794709637 1.441646280 1.148754222 0.580281596 -1.347812023 -0.409519180 -0.615377467 -0.654009681 -0.828146633 0.681608649 0.525011438 0.535447760 -1.241033551
-34.786307178 -7.377237805 -18.855026774 0.466738210 -0.820398134 0.256761224 -0.207788399 -0.451551412 0.641270830 -0.982246058 -1.496691428 -0.832496580 -0.454075958 0.662301853 0.008873457 -0.675794428 0.899590185 0.369359415 1.184783420 0.028895957 1.109602961 -0.217153402 1.427254088 -1.161038859 -0.784017282 0.391496872 -1.790925447
-36.597873080 -5.930740223 -16.481586188 -0.322297079 -0.890231214 -0.196785565 0.254732056 0.318511151 1.422921790 1.085995382 -0.346651143 -1.200036352 3.166943120 0.607291255 -1.085404398 -0.184893105 -1.355253615 -0.140411148 2.289373564 0.651578077 -0.032593799 -0.188594160 -0.052514034 -0.186218324 1.198253470 0.344393169 0.330895971
-30.936826073 2.838714873 -23.885857391 0.514620834 -0.726327041 -0.170493851 0.422547362 -0.391946381 -0.401793725 -1.022976624 0.223498924 -0.102192611 0.243694964 0.432603348 -1.205156313 1.052374338 -0.041414605 -0.106292028 -1.508572712 0.601815457 -1.918416350 -1.096908249 2.711515645 1.077079649 0.627218659 0.348441367 -0.226051383
-29.627648562 3.068437326 -15.297075554 -0.677947522 -0.074391119 0.250384226 -0.687139621 1.204335437 0.066598818 0.341610691 -1.573534590 0.641183221 0.356447510 0.481172050 -1.632352827 0.541389571 -1.236324698 -1.434549372 -0.469269564 -0.240653542 -1.442577756 -2.413623421 -1.448260234 -0.892078800 -1.709866475 -0.419420153 -0.067819324
-31.992180593 4.187680930 -16.313556654 -0.149940918 0.432849339 0.759354137 -0.462104389 0.028903579 0.583819944 -0.145431749 -0.167324439 -0.145018169 0.215447946 -0.072452305 0.709427284 0.234053942 -1.605784988 -1.199004697 3.055249484 -0.415906021 -0.043522450 0.064193398 -0.118897451 -0.265777891 0.546133635 0.752680166 -0.231395076
-35.089021812 1.805561485 -24.004711661 0.799191791 -0.349071526 0.097240959 0.479568293 0.714299596 0.723395199 -0.807298590 0.738056182 -0.585673478 0.083261933 0.833072757 -0.742563246 -1.271955609 0.059614211 0.080972922 -0.725193566 1.715813041 0.242232641 -0.866417050 -1.599386552 -0.854169378 2.294030317 2.040582522 0.053663458
-29.722572762 2.131580553 -26.441979193 -0.131040034 -0.453525724 -0.118341170 -0.873577870 1.485400629 -0.773356675 -0.881769332 -0.636149568 1.113604340 1.259169169 -0.317307670 -1.707477410 -1.966675160 -0.187698243 -0.014086647 -1.760628070 -0.623473285 0.256988507 -1.064184626 0.417180788 1.119672680 0.906067435 0.192536056 -1.365700556
-24.158152067 -5.946523724 -18.218109758 -0.212521320 -0.119632002 0.122744844 0.962006536 -0.119137843 -0.141818013 -0.042165285 1.372014662 0.506628681 0.681559602 3.012067246 -1.241006650 -1.080384103 0.710411917 0.103940989 -0.553303760 -0.418512790 -2.329247138 -0.717753313 1.172038475 0.816228454 2.417266631 -0.221552489 -0.787000219
-26.103189569 -5.856441707 -21.771743606 -0.964142562 -0.027223033 -0.030396007 -0.262229115 0.983764133 -1.298800287 0.501216302 -0.784562784 1.905158743 -0.750377895 0.178542070 -0.100401177 0.740778073 0.148923274 -0.787714391 -1.701056958 0.526283890 1.790109520 1.927979188 -0.731947852 0.920364899 -1.208481446 -0.375802233 -0.547324085
-33.672179190 -5.299614298 -20.757016775 -0.207082290 -0.422967642 -0.872274313 -0.131730113 1.588974828 -0.781436866 -1.276033776 1.530090881 1.004692579 -0.133276435 0.361537255 -0.655802589 0.685237480 0.976750791 0.595385946 -1.114598285 1.140041489 0.306590731 -0.319157971 1.073226659 1.940832509 0.495874233 1.324801319 -0.910940384
-26.073256778 -1.047920594 -25.651280616 -0.745767573 -0.238131116 0.595353410 0.180772277 -1.452537998 0.587319025 1.223176377 -0.209706685 -1.524336019 -1.249678193 -0.536725221 0.735426071 0.009124277 1.197029373 0.153088523 -2.485750947 -1.174473785 -0.302309457 0.630474927 1.537582449 -0.776198009 2.641937252 0.123553437 0.350047260
-25.166735841 -1.417389200 -12.550853923 0.859156506 0.370119446 -0.313590179 -0.162858505 1.006094917 1.055163215 2.307991990 -0.492045307 -0.199467971 -0.615469533 0.715233381 -0.413662377 0.067354197 0.040554013 -0.070977592 0.584472972 -1.223308994 -1.681367391 -1.709870414 2.496125754 -0.040166130 1.278974559 -2.203254165 -1.920893619
-28.122821858 -6.638672817 -18.567164836 -0.875035101 0.374676527 -0.114027796 -0.284479759 0.660667001 -0.351708558 0.556894145 0.076246408 2.425766366 0.208585669 -1.134300693 -1.798817655 0.927927854 0.553817860 0.262381196 0.640376932 0.188649538 -2.241125644 -2.270770566 1.079252293 -1.075303176 -1.315555915 0.091950868 -0.414988671
-35.002363218 -5.216122638 -11.984087390 -0.004837056 -0.724836360 -0.163117859 0.669314140 0.852926580 0.384449584 -1.530831896 0.878277940 1.512264348 -0.576041738 2.196548157 0.211646158 1.159320241 0.381915468 0.897650358 0.136671537 -0.226120487 0.476684560 2.142999889 -2.151271147 -0.438028155 -0.095286808 1.487813107 0.955083877
-33.523850482 -2.147946427 -19.832953172 -0.985465060 -0.011846666 -0.077814271 -0.150543053 0.350507740 1.021377760 -0.741063374 0.231987974 0.285770815 -0.889031495 -0.398064531 0.990862581 -0.275121199 -0.829095488 -0.938319518 -0.566892889 0.857438782 -0.370582125 2.005138328 -0.413567924 -0.352668543 3.284740875 1.375925513 -0.700160766
-35.071872456 0.327887511 -11.251303481 -0.161126632 0.173401835 0.960012515 0.149485728 -0.731500177 0.285863114 -0.922893781 -1.338640251 -1.035284584 1.185246426 2.101955953 0.689359561 -0.759657993 0.043052406 0.817034794 -0.446639980 0.560217352 -2.253099696 -0.819572839 2.145939701 0.304793870 1.617067851 -1.095283923 0.557679570
-32.566354889 -8.135340219 -20.699321999 -0.124445909 -0.967576189 -0.115787711 0.186822749 2.840127001 0.869295571 0.508297573 -0.342722367 -1.644602558 -0.528898880 -1.089188486 0.674315087 0.582178653 -0.132413593 -0.699825191 -2.587425391 1.051971348 1.936707117 -2.058022724 0.051414821 1.592218152 0.463016877 1.779781977 -1.311691754
-29.178463801 4.452898505 -19.922920091 -0.301798967 0.793162627 -0.468136409 0.246289939 -1.686690546 0.252254296 0.383150092 -1.194834465 0.239450773 -0.844943760 -0.730102347 -0.647386856 -1.500365779 0.178124524 0.505823262 0.799656871 1.555329205 0.082293826 -0.071130576 -0.170637218 -1.217735226 -0.275660767 1.822151928 -0.069996929
-35.514666373 1.106433622 -19.296769752 0.188650300 0.712695141 0.662689276 -0.131604045 -1.808200311 -0.388931927 -0.267676447 0.649525375 -0.622159579 -0.114353232 -0.608164574 -1.317019868 -0.882995347 -0.351772711 -0.778899727 -1.865469826 1.972833617 0.458525280 0.221920429 0.989397671 -0.263949515 1.879869644 0.257968539 -0.220230846
-31.119232650 -5.948176736 -16.689694498 -0.553510167 -0.688611063 -0.453048995 0.119113002 0.801489689 -0.250394400 0.469851026 1.263206921 0.934932934 -1.133082183 -0.872676101 0.603126438 -0.209745353 0.360628730 0.557559989 0.330723924 -2.058774924 1.596512385 -0.161886585 -0.121811447 0.432439310 -1.105109948 -0.682372268 -0.236415299
-23.754380117 -3.248992000 -13.817047981 0.025597604 0.704608368 0.084876724 0.704036755 -1.316244897 0.430178129 0.847007031 -0.842286951 -0.997959640 0.275940906 0.890692701 0.718570706 0.040352381 -0.275814746 -0.021053855 0.254853387 0.271666767 -1.289936097 -0.700468784 0.065863095 -0.201588426 0.465471115 -0.339346570 1.164526580
-26.037895470 3.919788141 -13.707227394 -0.564329661 -0.064828746 -0.398718726 -0.719967114 -0.034835564 0.316302156 -0.002213671 -1.028518870 1.446084876 0.776290503 -0.422620157 -0.529670120 0.549683727 1.655082232 0.252776489 -0.892649556 -1.574721578 -0.452061926 0.047789119 -0.184869826 -0.538992473 -1.580714289 1.156367496 0.581497900
-33.243314579 -7.097380556 -16.117364360 -0.558351803 -0.376988401 0.456898522 -0.580832808 -0.696041811 -0.661000189 -0.082254270 -0.735125025 2.211107491 -1.939917224 -0.299662515 -1.532628717 -0.027601848 1.608615223 0.703578962 0.686469754 -1.649504592 0.374050467 1.015872915 0.112634948 -0.503267063 0.475035619 -0.828558679 0.180979708
-36.548055502 -0.709665186 -18.720191757 -0.670400782 -0.151824022 -0.020217304 -0.726018952 1.121891533 -1.446910100 -3.241313591 0.908899297 0.813055758 0.033998167 2.271500213 -0.241277204 0.172857012 -0.880896828 2.266281845 0.278212185 0.838281758 0.255433047 0.611548678 0.744393960 1.919784137 -1.524080193 -1.077054176 0.788589876
-30.362882123 -0.999564667 -11.091952145 -0.767820902 -0.481350292 0.321790373 -0.274233322 -0.359922752 -0.157558168 -1.876880785 -0.191634884 -0.860463473 1.559672045 3.101099004 -1.287343311 -0.426430247 -0.518090479 -1.216079706 1.350404551 -2.672254257 -0.032417572 0.561064846 -0.529274771 0.520860715 0.415353756 -1.992597125 -0.329316348
-26.698289983 1.318513664 -24.571697152 -0.183882640 0.358325227 0.850053183 -0.339410948 -0.148166073 0.210313300 0.302009791 -1.512463034 -1.292852328 -0.023530354 0.688201239 0.527934852 -0.702710929 2.161371355 -0.118232982 2.580036321 -0.800108720 0.064232085 -0.639691098 1.244478456 -1.585828815 0.347859578 0.139275656 1.141228704
-35.290055851 -3.431868580 -14.884326947 -0.271038877 -0.807194651 -0.498689314 0.162122452 -1.127821418 0.813078574 -0.887300644 -1.264656511 -0.615966384 -1.187075081 -0.002167432 0.489903318 0.751273270 -1.108399190 -0.421257257 0.568817153 0.876981704 -0.536959453 -1.023344459 0.514895542 0.016939011 -0.749823511 -1.690046582 1.016668021
-36.884531156 1.490979464 -21.872873093 0.863876975 0.042537231 -0.451083260 -0.220070553 1.860998571 1.154912200 2.389740793 0.378796360 2.600174041 -0.429992768 -0.227084378 0.111863856 -0.828226593 -0.277210889 0.621466174 -0.325541017 1.124753551 -3.095359020 -0.539725035 -1.150959755 -1.402315579 1.228577605 0.769133979 -0.948274601
-28.512227465 -9.666397980 -13.859635332 0.579796717 0.462032489 0.284271944 -0.607907236 1.411547655 0.214362190 -0.359352944 0.273777532 1.086662535 0.607145097 -1.200456923 0.374136358 -0.563900577 1.228015188 -0.598805081 0.656717941 -2.183931398 0.013452439 2.553977646 0.960779885 0.519809130 0.658968096 1.218475908 0.294956832
-27.178882214 -3.810400821 -14.697350508 0.907012081 -0.006675447 -0.290821442 -0.304478920 0.954285647 -0.052664034 0.350364648 1.797938197 0.053959739 -0.964298542 -1.031833517 -0.821572491 0.235912845 -1.766340751 -0.756286130 1.877568715 0.480483298 -0.291309070 0.846885484 0.591392169 0.908135435 1.364439838 -0.197364814 -0.840725420
-28.893368986 -7.732690010 -11.398926180 -0.625240985 0.202160142 0.243287956 -0.713453543 0.459179720 -1.258809339 1.247183152 -0.111353613 -0.894866178 0.327904412 0.041101270 -3.119605606 -0.098006758 -0.569739815 -0.507999079 -0.187219190 -1.596278682 -0.910004469 0.735862613 -0.358203721 0.165915024 0.741170519 0.676491782 0.663566474
-35.888392095 5.651322778 -21.272577185 -0.401895583 -0.157382778 0.268213004 0.861262089 0.554498976 -0.155349222 -1.823602855 0.667900729 0.645830037 -1.364633020 -0.913532341 0.087712042 -0.561646775 0.600743211 -0.145017014 1.020504943 0.127450882 0.483245878 -1.049911305 -0.463212425 -0.128119219 -0.323277956 -1.204000566 -1.436858275
-28.920772023 7.012973792 -13.082878347 -0.019847045 0.513600874 -0.233446295 0.825422961 -0.081544034 -0.443758908 1.001202487 -0.049108436 -2.222822232 0.502435992 -1.334028886 2.166899141 -2.419865868 1.525791724 1.513870260 -0.278989652 -1.096015824 -0.080611015 2.058949812 -1.167818542 -0.043219999 1.205782948 -0.901262300 -1.365368419
-34.574318574 0.447234228 -11.297302277 -0.367341679 -0.267659893 -0.733212125 -0.505784789 -1.663293696 -0.145223961 -0.452390193 0.547489281 0.386636173 0.371755768 1.446991802 1.386889353 -0.708301418 -1.388976492 -0.154407714 -1.217660393 -0.330355664 -0.010609669 -0.163648893 0.423386847 -0.982810654 0.038218977 1.408517129 0.571128714
-34.345138496 -8.327654959 -22.875677456 0.708716765 0.518566833 -0.277587833 0.389556135 -1.227418279 1.178030818 0.082158152 0.023293073 -0.376228784 0.788513737 0.414836988 0.032576069 -0.493493219 -0.051440937 1.168760388 -1.312940978 0.475282786 -0.191962556 -0.771855589 0.715062203 -0.243168008 -0.358451313 1.147118089 0.048283023
-35.944481744 3.187799334 -17.591703389 0.395062338 -0.180766024 -0.869732936 -0.234123929 0.593756134 2.262298615 0.621929654 -2.806369886 0.919411575 -2.831125709 0.097687464 -0.087771142 -0.721505166 0.500816869 1.046013601 2.684827244 0.310614981 0.961722012 0.716170495 -0.101101495 1.161239735 -0.869390243 0.986199296 1.541039803
-33.372951831 5.921666921 -16.377681504 0.100966905 -0.307008169 0.811234898 0.487288014 0.166536754 -0.100546040 -0.509538774 1.467991793 -0.492513095 0.955677728 0.830692515 -0.422187364 -1.292586753 1.552831486 1.521985990 -1.672125714 -0.122954427 -0.396164940 -0.090649235 3.822124739 1.693975021 0.556791806 -0.395703702 -0.049096898
-29.574969551 -1.548486328 -18.762303681 0.892904070 0.403139400 0.166315277 0.111982922 -0.265736965 -0.721879797 -0.803648821 -0.156934601 0.105185145 -0.769585058 -0.580269893 -1.095316890 1.431754879 -0.542910923 -0.797494080 0.867269055 -0.384694759 -0.155139644 0.702831707 -0.593985298 -0.975439916 0.019265130 -1.112806952 0.924654879
-37.909701213 2.395742273 -21.234644848 -0.905873020 -0.255251961 -0.202641358 0.270512455 0.136046982 -0.743879545 -1.317497638 0.749040401 0.224764202 0.932438821 -0.569559974 1.268897616 -1.478778806 -0.413400243 -1.735826624 0.953027827 0.187518640 0.005897881 -1.114913175 -0.062908113 -0.630697573 -0.772293024 1.003970237 0.390631764
-37.372342288 3.282052555 -20.840961395 0.437733880 0.821094520 0.166202278 0.326450060 -1.679990677 -0.405037318 0.735710786 0.758785408 -0.199316734 1.116119981 0.742488875 -0.748743743 -0.443933524 0.777766642 -0.513160072 -0.345028811 0.373866680 -1.051864759 -0.508747281 1.704685287 -1.391451659 -0.540120545 0.944675776 -2.352993182
-35.371251785 -1.348428676 -11.771036528 -0.550370541 0.079801297 -0.631038928 -0.540845534 0.018200466 -0.372015184 -0.789312754 0.224944568 0.767491240 -0.847688808 -0.536737039 0.247166492 1.376796101 1.053168825 1.059366566 0.037552858 -2.456885995 0.250082676 0.576243077 -0.105911377 0.255601165 1.341598372 1.639978000 0.342981110
-31.142798014 -4.269380063 -14.194243524 -0.604609140 0.345891729 0.660540855 0.280165090 -0.227127618 0.544426025 0.874763768 0.334397964 -0.875389599 0.564234204 0.363469869 1.840823863 -0.318465302 -0.171314005 1.560204162 -1.320945428 -0.698693910 -0.458302733 -0.717743568 -1.159855808 0.721943661 -0.899197570 -1.295786256 -0.483141211
-21.835807565 -0.000599796 -13.386302391 -0.036477168 -0.617847105 0.403051044 0.674154453 0.206482396 0.616609507 -1.113183348 0.008730632 -0.033821918 1.138772615 1.257117950 -1.374085096 -0.782574366 1.870481821 0.440461227 -1.604939849 0.490288814 -0.102019274 -0.252555631 -1.076305178 0.985871201 1.758458151 -0.660750640 1.641053513
-28.662345813 -5.823137285 -14.014468354 -0.613705518 0.541579723 0.012045756 -0.574379527 0.714761334 -0.599022113 -1.477746861 0.679108877 2.046298829 -1.570777049 -0.271438008 -1.317934772 -1.232563561 -0.152416086 2.032119900 0.813570557 -0.682539629 0.320919751 0.227977513 1.918104604 -2.058959248 1.851958668 0.948127791 2.534960677
-27.897349287 -7.038393573 -24.672676887 0.648422210 -0.096167031 0.083021043 0.750605120 1.712503071 0.223568794 -0.250955231 0.811200463 -1.771020567 -0.646391621 -0.676912402 0.747531845 -0.916116436 0.527095519 -0.892575605 2.256730161 -0.448438808 0.046086443 1.095855840 0.581232628 0.535819627 -0.281803074 1.771694385 -0.540620129
-30.097546621 1.820588904 -15.331358172 -0.220691034 0.645738221 -0.650453030 -0.333509330 -1.331446135 -0.284138601 -0.153115823 -0.063995963 2.297397445 -0.290722902 1.606351005 -0.798874388 -0.650042880 -1.347215553 0.288805979 3.136097880 -0.419460274 -0.428343175 -0.048650149 0.531940975 0.536095771 0.309596969 -0.410875486 -0.144424778
-27.765734017 -5.885615789 -13.428783106 0.712149667 0.455137120 -0.373289040 0.382555023 0.139048609 -0.704502790 1.047712901 -1.544206596 1.420877042 1.323433378 1.263065342 -1.400095221 0.547040546 0.409275582 0.992331668 2.212639709 -0.527192488 -1.263797573 1.592146992 0.337238653 -0.727485104 -0.205517776 0.674054776 0.182820755
-29.888088576 4.779623788 -9.938819108 -0.200564080 -0.614364484 -0.380856354 0.661270572 0.320213507 -0.077418455 1.407272095 -0.974557923 -0.441912528 -0.554370369 1.477970474 -0.164567483 0.034183198 -0.295077530 -0.640976926 -0.513899665 0.223982656 0.531057338 -0.375148656 0.303977345 -0.934032654 -0.516528717 1.277594799 0.939197773
-31.884824731 0.456392010 -9.085371622 -0.004043884 0.838603666 0.534436826 -0.105379400 -0.609505751 2.029994222 1.173993972 -0.041562634 1.082485743 1.221807449 -0.244280175 -0.080130140 -1.501976508 2.221553639 2.305602746 0.075294601 -0.333596644 0.323937817 -0.445174307 -0.368658236 -1.976184930 1.014356783 0.944702555 -0.839992328
-34.612132869 0.020025071 -17.415066634 -0.545524104 -0.681925838 -0.108871632 0.474897433 -2.714081062 0.189519483 1.792016878 -0.244382789 -0.340712106 0.136204594 -0.463578944 -1.000230031 0.281615167 1.080242947 0.858863235 -0.095603021 -0.274164001 -2.322398466 -0.278739075 -0.584442543 -0.357047131 1.338755846 -1.560542496 0.542006435
-38.986101036 0.674466115 -13.530238132 0.467746027 0.546023683 -0.597769672 -0.354602892 -0.644444492 -1.674751318 0.907216579 1.638907392 0.438209978 0.680825963 -1.699380351 -0.934728038 3.630326731 0.325836446 0.002522625 -1.752112102 -0.890193118 1.133880610 0.594304954 0.378324351 -0.197883006 -1.734788009 1.819528791 -0.120597351
-31.889760973 -7.038172639 -20.387507026 -0.475589123 0.260770873 0.665274063 0.513053563 -0.286723505 -0.457028791 -1.596849202 1.471999897 -0.796760388 -0.350313555 1.033008526 0.090657434 1.816812518 1.042407895 -0.632836895 2.379858481 0.060142143 -0.363599741 1.455448279 -0.409901013 1.464730717 -0.503301623 0.219720069 1.650989223
-25.509711822 4.556459655 -16.808845332 0.805567821 -0.187535813 -0.501548683 0.253652760 -2.014047412 0.568546751 1.331141745 -1.084783710 -0.850854242 0.549384485 0.811583590 0.961739718 -0.608897852 1.683338721 0.170126299 0.490606763 1.115061979 -0.064852754 0.080416597 1.230429047 -1.222191850 0.510260250 -0.334116687 0.196938279
-34.496591803 -5.745551846 -19.229859746 -0.416727984 0.542985569 -0.726696057 0.058457683 0.675688792 -1.141774419 0.588079159 0.337581350 0.509257146 -1.127550471 0.957119892 -0.406966576 -0.170510463 2.440271415 -0.631426179 -0.201335583 -0.150518112 1.393404734 -1.478067231 -2.193206131 0.251553430 1.457259344 -0.812475167 0.260473702
-27.294507939 6.396718502 -20.756266537 -0.234983104 -0.513099364 -0.498992345 -0.657661481 0.558264324 0.597382016 0.753715670 -0.974397964 -2.613374880 1.085118891 -0.377132553 -1.137800349 0.884417598 -0.095094879 -1.604854254 1.564633373 -0.214473683 0.560511689 -0.116232811 0.610022521 -1.046013113 -0.103670322 -0.667035250 1.374173769
-32.608144095 1.835987685 -16.260940067 0.193463258 0.468451500 0.417470844 0.754216981 -0.548320155 -0.339777364 0.316503981 0.010847367 -0.214802567 0.665909082 -0.546169931 -0.315977967 0.552573729 0.432734494 0.515059283 -1.159579667 -1.542656912 0.122676994 0.138561273 -0.732598819 -1.367672101 -0.510064873 -0.027223602 -0.013809485
-29.503305934 -9.625401633 -15.525560343 -0.487232614 0.594537850 0.198509411 -0.608048632 -0.613056041 1.370392854 0.321588906 -0.069754200 0.107085334 -0.981108018 1.058543040 -0.022255736 0.944278838 1.322572186 -1.049371634 0.646658152 1.585935615 -0.101558374 0.270139123 -0.332430138 -0.963779169 -1.352042441 1.252572874 0.047879698
-26.888593860 -2.163301574 -18.334472350 -0.318138395 0.895815674 0.070776128 -0.302147281 -0.549573211 -0.180979309 -0.131420565 0.249821595 1.488154388 -0.206954122 0.685383190 -0.746953875 -1.435587502 -1.164105194 -0.089697886 -0.311584265 -0.312146471 -0.785943178 0.942499365 0.201460085 -0.925257919 -0.773092163 1.038773974 -0.602606146
-38.744301983 -4.789747877 -15.126559752 0.049901689 -0.761516478 0.622908056 -0.172011712 -0.651996113 1.211977120 -1.985793677 -0.405770509 -2.664352716 1.518940406 -2.558274817 -1.299563944 1.328217354 -0.582625566 -0.246562063 -1.691962197 -0.046380379 -1.642029205 -0.176310543 0.619836571 -0.077411502 0.530151069 0.731678194 0.276737957
-26.910120409 -1.134937955 -22.336360369 -0.371516036 0.350182836 0.337763494 -0.790736137 -0.050806813 0.249104885 -2.442712168 -1.575212315 -1.597889844 0.969842565 -0.745100818 -0.869683036 -0.597237471 0.961553769 0.321510210 -0.772309324 -0.812584134 -0.511048936 -1.283271120 -0.757219638 -0.159613373 0.814577427 0.105599683 -0.671055945
-36.664352873 -1.232859114 -11.390142274 0.051802188 0.276775290 0.953066862 0.111245358 1.815590144 -0.377989652 -0.257613106 0.902372063 0.894458545 0.041332156 -1.792157146 -0.464766410 -0.696233777 1.263383703 2.017507956 0.397052567 -1.047995476 -1.782999638 0.333325422 -0.084889437 0.099646537 0.757128232 -1.990611567 0.168567450
-27.614172400 -4.235913525 -24.064560034 -0.182971069 0.129317507 -0.253381151 0.941061402 -0.175486214 -0.248086874 0.296882401 -0.395346912 -0.688806143 -1.936513390 0.017599590 0.099209589 0.959392537 0.254538646 -0.217894865 0.230961709 0.892437288 -1.719840720 -0.698961918 0.893257846 0.735737810 0.617489306 -0.013982674 -1.870995523
