-4.429727346 -6.301190410 -44.409482559 -0.271611553 -0.790633506 0.267148211 0.479330425 -0.586472420 -0.543177324 -1.146547348 -0.425323276 -0.935965184 -0.089950719 -0.709035100 -1.035127892 -0.699570886 -1.570330720 0.357515832 -0.505688575 1.038978115 0.329522097 0.388617338 1.116436039 -0.073280130 -0.276311093 -0.005113627 1.453321882
-0.862919364 0.077665496 -40.405099085 -0.749494897 -0.300401125 0.320234526 -0.495445670 0.505601312 -0.340614346 -3.216854327 0.264102398 0.503643698 1.362677754 1.331084958 -0.341780557 0.611001716 0.570294718 -1.135991505 1.868221008 1.330005139 -1.514126421 -0.100074400 0.748474150 0.896628141 0.319888064 -0.384004054 -0.565959270
-13.171643359 -6.706731703 -45.286928869 0.027298076 0.517697871 0.192880596 0.833091115 0.480407739 -3.101917265 0.117506251 1.001021720 0.279644461 -0.366221308 -0.096424537 -0.334579631 -0.834859188 0.691415102 -2.369659749 -2.562856858 0.747143867 0.310314538 -0.320400463 -0.326187636 -1.204396623 0.144899590 -0.147090883 -0.628315867
-0.473047985 4.533853294 -43.922981768 0.533656677 0.313019482 0.576183302 -0.534080666 0.493040514 -0.951634492 1.070682456 -0.341060587 -1.302140279 1.233234804 -0.143528837 0.696474845 -0.619689382 0.892060519 -0.147907604 -0.578949380 -2.632820478 -0.207608490 -0.554862558 -0.121475517 1.003792001 -0.905948191 0.899628359 1.071519804
-10.884464683 0.545191822 -34.197594865 0.503933692 -0.591313521 0.250122077 0.577787245 -0.166800440 1.731622600 1.676855417 0.296013014 -3.206403595 0.297980915 0.554812345 -0.869751990 -0.252522917 -0.791385591 0.729173446 -0.238586304 0.225415554 -0.453581816 -0.968794479 -0.129080079 0.490099759 -2.036925868 1.134527489 -0.150251541
-13.252122773 5.740945027 -44.590022714 -0.615821380 -0.622079556 -0.473277400 -0.098942187 0.862191505 0.955537877 -0.773374658 -0.419886341 -1.248633308 -1.111105234 0.699617116 0.620431192 1.387171221 0.598995930 1.273747531 0.050977003 0.071022996 -0.382980898 -0.460415371 1.509959721 1.485054729 0.462025436 -1.318271503 1.444904212
-12.944260214 0.965247396 -42.331810928 0.365697241 0.077437764 0.478737462 0.794405037 -1.510366553 0.901878212 0.175400090 0.239298575 2.385174761 -0.186481140 -0.395393737 1.114710184 0.169633900 0.664543095 -0.769602301 0.724341596 -1.905862528 -1.530127093 -0.175250443 1.769999588 1.509399253 0.585958403 -1.236224026 0.182843016
-5.419905373 2.754081389 -35.099416904 0.785680131 -0.562696788 -0.243685672 0.081831231 0.220280660 -1.029484334 0.509834200 -0.830631972 0.495354309 -0.043451478 0.015425762 -0.319321726 0.185652401 1.782070563 -0.197075089 1.792737987 0.265288698 -0.264128727 -0.309175528 -0.121059424 0.329540918 0.645006476 0.831570713 0.095202393
-6.158808116 1.841649347 -35.114464093 -0.041394477 0.329175299 -0.227384316 -0.915547100 1.887672866 0.589876208 0.850573874 1.055206673 0.857557068 0.231924795 -1.016316290 1.293343153 -0.814412976 -0.372165353 -1.298937550 1.706953155 0.196120389 1.308482749 -0.112515381 0.322879657 0.427064988 1.770529834 0.307233983 -1.383061436
-7.773417342 6.326948512 -41.105556336 -0.530802225 -0.414847363 0.342012236 -0.655117008 1.437099211 1.858133567 -0.693708932 -1.182260208 -0.949442121 -0.114276937 -0.064265167 0.439880707 0.176260836 -0.222825351 -2.189112492 1.311015124 1.088261356 0.868087583 -0.007539227 -0.307617682 -0.089364603 -1.681150387 -1.184579694 -0.109752809
-8.540702083 -0.732662391 -42.492500240 -0.221586840 0.811794256 0.487220714 -0.233463775 -0.169469183 -0.804797794 0.981144361 1.048023524 0.754878863 -0.645855452 0.603515755 0.372393595 -1.055583618 0.747590053 -0.489946889 -0.356183852 0.572605698 -1.360729846 -1.767656558 1.023749169 -0.020020903 -2.476205301 0.282619989 -0.249782521
-12.877556666 8.180218855 -43.786419619 -0.963078371 0.224498584 -0.040290067 0.143028483 0.376000304 0.285039458 0.512420862 0.185357464 0.352788664 0.217739880 1.508019139 -1.539632747 0.396114714 -1.481608341 -0.171849141 1.890644968 0.786029954 -1.288358874 -0.170623413 1.317054362 -1.095660546 0.912855616 -0.831221668 -0.872130616
-11.133875495 -6.416635071 -47.865971649 0.758640778 0.209604030 0.608793151 -0.099504867 0.002266820 -2.228539616 0.403373085 0.350094689 0.070910110 0.343131293 2.326829406 -0.060816334 0.119590653 0.279876021 -0.992007435 -0.199264349 -0.003673086 -0.115096164 0.905191657 -0.837148982 0.213401825 0.891167469 0.250080201 -1.751558297
-11.065057537 -3.705974198 -35.877270858 0.225792521 0.222050676 0.064038092 -0.946366925 0.024924562 -0.652740602 1.386255376 -0.530762277 -0.670126414 0.505497458 0.064007768 0.003824589 -0.199114629 -1.544698059 -0.513226325 -0.802314455 0.068355221 0.051301868 0.066842685 1.296216155 -0.707461663 -2.773464926 -0.804659917 -1.163135969
-11.747709233 5.835432587 -49.333758421 0.385826524 -0.227431698 0.606079941 0.657327789 -0.441602518 0.823859069 0.462018204 0.189082926 -1.119249156 0.657436279 0.280157031 0.309718156 -0.539347258 -0.008319172 0.523060459 -0.384395562 -0.120350286 1.581491186 0.162688590 0.231528759 -1.413471387 -0.461937281 -2.163224520 0.535449386
-15.949577590 7.499269527 -43.048249445 0.440192684 0.743920826 -0.147007279 -0.480833718 -0.484051342 -0.553522570 -1.372931610 -0.627414764 0.058902390 0.695715679 -1.196973733 0.125489716 0.711781738 -0.153099560 -0.690542688 0.832886758 0.676311954 -0.911681503 0.278727097 -0.387456485 0.627962947 0.288622190 -0.039168835 -0.147322166
-15.662350378 1.211149756 -37.663659186 0.074376595 0.752834763 -0.617395511 -0.215709815 1.191713347 0.944880639 -0.034026152 1.540786796 -0.102834292 1.542328704 0.216611221 -0.615667456 -0.315990515 0.769611712 1.308062230 1.193583234 0.865630297 0.544826502 1.723264291 3.043640415 -0.929533469 1.823067614 1.567828583 0.582190142
-5.228960742 3.773672715 -48.539606888 -0.289259657 0.460797869 0.765587314 -0.343322353 0.605961030 -0.007198738 0.131468780 -0.996950736 -0.439339647 0.021978416 1.043501402 1.656614705 -0.728415458 0.426686596 -0.081876518 -1.910080535 0.915549569 1.475868090 0.861856901 1.291665843 -0.918874169 -0.075138619 0.400028367 1.227128714
-13.799074410 4.346217840 -37.607521161 -0.219367985 0.511888554 -0.317161422 -0.767630398 -1.644427489 -1.293311154 -1.378938093 -0.795686245 -0.671439878 -0.991949504 0.889003940 -0.844426989 -0.829326301 1.363424398 -1.630162161 -1.270469513 0.131020106 -1.673416486 0.634015345 -0.253732869 1.267935080 0.284661080 -1.218553142 -0.398195570
-7.130318997 8.788676398 -38.177316369 -0.130328496 0.077673266 -0.960097439 0.234934576 0.051796500 -1.328175218 -0.080961288 2.104366390 -1.352298921 -0.115620349 -0.970315475 -1.412792490 -1.079573941 -1.000362176 -1.067571299 -0.034498248 -1.542005362 0.265568832 -1.313659205 -0.083302800 -0.072852190 -1.124946569 0.506075011 0.490723626
-0.035743309 4.129286422 -41.631996789 -0.390747542 -0.288126660 0.798221845 -0.356568748 -0.011578294 0.801070170 -0.506106516 0.667912006 -0.489176581 1.822421599 0.398109281 0.004140834 0.382009929 0.653150709 0.234721176 0.589618039 -0.284326780 -1.809960129 1.467261285 -0.956231374 -0.143725354 0.006518840 0.781148253 -0.435671350
-9.842362714 -5.009013757 -46.155490121 -0.578320716 0.686694166 -0.159404830 0.410592708 -0.944706868 1.142826961 -1.249096455 -0.527866617 -0.716322810 -1.483965445 0.268314335 -0.967818924 1.096234574 1.103098866 -0.491349764 0.316419297 1.085354130 0.084395296 0.966264326 -1.600805153 -0.866545657 -0.902712817 1.146755530 0.404249583
-1.398274264 -0.512073334 -42.545561170 0.101834233 -0.343558925 -0.139399338 -0.923127769 0.612873221 -1.164005574 -0.039121529 -1.470098239 0.480991869 1.454919764 1.352745671 0.328826280 -1.162388010 0.143592845 -0.095053520 -1.623940313 1.475998720 0.694489829 -0.212711787 0.059701362 0.179004400 -0.054195419 1.241038058 -3.036970146
-0.501782948 -0.784523419 -42.281111355 0.437411632 0.505771650 -0.719678841 0.186891596 -1.102802693 1.264783517 0.234747742 0.484986196 -1.336244194 -0.212291698 0.846075023 -0.405487187 -0.360326788 0.648411231 -0.665068722 1.013925182 -0.128018844 -0.468296302 -0.891709551 0.410226619 -1.724604606 -0.016608711 0.564017378 0.626128404
-14.820168793 -1.962926928 -46.334554746 -0.356816423 0.125653571 -0.659095068 -0.649989933 1.765297626 -1.702119444 0.319920411 -1.138016302 -0.469555541 -1.235934598 -0.132246951 -0.061809280 0.309906037 -0.324454978 -0.872009554 1.581503958 0.863350580 0.670210761 -1.284572034 -2.051056114 0.078368545 -0.324859159 1.376733459 -0.599066936
-9.073502236 5.689673347 -51.309423473 -0.124052766 -0.313305593 0.701228457 0.628274755 -0.875585288 0.438624682 -0.152826862 1.081944207 0.511258554 -0.937970079 0.682072191 -1.090627483 0.355052051 -1.811769122 -0.266173828 -0.081426826 -0.312091226 0.179018940 -0.525577839 -0.489133170 2.776753937 -0.000810142 0.620014447 1.045499113
-4.300489943 -2.522724365 -49.520578082 -0.150128701 -0.285411414 0.280299183 0.904120603 -1.107256277 0.198242785 -0.454312955 -1.702287963 -0.437022847 -0.914150036 -0.783643224 0.275577231 -0.162626826 -0.344139921 -0.642014100 0.695201820 -1.834054833 -0.485737523 0.544046707 0.239617211 -0.399284219 1.430602920 0.036303746 0.478842931
-14.949471798 1.153999568 -45.483807295 0.781629039 0.187963451 -0.502839543 0.317613257 0.504002046 0.690863388 1.201703126 1.041187359 -0.090180044 0.161255570 -0.833386357 0.421444822 -0.639860856 0.724800044 -0.349857335 0.126096582 0.402597527 -0.834354994 1.029030903 -0.928812479 -0.654918613 -0.584863371 -0.387621013 0.227616842
-7.672400649 2.515400158 -51.080590365 -0.643848392 0.628736448 -0.326645685 -0.288881156 0.792497823 -1.311742494 -1.366946424 -0.863154240 0.023577668 0.120713307 0.090678095 -0.371614331 -1.063796777 -0.630511820 -0.175943195 0.593563631 -0.459429424 0.326027540 0.342238293 0.602172166 0.083336837 0.394713991 0.054639959 0.454879293
-4.587626541 -2.550081051 -49.542955914 0.554414070 0.761828235 0.243853764 -0.229734894 -1.260867227 1.377440917 1.066390489 1.028168736 -0.939943881 0.629111347 1.394286945 -0.302265200 -0.473493633 0.346580534 0.323440913 -0.798553807 0.965033547 0.555277754 0.075604042 -0.969934446 -0.781301615 0.175551435 -2.620927615 -0.724216183
-1.956346006 -3.117068787 -47.408545857 -0.188709523 0.703654994 0.314385125 0.608621687 0.535849566 0.160327866 2.376319611 0.226463126 -1.578850982 0.166088915 -0.400236586 -1.042503621 1.050402218 -0.710474889 0.235890537 0.077947175 1.932278860 0.846640367 0.792420587 -1.777700579 -0.405862200 -1.472399920 0.979569606 -0.422905931
-9.433348536 7.081713488 -50.134551698 0.027695769 -0.265334468 0.226285121 0.936816742 0.736277465 -1.773622673 0.144663079 1.440875120 -0.367368496 0.790046980 -0.252971123 -0.020120238 0.348615028 -2.052465851 1.352656699 -0.178396815 -0.588452083 -0.245888220 0.122070869 -2.275895364 0.089053132 -0.056670595 0.362357345 0.634799324
-11.808546207 -2.346318384 -35.719415198 0.799938082 0.247193111 -0.504738883 0.210317119 0.147269525 0.297468791 -0.254924728 0.059852819 -1.191620232 1.491633478 0.230534817 0.282798769 -0.075822384 0.678305164 -0.480879223 0.889200059 0.808413921 -0.409403626 0.468333037 -0.370640898 1.133027189 0.070556673 -0.318855497 0.638408893
-15.529396891 4.526443719 -40.120004159 -0.344451010 -0.514193813 -0.629155685 0.470235418 -0.014519010 -0.376472467 0.293899576 -0.626426781 0.446557971 -0.370331570 0.100260365 0.417120864 1.565722098 -0.260091395 1.509736870 -0.999318977 0.559013561 -0.296281417 0.038148144 1.288306526 0.956092590 -0.460675712 0.326905019 1.591944888
-11.918113245 3.178531763 -44.938465510 -0.038102122 0.097442211 0.951382903 0.289696073 -0.083946813 0.164416693 -2.001976750 -1.052245179 -0.040867630 -0.026302884 -1.811975280 2.375292938 -1.772700864 -1.670600861 1.422350720 -1.355500361 -0.728534020 0.766310532 0.870984698 0.221919602 0.141678923 -0.337043463 0.974444750 0.196398507
-8.194019428 9.024801631 -42.512575631 -0.437210994 0.561735945 0.625814559 -0.318834459 0.217285077 0.163474252 0.177317437 -0.953723792 0.645554345 -0.117530233 -0.752156206 0.544190931 0.558823357 1.026708450 1.093137800 1.480498248 -0.766783339 -0.571891931 0.234700860 -1.495447807 1.779586182 0.021710824 -0.763247597 -0.503493801
-3.202001128 1.960675683 -39.308654787 0.698368941 -0.080986085 0.476037725 -0.528308773 -0.366300517 0.438649071 0.745160681 -2.315897236 -0.333659668 1.774307249 -1.500361775 -2.263510513 0.569770961 -1.150297673 -0.524406280 0.938017173 -1.704638674 -0.250450171 1.204838462 -1.093969638 -1.546995400 0.267233706 -2.536252930 -0.312131246
-10.460032758 6.564781810 -38.620167369 -0.707842780 0.016875472 0.652382367 0.270316602 -2.732932013 0.329313741 0.534698582 0.304575696 0.340852475 0.197397490 0.513148480 0.032824759 0.411530256 0.399384436 0.279836850 -1.577135667 0.838267354 -0.286307112 1.394052605 -0.347659905 1.479938711 0.758237441 -1.942549439 1.277367245
-14.574328481 -5.680712989 -45.075516005 -0.210082903 0.538833996 -0.199505066 -0.791025175 0.970512596 1.026159144 -1.018617829 -2.468115428 1.554670775 0.000187193 -0.677437732 -1.327016141 0.171112777 -0.326346399 -0.863356491 -0.349324095 0.069911306 -0.102162646 -0.265521082 0.031751576 -2.914291335 1.877633490 -0.579886353 -0.809040307
-11.659443946 0.202261596 -47.345196240 0.722161642 -0.338714400 0.531778862 0.284545884 -0.428758606 -0.477048562 -1.735211911 0.415531171 -0.024618831 -0.652074350 -0.454137403 -0.725682499 -0.548634861 -0.480857479 -0.277764713 2.042494175 0.100786856 0.094361882 0.883102371 -0.956937279 -0.375487451 0.253777330 -0.932471043 0.510581529
-10.680697261 -5.192006861 -47.018598331 0.065458993 -0.384456426 -0.174027649 0.904224946 -1.162996236 -0.093566030 1.088183208 0.386681661 0.656233513 -0.438952410 -0.181608447 -0.384609620 1.060628836 0.183365670 -0.702583232 0.188009958 0.053414842 1.513107045 -1.217352226 0.351967883 0.571036106 0.910027081 -0.367068839 -0.647229589
-3.096970284 0.056035528 -48.009735868 -0.407579563 -0.158839740 0.759830939 0.480942597 1.352367127 -0.571512193 0.328678021 -1.638457102 -0.048469526 -0.864822303 0.838177511 0.792757446 2.332654980 -1.611950188 -1.810034473 0.144636026 -2.310479727 -0.056468568 0.501366702 0.226914425 -0.908017982 0.602587111 0.833107081 1.650064276
-3.122997121 7.116003451 -45.936961009 -0.130144121 0.387499859 0.706064531 -0.578255346 0.888260593 2.410955399 -1.225256260 -0.663147637 1.088414225 0.761507954 1.281195103 1.487881163 -0.766967699 0.598644304 -0.416748174 -0.841589097 0.825352476 1.527721729 -0.162707520 0.124956703 0.171003630 0.124689949 0.024351629 -0.663316278
-7.780862264 -4.308375612 -40.535220911 0.412924673 -0.068415241 0.245972213 -0.874248386 0.121912278 1.830877399 -1.413495196 0.795344626 -1.196771330 -0.494067311 0.118210492 1.287866807 0.471372294 1.463700061 1.937375212 1.220425134 0.499676615 -0.530111664 1.563130805 -0.549780759 -0.322391151 0.273769925 0.759130603 -0.600843369
-11.510621265 -3.666705777 -39.752342335 -0.064415975 -0.982623124 0.156820068 0.075563517 1.280209281 -1.391354661 0.604362601 -1.360720124 -1.025864347 -1.708786708 0.034631764 1.102948121 -0.380495714 -0.231454991 -1.276326389 -1.494558908 -1.487655169 -0.934188021 -1.340300242 1.667729362 0.126061715 1.140726766 0.146326356 2.257863409
-8.895914274 3.897897449 -48.283902792 -0.103725709 -0.531888277 0.299978114 -0.785078957 1.337627426 -0.591804110 0.694829602 -0.590082924 -0.350537836 0.775811092 -0.837908293 -0.656048347 -0.295320414 -0.959119484 -1.264779545 -0.297372697 1.221673851 1.130797816 0.580047776 0.024909675 1.639012823 -0.717999180 -0.097633221 0.981648564
-18.443180868 3.024435486 -40.943772785 -0.320305097 -0.307734382 -0.195163471 -0.874422904 0.123091051 0.075829917 0.945666199 -0.046262408 -0.925660511 -0.870796396 -1.805046252 -0.579689477 -0.176605973 0.469198337 0.596825615 0.426596346 -0.380590421 -1.020197282 -0.065196233 1.396026972 0.323814457 1.282242875 0.899229026 0.561811328
-2.013817918 -0.285951733 -40.624330187 0.747353303 -0.080898049 -0.039426800 0.658303937 -0.728552592 1.319993044 1.876065018 0.550457465 0.160674680 -0.983506939 -0.811180667 0.836419523 -1.807927565 1.975410399 -0.029609729 0.647393206 0.774219891 0.779436247 -1.399454683 0.557973252 -0.003621826 -0.225692852 0.203085960 -0.568258290
-15.658413849 -3.188754014 -48.385672397 -0.279042205 0.527645366 0.738264298 -0.314152260 0.229915393 -0.932241730 0.592001410 1.079837684 -1.194034687 0.210910369 -0.010859931 0.279175873 2.219845265 -1.059809136 -1.357321286 -0.398281444 -1.738063948 -0.637029190 -2.333505561 1.465419620 -0.810805304 0.089751922 -1.155329822 0.301328632
-8.714342440 0.670359488 -46.927288415 -0.738568269 0.091825004 0.524117009 0.413988456 0.051605286 -1.066525871 0.649072971 1.543259671 0.395356167 0.469281648 2.053186123 -1.118624028 -0.348131396 0.679103680 0.353759184 -0.371769045 0.629454214 -0.049921854 0.147180982 -1.292498045 -1.373956241 -0.630302884 0.995468725 -0.577365287
-5.259905932 0.354351771 -51.106680697 -0.180082577 -0.468578532 -0.464748803 -0.729392195 -2.079940575 -0.736431286 -0.696862658 -0.438327868 0.356583713 0.027062142 0.849939767 -0.894721950 0.541900225 2.140963196 -0.381452844 0.576356196 -1.480140485 -1.154945040 -1.838757203 1.457403512 -0.577478640 -2.193309660 -0.475409677 -1.505003540
-12.133967300 7.702345381 -44.745332677 0.737459569 -0.547783162 -0.265834984 0.292264868 -1.908200595 0.540976164 -0.081053805 -0.851054012 1.109799884 -1.946920482 -1.101547972 -1.224805628 0.893530878 0.044996728 -0.270115205 0.081310140 0.432083687 -1.576968755 -0.234132529 -0.811892938 0.784667532 -1.325668756 1.161454264 0.147247596
-3.371875390 1.796380096 -48.461677042 0.016290869 -0.728381531 0.564529731 0.387944758 0.262855912 0.870710499 -0.030783131 1.227821626 -1.351991520 0.777889527 0.226886405 -0.724282245 1.226108266 -0.002010975 1.302837864 -0.303406249 0.502705701 -0.079821979 -0.235709162 -0.206744788 -0.090056567 -0.783038510 -0.769951349 0.057768863
-8.365468479 6.632628918 -39.643843102 0.170021520 0.680694016 -0.147782802 -0.697071433 -0.503556037 0.960231592 -0.058655001 -0.852102448 -0.740230587 1.206040806 -0.067023906 -2.486946069 -0.519666419 -0.387725041 -0.680338336 0.798372732 -2.196355668 -1.154004921 1.559102920 0.113248237 0.586614723 -0.961802647 0.294581788 -0.115723181
-11.001499802 -3.762640422 -47.185863354 0.831424047 0.302542458 -0.233148263 -0.403539345 -0.222285652 -0.155117477 0.730036293 0.437240316 0.152041326 -0.426138111 0.786026887 0.386025487 -1.371238063 0.589472616 1.734473421 -0.273225268 0.201511701 -0.311485595 -0.086844228 -1.478818745 0.627944174 -0.978653163 0.461420672 -0.407659643
-12.185583360 1.633290693 -49.024704784 -0.440222325 0.880828368 0.143874766 -0.098212743 -1.712075127 0.881867591 1.536003985 0.449724971 1.333415160 0.671298266 1.058689281 1.266306201 2.075374591 0.548730321 -0.099348547 -0.355988143 -1.301646830 -0.151745856 -0.047045182 0.374287629 0.705858034 0.604721550 -0.447689840 -0.029524167
-7.626841234 5.498104404 -46.003587931 0.592786437 -0.483210223 -0.522367297 0.377153188 -0.630281078 2.004122901 -0.186518367 -1.383702356 -2.653118935 0.619665912 1.175225303 -0.033620186 0.139138655 -0.372676372 0.346751023 -1.723218696 0.636072960 -0.301830042 0.881997011 -0.949728909 0.433259913 0.216945097 -0.241750880 -0.161115432
-12.925843398 6.296208631 -37.600073678 -0.340347063 0.635919132 -0.648876367 0.242343133 -0.359690008 -0.568327193 -1.567432646 0.849717010 -1.018846931 0.577859346 -1.292992630 -0.263099605 0.219058609 0.944910213 -0.177833351 0.473374910 -0.586145060 -0.199207465 -1.360807543 -0.665774345 -1.395041879 -0.382421510 1.069389419 -0.331915914
-2.368999976 6.382456846 -44.593786119 -0.416202883 0.133447377 0.899172071 -0.021366917 1.202434618 -0.294650779 1.113043883 -0.942523425 2.084099746 -0.181358720 -0.348055270 0.736823770 -0.006695211 -0.056706641 -1.347031984 0.054731520 0.644163480 0.666660933 2.439263628 1.788461182 0.045952606 -0.451363982 0.395055280 -2.368011970
-15.156301101 -2.097938868 -42.662894875 -0.430459163 -0.795742162 -0.276334523 0.324250754 1.389471167 -0.865687286 1.045622531 -0.182602266 0.087083237 -0.068011456 1.575572290 -0.673377131 1.146880479 1.187668640 0.406287954 0.498459215 -0.148730772 0.559319099 -0.927348777 0.753998690 0.847715107 -0.728314628 1.132609754 0.246406601
-7.565722718 11.430033478 -39.829874324 -0.522887267 -0.155681892 -0.315972426 -0.776217418 1.083548410 -0.449275417 -1.091335846 1.626731761 1.006014756 -0.688682911 -0.638261558 -0.415174088 -0.584501900 0.526896782 -0.685012009 0.546982715 -1.022008760 -0.191823505 0.665341045 -1.368270935 0.235057723 -1.299730061 -1.390142940 -0.163509175
-12.297347935 3.643985275 -38.443518052 0.544578067 -0.755391925 -0.353039004 0.090450158 -0.155394926 0.985945664 -0.912330124 -0.913709335 -0.524862545 -0.780218846 1.325087242 -0.449937207 1.143492400 1.266607012 0.745481051 0.434403500 -1.183832446 0.378526470 -0.102405482 0.712453444 -0.306770416 -0.242816355 0.494268270 1.230842894
-3.269406531 7.169341813 -48.269168570 -0.702308741 0.037325518 -0.503429702 -0.501924071 -1.253836884 0.399814567 -0.519958329 1.558599113 0.767486354 -2.149755546 -2.361509234 -4.186543146 0.470384868 2.220697663 1.319084009 -1.715627093 0.438569665 0.821922478 -1.627037951 -0.268316119 1.181689857 0.420582690 0.579771339 -1.858705983
-7.539503885 5.275045658 -51.809221563 0.123837900 -0.193355666 0.093288902 0.968800775 2.496715484 0.007081592 -2.395066978 2.760226990 0.372689858 1.028860863 0.899427068 0.727502856 0.818029664 -0.205644531 -1.403825405 -1.242449811 -0.169368504 1.222330698 0.568009785 0.446264201 1.017634274 0.066132499 -2.018247392 -0.187028272
-7.293045264 8.916943029 -39.817412418 -0.225541136 0.430527488 0.057818490 -0.872028841 -0.704119983 -1.098263477 -0.300590187 -0.497713415 -0.039401612 -1.355052370 -0.139943063 -1.444450181 -0.523261503 2.079705854 0.681867260 -0.816743765 1.026936534 0.383835781 -1.285152459 -1.053025535 -1.762429373 1.830620088 -0.317042470 -0.929799349
-4.712019912 2.664323357 -38.367992782 0.908051366 -0.294983563 0.080437640 0.286281681 -0.582593557 -0.115388651 0.267787842 0.673190449 -2.663758661 -1.007100129 0.577170175 -1.221755945 -1.095235281 0.777065174 0.379117716 -1.233919331 -0.884798546 1.186530130 -0.008825373 -0.884621270 0.088440694 -1.949646387 1.440100820 0.483235904
-9.054058566 0.373677629 -46.308825375 0.590781215 -0.088501126 -0.738837190 -0.311872912 -0.021290119 1.409358693 1.117250311 0.400343804 1.309663356 -0.017644450 0.418945971 0.119926528 0.578595799 0.514541250 -1.469984313 -0.159242154 0.458681329 -0.201579089 -0.853873487 -1.674756430 2.524343049 -0.336849498 -1.256436692 0.352019477
-5.835413529 -1.999395870 -38.432116158 0.735223942 -0.384205732 -0.534942301 -0.160213751 0.626205579 0.985284954 -1.096752202 -0.230673613 0.431399536 1.006911765 0.916678770 -0.447959189 1.475921198 1.202529028 0.778358362 1.436685186 0.005954685 0.329301684 1.677060782 -0.721928504 1.564607377 0.133282173 2.036034912 -0.995582559
-1.018410665 0.867019064 -37.606125523 -0.035667399 -0.648210774 0.427477006 -0.629137535 -0.427637520 -0.309543764 0.826404296 0.050434875 -0.932554106 0.039259831 -0.397480434 -0.116442501 -1.675100430 0.283540440 1.989523789 -0.915905186 1.599152583 0.162460995 0.421446105 1.248100765 -0.918050786 -1.894092238 0.655866193 -0.656715141
-11.284879099 8.249045192 -40.427736634 0.548223491 0.003107422 -0.777213086 0.308838417 -1.149051479 0.787947707 -0.043768762 0.451870325 -0.628567039 -1.477465837 -1.602560974 0.244070994 0.217159989 0.365306906 -2.028271021 -1.965895276 -0.735282030 1.391765375 0.337867780 -1.592905128 -0.459791606 -1.667277794 -0.746636573 0.110846240
-7.364671033 7.531711346 -48.371298054 0.109081656 0.554187396 0.443803541 0.695712541 0.425343834 0.855261615 0.073911184 0.025536254 -0.043585748 0.381325414 0.764989701 0.610546624 0.582778812 -0.349294404 -1.977051073 -1.008951351 -0.113873171 0.365426204 0.679573497 -1.797505265 -0.220388845 1.461239527 0.055233786 -1.831093710
-8.820313545 -3.323582194 -47.773160201 -0.503366608 -0.470336544 -0.570725917 -0.446852907 -1.627350910 1.118413810 0.992919099 1.121159041 0.093897867 -0.499004580 1.079211387 -2.603594270 0.498902870 -0.773549839 -0.702682387 -0.828450717 1.588820038 2.133495142 0.804494719 -0.445563452 -1.502169238 2.019287761 1.354423406 1.857768264
-2.587798080 4.406600393 -45.003728443 -0.282784891 0.879019071 -0.382256978 -0.035182096 -0.766302627 0.465279170 2.460270231 1.480071041 -0.237550444 -0.513312176 0.484135421 -1.617473324 -1.146884683 -1.117143638 1.053914700 -0.625421152 0.326855973 0.079023061 2.979497391 0.899389942 -0.303403569 0.359537183 -1.499016771 0.253925925
-17.030604395 5.202975003 -40.019084335 -0.395068647 -0.139367652 0.108769871 0.901480192 -0.436476231 -1.872176199 1.065269726 0.872063817 -1.155087277 1.529842204 -1.319450138 0.243023255 -1.064888090 -2.165002375 -1.207661802 -0.914087931 -1.621919891 -0.452149803 1.138345994 -1.541648201 1.402390820 -0.080038350 -1.843250347 -0.421986632
-12.717241616 6.614798541 -49.436121306 -0.105901082 0.109382050 -0.975378441 0.159553830 -0.785016217 0.896403576 0.181460314 1.709900019 -1.229254845 0.643566783 1.614996301 0.824852307 -1.356940250 -0.723409832 -1.155989693 -0.178618660 -0.050793149 0.772919388 0.516299964 -0.517309753 1.705088490 1.216704757 1.730012810 -0.690425214
-18.382246985 2.906956406 -40.069293408 -0.197101863 0.626658851 -0.688534201 0.307197322 1.349833887 -1.314806377 1.964434067 -0.215916440 -0.823681439 0.135052710 -0.609578045 0.924175692 -0.274371124 1.222480308 0.415400860 0.416981211 0.696730952 1.696262228 -1.226104775 -0.953587339 -0.717555506 -0.561752202 -0.282155132 0.064771401
-10.443642181 -0.186141873 -37.906336226 -0.075542818 0.709037514 0.241939639 0.658045817 1.112043732 1.114931441 0.454809925 1.381672388 0.908053343 0.789109540 0.462380531 0.726702436 -1.174655096 -0.844534093 -0.198563747 -0.381551038 0.457623756 0.262404298 1.091298581 -0.106508489 -0.536549945 0.947204504 -0.481355140 -0.372091482
-12.713617395 -6.803977967 -43.840802364 0.976382202 -0.113165614 0.027294152 -0.182006507 0.236464429 0.626666125 1.335360999 1.124727190 -1.149946960 -0.054276598 1.843087218 2.600874906 1.142905662 1.016320760 1.020127657 -0.114393476 -1.187845518 -0.084100093 -0.318451423 -0.621954784 -0.650396803 -0.799047760 1.742572508 -0.524603460
-12.704117681 6.190233266 -47.065558545 -0.405093311 0.070542680 0.772869909 0.483316918 -0.285059384 0.720011784 -0.098315946 -0.454543542 1.621641066 0.144225450 -0.167769874 0.354969298 0.630775242 -1.725103192 0.504043099 0.803562704 0.593299666 1.788467463 -0.383850693 -0.256642431 -0.913437713 -0.469947414 1.736436554 1.479749517
-14.267651131 3.539991411 -38.836301434 -0.708996883 -0.228521781 -0.353982194 0.565506694 0.845268910 1.148816231 0.106106636 1.327650039 -0.532812044 -1.325672946 -1.736628444 1.529062115 -0.339360655 -2.364978708 -0.975375380 -1.351891612 -0.657316684 -1.210816042 -1.627952822 0.332645209 0.662091082 0.241700400 0.039022820 1.025509812
-1.682338935 -3.755761261 -40.512621842 0.577106129 -0.718656754 -0.300119253 0.245783279 1.218939946 -0.471903231 -0.493853653 -1.078275373 -0.772831938 -0.834920863 0.044429061 0.746816003 -0.237058754 1.177776644 1.495189949 -1.314558567 0.494817567 0.962617598 -0.776480995 0.625838955 -2.921992908 1.111325502 1.429065801 0.201508594
-13.411940354 6.539380009 -40.584824179 -0.078031905 0.980746532 -0.128362521 -0.124781106 -0.941254471 0.385081650 -0.454617014 -1.545690532 0.029633554 -0.397990121 -0.370532982 -0.972388481 -0.021425983 -0.377555828 1.749155281 0.533529323 2.086474127 0.438085866 0.738409060 0.063182340 -0.574986966 0.005477750 -0.169000904 -0.752750744
-15.740412546 -0.903493482 -37.509433718 0.315085660 0.280871363 0.308665363 0.852383715 -1.517460909 0.000209529 1.158458370 -1.300724726 0.650176163 0.433796713 -1.799344619 0.921484813 -0.352964347 1.117572389 -0.408768584 0.438923103 -1.996522901 0.725654420 -0.327839332 -0.655565125 0.818203540 -0.147596049 1.754179018 0.549672574
-2.020444992 4.471913044 -42.311016281 0.514398946 -0.800246720 0.192269144 -0.240897256 0.224571783 0.795237474 -1.692010397 -0.247806276 0.426000432 -1.085123861 1.262609666 -1.273275511 -1.403525893 0.306159770 0.654706662 -0.140807262 -0.639690295 0.566918704 0.403510729 0.459226958 0.202249225 1.011767900 0.067214108 1.349610251
-13.559496274 -4.411522167 -41.191732620 -0.546893474 0.568458978 0.475963450 -0.388871075 -1.468291703 -1.281418981 -0.806117715 1.678401597 0.167582184 -0.490080679 -0.806378249 0.108396830 1.407588767 -1.462708822 -0.907461268 -1.776514985 -0.332888306 -0.671431687 0.039550969 0.152562976 0.950319594 -0.745163750 -0.630351014 -0.041176716
-5.051339477 -4.142582392 -41.907770023 -0.188929561 0.026620429 -0.047503009 0.980479698 -0.403240301 -0.302098141 0.307982201 1.174007132 -0.358930883 0.155678670 -0.129084647 0.919516928 0.205893415 0.951002550 0.362085449 0.490637754 -2.447780018 -2.159788704 -0.923730421 0.121880363 -0.799414747 0.096992386 0.200192467 1.318079959
-16.635277430 3.380619681 -48.664209440 0.214162314 0.142330904 0.930798964 -0.259787808 -0.904601758 -2.047556802 2.351680187 0.080249099 0.919859552 -0.464369954 -0.552267933 0.660752733 1.467711078 -1.047653390 1.089716053 0.520990742 -0.649743714 -1.675196768 0.243034597 -0.960639922 0.545468184 -1.636760176 0.285751670 -1.298927802
-16.778985204 5.816060630 -46.751505640 0.156227002 0.650225126 -0.544047711 -0.506766709 -0.574067745 1.186396270 -0.093480976 -0.147656862 -1.844233593 -0.056434374 0.211873102 1.047197060 -0.254490657 -1.185685254 0.170850800 -1.065352179 1.411814830 0.636050472 -2.231108876 -0.740480261 1.277117861 0.140030964 1.526749111 1.205813884
-10.047202576 2.426267006 -34.841881858 0.575823512 -0.236916584 0.428745942 0.654579813 0.125133143 -0.275567594 -0.750409411 0.500572032 0.370082314 0.041623342 -0.641843949 -0.072326600 1.289902213 -1.756393990 0.138108979 -0.423011217 0.157127138 0.104751227 0.075336059 0.317492821 -0.244793470 -1.627218064 -1.098576178 0.471693153
-4.018089116 8.331626053 -46.165225096 0.176036137 0.694319511 -0.552049354 0.426817531 2.002366725 0.294064086 -0.409514839 0.260670498 0.715094284 2.328956649 -0.099897339 0.097228550 0.150047184 0.554687794 0.985148303 0.249891620 0.570249819 0.303224621 -1.261261623 0.476167755 1.139020474 0.856830711 1.341888138 -0.288411140
-4.243849192 -4.212886537 -38.328102259 0.646427184 0.619861183 0.278192558 0.347149695 0.793680172 2.013972350 -0.616808071 -0.829578458 -1.346403403 1.336640010 0.347125942 0.040479638 -1.521321295 1.343258215 0.213572665 0.774271013 0.839345572 -0.760629987 -0.077397628 -1.184506030 -1.347657005 -0.610153910 -0.086183237 -0.633025198
-8.710191826 5.458971096 -47.940992041 0.545844764 -0.015419522 -0.419794490 0.724974702 0.807396398 1.468345709 -2.255785950 1.275682048 -0.079233755 0.913218878 0.393374891 -0.881770119 0.240471570 0.791935707 -0.753759825 0.190611240 -0.512491152 -1.091519700 -0.981290131 -0.216301918 0.166533892 0.678718459 -1.386528895 1.041000779
-1.871484098 4.228045501 -42.563972362 -0.751000897 -0.374178424 0.544047938 -0.000023997 0.483216815 2.089812695 1.130213173 -0.919739485 -0.206488390 -0.550800062 -0.803478939 -0.948525064 0.584499917 -1.613323051 -1.600136296 -0.420977757 1.051340363 1.127268512 -1.831984251 -1.592543166 0.800740310 -1.480511762 -0.803754364 1.157145504
-9.428701046 -5.803700544 -42.542099692 0.312009535 0.437475640 0.465228342 0.703439909 -0.558727839 0.739413642 -1.693300395 -0.568738588 2.155463640 0.407244937 -1.547909194 -0.240259278 -1.449622444 0.172262582 0.549134696 0.410212274 -0.851191470 -1.437913634 -1.757535115 0.764959071 -0.864113917 0.263392143 -1.073823223 0.531016968
-16.337440623 -1.947495143 -43.472248585 0.854558606 -0.361157944 -0.175325770 0.329477471 -0.683066427 1.161658565 -0.514637975 -0.030074354 0.171592273 -0.187435421 0.865522857 -1.433541901 -0.375686208 -0.994654752 -0.581198639 1.233831050 -0.267904330 0.296908189 -1.062834533 -0.918663315 -1.137816669 -0.927187741 0.362364413 -0.032005431
-6.378506145 6.595400632 -38.539560567 0.146146844 -0.844548957 0.387150886 0.339841657 -0.268326590 1.590633471 2.333113227 0.492231823 0.265483045 0.891620212 -0.010676410 0.939041781 0.653336886 1.454719565 0.722432943 1.126004753 0.478892708 -0.731704523 1.291168050 1.082602627 0.568445278 0.335914789 2.976758090 1.152444829
-4.010171660 -0.432339391 -46.844457122 0.725291493 0.495766208 -0.399322901 0.262124658 0.481334442 -2.518280135 -2.744012897 -1.189740477 1.011423828 -1.166905376 -0.832393484 -0.429857092 1.255668720 0.687652179 1.146401218 1.252167709 -0.987198066 0.571988361 0.648226050 -0.368995963 1.340076303 0.574703777 0.562193208 -1.796769568
-12.150485118 4.075978924 -49.043857831 0.658708192 0.467587266 -0.583876619 0.080955297 0.571468645 -1.535740163 0.548800881 0.607173661 -0.990071044 -0.629632211 0.514394515 0.824812675 0.693887552 0.118546648 0.429872065 0.332211283 0.696063041 -0.002373984 -0.208208495 -0.891325133 -0.153122506 -0.730977337 -0.288242176 0.979001906
-7.725937814 0.506573027 -42.241008339 -0.864211091 0.230269696 -0.365777264 0.257530678 -1.013465073 1.880700190 -0.927413715 -1.232562227 0.706091032 1.280009557 0.339077910 -1.605932914 0.956919544 -0.550445437 0.943719085 0.357976032 1.501210946 -2.483214978 -0.012842231 -0.471585106 0.233157374 -0.582648081 0.129075813 0.246980849
-6.772126064 5.848811682 -34.637978582 0.585317118 -0.781979184 -0.214220318 0.004699303 0.819659416 -1.313639731 0.083575679 -0.463466054 0.009516400 0.295041788 0.274479171 1.089680625 0.351111823 0.613770363 -1.363980003 -3.106972796 -0.060321991 -0.090032595 0.658087017 0.874474233 -0.088884587 0.263982915 0.349790593 -0.287691802
-8.630800934 3.879396270 -33.427899061 -0.531455304 -0.736624368 0.342123640 -0.240605934 -0.684658841 -0.103740965 -0.455419541 0.581478317 -1.584058779 0.061849456 -0.149544460 0.504451596 -1.873201522 -0.975167048 0.229657747 -0.442757163 0.639713937 -0.212369131 -1.318539281 0.003880414 1.674957173 0.402994550 0.449960365 -0.692548699
-13.227186564 2.337531758 -48.015250256 0.042489440 -0.632934044 -0.577942932 -0.513391771 -0.898005093 -0.625690271 0.495199166 -0.291820430 0.567964227 -0.749343621 -0.309913511 -0.357662394 1.210613979 -0.059956140 0.247547610 1.669638010 -0.882409033 1.431362744 -0.697725997 -0.082380381 2.177604272 -0.900749123 -0.115446787 0.267298579
-5.167715940 -0.798494537 -47.977567778 -0.173138896 -0.112631153 0.749809829 -0.628587597 -1.423667649 1.722978016 -1.194973637 -0.546005304 0.679110105 -2.046620917 -0.799728333 -0.301847811 1.306626002 1.989588028 0.984047367 1.068260904 0.589708784 0.549040655 -0.092590642 0.591300230 -1.633901994 0.479800386 0.232360939 -0.046179687
-14.107578294 5.423077600 -47.675333200 0.259940833 -0.661926358 -0.614344331 -0.341855677 0.315636404 -0.120109259 -0.546748635 1.162290640 0.483315645 -1.240061412 -0.263774036 0.282739790 0.002208559 0.256536700 1.222854287 0.412166433 -0.314745434 0.587602474 0.323331815 1.167284272 1.864928670 -0.203585704 -0.273338574 -0.786468378
-1.645137278 0.613725044 -36.925073514 -0.408263187 0.230280471 0.132268965 -0.873382503 0.503099940 -0.960522523 1.287683919 -0.002361838 0.685870007 -0.323285346 0.800860056 -1.931998795 0.762742985 -1.101561504 2.294683924 -0.520584321 0.556298954 0.074123267 -0.915849479 -0.546427970 2.305528152 -0.375675804 0.294643709 0.820077871
-10.545621644 8.528285689 -40.076467354 -0.607040152 -0.619721981 -0.395787570 0.301328924 0.807768431 0.689650254 0.316884438 -0.716422207 1.023981878 1.617142111 -1.943094559 -0.789531760 1.138777355 0.359204088 -0.287893470 0.535888353 0.716865644 -0.523709170 -0.893270013 -0.667985142 1.039164576 -0.607420591 -0.352992361 0.915694398
-15.630286422 -2.880936132 -46.501121596 0.547476754 0.756886337 -0.320014887 0.158059321 -2.927010964 -1.017773687 -0.723042827 -0.101470277 0.165961719 -1.310558773 -0.093313367 0.948317458 0.836297235 0.539772832 -1.097940587 -0.065072775 -0.901692910 2.016293532 0.293824818 -0.241497718 0.317883189 -0.235175694 -0.387227082 0.637121554
-13.258517945 7.683627488 -45.657873342 0.054308888 -0.416714858 0.744241447 0.519137689 0.166023918 0.754527124 -0.219282208 1.175122977 -1.323127633 1.206215715 -0.081480201 0.559404024 1.373386226 -1.235456829 2.108573529 0.087434836 0.019342329 -0.475043300 0.632733138 -0.221727303 -0.043075686 0.907010693 -1.921439646 1.452973690
-2.821384543 -3.912367689 -44.409758435 -0.735568963 0.184944367 0.385425079 0.525529629 0.966358964 -0.694907251 -0.045858690 0.305294899 -0.278285279 0.542908371 0.381661914 0.974180365 1.614790141 -0.759329299 -1.689378300 -0.656327755 0.164851181 -0.498118099 -0.609895697 1.216492248 -1.760923196 0.024153666 0.907761074 0.976614876
-11.401439306 7.144272077 -41.162777587 -0.330099387 0.091933433 0.865479145 -0.365415502 0.326149542 -0.969486364 -0.068119853 -1.797760833 1.778754790 -1.544976422 -0.125026536 0.316131013 0.397038514 0.031469802 1.110356046 -0.626692153 0.568564665 -0.876608087 1.133039832 -1.608995324 0.338341888 1.201959136 0.185634835 0.162200769
-7.920698823 -3.497445426 -51.044079433 -0.047977609 -0.697902662 0.552121439 0.453642966 -0.078318328 -0.355258806 -0.467497385 0.637968305 -0.432880646 0.525732074 0.218569057 0.231961061 -3.580240915 -0.271268070 -0.257549022 -0.803246223 0.168038375 -0.310849054 1.100658254 -0.585220262 -0.373928190 1.412865221 2.003154571 -0.169728837
-13.085965277 -1.311911619 -44.793002802 -0.283518575 0.294574043 -0.159767918 -0.898508522 0.844766567 -3.554839339 -0.166722376 1.309683642 0.025282521 1.242848486 0.042479431 -0.052242440 0.008753297 0.464068532 0.615621912 -1.144265429 0.915373390 0.188551135 0.566828943 -0.754621043 0.430643853 -0.897872089 -0.253567059 0.840155302
-5.393374508 2.076529450 -38.558656903 0.683666124 -0.331056260 0.647417652 0.062070662 0.248025352 1.689188760 -0.775171758 -0.754897528 0.194137906 2.432274545 -1.716827806 1.166700211 -1.619191263 -0.049724034 -0.418726972 1.418032559 -0.884057206 -1.005392178 -1.107987470 -0.365672127 0.479512490 -0.604690470 -0.368555088 -1.042597604
-1.128007809 6.898251778 -41.857909108 0.244419457 -0.330314236 0.372701338 -0.832012829 0.534695312 -0.640482106 0.959842759 1.659163377 -0.209411348 -0.183406825 0.281040790 0.081927701 0.209241036 -0.222337819 0.829014760 0.323764775 0.677647522 -0.271038090 1.130766633 0.159131635 0.616720667 -1.723611242 -0.992366606 1.513033036
-9.510194416 -7.639763285 -44.848763811 0.459461499 -0.576585679 0.579086460 0.347998501 1.240739510 -0.366276560 -2.013091964 -0.556071706 -2.299970033 0.203842051 2.435739054 2.371472049 -0.034297580 -0.591082769 -0.428941269 0.612519886 0.456574329 1.585951877 -1.660302391 -0.520544294 1.339938109 -0.786571855 -0.384940994 2.419373898
-7.027076795 9.363040114 -43.118605913 -0.567810526 -0.672557406 -0.293298817 0.373140116 -1.041521228 1.325478825 -1.875445276 -0.290435082 0.433851637 -0.330123930 0.544512489 0.237261685 0.012645469 -0.815430865 -1.072450663 1.991946285 -1.714043478 0.336275019 -0.017991187 1.334651599 -1.122876301 -1.484628350 -1.112168360 1.084298753
-3.634672631 -2.728321830 -37.532672189 -0.485757226 0.185538167 0.719935716 -0.459682576 -1.257838758 -1.526539140 0.029086272 1.789759978 0.880935375 -1.869954046 0.185913622 0.321531938 -0.738244265 1.532074284 0.929032539 0.945790590 -0.151550896 0.436387384 0.168519245 -0.626429009 1.305222958 -0.595105202 -0.016533234 -0.065238806
-11.759861663 -1.243564127 -51.287812253 -0.852058549 -0.266148686 0.443806897 0.078718124 -0.492982173 -0.341432319 -1.509511618 -2.849904486 -0.529495564 -0.189852376 -0.379680902 -0.004030680 -0.371966945 1.200969139 -0.445695359 1.356447511 0.581610484 0.226577701 1.047544916 0.756328890 -0.365053008 0.215160025 0.742494227 -0.430534963
-7.876525534 -0.338891297 -38.566000515 0.235971635 -0.668159574 -0.694775003 -0.123157895 -0.216439358 1.392937413 0.303230344 -0.090663303 -0.920274216 0.709173717 0.406840371 -1.592033209 -1.639871993 0.406814201 0.569129221 0.598266436 1.390913388 0.268987477 0.212897298 0.965017289 1.819354272 0.469057646 -0.560098678 -1.731839739
-10.691633481 -7.102099907 -44.947511616 0.691723859 -0.659061782 0.087946442 0.281817481 0.977443408 -0.171737180 0.311492145 -2.072252488 0.352282426 -2.757422179 0.169051242 -0.322233103 -0.418350145 -0.958486813 -0.122653100 -0.393354782 0.248098097 0.002763194 -1.774120435 0.333622183 -0.386963108 0.210610284 0.239442373 -0.221348215
-11.768633499 2.238407931 -50.868298372 -0.184342459 -0.860242601 0.466259090 0.092752285 -0.061724964 -0.162094809 -0.712618580 -0.126725238 -0.212788493 -0.078207652 -0.274337615 0.984467425 0.258236312 -2.763491678 -0.060753368 0.093472794 -1.294648568 0.914622152 0.307496714 0.071266780 2.035761335 0.239494837 -0.482851764 -1.064497405
-11.210762544 5.759859879 -48.303280957 0.523035148 0.301679992 0.795844581 0.045330117 -1.396737062 1.049054574 1.157722625 -0.549631575 0.675901925 0.928381931 1.017989946 -0.015231450 -0.090802208 -0.852383473 1.343075133 -0.798883213 0.621906869 2.061772606 -0.890429998 -0.510356838 -0.197397781 -0.565686693 1.397208469 1.212124886
-15.698188863 0.046791478 -37.062755129 -0.074856272 -0.698604586 0.632991761 -0.325068612 0.796718789 -0.616694689 -1.108195450 -1.881281714 0.016692036 0.418726830 -0.219600809 -1.293695802 -1.004372788 0.198230249 0.475781278 0.950977455 -2.374832022 1.086524622 -0.199315313 0.332441998 -0.297066749 -0.494405795 1.528487566 0.355985611
-5.283761340 -1.999138690 -46.767550584 -0.070122010 -0.834097127 -0.419736327 0.350979062 0.250511880 0.574862973 1.327034392 0.786384439 0.460026745 -1.692413530 -0.949720974 -0.037730593 -1.437330834 -1.829683104 0.460900881 0.496938489 -0.691799805 0.392948773 0.215349609 0.705728359 0.890224954 -0.391141815 -0.058511907 0.700491955
-11.035539560 -2.131862490 -41.113286603 0.098449005 -0.420817678 0.714831531 -0.549760091 -2.369144231 1.133449579 0.998753281 -1.086442451 0.526842184 0.480402396 -0.942537651 1.035106316 -1.746272063 0.547149422 -0.257496162 -1.376824074 -1.184773697 0.678631996 -0.424472048 -0.064748123 -0.170199840 0.092143818 0.292401323 0.273692152
-2.358786063 -0.691872975 -44.395744643 -0.417947758 0.120828145 -0.900386316 0.004971209 0.211938165 0.397658522 0.106273907 -1.293561702 0.221585859 -0.400244343 1.328746901 -0.550037318 -0.980404681 -0.795588053 2.348208715 1.578484124 -1.168638335 1.067282137 -0.367775080 -0.318850171 -0.211960288 0.117433879 -1.361045308 1.600326423
-16.503293497 -3.561354598 -45.681250017 -0.737712979 0.233555475 -0.461995181 -0.433349575 0.767363397 0.805014188 -0.072626237 -0.393898183 0.709970990 -1.222687780 0.467971134 -1.546032357 -0.264522856 0.236475813 1.795255648 1.317181083 -1.034900915 0.673157001 -0.332439649 -0.240584177 0.840152802 -1.240290567 0.139103597 1.667872242
-7.693523950 3.936703475 -37.937290039 -0.396934778 0.512097032 0.584088420 0.488917303 -0.406189078 0.317564272 0.135744850 1.444943915 1.530716578 -2.305701375 0.630725879 1.087087031 -0.149409534 -0.071481663 0.558726427 0.922102481 -2.223485711 0.761298675 -1.140144885 -0.774056589 0.052143856 1.084223606 -0.793494415 0.394407731
-5.748846403 -3.218674500 -35.432150723 -0.483266494 0.423454815 0.111249631 -0.758131278 0.379202208 -1.233255631 0.325774873 -1.762437301 1.571740808 0.565325244 0.626766780 0.319414332 -0.672886148 -0.720005901 -0.417048416 -0.696718963 0.330117668 2.439865825 0.686989965 -0.597949441 2.895897073 -1.616990401 0.218799404 1.096202422
-7.864168275 -3.473844865 -35.082715564 -0.707346783 -0.164794079 -0.301231419 0.617869786 0.105745451 -1.394052038 1.744006842 0.575042733 1.485298892 0.629752768 -0.617720931 -1.150665461 0.616834023 -0.653586706 1.085668226 -1.138479294 0.224276158 0.878222913 1.559266517 -2.485134761 -0.697633494 -1.354088638 -0.016137480 -1.335817714
-14.657438483 -2.256793619 -37.878702361 0.599804888 0.208684212 -0.164457532 -0.754744140 0.871711345 -0.088696534 -0.977797883 1.351986441 -0.140271388 0.740876075 -0.276900108 -0.903091479 0.408569578 -0.240779515 0.756217603 -0.521644481 -0.389132506 0.133231931 -0.478154050 1.345735874 1.249822750 1.683070687 0.348980735 -0.849318580
-2.407830846 6.451999940 -47.344549727 -0.426090910 -0.343817271 -0.688081146 -0.476214823 -1.274961594 0.923703760 -1.253094155 1.444232055 -1.407886999 0.817140891 1.415242675 -0.820274849 -1.020076719 -0.887417686 0.437735320 1.925908827 0.443380225 -0.836771694 -1.663973748 -0.586241349 0.780205662 0.304375243 -0.339392194 -0.453847498
-2.739594151 -2.540516158 -46.952154457 -0.418903622 0.837354791 0.154036450 0.315641382 0.534171436 1.464668951 0.102444248 -0.974352899 -0.931609374 -0.771480545 -1.534223688 0.034029023 -0.874155478 0.347097718 -2.117126077 -0.951693892 -1.646314443 -0.076960268 -1.073758306 0.085747367 -0.457549354 1.808346994 0.118090689 -1.304481846
-15.396820647 0.652599910 -35.542074856 0.828115182 0.555008485 0.019898563 0.076124066 -1.951403784 0.715507138 0.668331363 0.482207082 1.334464850 0.446513349 0.092661072 -0.049459120 -0.494388756 1.443331384 -0.135458350 -2.035626797 1.429129305 0.659607102 0.990226769 0.647681508 1.847410556 -0.949034639 -0.419634809 -1.787952577
-2.404826828 6.418485825 -37.166438011 0.169723699 0.517796543 0.837533804 -0.040221046 -2.216754836 1.101881006 0.679323974 1.200087159 1.093784662 -0.063246006 -0.597693905 -1.407987393 -0.040601826 -0.650014994 -1.015884174 -0.047090237 -1.114626877 1.652484332 -1.414965307 1.689739650 0.269804138 2.355556668 0.921723348 1.043365770
-12.628446327 1.597940692 -43.199725513 -0.040642452 0.702252400 0.649032715 0.289734866 -2.861179481 0.141117929 0.667985573 0.751966393 -1.633632104 0.001538074 0.752615737 -1.318304735 -0.381614660 0.536527052 0.795449904 -1.031981312 0.118162004 -1.267920826 0.201509547 -0.998753174 -0.544648354 -0.292763418 0.436161679 -0.227535241
-17.320240725 3.826323145 -42.695329216 0.567499733 -0.521307163 -0.584457592 -0.254149993 -0.379143274 -0.165969042 0.517280806 -0.127856491 0.633633820 0.286417730 0.017720323 0.050582127 -0.204949744 1.614843950 -0.162361929 2.541967347 1.444153221 -1.004511205 0.598193380 0.072636421 -0.470661091 -0.318285161 0.938210056 1.607888835
-9.443296700 10.604666893 -48.061944144 0.026638624 -0.081115308 0.567627045 0.818846890 0.349129704 -0.261839595 -1.218894268 -0.345117012 1.363521009 -0.259599003 -0.049636293 -1.052875436 -0.610529363 1.151031727 1.828041887 0.875912694 0.497292399 0.129965234 -0.043286591 1.504945146 0.257153365 -0.666594394 -0.500096483 1.519408804
-13.290518482 0.900605647 -42.609918190 -0.086679090 0.108094837 -0.631800832 -0.762646674 2.378500733 1.195293710 0.917418654 0.087308549 0.127870216 0.721150702 -0.358776874 -1.152251675 -0.809089842 0.387363496 0.022096691 -0.138966342 -0.822694816 0.801605564 -0.536358325 -2.022450878 -1.268345476 -0.157855421 -0.996596824 0.439333474
-5.813210318 -1.463263933 -45.864474953 0.646715509 -0.687370477 0.041552842 -0.327954630 0.323644625 -0.159516401 -0.967568907 -0.871732696 1.604550534 0.156308286 0.839207432 -0.504152060 -1.220757304 -0.611168566 -0.745435598 -1.757618011 -0.583470965 -0.589249353 1.044159815 -0.785203766 0.909602932 -0.628852250 -1.069720939 0.300989513
-6.315330105 0.658166705 -43.283730363 -0.372745267 0.596791283 -0.049625490 -0.708828923 -0.809206688 0.388943443 0.221077559 1.031511298 -0.724375678 -0.043980628 0.780519865 -0.134093182 1.104644595 -1.962686055 -0.073130741 -0.443727096 0.718775777 1.389227524 1.112709595 -2.050173624 -1.472728259 0.951491122 -0.009352351 -0.015375683
-7.364851439 2.830332652 -34.856867019 -0.371320939 0.886613199 0.179591052 0.209248296 0.133697531 -1.120268027 0.252865962 -0.621897884 -0.979818443 -0.679591340 0.920377577 -1.463362326 0.659090273 1.568928537 0.374397001 -1.155295934 0.058852904 -0.322286540 0.911319135 0.820180069 0.596360041 -0.215109105 -0.445460943 1.320491510
-7.441232563 -2.250102531 -40.069672764 -0.511938180 0.186080230 0.262169808 -0.796593020 -0.448214403 1.127624799 -0.189982531 -0.362207182 0.237428894 -0.549955907 0.063816741 1.168358089 0.139232007 0.138547591 -2.461954895 -0.829366540 -1.376376941 0.269091478 1.185451694 1.311002506 1.058730759 2.873212761 0.812135265 -0.040692971
-17.101492613 -0.914398510 -47.537746628 0.068681727 -0.883470947 0.341136525 -0.313668261 -1.028275568 -1.243585548 1.619372007 0.267126239 1.269287401 0.269272625 0.820772105 0.987270317 0.194629804 -1.865706731 0.239493472 0.541404449 -1.862177496 -1.258192804 0.089225935 -0.891649431 1.142404557 -0.813273372 0.268028324 -0.730197265
-4.981923159 4.995984437 -47.925301470 0.565403920 0.509645626 -0.399609151 0.510776144 0.217214454 0.354820342 1.764895446 -0.313912046 -0.889909287 0.342394867 1.231129292 -0.069332207 0.470717312 -1.061605615 1.230634604 -0.167390916 -1.263077387 -0.965414656 -0.498076381 1.034373586 -1.006216298 1.057945347 -0.746032409 -0.272514819
-5.032154612 -6.385631277 -41.764838251 0.573197281 0.138697696 -0.755982641 0.284074062 0.357570321 1.115848844 -0.597056414 -0.717926339 0.198207347 0.268423481 -0.068250978 -0.981114721 0.299150987 -2.131466211 -1.402933702 0.308200109 1.186645966 -1.281163144 -0.864385933 0.136943597 -0.267663383 0.540218572 -0.935914755 0.123444395
-9.291269482 3.464788326 -41.256008155 -0.800393668 -0.548210534 0.167369275 0.175563984 -0.128643593 0.351783783 -0.335409390 -1.329434005 0.369463584 -1.139962041 -1.162535273 -0.964469325 0.077035130 0.773064452 1.198962159 0.210053184 0.510936770 0.225886619 0.773204280 -0.500761920 0.460721785 1.276846551 -2.273661789 -0.249643279
-14.392508481 3.449744618 -43.976895944 0.602902716 -0.769693321 0.137053341 -0.159049956 -1.046298424 -1.134795713 0.725195994 -0.379440759 0.825745737 0.555583661 -0.366919684 -0.767378738 1.489776173 0.354517198 0.282203075 -1.228444077 1.377273451 0.410442444 -1.134288191 0.755381593 -0.355983102 -0.262882755 0.567371920 -0.310525618
-4.476992407 3.120733146 -43.201875768 -0.218186381 0.568531956 -0.383870830 0.694124848 1.561868419 1.527022521 -0.791284228 -1.429335402 -0.037306115 0.245548778 1.176723110 1.688043372 -1.511150829 1.358117152 -0.852080337 1.200114499 -0.082356099 0.792352517 -0.354392764 0.579358835 -0.417830075 1.627052954 0.209243667 -0.312073978
-15.686898892 6.125925642 -37.113146046 -0.722350510 0.212776183 -0.025895556 0.657468977 0.118168048 0.131871627 0.147761558 0.085945951 -1.129459706 -0.142412706 0.440411345 0.886476112 0.011213139 1.697541000 -0.660110021 -1.165473621 -0.553922342 0.283610252 -1.188611619 -1.216916293 -0.445616780 -0.269495377 -0.039090156 -0.313308463
-7.034249579 -5.781032227 -41.634670835 0.879374346 0.433669033 0.176105338 0.087285959 1.549967402 -1.031250710 -0.809358864 0.789060157 0.006812024 -0.337887575 1.660370159 -0.390536644 -0.724017467 0.898289874 0.156047142 -1.604651060 0.640906133 1.123817915 1.120224759 0.830000615 -0.058146921 -0.479405699 -0.096951325 0.009279611
-13.882266028 5.272728786 -40.507981900 0.008601429 -0.290458748 -0.513294974 -0.807519660 0.185824735 -1.178021230 -0.574146952 -1.021054069 0.512205553 0.879880082 0.461472271 -0.397007819 1.173205153 1.220057304 0.569384847 1.702169517 0.092951081 -0.398076434 -0.162682207 0.581622478 -0.870893667 -0.531180028 -0.028665997 -0.836720347
-3.717719289 -2.690438459 -45.815495893 0.202600397 0.438507149 0.817115024 0.314622943 0.019481108 -0.208897794 -0.702650601 0.042017116 1.151842207 0.179591365 3.087281907 -1.017848840 -0.248095737 0.570140215 -0.621257489 -0.695819063 1.044486923 -0.346697747 -1.210215970 0.583540185 -0.459340422 -0.605081289 0.594570430 -0.024720226
-8.863716659 1.310560457 -52.427193415 0.151167103 -0.431762673 0.099668643 0.883626427 0.350556714 0.229904785 -0.926595803 -0.508450564 -0.396701402 1.550518383 1.228873300 -1.059180719 -0.753832645 -0.950478573 -0.057809414 0.081162316 0.549979907 0.987767318 0.395662787 1.305705977 0.963423136 1.782213410 -0.709148848 0.078481396
-6.171557343 -5.236149493 -48.266776066 -0.426550763 -0.827966535 0.355280834 -0.079381309 -0.785965783 -1.009641062 -0.109047131 0.174211744 0.153639012 -2.898753151 0.245202954 0.314994502 -0.610637560 0.493181041 0.006208981 0.156059911 0.172703231 -1.094976846 -0.217767120 0.671470735 1.509784103 -0.640506073 1.230285155 -1.166700507
-4.053948222 5.152742240 -50.989305921 0.147789621 0.412933406 0.292327242 0.849817047 -0.385705001 -0.090372170 0.262443587 -1.024073674 1.327959575 -0.224959907 -1.218858727 -0.811176613 0.448210731 -0.364062371 0.284763598 -1.684967123 0.960138979 -0.291954859 0.352667949 0.185576122 -0.948950300 -1.635844288 -0.410959324 -1.128885035
-11.285289254 2.409999237 -46.243925977 -0.369421728 -0.540903134 0.392884990 -0.645439983 -1.009671524 1.087092727 -0.943590509 0.342985964 -1.273730192 0.272653111 -0.112327266 -1.558405260 -0.413347511 -0.149599440 -1.326986305 0.052548550 -0.149186008 -0.673590513 0.816484896 -0.260229746 -1.231252641 0.340951209 1.329623394 0.625867923
-4.341361076 -1.678011461 -38.493988375 -0.354429166 0.387002438 -0.838234439 0.148229904 0.072660745 -1.452053737 0.013060813 -0.680406108 -0.553394816 -0.044273831 -1.807859602 -0.145407466 0.211339965 -0.294971980 0.271835554 0.292692310 -0.306539009 0.055550251 0.760990744 -0.445170913 0.207420198 0.677069177 0.248933659 0.991580863
-6.390631863 2.996493819 -39.458227799 0.027169186 0.877561258 -0.059493269 -0.474982763 0.927048343 0.485687084 -0.349090451 -0.226859928 -0.447946865 1.479863596 1.833270468 0.205156041 0.176265326 0.461924656 0.993301529 -1.689316859 0.073120428 -1.119802581 0.592900575 0.338715020 -1.203260072 -0.064430716 0.340595387 1.758759931
-10.811002347 -4.538411949 -41.177467171 -0.862545066 0.237562200 -0.403968757 0.190760201 -0.902288795 -0.729542934 0.159903478 -1.509819834 1.994312948 1.266990687 0.328250356 1.713189632 -0.152738451 0.041376187 -1.605427126 -0.176589998 -2.132249612 0.898430219 1.270573761 -0.051861243 -0.333053748 0.901231698 1.016982922 0.094071090
-11.036689270 1.660902351 -38.973254345 -0.236477531 0.627526722 0.470649133 0.573391650 0.020408784 1.021095680 0.293402030 0.101382865 -0.081962002 -0.689633529 0.193805213 0.748021914 -1.540291528 0.217698151 0.782758931 0.834333098 0.178574188 -0.411040733 0.492246035 -0.233917585 -0.214474470 -0.253414763 -1.664894742 -1.608696632
-12.938168469 9.095277712 -46.520746743 0.340958184 0.376109081 0.321072193 0.799501171 -0.417548953 -0.215483133 -0.061752765 -0.253881292 0.461193991 -0.745937796 -1.102308419 -0.101164104 -1.134134246 -0.663034653 -1.891981672 1.052814333 1.022683987 0.528700160 -0.661455996 -1.286251727 -0.300962513 -0.010805190 0.801354280 2.025150699
-13.032044787 -1.012747792 -37.477879454 -0.230509125 0.766066799 0.416641689 0.431760240 -0.691956319 0.044376139 1.080725252 1.258132319 0.596523529 -0.989351967 -0.828146211 0.229273184 -0.432445641 -0.531952263 -0.172286986 0.145499069 0.288641917 -1.209307831 -0.453433848 0.088906285 -0.697417146 0.095245038 0.482273458 -1.329316495
-1.966212673 2.294237351 -45.841386075 0.555691500 0.113407132 -0.209680905 -0.796479565 -0.608062405 0.795600298 1.121013055 2.225172849 -0.122131610 1.190601974 1.201823207 1.919891565 -0.906887961 1.936653384 -0.783429533 -0.319087633 1.270550398 0.107630174 0.331469168 -1.028191484 0.003997234 -0.312750216 1.488046783 0.144806073
-3.900535263 4.513854958 -38.020115328 -0.496361636 0.859203309 -0.101957865 -0.070706397 0.026721322 -0.182774277 0.538383304 -0.411959310 1.218762948 0.727262277 0.781478892 0.364337775 0.825940086 0.981186391 -1.623939021 0.413967048 -0.659834195 -1.072073682 -1.164507731 -0.808192559 -0.707439560 -0.620844172 1.350655767 0.910563324
-12.024780717 9.767112416 -42.822738340 0.448365053 0.514523934 -0.482646285 0.548895677 -0.082772717 -0.166841305 -0.432190646 0.928999303 -0.784821576 1.968799178 0.499463651 0.951032468 0.758072562 1.401103790 -1.795079560 0.908477036 0.384358498 0.138076400 -1.186509967 -1.360576731 1.133075082 -1.461389588 -0.194215204 -1.147212864
-9.322149792 3.609850288 -51.609569095 -0.630115307 -0.378753155 -0.003355639 0.677856538 0.622976240 0.070941800 -0.843859229 1.591394229 0.390994337 1.472141973 1.934668732 1.748749404 0.135408631 1.731679863 0.293148427 0.239062226 -1.736684928 0.761261545 -0.632394632 1.264896427 0.142262633 1.278782358 1.729890742 -0.308718812
-8.910371728 -1.485164729 -40.643144095 -0.898458063 0.270521145 -0.018516614 0.345323840 -1.131143231 1.438369213 0.663606868 -0.125603500 1.247350609 0.168726941 1.192314294 -1.078702717 -0.624196866 -0.127860934 2.450364833 0.501878644 -0.594174549 -0.338081762 -1.043112363 0.105993857 -0.030516330 1.091300873 -0.792234140 -1.629577877
-5.023694834 8.256036798 -44.781282318 -0.261018768 0.037769792 -0.390838203 0.881866285 -0.726148118 -0.198050338 0.894162507 -0.212843452 1.984462562 1.294984325 -0.699940269 1.474141412 -1.861392201 -0.306859157 0.013022814 1.412986827 0.585554464 0.936394646 0.989947327 -1.594678311 -0.677626046 -0.076126283 -0.991004165 0.076734845
-8.076125874 -6.257215954 -41.222213351 -0.435425412 0.688797892 -0.176100764 0.552223411 -0.518822576 -1.880416006 0.815953916 -0.102875240 0.034848540 -2.208445031 -0.913283303 0.140078910 -0.563562614 -0.788432025 -0.318692333 -0.165095110 0.401477419 2.530565811 0.719752196 -1.407218991 -0.456217107 -1.329855405 0.103153028 -0.036919592
-13.263357721 2.001553823 -46.129614053 0.091949897 0.637341166 -0.391345161 0.657411909 -0.917562774 0.242346123 1.111923094 -0.395901100 0.641588746 0.295115515 2.770113376 -0.571563436 -0.027370283 0.389083728 1.522117053 0.324920887 -0.840567952 -1.086878665 -0.530695631 1.662196863 -0.316372865 0.433205971 2.562458694 -0.226224380
-11.156822635 4.439791845 -49.544491424 0.472921903 -0.000749474 -0.739388020 0.479217767 -0.255733076 1.202682736 -0.495669909 -1.356476780 -0.036928522 0.684133072 2.175275340 -0.380927391 -0.728331676 0.329303662 -0.282505036 0.049911608 0.016534063 1.706905352 1.100073292 -1.257176789 -0.286041182 -1.503556950 -0.195850877 -0.557986987
-9.091358215 5.025546932 -41.342431400 0.141298212 -0.084159130 -0.633614052 0.755966460 0.411195998 1.031018423 -0.894219055 -0.587208889 0.721413270 -0.458582204 -0.957508656 -0.558606096 0.195024582 -0.715584466 0.058788537 -1.480534210 -1.377765666 -0.577130801 0.566213480 0.017657383 1.063214159 -0.290845638 0.490891369 1.240743255
-12.281088214 8.022277444 -45.506486609 -0.779536817 -0.511026747 -0.022422703 0.361484766 -0.622609674 -0.705645750 0.085604927 1.047717759 -0.958300265 0.044002738 0.696546913 0.942533754 -0.517031846 0.401303555 0.478120287 0.904703718 0.882293408 0.106316537 1.002844154 -0.229906331 -0.210337391 -0.712209075 0.369015857 0.424570282
-11.370485569 6.369001463 -36.078279986 -0.578120320 -0.406909665 0.698155496 0.113050097 -0.972854115 -0.815765580 -0.946487066 -0.855454299 0.054831154 -0.173206092 0.248162881 0.322500508 0.715605783 0.349916906 0.924354549 0.579507782 -0.179857787 -1.250742938 -0.845588957 -0.582499015 -1.556699176 -1.591278475 -1.138841491 -0.773628062
-13.466087399 -4.133261916 -37.363027321 -0.436659991 0.735725958 -0.363789479 0.368364739 -0.403601286 -0.131513536 0.602783333 -0.205894305 0.780980582 -0.842294325 -0.184994457 1.114520804 0.567469273 -1.148795572 0.043228951 -0.513842108 -1.273302937 -0.016183719 0.516736335 -0.394824920 -1.029260772 1.033353020 1.244669368 1.159172389
-13.117535896 7.921492592 -42.601919277 -0.298186018 0.728677757 0.469535983 0.399561993 0.585221990 0.287743395 1.699239580 -1.164879251 -0.804841988 0.883477096 0.221255418 -1.104828737 -1.435801365 0.215998795 1.427139631 -0.550186783 -0.231350852 -0.920817171 -0.240213434 1.061801880 0.720224434 -0.976252369 0.308347257 -0.798340158
-9.184505329 -5.926856552 -38.812979954 0.660516060 -0.090206754 -0.722702636 -0.182434032 -0.461056772 0.770626812 -0.741091696 -0.161385189 -0.653088139 1.554599404 -1.753586941 0.812817790 -0.898277549 -2.049655788 -0.019954319 -1.439794004 -0.003882033 -0.678931414 1.396104706 0.435833020 -1.345376347 0.627750629 -0.117644989 -1.413269891
-7.312826254 5.363807197 -46.393946379 0.338160152 -0.710847806 0.611928766 0.076722183 -0.224728217 -0.067784406 0.638771865 -0.131146634 -1.597466204 1.175965431 0.539985535 2.070669641 0.689294524 2.207473057 0.421649991 0.455588502 0.722695348 -0.042756292 0.345293643 -0.404496322 -0.827956314 0.051411102 -0.083349881 0.627431864
-17.026864630 -0.812817892 -46.583817922 0.305939201 -0.275845029 0.076037023 0.908035845 0.856517306 -0.325119591 -0.368246400 1.611622941 -0.040982100 0.347577678 0.759682734 0.142765585 0.605909196 0.185866758 1.187025413 -0.468902926 0.803046008 -0.452433295 -1.047769147 0.321906886 -1.025272232 0.823679946 -0.996783707 -0.304856831
-13.053360784 5.093846422 -35.557162760 0.313456568 0.159273652 0.871574545 0.341664595 0.072208839 -0.643712143 1.914972592 1.705234139 -2.418691370 -0.599219286 -0.906463536 -0.983953029 0.817726120 1.624883480 0.279362361 0.369718543 0.074912759 0.068699259 -1.330457005 0.796332409 -0.081574821 -0.349765478 0.909625157 -2.706854614
-9.917908753 -3.382295802 -50.081867577 0.481130222 0.413708783 -0.037881828 0.771960957 0.930038234 -0.804497169 0.110137201 0.222790915 -0.085550241 -1.119036514 -0.777285944 -1.203298755 -0.872511418 2.661383994 -0.488071193 0.637411526 0.660272873 1.409129248 0.674781231 1.104972267 0.856900819 0.626663398 1.271056798 1.931116726
-3.790641985 -1.268165104 -44.575082460 -0.884687955 -0.324610473 0.302340525 -0.143336908 0.003945480 0.812952672 2.239376182 -0.197350895 0.283245196 -1.507951786 1.162343823 -1.361445544 -0.447866223 0.082185576 -0.685390245 0.263993773 -0.989186773 0.898187776 0.550453230 2.238798010 0.799577083 1.142295514 0.536049369 -1.033826358
-4.550064001 -1.218308571 -46.718256528 0.201607421 -0.610542415 -0.730452654 0.230285319 -0.586561559 0.276035368 0.325228833 -1.019420437 -0.910908253 0.223856602 -0.829684258 -0.989468220 1.299323059 1.168813847 0.241150121 -1.328702578 -0.438754462 1.446155121 0.558841651 -0.419912643 -0.458226731 1.254915623 -0.414497131 -0.729575240
-9.456569330 7.245623233 -35.893618440 -0.192301156 -0.737377470 0.330890204 -0.556602556 -1.174142757 0.245032618 1.781211074 0.486180505 0.207349223 -0.291676044 -1.556829016 0.241391575 -1.534380373 -1.201701145 -0.996389661 0.088247895 -0.019025938 -0.325997283 0.127798575 -0.326392791 -0.781493996 0.294061439 -1.077838105 -0.651185377
-8.954113431 -6.326355990 -41.637810009 -0.161117009 0.347641095 0.915441530 -0.123100706 0.563715013 0.716363033 -1.701688398 -0.803995298 0.381906952 -0.486333598 -0.754916858 1.237340940 -2.047101071 0.247383676 1.903722088 2.889070539 0.216981071 0.049437781 0.051787553 -0.689992990 1.590162310 1.465309122 -0.145005312 0.320632008
-7.812619153 2.529588174 -47.586554142 0.205562722 -0.660979724 -0.680337275 -0.240813130 0.855645662 0.080499616 -0.266396111 0.914281823 -0.369253420 0.332714522 1.643155214 0.403258115 0.724832230 -1.333780611 -0.820582197 -0.646796557 0.337813989 -0.200952985 1.332902413 -0.401753582 -1.609791314 -0.409583691 0.206632029 -0.642007844
-4.862908132 6.044056337 -39.989091273 -0.210624456 0.462830787 -0.778790754 0.367300915 -0.786184685 -1.405875491 0.100205079 -0.968520495 -0.644898188 0.332481542 1.978011161 0.794170195 0.852849229 -0.004113792 -1.492729346 -0.067952007 2.217942898 0.016690799 0.100308781 -1.304630471 0.405459170 -0.031424048 0.797799874 -1.113977645
-11.359634932 -1.517299985 -36.975665462 -0.047279647 -0.040511928 0.884842997 0.461710179 0.989655049 -2.437408270 -1.375365582 1.439299863 0.703179186 0.959937274 0.209608061 -0.912723980 0.455609931 -0.116782935 -0.299616499 -0.665099943 -0.463270017 -0.540856927 0.770109249 -0.273268077 -0.794090080 0.568714119 1.014924082 -0.569596209
-15.874604475 3.352495209 -46.275197206 -0.136749898 -0.893363424 0.427244782 -0.025751771 0.027620849 0.760047378 -0.452478389 -1.760525758 0.298930307 -0.134295044 0.546612295 -0.636310337 -0.478505559 0.539428997 -1.287358764 -1.618172855 -0.005800147 -1.101603072 1.683027941 -0.314528660 -0.242554974 -1.221985466 0.522656307 -1.740970101
-1.073450358 7.223811788 -41.906150896 -0.151284501 0.107495137 -0.957677090 0.220028152 -0.418302111 -0.147774885 -0.706496771 -0.268884524 1.549873108 -0.919237002 -0.123581169 -1.143364931 0.698449938 2.317293178 0.640085987 1.735252338 0.227737343 -0.120235340 0.147750709 -1.593972839 -1.118948836 -1.092946079 0.455711148 1.579144078
-13.785401118 0.208072402 -39.153907075 0.454772574 -0.113514651 0.498105010 0.729511980 -0.817784003 -0.301421308 0.991291051 -1.836664003 -0.320508367 -0.689424293 -0.117342470 -0.189653176 -0.756564063 0.991659825 -0.064802419 2.445244536 -1.089332399 2.009762076 -0.567944571 0.062367544 0.017079887 0.521592639 -0.521633783 0.033558805
-1.102600441 4.058496067 -42.811453141 0.364270676 -0.486038907 0.586995124 0.535266083 -1.015236264 -0.470722987 -0.326770337 0.370080316 -1.666211662 -0.691558001 0.579002542 1.339359849 -2.083609515 -0.164277133 -0.411839686 -1.605400183 -0.195044604 -0.621756699 0.278336117 1.490653093 0.510341360 -0.931126867 -0.091093002 1.382983060
-8.032227618 2.039506847 -44.738720813 -0.948415149 0.204938231 0.233490825 0.063174847 -0.077949691 0.663898568 0.683114236 -0.493557762 0.895701231 -0.261374659 -0.488817497 1.784877770 -1.531950115 -1.758886463 0.558269732 -0.346401048 0.117026885 0.544070439 -0.889859467 -0.554385563 0.004904515 0.665462699 -0.674542585 1.331174429
-10.409256102 6.418881683 -44.881441627 0.592848069 0.537105156 0.461341680 -0.383683557 -1.244793990 0.054547272 0.170120052 2.209995891 -0.558626095 0.763972516 0.238111209 0.316419826 1.017234064 -0.302159819 -1.787505275 -1.210141035 1.830259939 -0.844251135 -0.214544759 0.286007063 -0.692401797 0.756408132 0.684379856 -0.558349326
-12.972208552 -5.677962943 -41.762598483 0.286443111 -0.011996106 -0.433871205 -0.854144142 2.193906738 -0.451052531 1.243191526 1.365958710 -0.589440318 -0.620840397 0.139253284 -1.250432135 0.423429689 0.191249163 0.906476924 1.610267501 -1.070272162 0.647047398 -0.868047504 2.752324565 -0.905170513 -1.428552662 -0.229453274 0.074501968
-10.648637513 5.033433219 -51.583359636 0.163039945 0.204387235 0.771156742 0.580483517 0.269172447 -2.521226568 0.439936905 -1.879831894 -0.332737628 -0.018115381 -0.078283167 -0.100721149 0.692003519 0.195621926 0.524554262 0.698276906 1.390324502 -0.464828909 -0.851780876 -1.605142278 -1.716581751 -0.252389815 -1.012701270 1.572302728
-8.130135505 3.602605145 -42.780007273 -0.959480395 0.264000306 -0.035579761 -0.091843834 -0.676560669 1.238062763 -0.803715401 -0.690863406 -2.576093404 0.362117989 -0.643659733 0.702306218 2.244534018 0.266410555 0.099537430 1.080690218 -1.693442700 1.539983767 0.475951659 -0.317230242 -0.108777214 0.052010401 -0.656851855 0.332085266
-4.535009242 8.713456356 -45.627471114 -0.843799232 -0.361159246 0.035951258 0.395315523 -0.421275019 -0.188199959 -1.214379417 1.778927505 -0.707049613 0.033691942 -0.640806207 0.383671175 0.489913529 0.712061065 0.708137823 1.433284604 0.761340208 0.966901780 0.388716599 1.843979854 0.894823285 -0.412373248 0.510798322 0.719388508
-14.128171672 -2.895676948 -45.332904077 -0.244044810 0.072040213 -0.882795050 -0.394873698 0.971113172 -0.064903321 0.094456667 -0.348965401 2.120881737 -0.025638165 0.014525602 -0.287922899 2.038020945 0.567798638 0.025007659 -0.229291044 0.873830206 -0.426604294 2.426077701 -0.457854472 1.819626051 -0.463385534 0.286855320 -0.420696901
