11.348813512 17.052229191 -15.454350805 -0.357267643 0.052198217 -0.932511037 -0.007638315 0.147087947 -0.097533143 0.295083684 -0.004799607 0.244538522 1.202394696 -0.475732587 0.163858747 1.630185698 0.319191439 0.892989306 -1.613669625 -0.171631814 -0.455545424 -1.156988017 -1.284727178 0.903399298 1.244818232 -0.479761528 -0.458341857
24.645223466 11.945023417 -12.341776312 -0.225969248 0.364741891 -0.187464367 0.883605321 0.031643225 1.909279143 0.406275228 -0.215222159 -1.494509016 -0.473898519 -0.774908087 -0.798367971 1.192310118 -1.566836815 0.825713196 0.930268766 -1.255556768 -0.125470644 2.394472729 0.365276190 -0.495016726 -0.450382017 1.062858952 0.008190990
16.160804311 10.105536899 -20.890819005 0.112694240 -0.643071253 0.583228674 -0.483325652 -0.022407483 0.173480947 -0.336717159 0.950971222 -1.344563219 -1.305796060 -0.683534270 1.537137359 0.546962531 -0.517070091 2.331123273 0.713268416 0.288640936 1.641749226 0.379668164 0.525965956 -1.402734584 -0.011809195 0.161297333 0.730345733
20.271833859 25.610362270 -16.119063607 -0.688054153 -0.499083953 -0.340645444 0.401817586 -1.708632205 -1.274107295 -1.636599183 0.612411210 -1.025422717 -0.478918397 0.856753010 1.185032300 -0.169321157 -0.553120724 -0.423667613 -0.137680016 -0.492871710 -1.375756247 0.832016463 0.590969060 0.575405478 2.037110564 1.839134370 -1.247365545
21.384825942 13.296996250 -9.675156913 -0.821474071 0.016687781 -0.061128148 -0.566714407 0.106921622 -1.968484507 -0.509759915 1.543337025 -0.786653283 -1.076590241 -0.711230813 0.833105188 -0.118322730 1.707853743 -0.218700794 -0.358723971 0.985913804 -0.985723085 1.046044815 2.204759404 0.743744122 -0.893267756 2.301810145 0.194865544
24.237190332 12.112476560 -17.361491086 0.666128327 -0.278864469 -0.625440553 0.295519498 0.332686483 -0.561454002 0.122571094 0.890579195 -1.005947152 -1.200393981 -0.960336407 0.896714929 0.510354374 0.922947286 0.765074902 1.673476729 0.362609285 -0.406648234 0.277667626 -0.528303373 0.561360668 0.133729033 0.629091903 0.065399680
11.909698808 12.075973375 -19.395262661 -0.766350909 0.014782198 0.620776873 -0.164693185 0.340348292 1.207962258 -0.376914182 -0.101183412 2.075609588 -1.432555523 -0.141706053 1.039203008 -0.067266003 0.164629924 -1.106149680 -0.093009716 0.480752510 2.640463862 0.527192099 1.530100742 -1.415834567 -1.540257285 1.074192469 -0.903169877
27.247165687 14.791804940 -16.811393534 -0.698422194 0.538348341 -0.057454629 0.468066735 0.645922584 1.664693049 -0.036161495 1.155376412 2.777080956 2.333066281 1.141174294 1.363292975 -1.134979182 -0.008458986 0.148693770 -0.196001628 0.147438119 -1.177481857 1.716891354 1.335014383 0.053229969 0.004361144 0.652943526 -0.969361344
18.308898037 11.620865638 -9.137687696 -0.373280939 0.184514277 0.231024337 -0.879342697 0.006512086 1.658778213 1.692759082 1.001443445 -0.194766202 0.790552442 1.488741817 -0.467436100 1.880910970 -0.353088656 -0.645732423 0.861379223 -0.554200291 -0.500147362 -0.415519556 1.116520347 0.533378206 0.423708031 1.254994139 1.123955383
13.110829450 16.597150868 -9.323782677 -0.859675605 0.470064062 0.023709313 -0.198583734 -2.036153636 -1.163998053 -1.735605893 -2.435045208 -0.587419561 -0.728946867 0.104078929 -2.692222976 0.032446650 1.082022210 0.792228306 -1.426035952 -0.173680565 0.557961290 -1.676507549 0.908383302 -0.200773715 0.775818350 -0.285062975 -1.066592520
17.593363146 23.326657426 -8.576125757 -0.765991803 0.497424775 0.370757939 0.168415265 0.428924054 -0.401169028 0.242409557 0.534795733 -1.378297934 -1.319325564 -0.669987598 -1.564982166 -0.066994772 -1.351107770 0.943892956 1.495958522 -0.861208589 1.789226165 -0.096534941 0.542949288 -0.374000064 -0.497575724 -1.159830617 -1.249728721
15.446328207 15.428565470 -18.846061012 -0.810693789 -0.293739124 0.399463556 0.311322620 -0.643569686 0.018933923 -0.912033590 0.154711643 0.407180622 -0.492838756 0.456657029 0.528246931 -0.358657762 0.162192063 0.224423189 -1.177048359 0.700236762 1.682134026 -0.585715208 1.011043016 0.280489402 -1.250209073 -1.036733161 -0.232309508
20.181910082 14.999141798 -14.542613495 0.251169847 0.375685603 0.890616413 -0.050758642 0.438612751 1.532617680 -2.140825576 -0.346224289 -0.399281802 -0.183678707 -0.761435488 -2.849233966 0.305624561 1.069546325 0.466283355 1.083366112 1.145615691 0.309139184 -0.103844029 -1.234047590 0.907855356 -0.304298215 -0.916704803 0.293617843
21.071065846 10.639005014 -11.073361282 -0.810644559 0.516346577 0.000487614 0.276118406 0.973383873 -1.031028863 -1.169019563 -0.852104408 -1.128674707 -0.330675854 -0.247407451 -0.385864449 0.371845041 0.606774654 -0.256544570 -0.800454588 -0.446280435 -0.244541707 -1.088464545 -0.962194366 -1.391397466 -0.150021002 2.476836998 1.085195579
19.091304979 16.351717777 -25.892420166 -0.017202059 -0.556375197 -0.306578881 0.772114058 1.311791936 0.838255454 -1.855586889 -1.659676987 1.119840774 0.559068749 -0.102790861 0.431899189 1.720264020 -1.908569439 0.452868780 -0.794154355 0.212601265 0.333477541 -0.386045074 0.128572141 -1.119584946 -1.083258413 -1.127584233 1.932319058
24.282418687 15.228481687 -14.950194754 0.905854285 0.039012653 -0.134768191 0.399679325 0.026000211 0.339534719 -1.772466766 0.077888606 -2.336665503 -1.451356289 0.763312242 -0.791161769 0.692651857 0.799689201 0.014752781 -0.634783629 1.682740570 -1.263023998 1.137153267 -1.040520299 -0.245960613 -0.693524385 0.614834606 -0.443052480
20.087149247 11.989615069 -21.603205788 0.732759704 0.306434458 -0.171398717 0.582909615 1.854408110 0.827015506 -0.625738777 -0.291306693 0.032116720 0.169706663 -0.497579049 0.009102755 0.099487663 -0.584098324 0.936788873 -0.014374195 -0.463013591 1.209583363 0.350642032 -0.068261858 -0.794835402 -1.071069489 1.629717760 -1.139507940
27.294165702 21.346939612 -13.800635819 -0.932419519 -0.033938405 -0.359748619 -0.004791373 0.592294679 -0.869597748 -0.124522109 0.182663713 0.730155324 -1.741253730 -0.087457256 -1.670029611 -0.589765653 1.904363505 -0.210564750 -0.051739019 -0.502020525 -0.466171818 -1.774642120 2.082745364 -0.884267038 -0.522597244 0.514538280 0.272328650
20.589465007 11.568783422 -19.335209570 -0.013926135 -0.168067927 0.173022732 -0.970372284 -0.476836497 -1.087502644 -1.233733496 -1.531644704 -0.789124068 0.462690848 -1.807707539 1.440696216 1.666506617 0.939053344 -0.699894978 -0.783895810 1.010360785 -0.055461435 1.161880010 -0.829682964 0.638805574 -0.535250054 -0.705068067 -0.516501456
19.435933497 20.523327461 -25.149333487 -0.962406214 0.202267925 -0.087041990 -0.159014646 1.384014935 -2.700165489 -1.075974462 0.477301063 1.298724015 1.501489649 -1.098877105 0.076058469 -0.938535873 -0.498164586 1.001421310 -1.067794650 1.080993261 -1.090397432 0.227299979 -1.630482665 -1.075562837 -0.965640967 2.093210692 0.621579010
23.091213687 24.332830030 -21.064409827 -0.321398462 0.298657213 -0.430649519 0.788700126 -0.530803207 -1.272865269 -0.199866621 0.068738097 -0.404240079 0.774657472 -0.513685017 0.550457797 0.156582544 1.100255436 -0.351098967 -1.154961414 -0.647682247 -1.551133726 1.310334957 -0.108340793 -1.258754193 -0.029221319 0.412045257 0.311878315
18.473247211 23.146498352 -15.452111913 0.443500944 -0.221141165 0.039317968 0.867673669 -0.050270610 -0.458555151 0.906012460 0.489887594 0.108246715 -0.583204691 -0.518267418 -0.155610343 1.650351264 -0.945551330 -0.006464400 0.312618391 0.012809232 -0.710136801 0.076758729 -0.571424068 -0.283057458 -0.925165332 -0.435786731 -1.191908008
13.824088938 12.807050152 -10.310531044 -0.815274032 -0.380868378 0.318686480 -0.297836296 0.016282064 0.252302639 -0.668183319 -1.276653480 -1.003976704 -0.892642640 1.209257739 -0.789000656 0.584754865 0.082495388 -0.789384682 1.874679417 1.687365789 -0.417478120 -1.125601891 -0.307707334 -0.557718700 1.834922331 -1.012308485 -0.742387490
21.410561853 23.065980591 -22.203289258 0.880070063 0.353988977 0.071963938 0.308203958 -0.700898076 0.065728519 0.891692022 0.082395310 0.791482883 -0.050118779 0.265393436 -0.459101664 1.665803420 -1.392418732 0.432623158 0.417931766 1.091316722 1.311648571 -0.095331079 -0.624109650 0.372587114 0.324984417 0.472590785 -1.444396523
15.667225191 17.646012880 -10.410054902 0.550891716 -0.344046040 0.023479838 0.759999563 -1.947392974 -2.313446836 0.021188802 1.005767011 0.553843548 1.892377203 -0.023708222 0.932901021 -0.835436185 0.073771757 0.011271504 0.004961999 -2.042310248 1.479878330 -0.683594044 -0.478192244 -1.329519627 -0.467999131 0.695194141 0.249725057
9.995000019 20.150209157 -14.326299465 0.223233302 0.388402965 0.815266630 -0.366947342 0.762287488 -1.068208258 2.051756835 0.063047550 -1.840661112 1.015832224 -0.762616242 -1.086133228 0.569058285 -0.565133976 -1.469301863 0.951574046 0.728957045 1.990633843 -0.919091179 -0.355382096 -1.061922253 -1.433468262 -0.370500461 0.736968999
21.101158062 16.020044370 -19.315825638 0.796002138 -0.110801710 0.593791377 -0.038927858 -0.615158664 0.504736551 0.766355046 -0.321448508 -0.283638565 0.812410354 1.071292627 -1.622870891 0.689486784 0.157680419 1.258703903 -0.193920830 -0.873265314 0.075801004 -1.103871596 1.039110101 0.290022589 -0.253666264 0.259140556 -1.322704889
14.631286547 15.513581519 -23.784874528 -0.350240478 -0.536385705 -0.687859706 0.341278490 -0.192682421 -0.028892072 -0.148223794 -0.916708285 -1.514575038 -0.840756559 -1.181181009 0.606922463 0.470733265 -0.388724662 0.642539463 0.362228506 0.079145484 -1.338333882 -1.759627653 0.260412865 1.098507390 -0.649562028 0.478837224 -0.109973267
14.209339524 24.679727319 -16.830229994 -0.545301655 -0.009939724 -0.806505066 -0.228247420 -0.267878309 1.219929703 -1.065367778 -1.047911706 0.753493223 0.592588906 -1.840727992 -0.215416960 -1.792684629 -1.254050092 0.427584324 0.503557518 -0.072430223 -0.713905832 -0.944112771 -0.704256676 0.804490836 -0.866340546 1.060245196 0.277884210
20.096067543 14.019161252 -15.093520000 -0.088207135 0.138765738 0.631163034 0.758021633 0.639685961 0.141335571 -1.146167499 -1.869391292 -1.271195027 0.472395833 0.839605586 -0.936996836 0.908479917 -0.542702148 -0.101618530 1.734489735 0.220042223 -0.075477257 -0.545516752 -0.295939324 -1.182599916 -0.202222666 0.486324179 -1.121189627
18.967063849 25.252286892 -21.634796303 0.212933567 0.641819399 0.724559664 -0.133193277 -0.814049765 1.515099348 1.029636476 -0.512244576 0.965404689 1.586982336 0.201435490 -1.161968016 0.876742133 -0.593749741 0.315913411 -1.247082614 0.852737465 -1.153522673 -0.154448191 -0.862160788 0.277137762 -1.216644454 -0.297229313 -1.844857239
14.409117576 16.801582895 -15.236652528 -0.472333860 0.326764756 -0.237186143 -0.783497449 -0.188973673 1.982915831 0.274521985 -0.441979155 -0.024223213 0.619120554 -0.738704870 1.587684691 -0.121257813 1.698291954 -0.347957065 -0.558429451 0.146689352 0.024847822 0.027417300 -0.191372759 -0.109413722 1.056380789 -1.833970378 -0.059829606
15.708938129 18.192076783 -13.621903333 0.558181620 0.298202691 -0.649646381 0.421269526 2.491841383 -0.341610399 -1.782617406 0.020799343 1.145032584 1.048475429 0.791447838 -0.760512784 1.738610154 -0.931641462 -0.887061143 -0.364409608 1.364458440 -0.733534395 0.388429114 0.299236159 -0.157723891 -0.240574129 -0.369702656 -0.359342273
20.759582929 11.579988304 -8.757816096 0.239771259 0.599377905 0.487199183 -0.588126540 0.096277927 1.873673899 0.078893408 -0.762367042 0.623786370 -1.430561091 -0.132866194 1.064908329 1.233799512 -2.748899303 -1.569588000 -0.784985000 0.616399258 2.897139900 0.493735500 -1.066382289 2.218106375 0.644872935 0.232633001 -0.030582002
23.428554222 14.786882806 -8.151005145 -0.496925867 0.130216909 0.857671709 0.022527284 1.294880888 0.595815080 -1.269903733 1.077241990 0.567460734 -0.739782227 -0.586720598 -0.348810988 -1.183056097 2.207223409 -0.045122900 0.654590440 0.447188726 -1.706850939 1.241716605 -1.509588675 0.094901173 -0.299630375 0.770734478 0.240176267
20.256546474 15.429706694 -24.803272002 0.065919934 0.016199817 0.745700206 -0.662814703 0.533988180 -1.230334917 0.440753108 1.213350750 -0.954095851 -0.257823264 -0.157941000 -0.051372881 -0.287894737 1.653636584 1.014671900 -0.007938535 0.007001320 1.387373496 0.323648051 0.452531493 -1.106183578 -1.236879361 0.781461741 -0.334062636
18.208343766 17.587191957 -17.958090184 0.242005754 -0.055640306 -0.300166974 0.920997915 0.828399516 1.644787348 -1.284668457 -0.229364194 0.196100706 -0.109626515 1.051759961 -0.915019273 0.416356274 0.166135020 1.223982071 -1.445619823 0.249314855 -0.599858939 -0.152320739 1.280273830 -0.874993809 0.532681407 1.833978191 1.256973332
19.691666788 15.001109126 -9.112808847 0.053086336 -0.822371140 0.540234820 -0.170393334 0.556239202 0.902419721 0.794046131 0.715961201 -1.541239984 -0.316142489 0.305606286 -0.247434254 -0.492522390 -1.756546558 0.608791604 1.401398622 0.653118629 -0.816531085 -0.015413122 -0.999202227 1.230232910 -0.100892616 1.228680351 -1.960605052
16.144121286 16.926678739 -19.742885154 0.145344489 0.552983455 -0.266938858 0.775775692 -0.130450998 -0.052156809 0.405415234 -0.821752441 0.708096504 -0.280122301 -0.864364363 0.836483407 -0.647378018 -0.075229365 -1.141119937 -0.097111329 0.363057001 -1.674683616 0.339678207 0.143805753 0.402397358 1.127665934 -0.493154567 0.541697279
16.138434030 11.725145949 -12.924378885 -0.687820075 -0.344164749 -0.614701728 0.174916996 -0.254164799 0.220174013 -0.816459555 -1.399389306 -0.946968558 0.064829148 -2.198793535 -1.716622206 0.925422845 -1.242670446 -0.880591764 1.521737072 0.286335326 0.193013312 0.841801551 0.401830157 -0.032025878 1.485927985 -0.994005188 -0.443496112
23.858228782 15.552882432 -18.014864919 0.034571461 -0.235946636 0.417064005 -0.877035697 0.978087277 2.236552122 -0.727564055 2.340001923 -0.237936677 -0.041225362 -0.706813158 -1.479983786 1.238444671 -1.487623543 0.760836158 0.240791759 -0.304203103 0.065401551 0.675690916 0.752491574 -0.179486069 -0.858723921 0.006005347 -0.262745801
24.973515138 11.284836645 -18.912349262 -0.308922859 0.938683218 -0.018625587 0.151965690 -0.044626936 -1.628936127 0.252331045 -1.096830591 0.935631982 -0.342374851 -1.186401537 -1.478141608 -1.739964269 -1.072540339 0.604781866 -0.016666017 0.454192851 0.091664589 -0.624083400 -1.132333768 1.442877002 -0.095932532 0.403857996 0.272484195
16.168826671 11.536526431 -20.691490340 0.700853173 -0.353699115 0.606810552 -0.124429575 -0.326506692 1.311693752 0.387851547 -2.377006984 0.198679889 2.083051737 -0.015949726 -1.533537306 0.510550394 0.090299118 1.304024422 -1.656859279 -0.444288104 -0.790196641 1.299767055 0.698495808 -0.240412532 0.576544088 -1.078228338 -2.262778369
22.237669737 22.784479548 -20.267595630 -0.719339184 0.294470198 0.495451166 0.387771303 0.864188060 -0.436705372 -1.644303276 0.213842300 -0.604098643 1.176867142 0.311545603 -1.573418501 -0.298805662 -0.107616360 -1.584027172 -0.652703047 -0.332410236 -2.265024665 -1.151539300 -0.836519561 -0.613091631 -0.636081326 -0.287016779 0.298668547
18.954928395 12.832005565 -18.392976613 0.072538619 0.844659140 -0.449773472 0.281056772 -1.500191190 -1.397419221 1.873169902 0.004724395 0.174999940 -1.307549336 0.853069022 0.990060901 -0.383331133 -2.075438372 -1.155531803 1.456775678 0.189705503 2.110393767 0.479274993 -0.031781412 0.213529349 1.080542076 -1.650374447 -0.500546162
15.315390388 23.426879940 -11.807004814 -0.658921969 0.316716338 0.498894785 0.465420879 -0.074477632 0.489860561 1.317574071 -0.642336009 -0.397137636 -1.095480771 -0.712991252 -0.123748699 0.072507075 2.653514101 -0.909010501 -0.218421191 0.142256615 1.398249259 0.055649715 -0.804442684 0.108398133 -0.270891510 -0.934359493 1.532466322
18.192773575 19.636844560 -15.181856373 0.251522971 0.649359934 0.704727687 0.135745195 -0.328764624 -1.646317853 -0.209377023 0.521423353 -0.318087115 -0.762488796 -1.607660119 0.045884979 1.492465992 -0.137755815 0.944655081 -1.582761823 -1.650852503 0.101547020 0.100357251 0.759929951 -0.740912552 1.335839126 -0.429168663 -1.124996555
15.713426046 14.555938568 -10.683231788 0.144962601 -0.240818282 0.514676446 -0.810000342 -0.183253582 -0.300888054 0.265563016 0.834651227 0.865704089 0.220184006 1.379549005 -1.895070644 1.679693312 0.907781454 0.081316134 1.577185376 -0.350935099 -1.015087624 0.837390333 0.146669676 -1.172761622 -0.255675733 2.208537444 0.917829954
22.709552952 17.213174811 -11.563056463 -0.555774233 0.501338297 0.017012689 -0.662937012 0.134294627 -0.168469237 0.522464319 -0.976447852 -0.496885440 -0.503283049 1.074468473 1.008175898 -1.487284039 0.927614821 0.640352757 0.022483828 0.670871919 0.251274525 0.326871596 0.137013164 0.648012895 -0.582260953 0.535423053 -0.686704026
9.236826054 17.882700076 -18.078540049 0.636693237 0.052216149 -0.589528297 -0.494319312 -0.705612061 -1.808292163 0.908451703 -0.130099902 -2.474399128 -0.340319255 -1.678209058 -0.267535258 -0.293809521 -0.184452523 0.260097272 -0.573986839 1.287793078 -0.065219678 -0.739936971 1.734151481 1.689760911 -0.831201227 1.074853873 -0.622796591
18.350438561 26.004511128 -16.405920014 0.151539026 0.965206969 -0.197512504 -0.080001506 1.147606374 -0.801720250 0.316914205 0.126242565 -0.773977751 0.618334346 -0.030563372 -2.426640106 -1.184320759 -0.262330042 -1.643441355 0.751060954 0.381156638 1.541898384 -0.011865648 -0.924442920 0.998678619 0.136736285 1.343058572 -0.613874060
27.003891166 18.868794676 -12.821475630 0.339643654 0.301991570 0.709207488 0.538950850 0.970681444 0.451375771 0.213723636 -1.273400608 0.498307711 -0.037855767 -1.712657740 -0.422865951 -0.087691551 2.038092650 -1.731841223 0.294356005 0.323733931 -2.543455120 -0.022740641 0.259605703 -0.658223828 0.161365407 0.343293041 -1.311995501
22.353682889 15.485131012 -13.076689456 0.165188570 0.943734012 0.225162463 -0.177146033 -1.736724100 0.240058158 0.839605337 -0.165807841 0.510941916 1.223023685 -0.160909263 0.059937843 -0.144190766 0.470192639 -0.920880384 0.326901218 -0.619300426 -0.613191916 1.691138848 0.670004614 -0.685131918 0.218519536 -0.367782700 0.263534145
10.636973091 21.694100415 -19.601993277 -0.482370344 0.175268339 0.056665341 -0.856381282 1.041647825 -0.151639069 -0.740410881 1.502101827 0.045702583 0.249721365 0.835312074 0.353937662 -0.001272135 -0.968498721 -1.788919686 0.476015703 -0.609445193 1.723587425 0.519413350 0.162107923 -0.020028215 -1.043990298 -0.315470521 0.319604563
14.599589156 16.922658653 -22.689679056 0.230554890 0.394932975 0.495237048 0.738655979 -1.333653656 -0.554136596 0.695871057 1.992741969 -0.002329423 0.600676867 0.982250504 -0.096034122 0.510821528 1.502770034 -0.976324206 -0.921787316 -0.543667405 -0.965965182 0.932491150 0.275207610 0.546857350 1.743849053 -0.075739474 0.961701769
15.998635310 14.754476905 -20.805007359 -0.223668827 0.352325788 0.901612373 0.113727409 -0.729423143 1.198918616 2.259119355 -0.932916429 1.221618742 -1.027874322 0.817452175 0.138476157 -0.886291263 -0.890310659 -1.874519809 -0.150910896 1.113570613 -0.624268164 0.045485189 -0.897176570 -0.388072242 -0.764688318 0.325165234 1.626517497
26.090745770 16.535725975 -19.774966532 0.005736350 -0.379992675 -0.906725597 0.182815079 3.237333561 -3.002843370 -0.260927595 -1.049460005 0.933516190 -1.208754128 0.275969113 -0.134429110 -0.876287857 0.076079009 -0.579373221 -1.067537308 -0.247476318 -0.988488685 1.264194180 -1.042886203 -0.097103879 -0.235071068 -0.140276939 -0.123588151
26.851694949 14.997510456 -17.846610208 -0.302484625 -0.494416933 0.618409110 0.530683635 0.779548059 -0.927983184 -0.380370043 -0.062321378 0.573617810 -0.820795263 0.443175479 -0.453275014 -0.022562175 -0.327315063 0.102965284 -0.843325451 -1.502966864 0.590064722 -1.481556281 -0.670463610 1.773681474 -0.911635586 0.516918151 0.226837686
12.289690758 13.089714136 -20.382222151 -0.030910279 -0.459907200 0.660010724 0.593224887 -0.992377796 -0.553157629 -1.061626572 -1.125807229 0.309168886 -1.292047888 0.820005295 0.749268780 -0.234356657 1.179615737 -0.092813930 0.093481022 0.965722361 0.391704110 -0.669178599 -1.313373503 -0.639021916 0.491534831 1.142397081 -1.300186003
19.421370398 10.271517717 -17.737195599 0.229281826 0.734997794 -0.475385644 0.425695404 -0.551929130 -0.788407629 -0.341464073 -0.260864494 0.064810237 -0.779385513 1.859074541 0.616595301 1.002860714 -0.866684693 -1.832299900 -0.323326752 -0.916095498 -1.639717995 -0.271552924 -1.495578939 -1.574664494 1.207282219 -1.655353982 -1.466884654
14.624652707 19.172275795 -14.188036504 0.422993312 -0.312404982 0.833951351 0.167346733 -0.017752719 1.579498489 -0.395966683 0.381376882 -2.125510069 -0.290478413 -0.331083989 0.446524613 -1.346099711 0.022855296 0.253660742 -0.068725048 -0.732949210 1.430919109 -1.171223018 -0.385771761 1.939629518 -0.936763235 0.619883156 0.159808797
19.726671064 13.850754371 -21.520899279 0.509401986 -0.781243755 -0.266616603 0.243070769 -0.249295445 -0.274728231 0.684540113 -0.171682130 0.456816416 -0.180922831 1.309754441 -0.140198101 -2.577149108 0.749314606 2.361599903 -0.790161317 1.553060456 0.064128874 -0.590360148 0.415315310 -0.336648159 -0.288214758 -0.961170927 -1.565238707
23.135956430 11.303385491 -17.701285666 -0.207147619 -0.113491535 0.651085698 -0.721316123 -0.090209804 0.763409271 0.340615666 1.229756553 -0.486081492 -2.095362002 0.191553508 -1.025211021 -1.231275541 1.681594378 1.079897239 -0.811466416 0.502077108 0.521609447 1.119309769 0.406349191 -1.460846654 -0.447534585 -0.542791087 0.871344056
19.937563122 10.781290822 -19.516638211 0.437991320 0.697895093 -0.424506841 -0.375366468 0.511066788 0.423273331 -0.296579292 -1.044031028 -1.133531092 1.251353889 0.563078240 0.930687827 0.704593697 0.276566887 -0.866393231 -0.774154697 1.691183987 1.646011185 1.069624070 -1.131850719 -0.795503052 -0.096254182 1.932004408 -1.376017318
28.145544270 15.388477738 -16.167070923 0.043892000 -0.406044272 -0.912209255 0.032799630 -1.250873640 -2.072735342 0.921888801 -0.684162600 0.228209641 -0.294639645 -0.092432659 1.547022369 0.642360945 0.649368978 1.923844939 0.498331101 -1.254588567 0.576254185 -0.585470443 0.397783989 1.542858614 0.768275118 0.395358903 0.907854845
15.110205266 25.614763759 -16.582172263 -0.139541690 -0.223687214 -0.924553181 0.275124632 -0.253660417 0.145957370 0.996557986 0.077012115 -0.125874578 1.198296101 -1.021092188 -0.372774519 -0.050545050 0.666787948 0.343473404 -0.912315120 0.925098892 -1.111218986 -1.571611947 0.403760243 -0.273143596 -1.640547700 -0.377810573 -0.669252351
19.791113361 17.762795904 -9.549812971 0.809119637 0.065332183 -0.090495703 0.576946832 1.062119100 0.596000733 1.491040907 -1.079503584 0.979818802 1.238588613 1.371089778 1.386211269 0.717099255 0.190642349 1.365339675 0.021643793 -0.237352091 -0.400143472 -0.140773186 -0.195664219 1.217662073 0.085066175 0.523075541 1.370404521
17.558399460 10.148098003 -12.740560914 -0.100225892 0.641544975 0.442212150 0.618727105 1.626704213 -1.980203337 0.553247848 0.036369134 -1.227454025 0.575447196 0.146124815 -0.424064749 0.097441651 -0.022218566 0.762909654 0.192679549 0.491933702 0.100042759 1.461158262 1.125862323 0.492117542 0.088739215 -0.529537450 1.307847638
20.146472885 8.929365191 -13.012700725 0.524823216 -0.586680069 0.365535506 0.496740257 -1.151211864 1.004391740 0.963355031 -1.319904222 -0.797312117 0.870596783 -0.785150187 0.201154627 -1.523914910 0.481792776 0.857653726 1.261777966 0.413726048 1.854640653 -0.022882824 -2.002743245 1.339084435 -0.701470990 -1.746688850 -0.282410770
21.109740755 25.958610815 -14.514768378 -0.140238379 0.952272039 0.234331007 0.136382329 -0.383711939 -0.000178385 1.644333193 1.791385140 1.091081882 0.520797992 -0.877532769 -1.105001212 0.546990281 -0.907934984 -0.495476455 -0.182750287 -0.409957032 0.712830089 0.310949694 -0.898158016 0.286967652 0.840830461 -1.567754676 -0.660238630
18.764957120 8.133120501 -18.669533565 0.728917752 0.489342183 -0.277489362 -0.390157395 0.623441054 1.642919849 0.609048407 -0.006817801 -0.386676368 -1.171622861 -0.398498440 -0.425165859 -0.090142241 1.143643770 -0.330244727 1.606736491 0.842201906 -0.384950467 0.089907125 -2.238407428 -0.088522669 0.178440205 -0.727632501 -0.131229237
16.309876832 22.941126575 -19.964316514 -0.127941399 0.269568789 -0.123082496 -0.946474704 -0.562612065 -0.307109020 -0.368918600 0.204210514 -0.485768063 -0.303957370 0.717448250 0.641453854 0.161183868 -1.040430919 0.364462943 0.683759494 0.680099501 1.521207687 -0.463427083 0.224045574 1.106957851 -1.138868737 0.214414337 0.896916916
15.040079576 26.899917646 -16.686911444 0.239150583 0.702203404 0.011658733 0.670508353 0.509249541 1.305637940 0.794463966 0.778266647 0.061130852 0.987485645 0.362784841 0.033307880 -0.079279466 -0.964384856 1.203235220 0.637310804 0.893083328 0.296835820 1.049075140 -0.719532313 -0.819689775 0.730188438 -0.726468158 -1.001060027
24.318496690 16.539195434 -13.303463990 -0.541859855 -0.156657246 -0.491586142 -0.663467761 1.042513905 -1.195666263 0.441767424 -1.826066460 -0.839271373 0.921611919 0.300132019 -0.707381142 -0.133271457 -1.197985243 2.239295681 -0.803942346 0.860018799 -0.584155806 -0.273877712 0.300572117 -0.586909367 -0.298569410 0.289586140 0.556681009
10.623917970 22.416129007 -14.796640685 -0.341497719 0.933690902 -0.046231951 0.097279049 -0.284295050 1.713132940 0.133266777 -1.232326448 0.035719482 -1.037454088 0.370696985 -0.545797495 0.601582632 2.286070395 1.165005175 -0.104917241 1.332556047 -1.603849453 0.486958346 -1.926539747 0.117649279 -0.956636831 -1.220356421 1.283490204
19.179245661 13.105406464 -16.774177563 -0.231018512 -0.338276588 0.551425720 -0.726724895 0.855243991 -1.009343339 -1.881742913 0.935929558 -1.154723951 0.690604438 -0.156761825 -0.292926228 0.185499090 0.178606360 -0.121303286 -1.741142428 -1.401983242 0.028734724 0.667187183 0.361745400 1.003565591 -0.046405288 -0.466295530 0.731778690
15.121046003 21.892851943 -17.422338953 -0.018123252 -0.705133065 -0.009786215 0.708775803 -0.651000046 0.145111209 0.512013021 -1.440165867 0.439273723 -1.361893628 -0.311571631 0.054238261 -0.570866799 -1.161467606 -0.185892113 0.452147894 0.130112226 1.527958583 0.448688883 0.115113064 0.887399552 -1.168955523 -0.479356889 0.991684627
12.852796469 9.758976939 -16.054442853 0.268205566 -0.947985341 -0.063242859 -0.159342112 0.420859491 -0.970055168 -0.042135793 -0.902627750 -1.513225536 -0.464519299 -1.459619937 0.058120849 -1.499225522 0.666320055 0.630331755 -0.808878180 -1.397295103 0.996850017 -0.147769071 0.505023305 -1.111388625 -1.480199227 -0.371955170 -0.406590512
18.338387853 23.705156949 -21.140074245 -0.278697332 0.436593141 -0.572567689 -0.635515906 -1.961082069 1.638929994 0.071887587 0.777848427 -1.237076635 0.043630824 1.659375733 -1.098682800 1.061549387 0.589986981 -0.583848416 -0.243696591 0.361642810 -0.991765310 0.380152490 -0.555049734 -0.785563498 1.252029749 -1.144323558 0.930679282
22.711498412 23.012351237 -16.464920607 0.472566616 -0.461324098 -0.333019114 0.673022392 0.133750387 -1.155247856 0.344234337 -0.400405515 -1.111996803 -0.946063638 -1.110732152 -0.017352764 0.680300383 -0.253868874 0.694138425 -0.937701050 2.029083780 -0.524379781 -0.762538335 1.511901346 -0.119582235 -0.464657586 0.207347423 0.618274808
25.516610457 19.881359422 -9.362494668 0.364928574 0.258967872 0.887350861 -0.111226020 -0.066602713 -0.294967512 0.357730960 -0.945774113 -0.612160171 2.026849146 1.121045602 -1.183634035 -0.074231169 -0.286057203 -0.305890886 1.431100612 -0.353893465 -1.321468896 0.707819763 -0.301996458 -0.811427124 1.288976191 0.022980798 1.464494990
18.483382900 12.857938508 -24.382900321 -0.099121244 -0.434389698 -0.423219817 0.788901487 0.197289034 -0.099161917 -0.079503300 -0.076389374 -0.644527661 -1.413326590 -0.134581441 -1.378466790 -0.107541200 0.691027957 1.923235792 0.715887230 -0.798078585 -0.005761356 0.004032994 2.565151641 -0.097588821 -0.990513334 0.558915684 1.388345413
11.594162505 19.991755239 -16.756967577 -0.874582175 0.201169253 0.402548132 0.180532414 0.556446368 -2.457198200 -0.779218213 -0.536321126 2.504215669 0.135483761 -0.715998098 -0.108903050 0.987654279 0.166786081 0.581223569 0.678105216 1.044162047 -0.722025800 -1.209537295 -1.628834957 0.196145718 0.927628047 -0.558129395 0.448429927
11.931240324 16.986486079 -16.070542493 -0.520579704 0.486253929 -0.690903825 0.123311768 -0.426535841 -1.566950106 -1.427290403 -0.609332662 0.615628032 -0.703918241 -0.011964201 1.631699151 -1.972039430 0.631988036 3.453877106 -0.728439793 2.008463886 0.642653120 -1.290610250 0.332592411 -0.340584986 -1.191834727 0.387319015 1.895384556
13.098186579 12.668921638 -17.298872823 0.851390253 0.207766421 -0.363799911 -0.315622205 -0.712497491 1.329855367 -1.837329978 -0.139844277 0.527503769 -1.069725167 0.493687172 0.069699828 0.180918370 -1.999299386 0.528684902 0.626602534 1.569478381 -0.378975960 0.444242034 0.137136891 0.689555511 -0.511446896 -0.245208049 0.556389817
20.698814781 10.826208428 -22.579529335 -0.763571570 -0.616641270 -0.183676206 -0.054544050 0.626422664 -0.519804557 -0.354569967 -0.909307091 0.126422036 -0.573570263 -0.324010017 0.110291464 -0.545136212 -0.308493841 -0.228580733 -0.180228819 -1.173985538 0.570814279 -0.653484798 0.822029639 -0.187851007 0.151101552 -0.716273500 -0.643081321
24.537051061 20.323374573 -13.371106938 0.239349756 0.527922144 -0.759955589 0.294070411 0.507988976 -1.065803646 0.929343852 0.113838137 1.059090530 0.620886435 -0.787014858 -0.126855856 0.561314135 0.462272461 0.949110108 -1.000298198 -0.298855222 -0.344776655 -0.986993485 -0.837075277 0.919928754 0.370943268 -0.019880748 1.044987763
21.404887413 25.024442148 -19.820437445 -0.829533237 0.326183851 -0.337229815 0.302910475 0.818658861 0.847882797 -0.334239975 0.288163586 -1.377378769 -0.569647962 -1.180737463 1.631672831 -0.387536398 -1.124277284 0.715214254 -0.871596855 -0.685694419 -0.047854304 -0.391979812 0.057252948 -0.567228295 -0.902099832 -1.222323830 0.374573628
22.766187433 8.972141524 -15.285959410 -0.951498751 -0.276858187 0.034597237 0.129625240 0.516019265 1.077023775 -0.701751868 -0.202776342 -0.658304611 -1.162330290 -2.960935962 0.380498702 -0.152959462 -1.827424258 -0.219738730 -1.482196355 -1.064291309 0.163770804 -0.415254396 -0.177876534 -1.513224932 -0.333099988 -1.839596024 1.733576910
15.736313205 10.903052438 -20.545522245 0.878226387 -0.276906039 0.064633935 -0.384530769 -0.235843918 0.481777584 -0.369956711 1.369878299 0.425652385 -1.104650180 -1.027608095 2.341041973 2.111962610 -0.590115095 -1.073754320 1.101325118 -0.004887468 -0.414988705 0.862668112 -1.144567524 -1.107081912 -0.045441863 -0.865245167 0.460745532
27.285452075 22.136891472 -14.792503168 0.896389709 -0.334743993 0.065143866 -0.283175256 1.193774217 0.128303141 -0.419311017 0.633262810 -1.011142877 0.107933488 0.300681944 -0.457865762 -0.851590870 -1.220271208 -1.381903382 -0.892583865 -1.902416091 -0.043324081 -1.105495050 -0.806594205 -0.826795286 2.942102406 -1.256104827 0.550654905
25.560461832 23.638668559 -15.681490823 0.621039377 -0.573855327 -0.075840128 -0.528439618 -0.637461619 0.210006510 -0.020861254 -0.307679000 0.293005541 0.121396549 0.053224143 -0.935556306 -0.928431569 1.167757573 -0.406097511 0.400241099 -0.263719520 0.210000356 0.094119468 -0.235272780 0.254225076 2.032223998 -0.805577525 -0.224698704
14.775044452 8.837126345 -17.565614536 0.934246829 -0.255885127 0.062652970 -0.240375270 0.656948806 -0.956963380 0.974261409 -1.036689622 -0.284705616 -0.964330625 -0.676454939 0.816554377 -0.387156756 -0.834708798 -0.007625476 -0.554187937 -1.474363930 -0.066133689 -0.946885496 0.649207905 1.908747849 -0.466777336 0.182266869 -0.023484483
27.031804764 19.509987395 -14.701262089 0.002092688 0.676598956 0.730203172 0.094935775 0.160121169 -0.584202657 0.797483252 -0.509685328 0.193291022 -0.413258493 -1.195652446 0.556169528 -0.770615340 -0.948904959 0.156526861 -0.094907746 -0.054472311 0.668242902 1.262604168 -2.308007546 -0.168976154 0.504323042 0.439640629 -0.712858839
19.753901720 7.989532249 -17.979776579 0.032583122 0.164470521 0.137849828 -0.976158395 0.044991852 0.880609344 -0.541731265 2.198480420 -0.773203030 1.438673460 -0.837198427 -0.172375434 0.876754695 0.689331673 -0.847731526 -0.837507259 -1.175225618 -0.096341824 -0.365715331 -0.923265488 -0.808053671 0.135292653 -1.833210140 -0.361183286
22.596881055 22.414234138 -12.517981580 -0.883683213 0.178693705 0.327874953 -0.282259727 -0.233955356 -1.530008991 1.159504135 2.124182761 0.416742646 2.284110813 -0.860867150 -0.419267090 0.220369061 1.033617777 -0.332440567 1.114211035 -0.385567289 -0.881398303 -0.970837721 -0.539447174 -1.628909230 0.653238441 0.616261582 0.353050384
13.083389980 10.454193667 -15.309179017 0.249937393 0.893668404 0.053268529 -0.368850306 0.137571397 0.808562409 -0.184416999 0.594233184 -1.372466415 1.057427376 -1.898715603 0.731185728 1.278405265 -1.330847430 0.824878536 0.227818029 -0.197678653 -0.644555575 1.021195219 0.134940710 0.066671625 -1.123016364 0.572528655 0.002132836
14.533723419 17.487451322 -20.877771949 -0.870305959 -0.391756468 0.147091376 0.259727808 0.484507696 -0.695079605 -0.673499677 0.016575525 -0.697876373 -0.534161661 -1.450247059 -0.590433185 0.804958610 -2.065605017 -1.399811079 0.866242489 0.572750283 -0.711232172 -0.683103366 0.667054169 0.217346522 0.711433430 -0.330734059 -2.231738249
24.735752950 17.063678590 -12.159286057 -0.450213263 -0.162464370 -0.842190635 -0.248250440 0.884196760 0.772651712 0.765397051 -0.055113404 0.392120980 -0.734390684 0.212464964 -1.342305504 -0.437752280 -1.348847605 0.308001704 -2.003131385 0.162862933 1.346953549 -2.546869822 -0.569283181 -0.138625708 0.055720324 -1.185880901 -0.614676347
12.231183786 22.626689600 -15.045040702 0.168256567 -0.084244659 -0.857794952 -0.478309926 -1.029475944 0.440751477 0.695865084 0.434320932 0.841857102 -0.329707831 -0.351900181 0.948190095 -1.085940183 -1.128268595 2.392588844 -1.260703021 1.359957731 -0.192026351 -1.725439313 -1.778959781 0.000017616 -0.555165919 0.931088025 -0.271949019
15.965887704 22.042528387 -20.102069153 0.393410863 0.517479695 0.280145571 -0.706371798 0.467194281 -2.294052986 -0.652776268 -1.027186026 -0.630419289 0.584795196 -1.649452949 0.454521522 1.952332555 -0.165641104 0.189291659 0.800390510 -0.581903152 0.263952123 0.009113773 0.053507419 -0.481288940 0.795101785 -0.976887817 0.589396454
17.654660059 10.000065553 -14.873907673 -0.994231185 -0.070856536 0.036890259 -0.071573813 0.255251541 0.892098754 0.012904293 0.663652030 1.449572511 -0.701990433 -0.360465343 -0.386901507 0.416980636 1.390034694 -0.171556765 0.377976401 0.110600889 1.044363104 0.423543117 0.096329217 0.200884692 0.566045209 -0.625009460 0.287435281
17.205813711 13.871629050 -22.724059495 -0.327984190 -0.390497400 -0.430894051 0.744492087 1.739029942 -0.224201858 0.594478205 0.790725333 0.282603328 -1.053563149 -0.573002666 -1.846753988 -1.100483216 -1.393977084 -0.779430802 0.059549325 1.172855917 0.792793223 -0.261356793 -0.694052115 1.287156349 0.636961840 -1.201157624 -0.365476558
19.605285603 18.140229560 -16.715672331 -0.029676973 -0.173312974 -0.678227361 0.713505106 -1.094240250 0.044699761 0.884380768 -0.034241999 -0.759212275 0.232215196 1.501756555 0.046754108 -0.092390513 -0.965923194 -2.005071733 -0.212217084 -0.200971485 1.629484648 -0.694034886 1.460220637 0.001564517 0.564072913 -0.641515427 -0.727821432
24.055147315 17.752952499 -12.400568442 -0.826343298 -0.205931488 0.372105806 -0.369169670 0.143521270 1.359660341 -1.021455191 -0.363865404 -0.672760550 0.532933088 0.071035602 0.471540770 0.542809243 0.981314757 0.293083124 0.709862705 0.021082837 1.072546591 -0.373686200 1.197198267 0.856648228 0.570739993 0.432788524 -0.407887038
15.029081224 14.074124717 -13.437688100 -0.824880865 -0.510250980 0.238591707 0.047848649 0.128718423 -0.264624710 0.431087490 0.957349046 -1.028853591 2.065382430 -0.551661594 -0.755487571 0.599547859 0.818910121 0.034184807 0.424287116 -1.271401478 -0.951597911 0.775118905 -0.348113965 -0.675126365 -0.206364783 -0.843625388 -1.186718721
24.600564715 16.713452836 -17.343191378 0.001856054 -0.820722998 -0.568755869 -0.054102468 -0.111386699 -0.244543479 0.873774543 -0.704163868 -0.160876170 -0.364971808 -0.215622390 0.421213956 1.610470205 -1.347654998 1.302119744 0.741075286 -0.191597731 -2.035605563 0.179826198 -0.585314015 2.199978788 1.462590138 -0.363761220 -1.667783166
23.658713146 17.975824896 -22.767637754 0.288740992 -0.678949255 -0.302171603 0.603613180 -1.001732546 -1.973167154 1.163888868 -0.731921128 0.101634088 -0.325355332 -0.001775520 -0.631953705 -0.530630451 -1.679727788 0.082082004 0.008251064 0.557775256 0.053018729 -0.821217693 -0.938908835 1.442270696 -0.740972449 -1.446839936 0.510133219
9.906090386 17.736939002 -14.497436510 0.487211323 0.607529156 -0.002646397 -0.627316865 -0.741476996 -0.272744575 -0.031807666 0.311818742 1.437584718 -0.685175608 0.117771631 1.634736596 0.823541598 -0.426063984 -0.089709280 -1.520883480 1.141745927 1.388134194 -0.934220985 0.391705101 1.343201829 0.201322667 0.307714320 -0.128223455
21.543657769 23.219647067 -17.259852532 -0.433453191 0.234491224 -0.469559320 -0.732561426 0.831975669 1.058143688 -0.807875499 -0.076908405 0.166817490 1.188109290 1.864755913 0.107118895 -1.460470713 -0.213489236 -0.056319433 -1.432003840 -0.543954927 -1.682687642 -0.029624193 0.343056003 1.531056071 0.778654789 1.614846913 1.088805910
22.008750559 15.483299049 -17.249716261 -0.403683151 0.594745809 -0.491075595 0.492099681 -0.578843944 2.543268582 -1.315051809 0.911488622 -1.612201533 -1.678456122 0.152559466 0.221587439 1.168797383 0.775486256 0.623891957 -0.312767009 -1.614445156 -0.438873585 0.021030122 -1.015498753 0.515619426 1.340315303 -0.734636860 0.218161470
14.302423747 19.601604420 -17.443971888 -0.040919977 0.783233315 -0.556646110 -0.273890923 -0.281444288 -0.579111964 0.427494773 1.315161666 1.181293639 1.082898742 -0.109303650 1.495501344 -0.439636792 -1.802391438 1.084294412 -2.618743358 -0.295108212 -0.380715353 0.611003719 0.923541100 0.010699849 -0.565700421 -0.081841386 0.031674890
17.377703483 18.130805374 -13.496822296 0.362851887 -0.814671413 -0.383603593 0.239785905 -1.204039147 1.425247851 0.181513172 -1.598785161 0.283987449 0.369884849 2.201578346 -0.698314338 -1.715903642 0.339878796 -0.108415509 0.149958510 -2.433126985 -0.059145730 0.993205183 0.064680309 2.587481486 -2.572963005 -0.055718937 -1.369463477
20.033574423 8.514575562 -15.865848440 -0.330497724 0.856331197 0.099775745 0.384074129 -0.000241845 -2.123309320 -0.135184503 0.476005933 0.496588692 0.465315886 0.522320035 -0.137841438 1.514564054 0.268104945 2.282909148 -0.501563078 -1.648406187 1.705202668 -0.524001325 -0.422441357 1.310338334 0.918476606 -0.707217082 1.245906320
23.792500010 9.460675386 -14.525644179 0.211215639 -0.066930056 -0.114892549 0.968353254 -1.229804514 -0.133743774 -0.269548724 0.480031884 -0.911114860 0.764451601 -0.853237694 0.326811558 0.410033789 0.505709766 -0.012550329 0.492716624 -0.186758133 0.007258091 -1.105586605 1.503985348 -0.606650142 -0.877302956 -0.052666764 0.389793151
15.811809162 15.534776416 -12.171178180 0.224681331 0.213555242 0.766556897 -0.562408199 0.865931125 -0.202416098 0.906292436 1.255341720 -0.454703465 0.853519146 1.026688860 1.230486131 0.669388580 0.830364906 -0.841337721 1.659886916 -0.841963240 0.220980521 -0.828578843 -0.461001393 -0.354991692 -0.091348411 -0.927872459 -0.420171650
15.931984008 20.475562976 -11.234904454 0.706524094 0.277000282 -0.418231946 0.499175909 1.102196361 -1.476476302 0.967329733 -2.387965685 -0.618645639 0.364065475 0.701539202 -1.284149460 0.555659518 -0.481336935 0.384060035 -0.609753897 -0.821796260 -0.124359923 -0.538694364 0.726745635 0.828697125 -0.207565027 -0.673241406 0.212580644
12.089907146 23.503957528 -16.572955441 -0.135099687 0.800725603 0.108624980 -0.573399684 0.029666570 -0.606615358 1.113629232 0.937014692 1.564720651 -1.083278339 -0.332984428 1.469506098 1.368950378 1.577598476 0.779577796 -0.437732869 -1.075336479 -0.232756785 -0.746600128 0.012360798 -0.551716103 1.787261360 -1.112728423 -0.523231525
21.170620229 14.268396077 -17.160809767 0.733499086 -0.369319886 -0.436965525 0.366937383 0.468314565 -0.712848020 -1.122928232 0.852762434 -0.877967241 1.174510347 0.317797497 0.352877519 -1.901848939 -0.357020255 0.648091806 1.485700265 -0.481644264 -2.030140279 -0.381234150 0.333200424 0.399514778 1.388486237 -0.671061340 0.320357572
19.175647696 18.882422221 -17.288255362 -0.347174287 0.507067592 -0.788863771 -0.006813376 -0.772947756 0.926218298 0.055315582 1.423351568 0.475909522 0.213216631 -0.520311020 -1.020957171 1.843234493 0.819674884 0.024673564 -0.667721429 -0.249225062 -1.341730581 -0.204510237 0.796234331 -2.635656077 2.195245637 -0.407464999 0.608292257
20.617384787 13.784461818 -12.752667740 0.864318070 0.247226747 0.304898355 -0.314436325 -0.340608349 -3.052003951 -0.392121628 0.288872458 -0.784087587 0.582796057 0.091818026 0.459561979 -1.514155607 -0.367409157 -0.241201780 0.608682422 -0.708053509 -0.295834101 -1.080513274 1.205979147 -0.627648183 -0.245312740 -1.203927320 0.557957236
27.281969313 20.996128448 -18.817022878 -0.984108153 0.036001277 -0.146894034 0.093044040 0.424467974 0.672197698 -0.831101996 -0.225583685 0.750498365 -0.027088720 -0.034126649 1.549721695 -0.834143501 1.726343221 0.568809858 0.667671401 -2.358091221 -1.105003297 0.464193444 0.563845788 -1.235660784 -1.648015358 1.097444387 -0.292033802
15.202610165 23.962242409 -16.084102342 -0.071027697 -0.213664063 0.792675188 -0.566541067 1.328315579 0.304807316 -1.493400081 0.340811259 1.464111706 -1.326304553 -1.553120260 0.411442670 0.404930880 0.357199068 -2.295385229 0.214392703 0.012977350 -1.935630229 0.379253356 0.831969075 -0.248144978 0.900405364 0.017802132 1.346072567
13.900513621 15.174266226 -21.176649109 -0.188808719 0.133099799 -0.756650170 -0.611650416 -1.823857963 -0.921683564 -1.277510247 0.579820485 -2.230517304 -1.205831553 0.769194360 -1.516114960 -0.333880651 -0.415533206 0.135133753 0.763812111 0.391398393 -1.180714641 -0.245685821 -1.016606670 -1.994439191 0.588891909 0.634853021 1.170404453
13.260669278 21.121045280 -22.772336295 0.428420262 -0.788978639 -0.313382584 0.309451357 -1.372270266 -0.335301392 0.750835972 1.137645643 1.282484925 0.126197339 0.396174398 -0.337689760 0.811878757 1.478899353 -1.544726491 -0.169987295 -1.147672406 -0.404561003 0.252027405 0.015670775 -2.104422361 0.247220542 -1.052862900 -0.939294679
11.470709739 23.085321849 -18.948105651 -0.465901226 0.521843887 -0.713061803 0.046452881 -0.068040202 -0.571502506 -1.035063989 0.600461067 -0.283252762 -0.525241643 -1.650837157 -1.157464080 0.611676868 -0.904784203 -0.233287228 -1.873881077 0.686551998 0.609161605 1.676918029 1.330732459 0.732444553 0.586067526 -0.511983007 0.262109050
18.139414918 10.124882807 -16.200646024 -0.101375645 -0.500599479 -0.742208874 -0.433876857 -1.325988660 -0.236969097 0.724228586 0.482635688 -0.131868656 -1.403988423 -0.293981853 0.250122015 -0.168876724 0.371049641 -1.185961172 -0.067066566 1.345251136 -1.392725251 0.119180929 1.254482419 -0.363367543 -0.990016106 0.420975697 1.196432971
12.872269171 17.323462629 -23.599300499 0.419801759 0.689759762 -0.446754779 -0.385237746 1.383521020 0.974504281 -3.087553859 -1.927634338 -0.175373943 -0.850686173 0.418563195 1.588560409 -0.818402699 -0.963708480 0.614756605 -0.276907776 -2.220978686 0.709284069 0.816767718 -1.148242941 2.490427190 -1.171593269 -0.177523869 0.869325463
13.191016439 14.691872311 -17.263299586 -0.845355489 -0.155089795 -0.224620693 -0.459202349 1.468727890 -0.255699608 0.488462104 1.049077703 0.422970229 -0.637443311 1.927099900 1.533710653 0.770078373 -0.450940784 -0.890844218 0.360270715 0.142894979 0.576254282 -0.079525038 0.557001597 0.629698524 -0.178719534 0.084676264 2.787133158
16.235329351 11.937086731 -15.164348753 -0.027040009 -0.966278468 -0.157670440 0.201779069 -1.710869146 1.250681495 1.023526017 0.417342882 -0.398229781 0.465259815 -1.169612868 1.859634276 -0.679194617 1.341924321 2.225853459 1.901591869 1.598532957 -0.160020619 0.999838638 0.793660651 0.750576957 -0.003986609 0.114183836 0.486029195
20.579859151 18.507211862 -15.976741584 0.450117158 -0.712924157 -0.509145111 0.172930469 1.199076578 -1.563870115 -0.228558377 -0.032627988 -1.469188891 1.844921091 0.401713797 1.635219910 -0.425478080 -2.004481418 -1.729175534 -1.731457194 -1.930422596 0.600950419 -1.664927856 -1.487950290 -0.984123994 -0.801987328 -1.223415077 -0.991771616
27.286768025 19.452755113 -15.637230563 -0.611252644 -0.322194600 -0.097750352 0.716244172 1.086359777 1.626288573 0.001581003 -0.315161481 -0.973167198 1.549417798 0.522697444 -2.055006343 -0.719395952 -0.122171599 -0.234140180 -0.544871023 -0.295051947 -0.225789319 0.729413729 -0.547490776 -0.486780122 -0.696326877 -0.994172237 -1.105433199
19.018377595 18.556352749 -14.738704782 0.767982910 0.566310042 -0.280745774 -0.103329555 0.138730198 1.573376551 -1.037366333 -0.922934367 -2.266644014 -0.343987993 0.478685568 -1.806512445 0.028972399 -1.527665826 -0.523496134 -1.395279246 0.310502067 -1.534814867 -1.862462231 0.443194107 0.020052893 -0.284075864 -0.076040376 -0.389211204
12.449907972 11.778048689 -17.058783482 -0.495721687 -0.699777422 -0.143683838 0.493889181 1.738465473 0.566232244 1.241398778 -0.100658234 0.588867803 0.466436231 1.210075844 0.676646552 1.177305172 0.575802892 2.850511681 -0.026129950 0.858312833 0.106735910 0.735110522 -1.633009912 0.541408695 -0.193264587 -0.819575460 -0.610006604
15.568053678 17.565586987 -8.075936786 0.193032826 -0.021019920 -0.035063319 -0.980340275 -0.563448798 1.318247778 0.947615951 -0.948442490 -3.368178931 -0.199512074 1.432988014 0.236676802 0.747761139 -0.928359751 0.838586623 -2.274118455 0.071034724 -0.681539086 -0.587272956 -1.187529897 0.180105013 -0.528602517 0.751749616 0.108766858
22.662039806 12.284103944 -21.901962517 -0.803579904 0.424801877 0.160276639 -0.384855951 1.144227416 0.812574417 1.022394809 0.125841706 1.651438414 1.210064521 0.638866714 1.293074925 -0.982282191 -0.760637631 -1.074065895 1.169280717 -0.977162393 0.832231492 -0.587618490 -1.009520642 -0.448418957 0.811332315 -0.279954023 -0.532160484
27.707065498 14.488212239 -15.528932415 0.647914430 -0.593779654 0.315492770 0.357906308 1.687148956 -1.186848458 -0.541215412 -1.677803615 -0.022848358 0.111260940 0.075679200 -0.868013558 0.301286247 -0.355633114 -0.083577256 0.307949526 0.427012324 0.435407938 -0.793775292 0.105203109 -0.448670522 -0.927033237 0.396771825 -1.172210154
17.731939035 19.687430633 -8.371341682 0.417504607 0.087792868 -0.540369080 -0.725247250 -0.599004266 0.237178607 -0.126423583 1.105104840 0.590957576 2.410262474 -0.912828825 -0.540008042 -1.392938990 1.625870219 0.593713426 -0.529422473 -0.836629149 0.899700863 -0.175576722 -0.089953732 -0.268977835 0.672676576 0.837091531 0.114989326
14.302885599 14.512288184 -19.742072827 -0.450894485 -0.341998114 0.154126382 0.809923769 -0.259522201 -0.164309241 0.634021196 -2.114854734 -0.065828053 0.302715718 -0.359492227 0.829978460 -3.015289365 -0.805756970 -1.238027949 -0.882144146 0.748264957 1.203947969 -1.192042261 0.497243274 -2.194795783 0.075100183 0.000864928 0.563551128
17.126161332 26.764564843 -19.512684065 0.749686657 0.324581588 0.079565732 0.571214499 1.354482895 -0.541313224 -0.576919529 0.604964845 0.459648376 0.192862510 0.671437045 -0.571925194 0.690337426 1.088450950 0.210678867 -0.571809772 0.440787907 -1.554763954 -0.329759690 1.062339155 0.472455230 -1.762691336 1.242233260 -0.014285158
16.685824539 10.596041203 -16.452007396 -0.007595247 -0.902420009 -0.041431874 0.428793470 1.102636203 -0.524516087 -0.122434463 -0.526924252 -0.010596090 1.103422166 0.003899512 -0.069392250 -0.991346641 0.975960456 0.436679290 0.996330849 -2.463581547 -1.093432480 -0.479050122 -0.792228690 -1.023163739 -1.472781121 -0.524005742 -0.961376391
19.148395694 18.235248065 -21.754566263 0.434474979 -0.109839184 -0.783487352 -0.430481609 -0.719095755 -1.725330120 -0.061342730 -0.673507025 -0.804727491 -1.350036901 -0.293745127 -0.252255538 0.221230607 -0.693765662 -1.975875273 0.518902769 0.975703096 -0.924316325 -1.050460674 -1.269059977 0.678401316 -0.382650059 0.457319899 0.134588124
10.526776787 19.291781818 -15.375942396 0.471091893 0.314718169 0.199436005 0.799531226 -0.574834131 -0.273557303 -0.241034144 -0.780469803 -1.259596894 -1.858384717 1.166175137 -0.468970118 -1.291245148 -0.236356632 1.011675598 -0.736481031 -1.155499290 -0.305678666 -0.549431443 -0.728345777 -1.818155216 -0.241215196 2.378265894 -1.135317631
17.880599991 18.028856422 -22.318190580 0.682209173 0.189535949 -0.527106007 0.469921297 0.755921293 -1.828393044 2.117511863 -0.282388135 -0.180191206 0.787330700 0.280560658 -0.365086904 -0.861528216 -0.547698188 -0.318521626 0.280424992 -0.051307134 1.408062375 0.504055708 0.326084939 0.374361806 0.332451048 1.635402598 -0.010391621
26.069839686 19.088311186 -17.115619966 0.421324787 -0.748577704 -0.461437896 -0.221792499 1.612849523 -0.305707881 0.126505401 -0.441863402 0.411650570 -0.427081521 -0.493918696 1.793348924 -1.220451142 -0.567376705 0.135705083 -0.658974692 -0.355130430 -0.034982713 -1.611282086 0.893847651 -0.537738686 -0.372432315 -0.549949192 0.377094332
14.724163432 9.003506950 -19.319133913 0.232592191 -0.276556420 0.917747592 -0.164793131 -0.704449490 0.721821718 1.161291302 1.488071888 -1.270923607 -0.834926979 -1.043035135 -0.039549232 0.212066933 -0.095971557 -1.109954323 1.546096754 -0.041673964 1.277204231 -0.575171054 -2.241183604 -0.363387480 0.271664647 0.315711771 -0.793161440
11.093840917 19.517486998 -12.290896674 -0.712065316 -0.701418605 -0.002236698 -0.031143603 0.568660038 0.164701222 -1.091759587 -0.104397101 0.709182606 0.097016597 -2.427878083 -0.751950978 -0.126105262 -0.422564299 -0.003453296 -1.841531608 -1.174385104 0.942612246 -0.334685989 -0.002673599 0.605917528 -2.171143981 -0.226159235 1.844281249
24.888195899 21.842181933 -12.255670646 0.361140342 0.895328269 0.069870321 0.251163458 -2.060180808 -1.110148455 0.121396179 -0.429641870 1.322261029 -0.663069220 0.357565933 -2.080994854 -0.095457496 0.592813186 1.767970115 -2.093510543 0.368976673 0.991634446 0.449826967 1.393611577 0.254312236 -1.013642363 0.960178710 0.873236797
19.791914543 19.553846293 -13.558025670 -0.255657421 -0.806281982 0.489851743 0.211172720 1.243577453 -0.076824081 0.307127306 0.458021601 -0.400159608 -1.154823595 0.756783444 1.475942472 -0.338840182 0.012406006 0.343710830 0.160416100 -1.473027099 -0.129535251 0.741974044 1.208691307 1.123875608 -0.439695719 -1.839988072 0.027718187
25.976390592 23.154820710 -19.413408118 0.381009868 -0.466655742 0.284334022 0.745800284 -1.710799979 0.495720970 -1.451632843 -1.402816048 -0.245276665 0.434663375 -0.165821239 1.251711402 -0.805813397 -0.330569892 -0.524216909 0.562700356 0.184159098 0.112583271 0.961610770 -0.822862720 0.227353485 0.293474445 1.870212850 -0.354259202
14.448293638 23.524871333 -11.929600917 0.002582668 -0.483195993 0.345409751 0.804491806 -0.086200737 0.292380956 -0.507633790 -1.278307508 -0.842649850 0.308064051 -1.727731938 0.558615953 -0.203247920 0.146441789 -0.469474465 0.096424962 -1.893663070 0.962638768 -0.971996144 -0.289565761 0.340271869 -1.032879559 -0.787936429 0.640503629
11.778220972 23.095388272 -14.214197869 -0.427056352 0.307620854 -0.309192138 0.792081122 0.986048984 1.110335652 -0.630364519 -0.269649414 0.757352657 1.298083807 0.279667655 1.455336698 -0.547671239 0.255843860 0.102375397 0.912929500 -1.986715988 -1.598994343 -0.403045802 -0.709895210 -0.142055581 -0.921774878 -0.486358549 -0.899984529
10.671892516 17.911579130 -14.736804422 0.489918115 -0.810145081 0.285182553 0.149385743 0.504862154 0.676367276 -0.318175981 0.259301232 0.220747212 -1.043696442 -0.449190609 0.532346816 -0.834350674 0.642671718 -1.064282652 -0.382802767 -0.084336249 -0.539512346 -0.006146606 -0.697233022 0.182544536 -0.973975015 -0.437805275 -1.021906443
20.784792012 13.345855440 -24.216397994 0.882090520 -0.099173299 0.205484721 -0.412137114 -0.290723950 1.702530066 -0.413805964 -0.177218618 -0.504696558 -0.283493167 -1.411027559 1.135337066 -1.101829688 -0.705236481 -1.113509885 -0.579003981 -0.421608514 1.404797708 -1.423720953 0.691203723 0.181444345 -1.666185850 1.827431803 -0.203547143
19.820808928 10.682068426 -22.475276444 0.190541810 -0.493359380 0.578890687 0.620625421 -0.665689162 1.579952142 0.081498171 -0.591655458 0.892129604 -0.355472168 0.218068323 -0.772047501 1.611841280 -0.769758563 0.311003680 1.074965304 0.045780470 -0.974510476 -0.355044409 0.922181937 2.500078502 0.551148645 -1.019305552 0.299677297
15.132044288 13.367998212 -23.859250375 -0.574699204 0.018570782 0.604142356 -0.551713662 1.183084964 -0.154465537 -0.099528704 -0.852374178 -0.098630702 -0.423437806 -1.584345686 -0.950610232 -0.069349356 0.797678830 -0.732416569 -0.594229892 -0.835758341 -0.057247761 -0.709899871 0.501810519 0.072999694 2.275360038 -0.239144971 0.542005037
15.263428541 18.075819242 -14.652221203 0.039514239 0.604816632 0.783336025 -0.137913519 -1.094711174 1.799257587 2.306974223 1.268636444 0.272104130 0.940365562 0.847830259 0.453739270 1.902994008 -0.517541275 -0.315327039 -0.485643675 0.304350391 0.886543843 1.052998512 0.044205840 -0.424025733 -0.331037297 2.282941682 -1.625982177
14.001540522 19.602530020 -18.951297135 0.319717159 -0.702833259 -0.633449472 0.050478848 -0.245731676 0.693476801 -0.605330629 -0.532460878 0.070225217 -0.235827604 1.272354504 0.100204636 -0.788309259 1.058520104 0.688790627 -0.556765135 -0.385021995 -0.772896121 0.749568047 -0.262275156 -0.700760901 -0.900194756 0.339496033 -0.907900790
23.107554386 11.209333921 -20.932713771 0.672651488 0.643599741 0.132685941 -0.340167298 -3.342650468 -0.175647635 -0.424693655 -0.598968984 0.095171953 0.990910606 0.674495221 -1.439989558 -0.642831488 0.332763298 0.931452267 -0.804113477 0.640267156 -1.332597596 -1.425101422 0.020881455 1.495538637 0.859191993 1.100382257 -0.887062003
22.543209918 15.736320493 -14.165153861 -0.709489541 0.411163634 0.140026046 -0.554943028 0.346091521 0.444870417 -0.344289469 0.070911662 0.311288633 -0.767925794 0.679539161 -1.343453514 0.683273789 1.502990850 -0.684196327 1.557466859 0.623868700 0.030773575 -0.999600500 -0.350414442 0.613300812 -0.767486586 -0.796070351 0.666858165
25.593371883 21.921846069 -19.431503958 -0.611896948 -0.261941149 -0.265182677 -0.697600966 0.824792244 0.516800392 -1.559616269 -1.851397298 -0.910685614 -0.305762234 -0.594392712 -0.455414140 0.342501550 -0.745259577 -1.350107844 0.066047178 -0.415919891 0.955121141 -1.041193394 -0.674605770 1.009316092 -0.499278173 0.388659598 -0.250278133
15.874850574 15.232801634 -14.855489649 -0.244536351 0.143004252 -0.704742960 -0.650453009 -1.066181560 0.557029208 1.117007958 2.001410964 -1.388916045 -0.445866490 2.095737080 0.140539909 1.186225795 -1.192080975 0.813163289 -0.564531701 0.778916263 -0.670065497 0.042704126 0.404570404 -1.008355685 2.515196144 0.038876270 0.983173319
18.462692172 20.552890029 -20.395067642 -0.195577155 0.429444427 0.237601160 -0.849042254 0.791556502 -0.058705622 -1.510047272 1.383091346 1.328130266 1.813811551 -0.914918556 0.250951953 -0.406017481 0.854146290 -1.018181208 0.571513476 -0.567629608 -0.484873017 -0.062257857 1.751775359 -0.933103530 -0.446922750 -0.726100329 1.004375318
18.797104058 18.470381103 -10.889424167 0.590574955 -0.708039062 -0.018631201 0.386723141 0.238069972 -1.362660055 -0.563975133 -0.816921433 0.374117622 -1.207930891 1.459925907 0.381594185 0.313015687 0.183561340 -0.926553327 0.201090073 -0.173263744 -2.144771100 0.507695211 -0.622523697 -1.451657696 0.523571015 0.290840512 -0.554982601
16.825732391 12.068118037 -18.746840908 -0.889589349 -0.128555196 0.318308726 -0.301303678 0.313216962 -0.613320503 -1.895802242 0.037303755 2.077173490 1.648136944 1.378187996 -0.142561754 0.133077140 -1.864202973 -0.233724365 -0.675994713 1.012982811 0.593641254 -2.325453294 -0.571007111 -0.810694938 -0.262376891 0.958660802 0.122986567
18.143458821 15.217709851 -16.898736040 -0.016455940 -0.233272601 0.316766222 -0.919223725 1.806604307 0.629267678 1.238736385 -0.085665368 0.734153686 0.879960140 0.408651748 -0.173949041 -2.031747205 2.091238893 0.641982779 -1.043514152 -1.438532037 0.240238289 -1.692848476 -0.174609563 -0.259861260 -1.794710258 0.634179990 3.637882023
15.320124893 16.626360703 -18.018655978 0.312069995 0.165848375 0.869376372 -0.345385812 -1.368479055 1.116233787 0.795365836 -1.319481170 -1.314695914 -1.485470925 1.078375428 1.077905444 -0.556033848 1.070803556 -0.185217562 -1.262141236 -0.717956052 -0.468098311 0.324984055 -0.961687299 0.683571908 1.715559348 -1.014933594 0.921678505
21.702104696 18.556187117 -17.451565289 0.033015062 -0.025099479 0.830050810 0.556143574 0.345943965 0.382890997 -1.260734791 0.055628704 -0.667543152 1.609144661 1.073892677 0.599843061 -0.258682865 0.210481408 0.534057635 0.592778631 -0.780949564 -0.297110993 -0.548863318 0.243477979 -0.288560346 -0.068380309 2.045468535 -1.965040945
21.472347975 12.525177484 -22.573407485 -0.501980095 0.243734254 -0.000632520 -0.829824799 -0.368355869 -0.509409956 0.729190435 -1.174398747 0.057721289 -1.215897546 1.362787163 -0.111132586 -0.003499985 -0.097809527 -1.083460715 1.254668514 0.725114262 -1.263153808 1.293635018 -1.558094380 0.329941018 2.744889394 0.224746246 -0.437268920
16.852629758 11.969088383 -8.476739365 -0.534810803 0.076420309 -0.756295337 0.368991470 -1.835841673 1.326906791 0.262077371 -0.277480884 0.306787370 -0.534625749 0.267500786 1.195153022 0.559203411 -1.274676065 1.461909186 -0.214277888 -0.985698845 -0.756219812 -0.975557232 1.336106483 -0.566696827 0.015678668 0.531297922 -0.022073300
17.474700354 10.405647294 -11.785955981 0.514057662 -0.361709217 -0.400900656 0.666475676 0.601807122 0.201760478 0.068230970 -2.461618652 -1.260793220 -0.442837603 1.384423682 0.455260159 0.172991764 0.802732744 0.795129620 0.451203719 1.023842138 -0.087702790 -1.220861872 0.140764480 0.073938851 -1.540876350 -0.323875060 0.503423855
15.840474054 14.401528222 -18.638527792 -0.266880308 -0.155063145 -0.289886943 -0.905922669 -0.921386247 0.851533143 -0.347304027 -0.576167605 0.665467199 -1.689082897 0.192775106 0.776787896 0.540385815 -1.082047641 -1.975565768 0.104445427 -0.311187255 -1.366920936 -0.618380784 0.139673180 -0.378900371 -0.204789964 0.152259271 -1.775304336
22.367604017 19.353073122 -20.982312091 0.037611944 -0.449422271 -0.532622423 -0.716183160 -0.152174597 1.332447954 0.261770556 -0.851695755 0.822186594 -0.364330242 -0.162250937 0.396398124 0.130051737 -0.096778881 -1.311545732 -0.963248502 1.573100023 -1.666948087 0.635733246 -0.717777132 -0.346607058 1.005247207 -0.766298423 -0.041897462
21.611841223 16.714630546 -16.548204201 -0.565964505 -0.490244996 0.659065210 -0.070548376 0.120161558 -0.155963733 -0.465104888 1.433040951 -0.522156988 0.390909446 -0.641182335 0.863048378 -1.109037215 0.581755174 -0.926494535 0.009085096 -0.850507603 1.259613666 -1.289895523 -0.950957953 0.445572066 -0.781858496 0.244422517 1.413848305
22.540219130 25.653101262 -17.604387167 -0.731353887 -0.566967512 0.198935230 -0.322636184 1.034702327 -0.346697460 1.019524909 0.711817084 -0.613824055 -1.158024877 -0.187852079 0.040202279 0.359140935 -0.144434661 0.281626615 0.129499204 -1.205178522 0.796996481 -0.511216216 1.800428605 0.095480107 0.193853185 1.085567181 0.016457055
20.322197803 25.958249350 -11.305649887 0.758230040 0.035355907 0.623988608 0.185675479 -1.317588364 -0.155747454 -0.069763468 -1.571065672 1.004931178 0.010826749 -0.507057976 -3.047272139 -0.416009562 -0.030790641 -0.233954008 -0.782301839 0.299067784 -0.821181343 0.816890253 -0.229046231 0.587599085 1.789471652 -0.792066648 -0.597113458
18.399258415 10.159859906 -20.707790165 0.198416980 -0.630422274 -0.192949246 0.725237235 0.477960733 -0.275075238 -0.266123685 0.493768068 -0.430100283 -0.088610808 0.044486392 -2.071677227 0.000947968 -1.152518921 2.276287702 2.052165100 1.626740387 0.182120943 -1.207437486 -1.161878815 -0.205287164 0.227840706 -0.814650101 -0.615426374
18.188880647 11.915987330 -20.403457294 -0.540532016 -0.498629911 0.674620545 -0.063878573 0.597649888 0.471175220 -0.263829090 -0.116095797 -0.915222058 0.501780785 0.210594008 0.557491713 0.563659477 -1.743696572 0.036681039 -0.315638128 0.980517410 0.070556142 -0.877031660 -1.229576701 1.303393660 -1.998877287 -1.497700104 -1.375868015
13.447514566 24.561982946 -12.539962852 0.324740205 -0.274381859 0.033187656 0.904520301 1.092848872 0.111978316 0.236425602 0.057946685 0.371369804 -0.206755591 1.279504944 1.189163281 1.589974031 0.623251686 -0.089940081 -0.152658043 0.926610214 1.106462889 -0.895795842 -0.717892675 -1.191935977 -0.222405493 1.556362339 0.746346915
19.356923288 20.286541044 -10.808239841 -0.234833036 -0.058838743 -0.967432751 -0.073927799 1.210191109 -0.255784912 -0.466587117 0.322277568 -0.576909114 -0.374715094 0.652252840 0.220504245 -0.828539717 0.670137075 0.229601610 -0.272200687 0.714397830 -2.299120114 -1.523924848 -0.468864689 1.243849934 0.025227686 0.196260016 -0.096602970
22.297661288 20.224888824 -16.073711045 0.055467497 -0.357973985 0.426645023 -0.828705018 0.731388477 0.422019092 -0.454920318 1.608036869 -1.653946022 0.290132924 2.310263473 -0.529934398 0.321511453 -0.556137485 -0.504286169 -1.280084896 1.493372261 -0.325072365 -1.848780066 0.364078277 0.125710734 -0.105459542 -0.399599355 0.506569904
17.453374560 13.424694664 -16.085817572 -0.009125418 -0.758266398 -0.369870562 0.536790988 0.657313198 0.458727002 -1.066732007 -0.783425031 -1.122438516 1.095935751 -0.530227552 1.260835895 -0.845139803 0.297200034 0.657438067 -2.195520093 0.713559541 -0.409530805 -0.606310276 1.309464214 1.021422138 -0.669693690 1.128912933 -0.383093253
22.027604935 14.685971369 -20.726305547 -0.406092086 0.185696223 -0.870334344 -0.207663815 0.579523527 0.253541998 -1.135291378 -1.552045557 1.227956528 1.577437424 0.069831231 1.661359309 0.826721328 -1.343094206 -0.365097228 2.014148955 -0.261693180 1.353804342 -1.565351432 -0.408578431 -0.718856487 0.583611318 0.658493085 1.059786852
19.642996081 23.904200490 -15.659604896 0.029107063 0.580031532 0.515770501 0.629838861 0.476201503 -1.016064159 1.644998749 -0.202102062 0.050817570 -0.125563582 1.212638571 -0.685411791 0.068930434 0.919000053 0.528148225 0.377910471 0.103416296 -0.207681860 0.470128509 -0.893651826 2.728576675 -1.051617928 -0.246859376 -0.293267111
20.483963486 15.827389173 -17.963345624 -0.751125752 0.171294881 0.480270233 0.419295447 1.312678867 0.440109275 -0.220437578 1.650058520 0.954009638 1.777666761 -1.214665818 2.308474086 0.848094021 -1.652924419 -2.239792582 -0.597397373 1.095694857 0.062765865 1.476837812 0.905320604 1.440542772 0.429668067 -1.269603949 0.168007225
16.233425531 20.522078567 -19.521412680 -0.854856628 -0.502053087 -0.094152337 0.091094351 0.939368328 0.063444511 -0.190551941 -1.064979773 0.838365241 0.312492116 -0.196584533 0.630684733 -1.422910546 0.521336172 0.889821507 -1.223835316 1.516139445 0.328769128 -0.114474806 0.416311934 1.428297075 0.910083413 -0.572032775 -0.488149961
18.048581275 8.633707043 -17.551391011 -0.481906645 0.491425748 0.703113027 0.178602324 0.785601544 0.670243486 -0.404148974 -0.617810258 0.442015836 1.224892261 0.397672444 0.692409487 0.623803654 -0.822236400 1.835730644 -0.179684776 -0.840828218 0.115269164 -0.006085422 -1.231093327 -1.284121362 -0.887334786 0.779722212 -1.718827204
20.664742060 22.657208256 -18.425172293 -0.662116093 0.216774923 -0.305560374 -0.649032950 -0.659989530 -0.517239739 0.543020786 -0.353614439 1.186393617 0.858502870 0.339109418 0.324941707 0.127432072 0.066710569 0.490562933 -0.274975489 -0.773847791 0.137478336 -0.572223354 0.326268623 0.506445239 0.264951819 -0.235056088 0.600275637
18.507907958 22.080048240 -15.656741075 0.158515364 -0.378592840 -0.684028886 -0.603029705 -0.928284065 1.997256218 -0.364151523 -0.960794544 0.988099441 -0.560398428 0.576220828 1.152648441 0.312494123 0.388535761 -1.976092193 0.459963383 0.225248145 -0.343469228 -0.786513417 0.662506128 0.283064490 0.209219603 -1.227958500 -0.538978263
21.166774037 18.635296423 -12.596501755 -0.540715725 0.480619324 -0.013832296 -0.690246505 -0.053478396 -0.579281956 1.187163553 1.236665882 0.503699640 -0.061614825 -0.044745186 0.856192088 0.039002656 0.364591699 1.619593661 0.625029448 -1.242891090 0.787803764 0.019785633 0.080122423 -0.636984408 -0.183369677 -0.505156253 -0.704003997
12.024798209 14.396345002 -18.460519471 0.567148118 0.548519516 -0.544752486 0.284102238 1.781628213 -0.299956655 0.467712508 -0.853736872 -0.502229225 -0.502553879 1.024710200 -0.239717742 1.294086921 -0.654492622 -0.330502737 0.066097092 0.781460105 0.054513392 -0.375124563 -0.347870459 -0.759257611 1.897019884 1.089867082 -0.049034402
24.552820528 21.211684005 -11.276044024 0.094183483 -0.104472011 -0.986898578 0.079033335 0.213292249 -1.880840049 0.194117370 -1.423537553 -2.275968927 -0.958997867 1.631212842 0.775640605 -0.812535169 -0.913145375 0.217046632 -0.740520600 0.504123709 -0.140453461 1.330409312 0.214251693 0.405113218 0.839362096 1.146212804 0.066685077
24.595342548 15.113257455 -16.553545901 -0.083185634 -0.461895710 0.639391507 0.609024634 -0.911830237 1.439385282 -1.824149141 -2.760554039 0.308628106 -1.917767884 -0.103669403 -1.327503085 2.206374579 0.755789580 1.152989727 0.092741575 -0.020769027 -0.863712909 0.071539137 -1.488208122 0.254180516 1.409280704 0.241525112 1.646427767
15.171905289 23.936284059 -9.399028409 0.740295244 0.113328871 0.363305306 -0.554192000 1.024167881 -2.237147921 -0.103856853 -0.917428848 0.838181233 -0.585266206 0.083188457 -0.673287359 -1.142279005 0.061922282 -0.908663460 -0.639274701 0.096072733 -0.380580378 1.301717686 -0.422762271 -0.046017260 1.987791253 0.403865173 0.193379547
22.751756497 20.529619632 -22.895168819 0.368349391 -0.042063153 -0.510979814 0.775531461 -0.041599246 1.826247363 0.023240908 -0.071426019 -0.893196224 -0.190972650 0.021890028 0.715533893 -0.515092984 -0.215482829 -0.420230073 0.721329538 -0.099688483 -1.340233711 0.586632234 -1.592360475 -0.946583053 -0.796698257 1.427501264 -0.779460934
21.576681939 16.639340212 -21.984726339 -0.427756015 0.534785564 -0.179417977 -0.706284915 -1.563749594 1.782616453 0.419158562 -0.683005209 -0.905603021 -0.507696798 0.866573831 -0.154713939 -0.209307781 -0.117892500 -1.626845735 -0.518374210 1.029068505 -0.580422599 -0.321808206 0.755540972 0.448856506 0.886745802 1.418873376 0.755422042
15.111298888 23.822018434 -10.970437567 -0.832369051 0.526926869 -0.083162982 -0.150312196 -0.415738256 0.469676080 0.182704805 -0.035694925 -1.842827767 1.093565567 -0.197345390 1.116112639 -1.782921025 -0.036694497 -1.968786711 -0.775136480 1.815620703 0.424640523 0.146978066 0.382249494 -0.180026739 0.422437486 -0.488742690 1.233578097
15.454445444 20.115942740 -9.165968059 0.470053110 0.148868441 0.845476042 0.205081749 -0.747243483 -0.923661834 0.984796357 -0.125180431 0.086405184 0.726588101 -0.749540724 1.709900932 1.568123788 -0.275795397 0.210982459 -1.789255631 -2.187664875 0.288270442 -0.691556151 0.701797255 -1.711213838 -0.379922939 -0.184543732 1.257137562
16.048136020 8.848180522 -16.085409542 0.411976151 0.046814024 0.150509976 -0.897457991 2.113665857 0.588206965 1.181719066 2.194641566 0.363157764 -1.744814080 2.310190630 -0.305008049 0.318300653 0.082952428 -1.682069243 0.416928202 -1.233127004 -0.623653577 -0.262854949 -0.685673909 -1.266701920 -0.416093725 1.804431050 1.823168805
22.420193349 16.064552626 -7.608082353 0.384059405 -0.836758631 -0.008601648 0.390204277 0.056589017 -0.424138692 0.254298512 -0.438756409 0.340895703 -0.669852507 0.365631198 -0.150475545 0.253490470 -0.186492257 -1.424984948 -1.573627423 1.423314751 -0.666961166 -0.464039895 1.413784404 0.837680550 -0.468369121 -1.008283911 -0.865495333
