37.736054205 -8.320274373 7.699610138 -0.117790315 -0.406240737 -0.668792539 0.611400396 -0.831407391 -1.213765252 -0.836680892 0.325344643 1.451886770 -1.051986513 0.554051644 0.397735180 -0.679665642 0.826692196 1.781822010 0.265127956 -0.552974918 -0.407772933 2.498376869 -1.707742135 0.477708553 0.284011212 -0.961631413 -0.705256591
25.651822542 -2.107194392 -0.835836825 0.647603370 0.374098784 -0.520594992 0.411874773 1.375506590 0.040852012 -0.137104389 0.123377921 -1.436385445 -1.598953534 -1.375706357 -1.059448597 -1.101512081 1.489710308 -0.922562521 1.487240127 1.515577286 1.079504528 0.696249461 1.056155729 0.794159388 0.986931564 -0.731128520 -1.043275578
37.963259523 -13.518017523 -2.402333725 -0.000278756 -0.990151720 0.130860750 -0.049748940 1.079102953 -0.361317518 0.310672631 0.553939354 1.589888457 -0.057450770 1.234188451 0.139142896 0.904340115 0.688420115 -0.239443064 -0.190116927 -0.731990437 0.271139152 0.760700252 0.124456003 0.416400482 1.020385695 0.305510821 0.072748336
29.591977425 -9.423623446 2.663359987 0.257596745 -0.270384999 0.818038896 -0.437433691 0.110542816 0.914320056 0.146457808 -0.731479963 -0.838151138 0.576321763 -0.280150340 0.728689148 -1.613433063 0.817249166 0.889481226 -1.115770213 -0.287702978 -0.090878072 -0.387756931 -1.272745867 -1.686109127 -0.500840062 -0.475068408 0.575531969
35.823666095 -0.158699892 -0.280174454 0.566902981 0.248121970 0.057006806 -0.783458182 -0.619587678 0.260468975 -0.423650326 -0.321547800 -0.359236169 0.427501216 -0.499106037 0.685743268 -0.241598486 -0.239019592 1.835260828 1.237117056 -0.361836749 0.931255138 -1.401108140 -0.608655265 -0.835571762 -0.797217580 -2.322462130 -0.633417750
35.004829540 -13.666636650 1.435347430 0.739429683 0.141482319 0.655929296 -0.054619189 -1.263609676 0.000423900 0.307685449 -0.066370999 -0.708601557 1.321744345 0.521214228 -1.067216303 -2.145280931 0.863565659 0.157135450 0.277759362 -0.201574737 -0.056095319 -1.277728873 -0.777557580 -0.201963377 0.727468807 0.904285008 -0.204919708
24.057440555 -14.323260441 -1.007529083 0.163030467 0.856769714 0.457386917 -0.173677666 1.016716685 -0.323456722 -0.393013065 0.275483260 0.143492855 -0.393890757 -0.297159890 -1.204259846 0.061681995 0.606161380 -1.086502300 -0.287688762 1.178712484 0.804068465 2.228670664 0.931233502 0.402895192 0.213931147 -0.673505797 0.244108071
37.943884963 -0.655721575 1.143814101 -0.271431348 -0.695455710 -0.656298510 0.109264106 0.258909112 1.217092801 1.049784034 0.966194694 -0.406784497 1.393599447 0.196329264 0.099349524 0.310893898 -0.006974731 1.201270918 -2.142768119 1.053653146 0.440099437 0.368888342 0.962014807 0.026152719 0.022934860 -0.022154962 0.165466665
32.990374942 -5.627872116 3.206092375 -0.012497801 -0.506941129 0.272362327 -0.817724440 -0.689936433 -1.084290990 -0.073432785 0.525746135 -0.981972191 -0.868737328 -1.026449845 0.395259053 1.857560985 -1.456904450 0.813607292 0.257654026 -2.110061196 -0.878044539 0.904929277 0.274661554 -1.465245943 0.528368638 0.857867039 -2.288719892
35.743397899 -10.392776858 -7.531352421 -0.389953545 -0.664810760 0.413620108 -0.484645533 -0.857992120 -0.685222848 1.590794288 0.811365202 -0.462507227 1.057898790 0.653210855 -1.810945536 0.427516695 0.526734333 -1.375318456 -0.892148460 0.160346648 -1.018878710 -0.866544190 -1.201256699 1.040387635 -0.658964179 1.676757130 -0.135088233
40.082092035 -9.100024191 0.014849958 -0.131572075 -0.528881215 0.640947905 0.540517561 -0.289679989 -0.402513955 -0.411967308 -1.164042364 1.346954038 0.651797569 2.231112175 -0.846019328 0.745878264 -0.823394136 0.509034232 -1.781593724 -2.241662272 0.148976050 -0.795312331 -0.876760007 -0.270937431 -0.567202758 0.602861442 -1.755865112
28.040911531 -15.450691648 2.497541738 -0.299309097 0.015334351 0.599721956 0.741965295 -1.429978715 -0.386649160 0.810415456 1.716253587 0.134293127 -0.959351582 0.278760849 -0.930287749 -0.011707337 1.466173188 -1.174114317 1.272235381 0.413329259 1.474885053 -0.676049042 -0.788970562 -0.621443156 -2.661459899 -2.399591201 0.946386613
31.049207427 -12.585950603 0.962250301 0.033981637 0.991760099 0.026461568 0.120652145 0.200452177 -0.930170888 1.143009586 1.218639204 -3.049058527 0.552068836 -0.063992529 0.831471915 0.357609405 1.587967528 -1.868155773 1.669798168 -0.285314571 -1.409642162 1.707856550 -0.499382891 -0.944133636 -1.977972723 -0.904565827 0.356624536
29.281408286 0.433289215 1.971692651 -0.595445358 -0.453596909 -0.398029791 -0.530346072 -0.213831427 -0.527731620 -1.132062356 0.933712121 1.809432069 0.352340247 -0.188249030 0.488818688 0.709563512 -1.843084589 1.084444409 -0.277504739 0.124066581 0.954391367 0.465661734 0.669869459 -0.096477821 -1.482450578 0.168904413 0.314680555
33.732169745 -8.170038097 -9.746576403 -0.646988025 0.665008191 -0.026261230 -0.372130285 -0.226584885 -0.781395763 -1.768394963 -0.242510716 -1.304649769 -0.144239981 0.660230623 -0.709405718 0.867061312 -0.144972724 0.132233822 -1.228625397 0.110148983 1.096427892 -0.100613984 1.762230681 1.423193869 1.356379153 0.004442365 1.486530626
30.597307351 -15.464153773 -2.315324640 -0.302160358 0.142028928 0.800880760 0.497108550 0.197970087 1.202048339 -1.757064179 -1.013194741 0.879513839 0.503087233 -1.143480782 1.002955495 -0.738896424 0.111741505 -1.246380666 -0.940924331 1.918779666 -0.306173241 -0.001723141 -1.384239211 1.210978587 1.430003393 -0.047215328 0.314632838
27.788170258 -4.881241589 3.900644237 0.303767673 0.654927351 -0.641068262 -0.260435883 1.811099653 0.944588692 0.089427543 1.410014494 -1.950847416 -0.729229634 -0.800679141 -0.612100837 -0.595343851 -0.144548060 -1.865620981 -0.481229306 -1.128625465 -1.894830046 0.739107101 0.594887731 1.430270427 -0.935599809 1.499002516 -0.620595409
36.904581661 -8.943902981 3.474483089 -0.395269209 0.139356992 -0.902029024 0.103370796 0.181051093 0.736889590 0.116116268 -0.376397629 -0.421220489 0.132183313 -0.771846539 1.330914027 -0.012251503 -1.794014736 -1.339281613 1.273276140 0.349865140 1.596125117 1.256469314 -0.262837022 -0.751003329 -0.438540736 0.179685982 2.654407141
38.889568933 -8.205285485 1.568222266 -0.692005969 0.346534517 0.342829164 0.532456319 0.356951413 0.790414153 -0.377190762 -1.248814087 0.278846138 -1.810418072 -0.442984497 1.733358343 0.869576924 -0.521169722 -0.001779060 -0.102584685 1.297495931 -0.063348070 0.478243183 -1.055214193 0.355715527 -0.185168250 -0.050791370 -1.511526558
27.402386679 -7.336230856 -5.237028155 0.006290369 0.289481095 -0.812975546 -0.505204799 0.832546863 0.353218911 0.837407540 1.293559683 0.127566037 -1.575745332 -0.916396913 -0.611268678 0.445593832 0.948553415 0.199632995 -0.550913741 0.148370650 -0.322486337 0.619449729 -0.340210476 0.516587519 1.368750607 0.112474921 0.525273834
29.684102478 -9.762827278 0.441571972 0.002227198 -0.201848140 0.130755256 0.970646914 -0.594864156 1.506747951 0.832174014 1.045748890 0.459915608 -0.295969732 0.228228807 -0.825509159 0.577952892 0.682025917 -1.232363428 -0.551848556 0.460679927 1.108613631 0.219101983 -0.037624045 -0.056078465 -2.033492566 -1.487387134 0.199197683
37.432628198 -9.927853475 -1.998591688 0.162076696 -0.741844759 0.144423187 -0.634459961 -0.483647753 -1.991860720 -0.089167662 0.447162032 -1.948262710 0.991365807 -1.309849487 -0.234102131 1.123856650 -1.928784740 -0.000469246 0.311188652 0.529475350 -0.316175396 1.318860955 -1.941343240 -0.147764325 1.010565856 0.807316468 0.796209210
28.299733260 -9.898384843 1.781038474 0.172823851 0.006246030 0.864229425 0.472440900 -0.414867847 -0.146006050 0.916637259 1.433794673 -0.434913010 0.768931510 0.410664702 0.330705229 0.980352766 -1.326840790 1.431865571 -0.366981085 -1.047817642 0.127080966 -0.396236766 0.754227391 0.244681462 -1.583352455 1.054944028 -0.107611572
34.817311101 -6.306337236 0.582815619 -0.992336121 -0.027566620 0.115370612 0.034622632 -0.255396345 0.185860487 1.068750674 0.395553141 1.042739049 0.284027089 -1.107154313 -1.914319289 1.219419594 -0.684403075 -0.522022715 0.556739197 0.282212639 -1.511699289 0.288350190 -0.015484198 -0.382127113 0.241150728 0.000707894 -0.250691364
36.894264528 -3.389690772 1.506474864 0.748505071 -0.511929213 -0.041694477 -0.419440353 -0.290474123 -1.380617706 -0.068340917 1.228524094 0.256574605 -1.878183043 -0.406299767 -0.797345764 -0.204687756 1.365793038 0.618821427 -0.182240062 -0.710577843 1.406785995 -0.189756809 0.239818866 2.050038514 1.149595933 0.674323717 -0.329223009
38.783168622 -8.874722693 -6.344559988 0.228563463 0.033710177 0.199324396 -0.952308854 0.390483065 0.546337900 -1.146328750 -0.110021404 0.732315245 1.393395481 -1.476453626 0.492979505 -1.039128264 0.397561492 -0.140973100 0.672184580 -0.409084939 1.527998153 0.015735170 -0.321617249 0.589848741 -1.324983548 -0.282164995 1.144861571
32.432799654 -10.703098387 5.148559228 0.349292965 0.320614478 -0.164515838 0.864948160 1.553520997 -0.037979616 0.310379843 -0.148248334 -0.798801377 0.099661892 1.787745880 -0.021764563 -1.728492256 0.030716296 0.759212064 -0.159791409 -1.105408081 1.445938084 -0.154606609 1.453800489 -0.972929924 -0.041110028 -1.215213368 0.155237233
29.368025686 -12.443194718 -3.910651926 0.078987788 0.982653157 -0.114525050 -0.122628360 1.619387331 -0.157776210 1.057703426 -0.483307502 -0.372814498 0.603869602 1.266136838 -0.078168873 -0.134021405 -0.635445770 0.092911925 0.962539755 -0.296792016 0.080036623 0.706477127 -0.265037084 -0.538911083 0.396059337 0.320894590 -0.957466058
28.305134270 -7.104720156 -0.452286438 -0.060290011 0.729470009 -0.672976640 -0.106494420 1.853275140 0.362438910 1.405332588 -1.189056815 -2.312597316 -0.012653731 -0.801153644 0.322676980 0.200972504 -1.100033538 0.454576092 0.988802333 0.656031510 0.421939461 2.405034084 -0.992204428 -1.385963602 -0.744619973 -1.002327928 -2.126105449
29.554924869 -5.722908590 -2.408731888 -0.772764735 -0.254318794 -0.162252258 0.558418141 0.260517196 0.719965605 0.336802624 -0.407927368 0.652445967 -0.437626509 0.956496277 1.536119665 1.236046944 0.228799040 0.632143477 2.050084776 -2.252139604 0.116918614 0.145714893 -1.281696266 0.217236054 -0.879188591 1.107119556 -0.423418461
27.106222145 -12.923801304 5.611606864 0.486118150 0.390471594 -0.429583873 -0.653206533 0.561889685 -0.025503919 -1.320202489 -1.172631290 0.173927685 -1.621097051 -0.913736970 -0.439923269 1.299665694 0.858562651 -1.705217396 0.231198461 -0.139080269 -0.765180520 0.459030168 0.656892370 -1.579163573 -0.767105927 0.696145146 0.157306865
31.371131484 -4.956850005 3.396676159 -0.379281209 0.369296748 -0.578755430 -0.620328807 0.233449716 -0.039323928 -0.002828436 -0.216613211 -0.499355313 -0.358025902 0.060466257 -0.286616737 0.865873646 0.248049043 -1.138703788 -1.387836766 -1.336896024 -0.033878153 0.056156725 -0.835550042 0.331687428 1.610084731 0.580995763 0.887274291
30.930694314 1.080463799 -1.237372229 -0.387884069 -0.429388309 -0.148948982 0.801863972 0.000407923 -0.446487175 -2.315317414 1.105221201 -0.437583090 -1.266167628 -0.624667649 0.892268177 0.563491085 0.725814290 -0.710255421 -2.071179719 1.108356979 0.395244540 -1.806833241 -0.506992547 0.428317433 -0.096721194 -0.546304245 -1.539372998
31.667493343 -16.420348921 -3.697786436 -0.525075431 0.389197496 0.166692526 0.738264656 3.336878666 1.591898774 -1.380980250 0.021704752 -1.880994007 0.362050848 0.697546399 -0.809307056 1.238799774 -0.196153391 -0.096374041 -0.105091162 -1.416439137 1.401533005 1.011766239 -0.469645561 -0.866189676 0.724595698 0.525910733 -0.680868793
31.722122665 -7.771040164 4.007486516 0.103348848 -0.317511639 0.849318328 -0.408856641 1.392039958 1.390844500 1.335987849 -1.391167379 -0.011597999 -0.627778904 -2.115594648 0.442717306 0.149711415 0.497650539 -1.293951850 0.701142670 1.511801989 1.274184933 1.407134186 0.960243511 1.417351422 0.501144260 -0.672453912 0.398973728
25.982686289 -4.223536266 -6.088980514 0.326939748 0.601248693 -0.401618458 -0.608533503 0.050354544 -1.342387188 -0.549951604 0.619424233 -0.337040878 0.108484079 -0.518194157 -0.879326604 -0.740936704 -0.209446469 1.143590976 0.836701128 0.408472551 0.576928042 0.521675936 -1.032862081 0.000925514 -0.230214444 0.853621629 0.489893742
29.253684610 0.295214888 1.368706685 -0.349021177 0.194509132 0.439102299 -0.804698444 0.384099851 -0.464874851 -0.550520694 0.159040666 2.024002824 0.988334437 -1.262802450 0.147704355 0.856799345 -0.032776596 0.866425430 0.268936515 0.630781894 1.277383061 -1.267135008 1.025678397 0.184690873 1.757577825 -0.166929289 0.288390652
40.611018591 -5.257184630 2.063799228 -0.645476225 -0.366953598 0.442661218 -0.502748989 0.201628006 0.004680668 1.452949950 0.031615359 -0.834073092 1.203314997 0.281216996 -1.240205850 -0.344700012 -0.583235097 -0.094016105 -0.691117708 -2.334606310 0.080735503 -1.199925063 0.158464070 0.176866197 0.310472722 -0.548556231 -0.648568906
29.513855112 -16.669565193 2.039437447 0.783760980 -0.256475337 0.558337717 0.090543480 0.716216551 0.884980948 -0.816989227 0.145771026 -0.131904586 0.939373062 -1.393307023 -1.312965941 -0.409835296 1.812736602 0.486343199 -1.306294726 0.364539451 0.411454469 0.765196581 0.749031398 0.115472459 -1.197239207 1.302048963 -0.988783683
24.710050342 -6.537486992 -1.157657235 -0.456162902 0.589826811 -0.665150477 0.039932225 0.863508107 0.121411816 0.734284891 -1.365694368 -1.251795777 -0.488289500 0.273320477 0.854452865 0.644577842 -0.843654662 -0.639576348 -0.184860287 -1.054392702 0.907009610 -1.715395218 0.544821477 -0.367311304 -0.364094179 -0.205236815 0.735941237
30.802085239 -16.932849764 -3.309612303 -0.221877193 -0.500559204 0.065677252 0.834204707 2.561544632 -1.925367900 1.140638047 -1.068947846 -1.411406803 -2.548030084 -0.100110171 -0.335554414 0.459342450 -0.411834974 -0.549085978 -0.842762476 -0.328999207 -0.690295359 0.319280097 -0.529123210 -0.384277255 -1.316116250 -1.069771250 0.485187326
34.185494562 -12.649236980 -5.291930704 0.569049228 -0.621332918 -0.360743441 0.399990687 -1.339722343 -0.188222157 0.377281436 -0.314174581 0.008615901 -0.196601358 -0.716585759 -0.016915537 0.163848664 0.779730544 0.559300913 -0.478587108 -1.105109414 -1.521069827 0.798719808 -0.204616050 0.494075401 0.560910123 -0.633070870 -0.169595306
37.359561139 -7.901287764 -1.946401392 -0.913639059 -0.051372519 -0.403084938 0.012127093 0.898622801 -0.130721598 -0.484635878 0.518125391 -0.460993766 -0.451981600 -0.695721813 -0.177212221 1.796452649 -0.030001088 0.397911857 1.323538502 0.397577854 -0.921442697 0.892082096 -1.591642566 -0.001910055 1.319355615 1.345551583 0.259188099
34.187743995 -17.974970170 -1.905885309 0.340779786 -0.195643641 -0.065120885 -0.917252404 -0.738854930 -0.228214955 0.134231518 0.741242856 -0.450756585 0.697702187 1.649062000 -0.805706965 -0.300882829 -1.261890295 -0.360143587 -0.267543093 -0.682419012 -0.835947342 0.478441677 -1.795087338 -0.709652225 -0.725256265 1.021036011 -1.764822462
33.443018352 -4.879650273 -5.295681804 0.188821830 -0.788397625 -0.576970661 -0.099399987 -1.146783118 1.533147419 2.258777710 -1.441165531 -0.079261479 -1.167777983 -2.141123950 0.266583282 -0.715916133 2.070586936 -0.035577331 -0.771863527 -0.767251773 -1.079194506 -0.340830747 -0.778998942 -1.024795372 -1.359441639 1.204876482 -0.231898313
30.943088145 -5.136635087 6.572633819 -0.692791839 0.299714461 -0.626670257 0.193636511 0.500285487 0.535008679 -0.706374257 0.646180976 -0.218424202 1.057474720 0.511804122 0.304721682 -0.242723166 0.444687869 0.857214652 -0.600531643 0.406045902 -1.074043731 1.580908670 0.097219977 -1.472703040 0.206731969 1.256086118 -0.071374436
27.613437662 -12.956517642 -0.031012399 0.218841557 0.928512909 0.243353877 -0.175359747 -2.005009180 -0.677159715 1.538256890 1.145374016 -1.327294083 0.657893195 -1.307524051 -1.065118664 0.849977667 1.698599867 -0.395441291 1.106991105 -0.679774203 1.563522607 0.550769713 -0.192413323 -0.455929557 -0.644328316 0.740616162 0.564014826
23.678761825 -11.346335606 -0.597885293 -0.482426978 -0.039196996 0.512754880 -0.709091136 0.070962165 2.379996121 -0.961086514 -0.592016283 -1.682132967 -0.063332884 -1.646609389 0.867098293 0.191355742 -0.112808434 -0.650773658 -0.629606180 -0.067050840 1.106072070 0.670130819 -1.173708875 0.200270553 -0.435532617 1.100622419 -0.966860590
32.940147902 -8.116451282 3.421440745 0.043605683 -0.846016525 -0.319886740 -0.424295954 2.628275540 0.850323670 -0.514127040 0.034741528 -0.381931145 -0.498900156 0.470840242 0.436990962 0.385809683 -1.271440103 0.058134910 1.155942981 -1.743791775 -3.119711559 0.194467640 2.484782856 0.815436569 1.416092619 -0.300516147 -0.126049357
36.669868014 -16.785934830 0.704649653 0.488131943 0.180998438 0.713315883 0.469198490 1.321861355 0.657846917 -1.460956238 0.951289700 0.385428696 -1.326729362 1.295968613 -0.082429649 1.068681498 -0.204188799 1.056729484 -1.185212185 0.394585825 -0.384718550 -1.196805663 3.099842869 -0.857603435 -1.751805116 -0.341267261 1.697053273
25.721272479 -9.454123190 3.561939623 -0.190128520 0.011764963 -0.834160598 0.517579779 -0.845458781 -2.006881590 -0.542575886 1.834643557 0.435834314 -1.304874524 -0.422338283 0.975823562 -1.002735509 -0.666146327 0.052620117 -0.976934001 -0.897586711 1.788814657 -1.584177139 -0.179440394 0.283945508 -1.095306025 0.818278422 0.857669630
25.676020486 -12.410105713 -5.159101655 0.302208110 -0.423507764 -0.824105459 -0.223967912 -1.267713665 2.630900767 0.812088523 0.414939251 -1.462763931 0.281218780 -1.036075075 -1.813007851 0.621535814 1.227457910 1.161286756 -1.474392687 -0.383393801 -0.951179073 -0.794864532 1.031642900 0.125022186 0.319628985 -1.137260904 -1.351011229
34.743956664 -9.020074181 2.168367301 -0.327971095 -0.181736469 -0.314404405 0.872099012 -2.004889917 1.338943381 -2.072978684 0.278614213 -2.349962851 -0.335775580 1.149964162 -0.474728399 1.297139964 -0.064333685 0.179741975 0.245121147 -1.633615240 -1.980776110 0.380592765 -0.234378316 0.525209303 1.505915553 -0.882797111 -0.617704156
23.201487920 -10.901612857 0.317065275 0.694999850 0.585350775 0.415728514 -0.038852055 0.210543465 0.678693431 -1.618885947 -0.170695567 0.454390077 -0.517386710 0.485747504 1.542767912 -0.266240368 0.646852788 0.813671109 0.316988693 -0.228652473 -0.621901866 0.387511070 0.541491931 0.227804109 0.796060789 -1.609730724 -0.432794955
29.981909102 -2.456720893 1.555315719 -0.257027611 0.693040170 0.144200407 0.657904532 -0.240251884 1.461083767 0.658536986 -1.506968114 -1.316464773 0.029505017 0.151790110 -0.083965145 -0.178042082 0.030667807 1.575320447 0.288088137 -0.425462424 0.914213129 0.310294934 1.315227357 -1.157844875 -1.546363153 0.136945367 1.621883664
27.370195197 -8.302352544 7.041441800 0.758185234 -0.235096956 0.270592875 0.544668770 0.289138185 -0.475763825 -0.182559911 -1.651719742 0.380815312 0.961722036 -1.200504093 -1.188637663 1.893319606 1.819177483 1.361363370 -1.523558225 1.490777308 -0.550166332 0.066998659 0.948292895 1.690658786 -1.382435127 0.616343201 -1.754205321
37.188124992 -0.551280830 -0.592984673 -0.269309858 0.544723821 0.397523869 -0.687548495 -0.231053796 0.605771611 0.732794613 -0.680183821 0.329210717 1.396494427 -0.594472896 -1.634513778 -0.191452467 0.585102758 -0.974731116 -0.559645297 0.921318983 -0.681095704 -0.116598453 0.080120574 -0.050789555 0.690470856 -1.134419082 -1.530468410
35.219627091 -17.442671701 2.433685462 0.583735652 -0.185204478 0.787589866 -0.068221643 -0.376231299 0.762294564 0.066636313 0.840954408 -0.347469089 -2.307391088 -0.515801083 -1.423109340 -0.862599254 -0.016681003 0.605348487 0.669850804 -0.586769478 -0.489288636 0.104790976 -1.598876917 -0.343296131 -1.050134422 -1.215155909 -0.047403291
22.913278877 -7.457857476 -1.529347555 -0.755882364 -0.286678104 -0.209102687 -0.550212307 0.050416067 0.103702145 1.458951529 -0.787047823 -1.689309279 -0.406083762 0.225020379 0.858794834 0.394914811 0.176130812 0.619414072 -2.020930699 -0.205078210 -1.886012024 0.075307234 -0.049002803 1.759539612 0.354413291 1.270130059 -0.066551462
29.258607232 -17.301677248 2.984960490 0.507445415 0.811520870 0.200043149 0.209560893 0.415028498 -2.125205156 0.241700052 -0.459098855 1.939890570 0.325707914 0.768249959 1.453169708 -0.987142419 0.759950069 0.632277482 0.488518707 2.605673514 -0.787451179 0.786299944 1.185790982 0.510846586 -1.531892497 -0.730539560 0.287982332
29.717284803 0.876590055 -1.320821248 -0.742782550 0.432214007 -0.447568375 0.247280581 0.105289193 -0.455710663 -1.073800046 0.178834703 -0.320098875 -0.667733366 0.009149942 1.024685986 -1.387829372 1.305492138 -1.019969561 0.066196476 1.288083115 -0.413389157 -0.350595625 0.706856539 -1.750565112 -0.665305256 1.471241421 0.516036980
29.621123898 -11.719091149 -9.072021086 0.060701731 -0.802364538 -0.542344076 -0.241638885 2.480667970 1.344480828 -0.213328698 0.218836854 -0.649443456 1.252948826 -1.906724495 -1.540677741 -0.888982263 -1.299307667 1.211994138 -0.100269575 -1.030896143 1.467025418 -0.509823985 -0.458838700 0.266694867 0.725741857 1.557598465 -0.034726268
34.783500763 -15.291886297 0.431699369 -0.112900074 0.250433050 0.956442429 0.098766096 -0.760552878 0.201907031 -0.295633186 -1.901568748 -0.082093484 -0.541318178 -0.628294831 0.313834439 -0.287170340 0.995750657 -0.445905076 1.289624084 0.523433679 1.012488345 0.033501364 0.038984206 -1.195283260 -0.490676744 0.019750895 0.840266849
31.550192566 -13.296073489 4.697960633 0.519959501 -0.259081465 0.740600441 -0.337683134 0.319895017 0.885915744 2.019472830 0.057037220 0.336091915 0.051631914 -0.754259626 1.160587204 0.426509984 0.221232913 0.159177895 -0.049339391 -0.660856215 0.433777080 -0.513404939 -2.003727309 -0.343313428 0.660176651 -0.379740275 -0.945066499
27.496410320 -10.877653387 0.524996200 -0.890209761 0.203176502 0.403730688 -0.056986162 -0.137818097 -1.439017472 1.641576249 -0.821536294 -0.611467807 1.054554723 0.900451422 -0.336327306 0.335528821 0.931115434 1.010035235 1.079143853 -0.518012485 0.621629457 -1.160145377 0.839490988 -1.276210347 0.426677764 -0.199937316 0.956986566
24.003499873 -10.996346657 -0.683433364 -0.525063520 -0.792469420 0.242065806 0.194176886 -1.619970103 1.083001310 -0.765273164 -0.282469246 -0.994692615 -0.490103809 -0.564293587 -2.555036380 -1.104265972 -0.299950761 -0.172193047 -0.225344056 0.735147416 -0.096626125 -0.311399329 -1.257031602 0.397900394 -0.701861189 0.584613123 0.793004042
40.887447733 -9.602324553 -5.154825825 -0.905091139 0.272432453 0.145143048 -0.292445009 -0.508215731 -0.509224679 -1.191928077 -0.783526642 -0.448652011 -0.388588983 -0.109227470 -0.628592964 -0.907265621 -1.048060917 0.552698236 -0.403027594 0.154236604 1.507535954 -1.422483561 -1.186694439 0.485236670 0.854761077 1.350830764 -0.455838355
33.499050123 -1.569096099 2.115851814 -0.630183097 -0.573849425 0.100660223 -0.513257850 0.122865954 1.767902589 -0.414134171 0.160486922 0.361034360 0.026245611 0.012715472 0.072721200 -1.121301288 0.186812726 0.354908970 -1.394076047 -1.166823988 -0.795691451 1.435895831 -0.358588616 0.098187541 -1.690700637 0.752205816 1.835333549
30.119485292 -12.637722348 -1.853885715 0.632354035 -0.621265472 -0.027488495 -0.461954512 0.635594860 0.261155093 0.145849427 -1.514847707 -0.863515645 -0.460928679 -0.642514763 0.543597015 -1.153873992 -0.385031161 -0.022597466 0.618514963 -1.350652846 -0.590034960 -0.938996586 0.741600552 0.890910833 0.549463345 0.695271236 -1.014549480
32.693953147 -12.992895665 -0.924498997 -0.523161640 0.830893510 -0.188860054 0.015803599 -0.396251730 0.243280889 1.201595126 -1.214674927 -2.038273725 2.421572766 -0.920786610 -0.844077930 -1.506413052 0.170209845 -0.622603583 1.615948908 -0.521798549 0.028136364 -0.651340771 0.286030290 -0.037378004 -1.710030105 0.851089743 0.587952927
28.584376993 -9.508952817 -2.835713042 -0.264025606 -0.631799111 -0.639645835 -0.349247146 -0.167939321 0.972225195 -0.147878848 -0.385657130 1.376566427 -0.083493415 -0.756273557 -0.895026413 -2.413660337 -0.087797256 2.770240903 0.934494861 -0.597869306 -2.011969732 0.944121009 0.775454312 0.562126662 0.800500243 -0.519599999 -0.062476819
39.549686663 -12.136318403 3.196169567 0.285429707 -0.914311341 0.256672415 0.129166272 0.729859704 -1.838678900 -0.149865120 -0.726856137 1.001959940 -1.294606996 -0.440275960 -0.208281277 0.167402224 0.163544806 -0.556911570 0.261469568 -1.024114502 0.197498960 -1.582222500 1.675399092 0.254109094 2.095364373 0.873660704 0.278874552
33.423199456 -3.580049942 5.088822415 0.191848631 -0.703622704 0.461782051 -0.504843075 -0.016607433 -1.015285404 1.314628334 0.223197467 2.139221690 -0.842776810 -2.072141857 -0.730481937 0.229304555 0.366241332 0.064839312 -0.466601398 0.720951986 -0.419582909 -1.575618686 -1.656632000 1.368169069 0.549484600 0.619617197 -0.026868327
32.012941935 -1.938338135 4.385616717 -0.161530169 0.920942697 0.050274860 -0.351062660 -0.915919896 -0.839024880 0.011398356 -0.536569846 -0.494106970 0.252201663 -0.150961952 1.119729150 -1.266097638 -1.457227026 0.825084187 -0.612695933 -0.743337208 1.268944057 0.622584904 1.283100492 -0.311202473 1.688936318 -1.595040606 0.835533413
27.983022894 -9.806942923 4.341556482 0.435566407 0.766307047 0.269228511 -0.388035339 -0.884294053 -0.402659231 -0.761022726 0.795619969 -2.405285262 0.783485910 0.082093400 0.398656643 -0.776906500 -0.852965610 0.457130370 0.511325571 -1.704950808 -0.571578462 -0.383284602 0.930541931 -0.380990742 -3.100618826 0.946854363 -0.437333057
28.713165391 -10.212456206 7.903950739 0.658009342 0.395472584 -0.490361664 -0.412517370 0.186118139 -1.030956086 -1.177692153 1.363784194 0.386406449 1.021517903 1.499241734 1.136158087 0.664064048 -0.131701841 -1.812101943 0.822262793 -1.550744866 -0.470021575 1.569420167 -1.270447143 -0.536999271 0.129982852 -0.526012358 0.077418439
32.065978848 -11.553107255 -5.290798747 0.083374604 0.902653031 0.261021908 -0.331864044 0.990396215 0.572417714 0.444778271 -0.042071817 -1.537100071 0.230390451 -0.276683461 -0.887516956 1.302059642 -1.275083306 -0.992935337 0.382750132 -1.253046969 0.627957094 -1.448990662 -1.221678603 0.094675932 0.222518714 -2.108775191 0.199724209
37.258562413 -2.048202392 -1.873093486 -0.802442660 0.469515853 -0.297287206 0.217395858 -0.687712166 0.400889028 -0.617056446 -0.650191811 0.827237758 0.510587067 0.700131547 0.236268640 -0.455226913 0.274643405 0.915295166 0.412256828 1.295158443 0.596680562 -1.051962687 0.369263237 1.659710409 -0.740874305 0.868002087 1.290543500
35.835709184 -6.769754315 -9.254978616 -0.536306471 0.042283944 -0.032821321 -0.842324283 -1.711321574 -0.994846158 -1.749908456 1.434227748 -1.019110538 0.033265150 0.677251484 -1.176717462 0.745680857 1.842938233 0.608850449 -0.222792602 -0.020781108 0.586562693 -1.223315690 -0.626214311 1.571018887 0.638829668 1.011197071 0.257126681
34.302204721 -4.071663615 0.670670524 -0.555212065 0.290384286 -0.395632562 -0.671484479 0.231733410 -0.028048257 -1.970454936 1.175274071 0.156884300 0.381770505 1.450925310 0.319102048 0.620437578 0.358951771 -0.030321193 0.653929379 -1.048690533 -0.244439380 -0.291798708 0.945767827 -1.308303240 0.629925274 -0.555772650 0.480527838
27.021386457 -12.469952670 5.541153252 0.502453498 0.005081390 0.457121228 0.733862961 1.386390052 -0.430597301 0.203991242 0.111245404 1.867640179 -0.324431814 -0.752620358 -1.663878436 -2.029396175 -0.875487451 1.516702480 -0.816111236 -0.386691328 0.370353650 0.222498472 0.165119816 0.441584716 -0.181952508 0.007389413 0.251562638
32.286740670 -1.462389322 -1.510147705 -0.936982667 -0.140859370 0.271215547 0.169305188 -0.770570530 1.979169418 0.189078638 0.799720412 -0.499661150 -0.807286099 0.379662046 -1.381919374 -0.253339674 0.271200693 0.577491927 -1.295941357 -1.220077442 -0.286830949 1.232348668 -0.759750441 0.023791912 -0.379144989 0.304729917 1.771293890
23.684917474 -5.820744531 0.597393549 0.459017789 0.448522013 0.718587439 0.267885732 2.105872530 -1.039082586 0.589845570 0.103783099 0.934070882 0.735868464 1.076276046 -1.798162594 0.869435091 -0.309815626 -0.139964906 1.312187210 1.348916458 0.393313599 0.051230754 0.461952571 -0.466078420 -0.763840726 -1.560538323 0.630138158
32.128937413 -6.785791016 5.554635953 -0.236501705 0.541821853 0.773392637 0.228822751 -1.129082174 -1.197460774 -1.206510996 -1.346562950 -0.368936182 -0.552977327 1.550395529 -0.708873627 0.471615950 -1.465913958 0.000160440 0.605500751 -0.310359046 -0.546437064 -0.421735687 0.875068178 0.333072336 0.031539973 -0.265593669 -0.333904242
39.826881657 -8.891124449 -1.081462381 0.169268436 0.533892778 0.076683173 -0.824879621 1.190898035 -1.037209634 0.214564503 -0.299945397 -0.556438636 1.114712379 -1.365888385 0.729865354 0.274338339 -0.914429826 -0.790595389 -1.021409824 -0.941819450 0.392667683 0.687241390 -1.417018447 -0.604349269 1.594956329 0.344197486 1.337801729
27.167545845 -12.749458142 -0.207761527 -0.202401181 0.712287769 0.651038491 -0.166819600 -0.140312428 3.240324477 0.709941597 0.270042669 -1.418603484 0.333617641 0.630820846 0.631008140 1.166035160 0.000561707 -0.604557887 0.246249579 -0.952268814 0.330275704 0.269321062 -1.516233627 1.554858948 0.114268427 -0.741114349 0.711073612
39.025595511 -9.015276713 3.996038033 0.582137463 0.368907313 -0.222101982 -0.689705790 -0.306878049 -0.264922279 -1.897702300 0.123549990 -0.412614454 -0.665288232 0.335872094 -1.489492765 0.334088741 0.850450323 1.155027446 0.882982780 0.024367069 1.012682621 -0.492008267 1.127945828 3.527902331 0.685664284 -1.378423062 -0.520087065
34.175957004 -15.362478670 1.532800945 0.612084927 -0.374471955 -0.529682947 0.452281741 -0.551902844 1.435159055 0.931723988 -0.177235962 -2.411228598 -0.045867957 0.624543638 1.075146866 -0.823190272 0.045909011 1.045048852 1.211980803 0.736750549 0.057883109 -1.307763061 2.236675273 0.405071468 0.650013682 0.360980596 1.255186123
36.838559367 -7.532212590 -9.324603569 -0.220896555 0.374776786 0.636916840 0.636462106 0.271083591 0.386755602 0.767387372 -0.361426979 1.788916367 2.309214298 -1.051296226 -1.341824012 -0.832484173 0.290068306 -0.142467107 1.139713899 0.894023627 -1.140973331 -0.488911124 -0.441618451 -2.272431880 0.645899149 1.031111381 0.270115288
28.242076973 -4.021166377 2.831460186 -0.732170474 -0.184499346 -0.558673265 0.343177172 -0.815954013 -0.162140751 0.544245075 -0.816121730 -0.071418607 0.199504180 -2.098673586 -0.978421043 -0.625086519 -0.176688538 0.252431590 0.568347260 -1.842789979 0.202964518 -1.457824942 -0.847269567 0.384367338 -1.242398855 -0.363422905 0.524547936
32.093893870 -12.240180305 -7.985662100 -0.770899294 -0.345807293 0.181830916 -0.503059752 1.442140793 -1.078534526 0.284573682 -0.058296729 0.960212706 -0.543380550 -0.428511992 -0.738405533 0.855106860 1.351344105 -0.061967689 -0.199728255 0.499163006 -0.147958023 0.453353145 0.578633039 1.204308495 -0.132175107 0.776254345 -0.416517730
31.546713279 -16.149546004 1.489514073 0.291029558 -0.248481825 -0.422809570 0.821456418 -0.784628611 -1.353540531 0.680845081 2.968065922 -1.128832232 0.645793025 0.256529170 -2.139821787 0.839677975 -0.698163316 0.675212838 -0.194541362 -0.440326234 -0.952910362 -1.448626069 -0.906230200 1.785511191 -0.116178848 0.435700594 0.588929078
35.426684501 -13.599066453 -0.236497490 -0.248157548 0.759357256 0.572830741 0.183464796 -0.255148103 -1.188989986 1.651350897 -1.037321895 -1.178201960 -0.115110937 -0.055669507 1.933354160 -1.754087618 0.482412860 -0.105465546 0.615711781 -1.288089887 0.125302532 -0.443901285 1.251806514 -0.780017207 0.034803064 -1.449969386 0.257313109
40.788828012 -11.302540431 -3.637596490 -0.456315671 0.028113954 -0.880303761 -0.126692159 0.245086084 1.458112578 -0.331105271 -0.779409101 -0.533063220 -0.228861981 0.725606500 1.371610861 1.209359940 0.808370155 -0.456261083 0.738474266 -1.258971670 -0.179496887 0.113487816 -0.505639485 1.418305499 -1.326056464 1.656978720 -0.982760682
29.553797004 -12.131758162 2.088205074 -0.696577188 -0.262946930 0.438407744 -0.503426046 -0.644465019 -0.610723354 -0.192025469 -0.204212615 -0.372224683 1.642494387 2.373768980 0.048804985 -1.052746655 1.676548717 1.024347487 1.576889071 0.376583121 1.239625068 0.270733755 -0.786887081 -1.791300757 1.505336783 -1.217938848 -0.678942910
38.542969790 -2.504740520 0.912261251 -0.037977667 -0.354296864 0.931330705 -0.075196714 0.414084550 -0.585199081 0.111870386 -0.948100228 0.431933179 0.538897018 2.291812820 -0.460889114 0.942614490 -0.059198067 -0.997472059 0.577736203 -0.911817423 0.816805403 -1.516516617 1.343796902 -1.232833289 -0.302803218 1.114725273 -1.129662630
28.742332122 -6.794798355 -5.652815423 0.282249972 0.650279084 0.696684714 -0.110011252 -1.709081566 0.511350829 0.391229379 1.740059863 -0.569437764 -0.957995060 0.866169392 -2.773638462 -0.089348301 0.132416346 0.343313587 1.281222508 1.548870013 -0.015094105 -0.530803890 1.822721577 -0.749435789 -0.795694799 0.555509399 0.490004634
39.605309490 -3.619668886 -3.308813581 0.738705295 -0.621768981 0.256212021 0.045532648 -0.685800238 -2.010569681 0.063303151 0.722763890 1.187700807 1.835823128 0.443434432 0.916227765 0.626642624 0.289555178 -2.228939451 -0.358106661 0.656362286 -0.000638637 -1.465524619 0.379524340 -0.350752293 1.139509108 1.326063543 1.153945636
30.362944588 -12.739815938 3.146829383 -0.121313684 -0.710165999 0.235216369 -0.652395972 0.890473837 -0.658581785 0.384567555 0.118473312 -2.034105363 -0.279928999 -0.177918225 -0.429275816 -0.378316946 1.135332498 0.329059394 1.935622237 0.290305231 0.571048807 -0.437733225 0.647885519 -0.517880296 -0.414498083 1.293707176 -0.480780131
26.800997186 -10.958500991 7.060972066 -0.560513876 0.663450287 0.121422380 -0.480535657 2.307404678 1.512643200 -1.161680274 -0.896112302 -0.227181972 -1.545262789 0.825599383 0.993704602 1.064100751 1.737238629 -1.915388762 -2.091048137 1.160732626 -0.985781101 0.547651275 -0.279467380 2.837058046 -0.776660674 -0.434328551 -0.287834073
29.028108201 -8.755726651 8.849002003 0.303095294 -0.689773590 -0.657026875 0.025716198 1.296100875 -0.018495903 -0.258454938 -0.953302682 1.059484353 0.266222819 0.507785744 -0.363049891 -0.476947297 -1.097035332 0.104169340 1.138796294 1.094015504 0.489014281 -0.285874989 -0.251536097 0.871370818 -1.652560511 -0.738323399 0.225223187
28.776336515 -7.221538618 7.584614932 0.163857564 0.953653782 -0.236620145 0.087784225 -0.399604525 0.898954845 0.937668978 -1.883382927 0.434423075 0.242585858 2.324133896 0.501782899 -0.385078830 0.843628808 -0.577238114 1.308564207 1.600381772 0.453254302 0.047056185 -0.308657012 -0.374705507 0.294241188 0.144171985 0.195721033
33.592673404 -14.044301411 6.617875274 -0.016173458 0.420714214 -0.345344599 -0.838734212 1.589828679 0.678773882 0.399206250 -0.254963585 -0.754568991 -2.083334594 0.497456701 -1.546940137 -1.082268042 0.480829747 0.362691226 0.474206700 -0.827373250 -0.184384126 1.497818729 1.389332621 -2.066367991 -1.475235405 -0.473186055 0.652566603
37.375868461 -13.228739882 4.908585077 -0.582313457 -0.237487313 0.662495231 -0.406953170 -0.217457680 -0.866460630 -0.007546724 0.377037116 1.269644526 0.484134034 -0.006969454 0.300016688 -0.261543069 -0.119523003 2.351087785 1.267682673 -1.182357657 -0.228262986 -0.360276214 -0.206506284 -0.991658983 -0.175935090 0.912114471 -1.036422807
40.366098817 -11.785052122 3.564271450 0.064128017 0.885061827 0.158688349 0.432863913 -1.029074614 -0.759857864 -0.827231228 1.193374795 1.908133111 -0.435577697 -0.848063902 -0.864834601 -0.414409727 1.021026653 0.287507522 -0.266949009 -0.686008445 0.708352040 -1.336443415 -0.509492363 -1.186248218 -1.000586407 -1.910006549 0.243462097
34.744924925 -0.936650283 -4.634199624 -0.138815503 0.084055819 0.981489326 0.101703380 2.297073178 1.291245438 -0.445456441 -1.044513566 -0.231790260 -0.369635833 -0.052478537 -0.705203984 1.256964242 1.228670242 1.088514511 -0.472595821 -0.127406886 -0.814193327 -0.255365462 -1.360696075 1.265382815 -0.312907683 0.531735032 -0.548529610
37.706080643 -7.172093676 3.533892833 -0.359560865 0.621830643 -0.587730010 -0.372311795 -1.339104723 1.021160020 -0.231151648 0.384577324 0.377358210 -0.639809148 0.287353102 0.621192519 0.309809914 1.319721490 0.217411046 -2.209230323 0.032301802 -1.581842454 -0.746649021 0.801121416 -0.860752630 1.138471232 0.175911487 1.210303117
33.827513067 -11.568506325 0.137910506 -0.280827718 0.049137395 -0.435160912 0.854023589 0.297374206 0.047455397 0.499464594 0.735866415 1.951894582 -1.848196190 0.844995247 0.882530494 0.025355061 -0.211119877 0.128005737 -0.847587451 -0.596570752 -0.043020315 -0.638279933 0.028582696 -0.371371827 -1.680719647 1.186996847 1.530401272
39.694588764 -7.956936427 3.957019073 -0.561802132 -0.234952889 -0.254945540 0.751118017 0.319783192 2.000717493 -0.907979404 -1.064630654 -1.319451440 -1.978977542 0.468384912 0.150232313 -0.716784026 0.936132988 2.001728142 -0.339399089 -0.311098484 0.360973343 0.071824075 0.003447394 -1.367280412 0.133269587 -2.342595216 -2.064933585
30.563694949 -11.001071949 -7.970776989 0.215297448 0.739219008 0.237870844 0.592131513 -1.137733529 -1.256457251 -0.408982004 -1.188520392 -1.084795717 -0.358086169 -0.229485527 -0.878394191 -0.257527268 -1.049899084 1.995591076 1.415284594 -1.014317889 -1.502836455 -0.669880783 -0.737072429 0.941128001 -0.692184591 1.321156508 -0.571296373
33.799254948 0.144152577 3.854626584 -0.369081063 -0.102234774 -0.340524574 0.858702646 -0.859255759 1.729327210 -1.618933030 0.807807394 -0.044953365 -0.333630003 0.724612399 -1.753891678 0.405394519 1.499796781 -0.153803109 -1.925241592 -0.436649895 -2.264149681 -0.022002859 0.230947183 -0.382672778 -0.274159680 -1.100080603 0.920583143
37.062476371 -6.157994115 3.718325500 -0.040863001 0.760769100 0.455683097 -0.460340642 0.687119716 1.652089995 1.940297023 -1.136167759 -0.801336799 -1.426334702 -0.575214223 -1.260358909 0.062908863 -1.558550944 1.653057875 0.964243159 0.298531733 -1.180728735 0.529170230 -1.124154244 -0.632900758 -1.448501984 0.158067572 -0.993781890
41.823549604 -6.576872550 1.070530246 0.174322097 -0.199285903 -0.548154198 0.793362408 0.433292010 0.261961360 1.522310950 -0.379079836 -2.241369568 0.047737900 -0.668498967 -0.458617310 1.336247539 1.046520066 -0.447873269 -1.305387098 0.727360651 -0.563480199 1.492616800 -0.127923254 -0.031588182 -0.140297596 1.248414013 -0.155868823
32.370969349 -1.389609729 1.309733294 0.120199989 0.789972446 0.169172680 0.576954159 0.034248234 -0.314841817 0.083021244 -0.626458254 -2.039607680 0.270449277 -1.186598274 -0.245954900 0.095605159 -0.554791492 -2.034084300 -0.119065985 -0.021621933 -0.227841368 -0.201254412 -0.095185014 -0.612765178 0.951462983 0.113711255 0.113503922
27.172507733 -9.338160537 -0.089788045 -0.956072261 0.273983548 0.070202371 -0.077009570 1.139222390 -0.677452441 0.928546988 0.720040702 0.233633992 -0.234931559 0.252851269 -0.829785653 -1.642556393 1.770056858 -1.179417014 -1.672035930 0.267883097 0.522807964 1.898218894 -0.695196767 -1.272748716 0.626372774 1.249204573 -1.289048715
25.289439955 -6.998471744 0.728001002 0.227409812 0.417234523 0.876436773 0.077837736 -0.519133298 0.960689872 0.381286629 -0.624251899 0.686831783 0.774474301 0.552282270 0.429387311 0.485942732 -1.009511446 -0.924828249 0.627919737 0.029787053 0.540029137 1.759900624 -0.081758598 0.256825434 2.477382649 0.981443226 -2.363899214
27.141508390 -11.896752095 -8.511310842 0.296514823 -0.810256671 0.304763960 0.403338587 0.779872459 -0.042023318 -1.234353688 -1.669853375 -1.453857034 0.939902676 -0.205346866 -1.172446858 -0.535101695 -0.052966322 -0.111456659 0.978921242 0.463338495 0.346426863 0.538850354 0.289595997 -0.624648673 1.144566112 -0.298585889 0.281502941
36.522840993 -14.472255046 -4.977216390 0.452307027 -0.518131813 0.501217596 -0.525108273 0.212287965 -1.197237003 0.759632578 0.422503959 0.096094724 0.190733037 0.493012973 -1.199159866 0.079349166 -1.289924740 -1.178070106 0.124124785 -0.899760825 -0.323576085 -0.718504076 0.297952101 0.010136013 1.495408024 0.100171421 -0.507862643
35.705591202 -3.840859072 -4.178827499 0.614333597 0.694037788 -0.361718603 0.100326633 0.476913181 0.917810020 -0.095644441 0.063261558 -0.609486506 0.368885456 -0.193249302 -0.270377043 -0.898279726 -0.208181357 1.054224443 1.313509217 -1.086311683 -0.183680753 0.012038600 1.005834761 0.893677620 0.884692105 -0.678827760 1.665987691
25.288419182 -3.546366547 -3.191305090 0.694783294 0.566173702 0.318324141 -0.308857986 -1.123266709 -0.338250660 1.552655285 -1.281284537 0.942933125 -0.224741222 -1.134064318 -1.189394285 -0.167064389 -2.531339876 0.746074020 0.643941050 0.358021620 -0.321479165 0.247216387 -0.158315826 -0.221774391 -0.486579795 0.595539111 2.072746971
35.928001127 -7.898799976 2.755027907 0.607945982 0.300709418 -0.681527196 0.274765735 2.021960226 -0.515432686 -1.079074779 0.318505003 2.822011693 -0.272230810 0.184170070 0.051856866 2.136858801 0.327836694 1.660050688 0.425994887 0.176000124 -0.746834914 0.320313521 -0.282604718 -0.545980443 -0.444502471 0.133778309 0.753428079
33.602917958 -2.289171125 2.611528126 0.709029817 -0.466170567 -0.030855869 0.528213628 0.801248645 -0.766859093 -0.934521528 -0.327819802 1.801785583 -0.348025663 -0.127556344 1.640630290 0.627518568 -1.109572347 -2.124479396 0.122097647 0.154650063 -0.348746149 -0.404054849 -0.500479966 0.169797982 0.615457876 -1.944028176 0.469577776
29.228280635 -8.328201115 -4.892747578 -0.520540325 -0.348381057 0.612433749 0.482279288 1.582410791 -1.154176347 0.410574069 -0.779979974 -0.929252613 0.179589151 1.361489661 -0.661216613 0.018447838 -1.554879843 0.613336399 0.385461103 0.533414741 0.610732657 0.641060103 -0.612402492 -1.221315274 0.512961772 -1.290848581 -0.987341597
31.500477867 -7.587833972 -0.580595157 0.450096203 -0.444544570 0.572063273 0.522050904 -0.463075190 -0.798985074 -1.183658450 0.673939365 0.330840259 0.989788882 -0.539929338 1.915123931 -1.106554620 -0.054070474 1.713206272 -1.133922063 1.158721594 -0.887346450 -1.772990677 1.248332833 -0.527991603 -1.150816163 1.356500997 -1.071488637
26.743663263 -12.762391039 4.542950789 -0.057902826 -0.707247561 0.498261534 0.498180282 -1.375776549 0.216031941 1.413028793 -0.748892623 0.627276328 0.793346095 -0.544534480 0.502759831 -1.127334795 -0.412571423 -0.469846558 1.566382908 -0.763952306 -1.354060414 0.374429041 0.530520592 0.931014316 0.086148606 1.175865573 0.135118329
31.554408097 -7.424268500 -8.478608763 0.978824713 0.148913779 -0.134923262 -0.039020253 -0.913833093 -0.174436301 0.592390441 -0.896954569 -1.131956384 0.321255827 0.847843678 -0.296433012 -0.901353326 -0.281313967 -0.930390769 0.663006880 -0.680055164 -1.437762084 0.079286913 2.299818261 0.605860728 0.444454012 1.059099665 -1.176061681
37.083281715 -16.024543094 0.635110235 -0.166960199 0.303681924 -0.201956308 0.916032331 -0.398836748 1.745325609 -0.224627044 -0.517383936 -1.377907079 1.466060050 -0.405786332 0.907877252 -0.039288422 0.449739578 2.249056700 0.156204812 -0.257170568 -0.299785455 0.298631676 -1.818073877 -0.800579813 -0.885826401 -0.301935938 -0.109029294
25.870136407 -11.259008575 2.979090863 -0.603810438 0.764889809 0.111442959 -0.194774233 0.366848334 0.071606797 -0.789524839 0.337619346 0.103760158 -0.160486136 0.748226498 0.833462907 -0.054673733 -0.764323451 -1.195315502 0.462895979 -0.423327131 0.480673998 0.606117490 -0.718407364 0.494610083 0.363638038 0.145525398 -0.274612992
29.813135977 -5.041040411 0.488380124 -0.762300854 0.590700203 -0.194738844 0.179018044 -0.144247156 -1.824509936 0.775469220 -0.392156684 -0.336056588 0.186549067 0.136637280 1.579515050 0.866299700 -1.155052644 0.432168217 -0.587017990 0.741313390 1.114580003 -0.619709768 -0.336489416 0.367748025 1.046555990 0.092101079 0.743425679
36.385889593 -11.118339878 1.465838175 -0.168586975 -0.968193841 -0.063333571 -0.173689311 -1.188834976 -1.728085545 0.621163896 0.664194192 -1.573265720 0.820567644 1.037199835 -1.411030011 0.593373926 0.381435160 -0.373245909 1.780441490 -0.637088564 0.200084578 1.258618165 2.765050107 -0.856054212 0.103957799 -1.341900998 -1.824393175
37.065867112 -9.626879977 -5.342159905 0.195859395 0.224341315 -0.944378071 0.139499576 -0.601650179 -0.454618672 0.376723539 -0.050915589 0.874585484 -1.937473951 -0.302343756 0.824811112 -0.306488788 2.032122951 -0.042965417 0.340373499 0.958077745 -1.188373020 -0.629540920 -0.411868380 0.620531373 -1.247080949 0.255085358 1.074178365
35.596354775 -17.030684927 -4.269748098 -0.687546649 0.602879422 -0.256502932 0.313085058 -0.956800234 1.761875826 2.178265857 -1.239374247 -1.734859801 0.800365061 1.528249664 1.947724803 1.440757821 -1.687106300 0.812311327 -0.712794774 -0.536318719 0.850879523 2.281712818 -0.974355612 -0.716528152 -0.250055130 0.056380518 0.002148116
31.354365347 -12.231907923 -4.431912623 0.639457323 -0.446765050 -0.612307663 -0.128742562 -0.577661725 -1.082432656 -0.471125116 0.241640752 0.261468074 1.355668674 1.701419009 -1.685002108 0.355527603 1.755273227 -0.308807277 -1.566010481 -0.841220894 2.099483515 -0.927157249 -0.110805114 -0.198186850 -0.632381711 0.156231383 0.601008239
27.090614284 -14.284575667 4.028062392 -0.018940666 -0.917766572 -0.348226448 0.189958182 -0.580703443 -0.553432616 0.820443989 -0.687063393 0.529880418 0.661919404 1.104097555 0.400719793 2.438836326 -1.214360554 0.166980369 -0.103896277 0.541315364 -0.610020486 0.389397764 -1.600708730 0.561623421 1.361172484 1.294144441 0.050844363
32.997274306 -7.826169618 4.490023495 -0.698121329 -0.487415008 0.016407111 0.524198462 -0.493393726 -0.799560772 0.052651130 -0.296157652 0.145160817 -0.743762661 -0.724116623 0.665242144 -0.163973583 0.920506863 -1.924440931 -0.410605314 3.648023497 -0.570515374 0.402682432 -1.122004978 0.190254500 0.552251115 0.099938894 -1.252911262
27.527068825 -8.117164713 -2.657071204 -0.226411272 -0.319618008 -0.065174338 -0.917787868 -0.171281067 0.092579245 0.816995252 1.125789957 -0.626776105 -1.349333325 -1.015578494 0.908664475 -0.504318463 -0.518950117 -1.259959175 1.476358810 -0.364454587 -0.725398340 0.345800284 0.737853279 -0.447656847 1.577300496 -0.624196937 -0.808403764
38.070850947 -7.715937698 -6.216063214 0.057390814 -0.468517268 0.863028274 -0.179944608 -0.553698198 -0.046166812 0.808920322 0.258243605 -0.702264920 -1.154814571 -0.392240496 -0.826889061 1.808031260 0.395887991 1.089257982 0.110383708 -1.848751994 -0.276755955 -0.776158836 -0.836877677 2.761865917 -2.009717676 1.045742865 0.852866871
33.209994762 -16.177171960 -6.087538747 -0.204669698 0.914761907 0.333724532 -0.099744198 -1.196446868 -0.441584437 -0.562139619 -0.317176055 0.056168767 -0.382020245 -0.162945542 0.631744848 0.459241891 -0.956489487 -0.801362218 1.368112426 -0.378996297 0.181201404 0.244388533 -0.193722314 0.794219709 -2.018673997 1.557663228 1.051012506
31.734197098 -11.452426040 4.251635116 -0.267196982 -0.719325000 -0.032866897 -0.640388229 -1.570253018 -0.409345495 0.859480269 0.537080807 -0.671877729 -1.504399425 2.006489012 -0.258409817 0.204110015 -1.904101094 -0.537009165 1.017161674 -1.104562425 0.205413169 -0.801403832 2.427536501 0.028388070 -0.408864695 1.077139364 -0.706491397
33.787103038 -11.697752207 8.305044804 -0.605455719 -0.079826573 -0.667523309 0.425985589 2.139008912 0.883540138 0.552352093 1.024082961 1.168778210 -0.470625379 -0.221366320 0.512801356 -0.288603321 0.467427665 -2.406806371 -1.015623534 -0.625604980 1.207229883 1.040104671 0.834501153 -1.127595332 -1.926205413 -2.017332394 0.677735949
39.763918829 -4.237903265 4.080022359 -0.895070476 -0.103553661 -0.031478633 0.432590542 2.459775237 0.744351492 1.233327143 -0.937927484 0.020682639 2.027188571 -0.996403250 -1.816693537 0.518020717 0.555178447 -1.342419053 -0.129230680 0.998608109 -0.083918130 1.126403251 0.090256148 0.361679271 0.322890183 0.379575069 -0.067416004
34.768049038 -4.516008045 4.060608635 -0.634775087 0.527746568 0.043509995 0.562717540 0.728208478 1.104290885 -0.107500175 1.029115669 0.239366833 0.054404554 0.093487805 0.750079464 -1.234432635 0.251036973 -0.693170476 1.706213703 1.050309731 1.707598199 -0.336630060 -0.910717556 -0.256248428 -0.252815523 0.252554613 -0.799929195
28.145632329 -0.561541042 1.628760024 -0.965529434 -0.030865736 0.193266092 -0.171605469 0.032794939 3.359000321 -0.818898838 0.859167163 1.488980756 1.414062461 1.262912696 -0.176673463 -0.955954218 0.172459891 0.000082553 0.695852584 0.617507985 1.109601190 -0.215873488 -0.109941798 -0.828763555 1.359602939 -1.256278987 0.309721746
37.006527749 -11.648981097 -1.785980786 -0.393713986 0.059351391 -0.749316762 0.529141852 0.310119262 -0.553479589 0.532060335 -0.616154790 -0.406713476 -1.269003510 -0.220151375 0.877218710 -0.514198824 1.607444769 -0.917696357 -0.263274231 -0.537910477 -0.182246144 1.377003422 0.708467406 -1.423298885 -0.084626137 -0.395356999 -0.592146388
28.859495137 -11.782442506 4.127376291 0.728000432 0.061912674 0.681742204 0.037546752 -0.302617657 1.505058593 -1.232561639 0.606699266 1.176568748 1.181547707 -0.579154444 0.936092583 1.065411105 0.283553872 0.555327603 -0.178779167 1.207318928 -2.289945884 0.593220747 -0.003302594 -0.943745017 0.322445381 -0.454468901 -0.942064716
27.335921834 -11.104003305 -0.362086426 -0.392642199 -0.557477955 -0.362334165 0.635424571 -0.111651161 -1.910048118 -0.425367005 0.684425354 0.773671291 -0.791346374 -0.438654471 -0.650391757 -1.205544309 0.177721810 -0.422076007 1.550356948 1.094785985 0.156289668 0.723061371 -1.181849886 0.566153253 -0.356679171 0.192546531 0.564785347
35.220560807 -9.892784921 0.072996554 -0.630708064 0.584551929 -0.430228897 0.274607860 0.845133994 -0.587747782 0.507598809 -1.687416728 -0.515249525 -1.260799386 2.485475890 -1.413484211 -1.039923353 0.126404287 -0.178604675 0.650239809 -1.255799503 0.027213895 -2.078389577 -2.361307308 1.069664957 -0.088419759 0.854749563 1.947031236
36.162002639 -13.887660727 -4.515345396 0.443494612 -0.527230018 0.348601159 0.635466969 1.256197625 -0.584994293 0.366571055 1.148574240 -0.336936887 -0.221288606 0.998546573 -0.113093573 -1.211099573 -0.736531776 0.468576908 0.549718860 -0.260355459 1.088898091 -0.382132210 -1.659431933 -1.892685473 -1.036867906 1.152349109 1.094243942
24.817771834 -7.596354511 5.355209728 0.203602660 0.553290089 0.213582533 0.778972744 -1.317153515 -0.712787715 1.063335061 0.350645118 0.397826898 -1.518247740 -0.031059483 0.846641672 -0.933113864 -0.849238674 0.530366102 0.110801549 -0.033186864 -0.582312096 -0.179774894 0.143301533 -0.320915443 -0.416019321 0.808485441 1.620354148
30.210080422 -3.070983864 6.781606269 -0.306309013 0.259097254 0.461860410 -0.791029938 0.587878061 0.858136393 -0.164094267 0.873002238 -1.489251023 -2.311278994 -1.918102091 -1.316362835 -0.681790013 0.171698204 0.514950842 0.472672573 -2.078458100 -1.469597552 -0.736598263 -1.378706190 0.494861339 1.847526902 0.751340855 0.573134635
26.771939470 -13.058149339 -1.488566536 -0.346054499 0.360201396 0.793008820 0.348766756 -1.548559621 0.400288208 1.922415241 0.517515629 -0.615058899 -0.099746507 1.403214977 -0.332625550 2.018588807 0.161177102 -1.018200152 0.668148527 0.231822387 1.198085499 -0.938973346 0.682392792 0.428046194 -1.060829636 -1.299567841 1.637794594
28.943784997 -4.859328723 0.494257984 -0.466737054 0.673623103 0.572788028 0.017387136 -1.221557837 -0.633490581 0.802166878 -0.791276531 0.848562134 0.867087091 0.706561237 -1.583296378 1.117630035 -1.338573644 -0.491218492 -1.109368710 -0.510374571 0.804702516 -1.201076901 0.952660858 1.461423959 1.161220348 -0.798981020 -1.375509667
25.895047921 -12.441277760 6.024153185 -0.179228240 -0.560417245 -0.449920078 0.671849442 -1.385191428 -0.156451397 -1.198132494 -1.403881399 -0.115737848 1.724621302 -0.190872017 -0.610218154 -1.528888117 -0.504583800 -0.910122498 -0.385553578 1.314216285 -0.713029415 -0.013661923 1.113612020 1.525719017 1.042943314 -0.463230071 -0.451016188
32.133914013 -11.595216772 -1.222669254 -0.433210332 -0.844014639 -0.302955901 -0.090475517 1.204634749 0.674737037 -1.050457540 -0.121541230 -0.672290090 -1.268303086 0.913031246 -1.427055616 -0.835242130 -0.531303806 -0.771873706 1.416517688 0.415180110 -0.389387952 0.215210709 1.452149738 -1.018155482 0.556754453 0.808905426 1.405361113
35.146944103 -6.823911170 7.988295974 0.418604578 -0.441542898 -0.677935828 -0.412568889 -0.350238202 -0.247395507 -1.715296748 0.513983325 0.315797876 0.571514808 0.223032953 0.212337745 -0.582317048 -0.472356238 1.247810588 1.278876540 -0.526872047 0.552039576 -1.693845351 -1.688354444 0.172501839 0.786433950 0.223379933 -0.418146241
29.089865604 -2.130953815 3.818554554 -0.696729348 -0.233974845 -0.474622756 -0.484311085 -0.321401419 1.072100358 0.362150956 -1.014537519 -1.633663867 -0.675465909 0.951890880 -0.281240256 -0.335138417 -0.981913934 -0.483558304 0.504661909 0.325455684 -0.384885607 -1.488432699 -0.616924631 1.603514065 -0.093809393 0.612068913 -0.879989213
29.001043556 -15.851152857 -3.488366790 -0.043207256 -0.362663453 0.721930138 -0.587728873 -1.425240655 0.556232710 -0.121455906 -1.586687225 -0.822603606 -0.259426167 1.036373038 1.492311753 0.082691382 -0.167339073 -0.521830963 -0.906084948 -1.488970978 -0.278259931 0.762542218 -0.213381297 -1.354657906 -1.027266231 0.073416566 -0.879608981
23.922801993 -4.254392506 -0.029461498 -0.442376708 -0.401374977 -0.651704873 0.467420297 -1.316856033 0.143060452 -0.014742302 0.674314885 -0.443981387 -2.827693765 0.917562358 -0.191687326 1.303499374 -0.145335071 -0.276842372 -0.150754762 -0.016599130 -0.695694542 -0.773254343 -1.737188288 -0.562971321 0.563994248 -1.215957492 0.118537785
31.352382963 -12.916494718 -0.813507304 0.075343495 0.669875101 0.635739219 -0.376066951 2.053477031 -0.210863278 1.069251777 0.279697936 -0.071098005 -0.778974206 1.242987386 1.745588907 0.357738591 1.052770291 0.896626448 0.382447174 0.314738477 0.278674198 1.541517665 -2.119541928 -0.849874186 1.402163448 -1.429899436 0.067935765
39.448229347 -7.628955954 -5.545500012 0.940077671 -0.220174714 -0.033325673 -0.258198504 -1.569302859 -0.004754673 -0.750462374 -1.483609944 2.197119237 -1.748880251 0.506850786 -0.145057026 1.288289871 -1.827250259 -0.280326672 -1.159611642 -0.793224896 -0.334487061 -0.276192007 0.815303437 -0.881658954 0.460177189 -1.550740348 1.765557225
33.408169881 -5.772147871 -2.688777071 -0.097002141 0.052842935 0.885135039 0.452033375 -0.738013163 1.617671143 1.595542229 -0.608409183 0.440321903 -1.519321409 0.167714431 0.030512588 -1.156142853 -0.315821143 0.013152109 1.593397415 0.383762661 -0.518337203 -0.422402387 -0.418421298 0.734425179 0.046090759 0.592460888 0.048718380
31.529565151 -6.284955614 1.088894325 0.701709463 -0.096787736 -0.637716874 0.302577514 -0.060223767 0.652055212 0.739037254 -0.374496788 -1.112518956 1.246636691 -0.742368385 -0.532317876 0.283361419 -1.132381046 -0.385995640 1.066288948 -0.607462764 0.896376518 0.375687579 -0.203281943 0.710327130 -0.588373054 -0.577257381 -0.098362404
33.744982845 -10.053348891 -5.815893102 -0.365778642 -0.261765189 -0.864210980 -0.225442571 0.028432057 -0.437361173 -0.391233318 0.911518621 0.473823716 -0.239317584 -0.077689161 -0.530866976 -0.539843270 0.280608140 1.388750939 -0.025271447 -0.854611165 -0.135169188 0.607035732 -0.747174105 -1.613313932 0.956142571 -1.743260212 -0.277399811
37.838868545 -13.987559399 4.942064523 0.281041628 0.327058358 0.127045761 -0.893256855 -0.842593933 0.371315705 -0.888489660 -0.040130024 -1.507978194 -0.193156178 2.969320615 1.009887283 -0.627564981 -0.337732244 0.564624942 -0.983584566 0.916401971 1.046054134 -0.728431025 -0.059815987 0.787869631 1.271112743 -0.758287601 -0.230959099
39.713619262 -9.308641764 0.441203330 0.794223759 -0.566843828 -0.212670302 -0.051653049 -1.375868066 -0.541298902 0.784201838 -0.815821101 -0.126381196 -0.593744830 0.000803513 -2.294858381 -1.419388497 0.012795276 0.652834994 0.519665489 -0.218155940 -0.697577846 -0.243833569 -1.218594372 0.084325183 0.606578398 0.268265565 -0.113622921
30.216725021 -2.560378399 -0.878734957 -0.767249792 -0.244431598 0.077951240 0.587796354 -1.669819129 -0.094311509 -0.166850459 -1.595534814 0.831021548 -0.550831523 -1.490347167 1.067465567 0.861145139 -1.119372802 -0.122739294 0.782863483 1.005093709 0.964754943 -0.682144961 -0.327042637 0.994293554 1.600299426 -0.772248429 -1.949880916
25.764620605 -9.988927079 0.838448190 -0.707325237 -0.194487732 0.675161624 0.077603564 -1.693790656 0.645374491 0.512152681 1.845334733 0.212718607 -0.763254860 -1.484120610 -0.603895703 -1.035111272 0.217307828 -1.371681458 -0.262862671 -0.872251020 -0.430001430 -1.159240202 -0.654947631 -1.353349214 0.496043309 -1.049088610 -0.658653947
36.946383693 -15.143127329 -2.994544581 0.333879162 0.429658063 -0.052500644 0.837354367 0.417121261 -1.099698272 -1.190851317 -0.946503432 0.339250448 2.023967638 -2.021705581 0.463590488 0.150730715 -0.432685807 1.245052822 1.648365191 1.649088734 1.332273855 0.001511797 2.360053210 -0.478839095 -1.301527014 2.410175803 0.139189729
28.660386579 -7.699999611 -3.265860804 -0.259197161 0.488429586 0.814093977 0.177494695 -0.911549592 1.061208351 1.848060082 -0.564244991 -0.222961174 -0.008452445 -0.222064357 -0.321094909 -0.958338193 -1.831158184 0.179977298 1.288934238 1.450543187 -1.854032927 -0.563433899 1.227015315 -1.215462612 -0.244989219 -1.016549304 0.158208304
32.483783375 -4.382356550 5.910434451 -0.534181519 -0.431278613 0.518819851 -0.509386715 0.197095731 0.709048860 -0.139723291 -0.816911565 0.051562528 -0.280024826 -0.043448518 -0.929201318 0.752612349 -0.877225248 -0.632299228 -0.364381648 0.191083300 -1.059248412 2.027548383 -0.122894773 -0.465716308 -0.449541485 -0.100356464 -0.017180674
41.728680087 -7.338513069 -0.397045300 0.327145997 -0.243296193 -0.792888272 -0.452891430 -1.050894658 -0.742969455 -0.066957660 -0.448642145 0.894719730 0.316248602 -0.429018443 -1.658808734 -0.684803776 -0.209196052 0.285104700 -1.900241173 -0.637415957 -0.574820967 1.460301195 2.339303494 -0.667075044 -1.673980489 -0.247793173 0.658587756
34.975449125 -10.776624537 -1.809346180 -0.412636350 0.063808897 -0.643231528 -0.641804385 0.514178359 1.201625077 -0.280621910 -0.207790423 0.556351053 -1.373573237 0.962437387 1.093894199 1.432584936 -0.245624179 1.993068081 0.368547051 1.777793024 0.622471606 -1.095883695 -0.533653591 1.213942562 -0.110021874 0.292708468 -0.412834154
24.339693783 -11.448237852 -5.420477894 0.968076953 -0.210109026 0.093003630 -0.100157556 -0.551544419 -1.524079353 0.044908460 1.367703544 -0.340834143 0.168960465 -1.246387638 0.682316362 -1.560981165 0.488765578 -0.006710990 -0.554004940 -0.695182400 0.366891631 1.623782013 -0.894940311 -0.938693019 0.250520722 -1.220230868 0.304124559
40.944731256 -7.269702021 -4.898424911 0.064934589 0.659889085 -0.514416919 0.543787760 -0.766428579 0.805070806 1.274187353 -1.304561788 0.865193877 -0.463464874 1.360026265 2.607599757 -2.103863593 1.637456013 -0.370905926 0.822710692 -2.368351835 1.016348485 0.466862642 0.567843196 1.020319858 -0.173127267 -0.783947044 1.425312364
29.999078708 -0.638086271 3.742706740 -0.179680948 -0.151633678 -0.888413595 -0.394262943 -0.221529076 0.673272015 0.576575822 -0.900168675 -0.375386691 -0.781515867 -0.958816294 -0.702524033 0.380230917 0.165080469 -0.681139485 0.426526658 -0.242132374 1.459655515 1.787633600 0.803268969 1.368291754 1.305031716 -1.191950216 -0.062728291
28.895698303 -3.716450322 -4.334363858 0.634218130 -0.383401005 -0.669804079 -0.046190139 1.870412749 -0.608409825 -1.668745218 0.001392416 -1.271349130 1.139291914 -0.018979154 -0.102313472 -1.069191827 -2.198659236 0.861644990 -0.591799551 0.443223264 -1.127679392 0.269757394 -0.994649435 0.367771682 1.846413493 1.350117968 0.004650245
36.647829304 -9.639943922 -3.438861188 0.766471650 -0.287780262 0.250251975 -0.516795589 -0.680977864 0.548658819 -0.430048022 -1.263817708 -0.720600567 -0.483615285 -0.039246132 -1.369674863 -0.836601979 -1.719107499 0.815757590 0.622888353 -0.288615369 0.651572673 2.358362001 1.376302092 0.205493074 -0.095602431 0.973475913 0.216051138
40.378897511 -5.825646175 -0.063424219 0.959060730 -0.175323119 -0.208382776 0.077723478 0.391882460 -0.071185662 1.483265646 -0.439229973 1.489404732 2.513739440 -0.265837518 0.828384034 -0.666264387 0.876631029 0.006623529 1.452893345 -2.266424473 -0.843858077 0.494156386 0.142988816 -1.878728653 0.242502739 1.327757044 -0.454444501
36.837980966 -2.725982148 -2.473192685 -0.581146454 0.061954248 0.684823443 -0.435255468 1.095930166 -1.250933673 0.289811025 -1.298788580 1.247523451 -0.759701953 0.352300185 -0.527820903 -0.282718057 -0.919257516 -0.053118880 1.157779137 0.064559655 -0.403396736 -0.675277993 0.353264402 1.250851692 -0.342337349 -1.392250143 0.522093481
28.026096672 -4.573957109 3.281681835 -0.466844158 0.683392004 0.060727319 0.557982163 2.052634250 1.095522270 0.979751444 -0.645210325 0.705044236 0.977656165 -0.644816905 -0.007215143 -0.695897857 0.080119150 -0.698647464 1.765323112 -0.151440166 -0.565081220 1.010427690 -0.842358029 0.941469345 0.794565844 1.325002781 -0.923260346
35.242223797 0.234592472 2.267471097 -0.770695109 -0.542497866 -0.267582920 0.200310995 0.083929459 1.049615050 0.835189456 0.397950673 1.104668168 -0.159102571 -1.126114916 -0.122845888 0.852659486 -0.163901480 -1.367434824 1.074652183 -1.833419572 0.744556109 1.088687398 1.086759018 -0.443768600 -0.431406062 1.435592538 -1.444992921
31.420093967 -3.653035152 7.975712505 0.363563942 -0.767716930 0.016616863 -0.527404831 -1.117228650 -0.541369881 -0.651825337 -0.417001273 1.193524829 0.990973108 -0.457223929 1.977873751 0.717006436 0.494043541 0.645295494 -0.691180651 0.498365001 -1.038798018 -0.885367627 0.700221921 1.903711463 -1.334660194 -0.842334835 -0.191296531
29.497664888 -3.279807854 7.316883433 0.642570666 0.163682376 0.032368670 -0.747839079 -0.776222181 0.190382983 -0.051980973 -1.234377412 -0.911777630 0.669813081 2.289328235 0.771204890 0.912934917 1.533062243 -0.629136530 0.495074336 -0.258990316 -1.014098832 -0.586659329 0.336474974 0.470079010 -1.872176483 0.527889483 0.252962943
25.685780672 -13.952118556 -2.894838121 0.739834381 -0.332945325 -0.057859146 -0.581760104 -1.271601653 -1.073444109 -0.104021639 -0.951085018 -0.895932179 -1.207456549 0.664390496 -0.238642114 1.803714439 -0.872060686 -1.460654490 -2.855429325 0.772386309 0.686326105 0.452986145 0.276535674 1.327191685 0.042763850 0.602458021 0.258094471
27.617254010 -11.051713586 0.246424506 0.075593383 0.734910771 0.627818536 -0.245021806 -0.428340385 -0.237071107 -1.844251587 1.377944208 -0.341485340 0.607191210 1.586112251 -1.660793887 -0.206777745 -0.495657469 -0.210482339 0.460846949 -0.251789251 0.725079488 -1.630257165 -0.196299331 0.243295914 -1.118877203 -0.588386010 0.659604002
32.551213531 -3.529826882 -2.147389479 0.593852189 0.291742585 -0.072289304 -0.746324392 0.344009918 -0.987234461 0.542423255 0.635292060 0.648928104 0.816757331 0.544400193 -1.072164555 1.120950222 -0.173288567 1.095697084 -0.730926715 -1.017512508 0.253694688 -2.764351926 -0.778808984 -0.125169310 -1.206438830 -0.360334061 0.129857484
38.795443798 -15.591745955 0.470198804 -0.430913503 0.327525044 -0.744370126 0.391093357 -0.666073519 0.400050193 0.852105134 -0.099306302 -0.292128913 -0.352416013 0.293407451 0.614012293 -0.303121529 -2.548479322 1.520975789 -0.342649047 1.059085048 -0.268944966 -1.425368734 -0.263541541 1.008489048 0.040955338 1.414678753 0.904662381
38.147351567 -5.530214524 0.496209543 0.637413039 -0.108134835 0.044668241 -0.761587962 -0.083229167 1.164211712 -0.491924567 0.479184216 -0.400783594 -0.802521258 -0.172134809 -0.098861794 1.872855195 -0.918252714 -0.143049652 -1.226583651 1.552402335 1.074684270 0.886944578 -1.096280476 1.420799750 -0.140229730 0.088962757 -1.351923226
25.654195710 -3.804369678 -2.097144291 0.125977248 -0.716838286 0.483257194 -0.486554302 0.699085570 -0.899937147 0.464015692 0.815530091 -0.768063211 0.587519430 -1.641680131 0.280378056 1.402351725 -0.391206708 0.493196798 -1.561757417 -0.221998954 0.640167285 0.533979082 0.500406489 0.673470823 0.561231092 1.183070709 0.953761261
32.299897034 -7.235016117 -7.428059774 -0.495631945 -0.790442708 0.340517244 -0.116607492 -0.684823288 1.734360089 -0.563206116 0.955532634 0.476669785 0.199331567 0.054319554 1.120071094 1.587771264 -0.136977145 0.168301026 -0.640489537 -0.636148527 1.247890067 -0.944227718 -0.796786009 1.742105183 0.102897713 -0.312118738 0.580995962
31.806371678 -9.957375160 2.301813964 -0.583347403 0.446994176 0.455583957 0.502339797 -0.645203218 -0.173235811 0.771861848 0.525807352 -1.503781803 -1.048673468 0.543847024 1.095991259 1.046620673 0.850542601 -1.541049465 0.611334907 0.346182053 1.843575896 0.604180760 -0.481768207 1.076048911 -1.824630684 0.406159432 0.994283226
23.568768471 -12.763214868 0.014988331 0.327425219 0.794928491 0.351713847 -0.370376551 -1.516310269 -0.183389759 0.663778700 -1.090292710 -1.363779999 0.980058025 0.523023126 0.805486231 -0.769285567 -0.480235419 -1.643129954 2.901945023 -0.358542034 -0.567768430 0.163453946 -0.304277901 -0.215136953 0.686192422 0.008509255 0.397345155
38.108489816 -3.573361579 0.731230555 -0.020422675 0.348954528 -0.874240272 -0.336923727 -1.243824474 0.208707777 1.704704753 -0.035770515 -1.535735859 -1.180522798 -0.487888326 -0.567576582 0.540024910 -0.771628918 -0.064002128 -0.012611520 -0.211033349 1.172280403 -0.990905486 2.313301063 0.759839723 -0.179247842 0.263683350 0.910035338
27.539693227 -9.011599102 -2.671750074 0.710595091 -0.015733796 -0.697218080 0.093241693 0.734252714 0.516689245 -0.281874249 0.131335412 1.333001768 -0.421155920 1.254398608 0.065719690 -0.809671381 -0.044268597 0.025981401 0.075712805 1.530805373 -0.988371406 -0.090006282 -0.435609416 1.388316854 0.611930016 0.343465772 -0.380983183
32.886728754 -10.019814446 9.176002319 -0.164868435 -0.622262820 -0.722739266 -0.251506134 0.848426884 -0.022368849 2.602882348 1.589825459 -0.716842170 1.637056084 0.940744833 0.165903186 -0.887599619 -1.225120012 1.347646218 0.955948446 1.701277951 -1.680988663 -0.007643688 -0.155846432 0.108696383 -0.108637146 0.095490754 -0.784925925
27.189657792 -15.948049110 -2.046968288 0.392781651 0.907802650 0.147020605 0.001365922 -0.709891317 1.369910266 1.000510518 -0.062559965 -0.781695211 0.202609646 -0.956032558 1.005132508 0.508258094 -0.912685626 -1.511220110 1.902379663 0.576897894 0.490969946 -1.587237113 -0.304125104 0.347762328 -0.383034305 1.353941500 -0.396538643
31.360384071 -15.750998448 6.100242814 0.449959954 -0.733053682 -0.294452887 -0.416492300 0.545479029 -0.404068706 -2.404505926 -1.933701264 0.039673757 -0.389698912 1.221672066 0.028266302 -0.857425450 -0.724645086 -1.213131390 -0.367873221 0.240032592 -0.053509205 -0.135550188 -0.812379812 -1.049707240 1.271912112 0.605429054 -0.469461428
28.035476571 -7.043281428 0.180428330 -0.513038054 0.091843189 -0.849735181 -0.079416031 -0.218567328 -0.041964613 1.114824300 0.135785633 -1.816418882 1.079078538 0.922859447 -2.793320089 0.890627647 0.576621311 -0.575814659 2.485468655 0.367318061 -0.493810278 0.022355344 -0.363220857 -1.180731126 2.540233098 -0.986577173 0.863612854
31.068526035 -9.779867687 -3.729838603 -0.682181292 -0.710688268 -0.006441955 -0.171782923 -1.144944517 0.473747961 -1.109914601 0.238285117 1.596063441 -1.829712543 1.648280265 0.757328977 0.716459754 -0.463338372 -0.094648425 1.507287143 0.089856526 0.059362780 -1.869572090 -0.372892503 -0.981470356 -0.696465820 1.789559181 -1.150214299
36.042020907 -2.350852925 5.167836844 0.809444528 0.513211596 0.094967346 -0.269062478 1.933890463 -0.438442505 -0.066283349 1.393265723 -1.068327760 0.001587675 1.427775959 0.001378001 0.346891520 -2.243838420 -1.127331663 -1.461006851 0.331010341 0.033166097 -0.396394137 0.604360895 -0.888810468 0.153341610 -1.706913084 0.363576566
