-46.443544170 15.565917733 -27.997884803 0.435210040 -0.329980638 0.837671124 0.003476635 1.509602639 -0.190111313 0.013533826 2.638667257 -0.223348276 -0.882297510 -1.280622703 -0.866869031 -1.474210755 0.652035547 2.298919431 0.058605648 -0.775764693 -0.744059286 -0.702725773 1.108117671 -0.206196449 -0.199043239 0.606950117 0.264954569
-35.081955370 10.534040516 -27.356929352 0.849931820 0.103519492 -0.196784987 0.477676967 -1.419446561 1.124982072 0.228363552 -1.926093045 -0.002326836 -0.078309122 1.091028746 -0.121131019 1.766550999 -0.835938899 0.828819165 0.110639270 -0.085747003 1.318085056 1.990789421 0.314316135 -1.335331865 -1.561815471 -0.872050412 1.191513777
-38.915270498 24.253458340 -24.319167757 0.357358888 -0.294133645 -0.341517579 -0.818013305 -0.580789932 1.511408747 -0.259299873 0.155895613 -0.488267308 2.248546561 -0.540590559 0.372050723 1.992895263 0.407153942 -0.729083664 0.901866872 0.161953792 -0.390483567 -0.813680488 2.166717204 -0.677586040 1.009077435 -1.236059489 -0.806746985
-34.827636616 19.756818054 -27.741531712 -0.283334123 -0.745133215 0.209541294 0.566207305 -0.484575190 -0.466364392 -0.239280152 1.028603059 0.009106973 1.511044888 -0.429620105 0.153258377 -0.914815625 -1.189603046 0.583405868 -1.683328733 0.300188926 1.287581979 0.134166708 1.356149335 -0.705355535 2.414402302 0.042134615 1.442019978
-40.016036213 13.086559944 -24.553681675 0.545402145 -0.298176311 -0.457250489 -0.636041962 0.263465000 -0.628326048 -0.455315750 -0.894577188 1.088002773 -0.305193257 -0.562684692 2.438773771 -1.317573053 0.284999257 0.317400086 1.786091269 -0.769241108 0.449896906 -0.327910243 0.239415929 0.183778503 -1.889749356 0.694143010 -0.164562038
-38.617999532 10.720930632 -23.058913464 0.246039576 0.398775525 -0.062583148 0.881207102 0.740760095 1.555320059 -0.065692541 -0.960682673 -0.481886532 -0.492710946 -1.424932871 -0.494685335 1.264967466 0.000265305 -1.644535764 0.164073920 -0.779701289 1.219571005 1.046370999 -0.584190654 -0.822614387 -1.342482198 -0.610233186 -0.104720993
-48.984052868 16.671291612 -20.568987151 -0.434118907 0.550680156 0.291411092 -0.650670205 0.588841154 -1.925417512 -0.014863908 -0.920163374 -0.503169218 0.387537086 -0.873360150 -0.925220924 0.122975035 -1.551528058 1.258358550 1.201575842 -1.099480711 -1.884251388 0.804647461 2.375085014 0.056954455 1.488673062 0.420374019 -0.092836598
-36.935725108 11.566787644 -27.548830005 -0.331919227 0.261754597 0.731619410 0.534833803 0.069215872 -0.193460222 1.809253067 -0.792580344 -0.902665178 1.118685647 1.391665466 1.372298419 0.378009672 0.844493559 -0.586957174 -0.333933977 -0.341434265 -1.113778228 -2.037009342 1.937227328 0.895135172 -2.199615097 0.504117863 -0.079029263
-38.031300991 24.634317168 -22.457732609 0.092658634 -0.174246865 0.581802694 -0.789023468 -0.376976393 1.241826639 -0.630850800 0.412689015 -0.164702152 -0.944011324 0.142773088 1.012764567 1.292928172 1.422438382 1.985032707 -0.786056207 0.213713616 -0.867262742 0.942759172 1.053987111 0.634110059 0.562310513 1.249651942 0.701838859
-37.319915526 10.936250780 -19.593827752 0.702430197 -0.457401379 0.441589603 0.319960028 0.464130155 0.314103354 0.565481114 -0.748360042 0.151575200 0.610905859 -0.511847760 0.389915604 2.540233645 0.155343127 1.049997452 -0.199821340 -0.366089874 -0.443145683 -1.072506018 0.585729564 -1.282692859 -1.440329005 -0.394194434 -1.202113399
-41.421467946 17.998500447 -28.234037384 0.458782335 -0.137798184 0.188947418 0.857221852 0.481725763 0.800770911 -0.330833256 -1.200660999 -1.093946443 0.031827624 0.633683567 0.120382076 -0.072199633 -0.520476072 1.108863107 0.272886409 -1.717559156 0.649304871 1.206250018 0.668699084 1.471387837 -0.214060856 1.217073657 -0.265823291
-44.559447558 24.226912986 -19.471154951 0.565965399 0.218509971 -0.522211741 0.599359205 0.555853352 -1.250126993 0.478295977 0.619440014 -0.363406746 -1.563091854 0.914106829 2.080489616 0.036189345 -2.561271503 2.039326989 -0.837360750 0.086791578 0.261301398 1.182784266 0.935651188 -1.097085396 -0.950259108 -1.860711819 -1.088533464
-45.498530731 21.569735873 -19.724528410 -0.534444701 0.681195021 -0.294695142 -0.404347597 0.095328366 -0.824311555 0.532305896 -1.505064402 -0.300276892 0.716276775 -0.275957858 1.078736843 1.141746660 -0.360401979 -2.264249601 0.424703535 1.036991154 0.762745591 1.654723738 -0.799877101 0.808733365 1.349531459 0.109412636 0.009765724
-39.512864630 22.502190841 -26.621866283 0.177113997 0.953608941 -0.220254720 0.103674869 0.090402741 -0.960559034 -0.472663566 1.079096922 1.367901205 -0.141452669 0.576447972 1.050763030 0.768395365 -0.071189104 -0.977601211 -0.354487719 -1.080835489 0.939062051 -1.376980823 0.153065238 -1.715421707 -0.180375463 1.131379461 -1.063437239
-47.749410688 15.963210863 -29.945857153 0.307896962 0.839539856 0.192283872 -0.404226673 -0.510414192 0.418896881 0.086209757 -0.826837989 -1.440843599 -1.112295711 -0.443605423 -0.038323711 -0.870588206 -0.411578375 -0.362622661 0.718223565 1.415079535 -0.208318301 0.130984027 0.963943112 0.429516846 1.351767582 1.069829919 0.386890093
-47.706508216 22.502062328 -25.585262010 -0.406874000 0.695236689 -0.358763536 -0.471580555 0.003382241 -0.437784095 -0.761021118 0.746523587 1.129668207 -0.402644394 -0.966194373 -0.025559537 0.244245035 -0.580265989 0.561742841 1.950145885 -0.168911126 -0.927102613 -0.843677869 0.449316533 2.038286766 0.999119678 -0.037706100 0.132986210
-44.309472388 22.323672684 -22.643912656 -0.612807698 -0.511888155 0.464235091 -0.383305390 2.273306466 -1.868499969 -0.039562411 0.153622140 2.215624980 2.028775679 0.805341175 0.229746938 3.175295338 -1.603293193 -0.873703787 0.208397084 0.856792776 -1.338367295 -0.432793194 -0.133640243 -1.281914474 -0.441297886 0.517565006 0.460243204
-43.742531973 15.951493798 -27.957067463 -0.492476737 -0.402192345 0.708029070 0.307250414 -0.185348546 1.306632633 0.715973204 -0.996033851 -1.817471516 0.448527670 0.357131755 0.887674723 -0.105488518 -0.099504784 2.752660297 -1.427492693 1.239469131 0.553970319 -0.560704657 -0.003418288 1.493088085 -0.883341074 0.389695287 -0.229013784
-38.636159734 12.626851121 -24.675222633 0.074590345 0.535467179 -0.388304966 0.746277719 0.969649917 -0.738603458 -1.905673499 0.472668760 1.764412551 -0.123878053 -1.472303280 0.742107277 -1.031856613 0.261853302 -0.131272881 1.023561841 -2.025565321 -0.521867889 -0.192723318 1.031323994 0.149166986 0.588172878 -0.339511538 0.145310304
-45.380561729 20.178597726 -16.746531345 0.941383498 0.034610787 -0.196824868 0.271770445 0.929504456 0.349283666 -1.622998546 0.555446207 0.191920929 -0.926640644 0.937452471 0.325533374 0.850602054 0.232535764 1.300511752 -0.653247182 0.432858231 1.833211495 -0.186320385 0.728052836 0.366306958 0.678410543 -0.874028330 -0.905585882
-36.023480573 22.347056632 -27.221283713 -0.389670121 -0.542129615 -0.694065547 -0.269305949 -1.440520795 0.494102335 -0.993208879 0.165787488 0.079605205 -0.024891929 1.222029369 -0.432780910 -1.409258996 0.363274001 0.238925138 0.402365339 1.414868980 0.656135372 -2.120107234 -0.899987862 -1.906886677 0.792105010 -0.679399843 -1.036969701
-47.760968769 16.922463915 -19.299590763 -0.447561996 0.714090288 0.393054758 0.367792438 0.597800119 -0.508198829 1.179725616 0.163823150 -1.695849691 -1.227142049 1.551152209 -0.019327715 0.350211283 -0.807044968 1.040214031 0.751529090 0.191339120 -2.552820079 -0.205993027 0.880196199 -0.192150362 0.168889107 -0.439089255 -0.405945836
-37.428141068 14.405996660 -29.863440351 0.505657119 -0.560456386 -0.559046631 -0.343025336 -1.225836925 1.346509857 -1.861238698 0.585705357 0.695683692 -0.174291358 -1.356014612 -1.063127166 -0.730492497 -0.273983847 -2.075822615 -0.247690295 -0.005598377 -0.835013810 -0.545243925 1.960546930 0.697314071 0.363394975 -1.333958826 -0.431335506
-44.801042450 12.987583721 -16.128486982 0.536809457 0.126455566 -0.388564939 0.738147604 -1.309445215 0.117641493 -0.538733595 -0.839413802 0.179193910 1.727512884 1.112941142 2.307660877 -0.994811107 -1.176353129 0.870801903 -1.949433954 0.324896204 -0.441855218 0.267037479 -0.352093781 -0.124748684 -0.499929695 -0.418639518 -0.469108847
-47.831008664 11.494844665 -27.799613127 0.944666123 0.126445507 -0.041170029 -0.299870769 -1.069404868 -0.900310179 0.240301982 -0.071847515 0.965979385 -0.981166189 0.199183016 -0.612864174 0.368544791 -0.130749518 0.567209753 0.096145311 0.177361146 1.934708253 -0.398382437 1.007043424 0.431041284 -1.482586473 -1.285093296 0.052129554
-49.158983822 13.737788010 -31.355795133 -0.213971127 -0.356608379 0.101478302 -0.903741653 1.135631645 0.080062634 1.380106346 -0.553187339 1.735069586 -0.805391069 -1.692108513 -1.002433561 -2.116226091 -0.957270019 2.744260597 -1.637200886 0.397430551 1.446598024 0.729778052 -1.364216528 0.237023263 1.688847411 -0.523448075 2.315293294
-46.682079367 13.386254789 -27.982318437 0.034844744 -0.764765315 0.142395578 0.627410038 -0.704028195 -0.899798702 -1.518891514 0.817493404 -0.690066282 0.832699656 -1.018660598 1.571287288 0.805543626 -2.765284373 -2.509166666 -1.186158557 -1.677187090 -1.430201861 -0.301660964 -0.628835738 -0.107253533 2.835219451 -0.590646449 -1.283343931
-42.977795365 19.253752460 -21.088841808 -0.069019850 0.831041559 0.453302262 -0.314838446 1.089162615 0.478086011 0.807485764 3.080225407 -0.168883419 -0.596344108 -0.695958257 0.496632542 -0.730019752 1.537733281 -0.577954897 0.436467798 0.357462687 -2.001418884 -1.363203349 -1.648533151 1.352644838 -0.364787931 -1.204142460 0.923563711
-42.567166675 8.923872470 -26.361310408 -0.542974883 0.179513860 0.632330919 0.522599903 0.223256490 1.025231979 0.944116135 1.134585474 -0.682006115 0.779572130 -0.179363398 -0.462642832 -0.130122438 0.860294878 0.844738478 -0.808303699 -1.589521240 2.101742481 -1.201139113 0.104771810 0.801816694 1.797168402 -0.841284283 -1.184054962
-45.299858690 9.030564178 -27.001789388 -0.092416229 -0.327874296 0.365852611 -0.866088652 -1.493999970 -0.989506252 -1.590277833 -0.410503859 2.423230095 -0.069898159 1.075251711 1.115677795 -1.010761358 0.225538560 0.135472016 -0.141794302 -3.268174177 -0.021788764 -0.190442953 1.180464923 0.447078571 2.580040778 -0.225767136 1.325945685
-34.526490057 13.706016357 -22.018026852 0.323164632 0.368852038 -0.512813438 0.704652519 0.732262971 -0.779412702 -1.585113930 -0.654640283 1.153673405 -0.069327244 -1.285599017 1.268278386 -0.118970273 -0.457622137 0.934244153 -0.486391576 -0.692984623 0.261320510 -0.697824683 0.656546452 0.747170008 -0.300757446 -1.286714273 -0.503525550
-36.941300951 17.566908935 -19.202451515 -0.539998542 0.212035871 0.187209536 0.792713664 -1.211355376 -1.745805024 0.490956954 0.071260516 1.917974623 0.587230651 -0.697279374 -0.380038239 1.646397662 -1.244921513 -0.916971076 1.558247289 0.211879510 2.114139126 0.264658094 0.379959925 0.692953859 0.429100508 -1.624054258 0.853528316
-47.673305578 20.921207981 -25.989291088 0.860754829 -0.394650930 -0.234591133 -0.219815306 0.557417856 0.039250114 -1.728275305 -0.123975300 -1.408934568 -0.357093996 0.913657485 1.987171414 -1.207743362 0.585841735 1.007976428 -1.457344392 -1.546313875 -0.081984767 -0.916251141 -0.916712980 0.369901140 0.815587987 1.814969096 -0.536808944
-35.648987375 19.317479386 -26.161137037 -0.833758076 0.004698524 0.083739568 0.545722530 -1.239906799 0.485264072 0.941939090 0.636819566 -1.546784949 0.558041703 1.515755141 0.148375501 1.871074481 1.167159444 0.992999887 -0.458810156 -2.876467849 1.182405310 -0.246744992 -0.210441775 -0.840364753 -0.310149596 0.700943781 0.255314234
-35.844520474 18.524341848 -30.722627638 -0.123034797 0.924936701 -0.330935911 0.140840200 0.673881462 -0.632733604 0.412795507 -0.038493589 -1.731606521 -0.592138262 -0.915013444 1.338729709 -0.222656682 0.209442910 1.148590015 0.559616468 1.716303007 0.282246802 1.529626687 1.337618277 0.800685119 0.005330403 0.596256425 0.074525692
-41.769072195 21.228886186 -32.464379764 0.109415312 0.991748880 0.023303338 0.062605134 -0.928249708 0.089428840 -1.014855938 -0.971553225 1.247127946 0.922247207 0.410986918 -0.532610409 0.693659168 1.046543192 0.153496632 0.698892023 -2.510370316 0.150337484 -1.458907415 -0.106252554 0.699528686 0.783852053 -0.039368358 -4.171592518
-45.042343954 18.637473789 -33.394538598 0.883783336 -0.065168588 -0.027713403 0.462506256 -0.461741011 1.185069792 -0.826771399 0.019513149 -0.219921988 -0.481878427 -1.056652872 -1.093678598 1.451038453 0.048847303 -0.306210628 -0.787378549 0.058342289 -1.341610844 -0.421961113 -0.392390533 -1.554166248 -1.628876559 -0.562263049 -0.405584162
-40.116191767 10.954269932 -18.226492198 -0.474593451 -0.081992004 -0.870892571 0.097900450 -1.365217151 0.252648120 -0.287742714 0.658778756 -0.915425871 0.227623892 0.370253440 1.461382264 0.349410879 -0.335573986 0.158037266 0.906035722 -0.098044379 2.662166790 0.752373772 -1.326559464 -2.048499859 0.496957540 -1.702945806 0.827672475
-35.647982884 14.527083383 -23.307216124 -0.099902714 -0.334976055 -0.909649422 0.224384534 -1.853318694 0.107578391 1.998504160 -0.938391054 1.500374181 -1.324096787 -0.260908553 -1.123017231 0.184287958 0.209965396 1.538233597 -0.882596037 1.224153903 0.313911885 1.144667608 1.835294057 -0.841199594 -2.599661991 -0.259255760 1.086225655
-44.432972468 23.091326942 -28.400551795 -0.716591510 -0.035173559 0.217874632 0.661657066 -0.422370094 -0.028803128 -2.029423001 -1.118484795 -1.506265498 1.052936434 -0.853968024 1.418922100 1.208275642 -0.381185131 0.640228332 -1.093458780 1.031854605 1.080567899 -0.023713490 1.355358199 0.570000164 0.202042366 2.029797925 -1.553048526
-39.706395860 14.247661786 -15.842163851 -0.437097150 0.324837545 -0.116281144 -0.830605409 0.907043916 -0.735517648 1.064826203 0.701318809 1.894711864 -1.365938017 -0.076492773 -0.339008291 0.422522620 0.488222742 1.046224985 -1.326526838 -1.511178795 0.286920563 1.052674088 -0.773134693 -0.074498437 -0.673285643 -2.156103994 0.236935987
-43.008534497 18.893854575 -17.296537905 0.527737452 0.810688510 0.112074355 -0.227412975 1.630213357 0.392598639 -0.563695116 0.106938757 0.837191985 -0.861507363 1.079467909 -1.643823355 -0.221252470 -0.148908598 -0.679689721 0.373557857 -0.134429463 0.033334746 1.575992743 0.421747393 1.270635612 -0.311222699 0.938869721 0.103732399
-35.200466644 9.745403370 -26.306175285 0.684005226 -0.344666712 0.633714046 0.108389188 0.096202583 -1.296512817 -0.429363471 -0.015481496 0.705544553 0.556286667 1.787138198 -0.679315608 -0.416108672 -0.464475362 0.915539192 -0.754782347 -0.401468031 -0.204172204 0.399892822 0.919698051 -1.808876976 0.050385417 0.543245828 -1.094520969
-40.038951114 9.232931610 -31.349323597 0.310822437 -0.100903743 0.832926785 0.446587974 -0.199043624 -1.000072029 0.029551181 0.813931370 -1.129875218 0.147157945 -0.110808885 -1.971463739 0.544007371 1.232626679 -1.447394891 1.073120363 -0.836323116 -0.663759128 0.595863573 -0.807182562 -0.689203068 -1.800517999 -0.409660062 -0.497771865
-50.425065339 20.167205535 -27.952477077 0.318710979 0.043408874 -0.236181500 -0.916928176 0.050537851 -2.695649833 0.137636948 -1.183716890 -0.436219755 -0.980132503 0.527635588 -1.344217352 -0.302832961 -0.334204241 -0.074364192 -0.078099956 -0.203378146 0.531791711 0.863355950 0.767091872 -0.417343510 0.428942440 0.229377083 0.880693251
-39.236655028 12.028084098 -22.164335842 0.533201924 -0.612071260 -0.297573882 -0.502507976 0.298851473 1.055299775 -0.719455408 -0.104207578 -0.736480776 0.563839160 0.186295326 -0.711255919 -0.554805362 0.708874863 -3.065109638 0.766465064 0.713918266 1.388218693 -0.722871256 -0.672060162 -0.654632731 -1.130184156 -0.868481879 -0.072966211
-48.290936675 13.398183079 -28.311657587 -0.293661484 0.050928853 0.005483206 -0.954536075 1.756239710 0.047694548 0.107420284 0.320345406 -0.328981210 0.771805980 -1.015999142 2.159457104 -0.487341023 -1.089297392 -0.928548509 -1.145893589 0.938582673 -0.597555837 0.337562989 0.518575894 1.186732871 -0.904028073 -0.932719509 -2.615435695
-33.377335388 18.547579755 -25.841502674 -0.585643132 0.686578731 0.116505315 -0.414799084 -0.385203770 1.242936825 0.694659344 -0.622813036 -1.254647506 -0.528085899 1.535177416 0.436194888 -0.381903483 0.042040258 -0.780115529 1.177867480 0.383992173 0.975932519 -1.172556348 -0.471574216 1.330275688 0.523077592 -1.238260334 -0.168266539
-38.060526364 9.517591438 -24.099733038 -0.148123006 -0.926949373 0.206659610 -0.275891720 -0.249767117 0.644219190 -0.107411584 -1.439025194 -0.882481698 0.224538572 -1.094001059 1.852132470 0.494258236 -0.008081127 2.451805515 -0.433861660 -0.876217023 0.456301341 -1.800805037 -0.473320899 -1.879133865 1.970977991 -0.860944345 -0.751136387
-47.842270830 16.867985954 -22.660722138 0.847204901 0.061782569 0.278160841 0.448389693 -0.201375133 -0.143667463 -1.067342840 0.440922512 1.839400829 0.320638846 -0.101061076 -0.165694506 -1.128571250 -0.860072610 -0.777580644 1.107461481 0.761286802 1.659372076 0.948394813 -0.728188337 -0.774456851 -1.179443458 2.023605700 0.570580664
-45.049185492 18.146474407 -17.192627766 -0.389216176 0.100989976 -0.476414662 0.781882896 0.794100153 -1.792381057 -1.418330447 0.478014306 -2.264334495 0.652107000 -1.243404490 0.223734288 0.280309659 -0.697452173 -0.637774020 0.417310198 0.783920914 1.116146724 -0.662098820 0.474618492 0.909306721 0.112538037 0.247187373 -0.003173145
-46.809372316 19.150662829 -19.248453658 -0.609740249 -0.469434111 0.590623563 0.242924373 -0.111280318 0.608734353 0.287430075 -1.738279570 -0.394053863 0.483207887 0.728280407 -0.243678802 1.074944352 -0.669816034 -0.344871477 -0.016722268 0.140128790 -0.940997803 0.253910851 0.152340306 1.187632169 0.209772526 -1.256935918 -1.006455122
-38.293386224 13.858473937 -33.026798381 0.252162872 0.000888218 -0.730673365 -0.634452150 0.194408291 0.505428864 -0.539351964 -1.469891208 -1.499172081 -1.107260523 0.211444998 1.381519788 0.737860671 -1.024819754 0.650647627 -1.757630695 -0.761429962 -0.561967925 -0.406095899 -1.685368486 -0.557884071 0.591155953 -0.125180645 -1.672095605
-44.419428291 23.194821555 -18.280278415 -0.369562235 0.228929567 0.619093526 -0.654016982 1.509181695 0.130780622 -1.277096294 0.180452841 -0.378220001 -0.925029325 0.164692923 1.527039125 0.276840652 -0.582689883 0.191627909 0.546544562 0.270540311 0.325724125 0.726293115 0.191108335 -0.939469068 0.086935825 -1.775639298 -1.071356013
-37.054176986 18.144688476 -28.442214292 0.074790085 0.935095142 0.055089954 0.342006749 -1.072292518 -0.297446225 0.025287969 0.149305046 -0.732881811 -1.445958635 0.678328224 1.029766045 -0.159826362 0.025293167 2.273618350 -0.920643260 -0.024223708 -0.568485167 0.658522686 0.012614943 -1.136530166 0.080365119 0.244346818 0.144085205
-43.094221056 16.664075702 -21.691778327 0.766538330 0.349569871 0.332610398 0.423780859 -0.018989656 1.324360446 -0.078206453 0.282679566 -0.353382474 1.031464524 0.322881584 2.001106792 -0.163486941 -0.356153411 0.517135275 0.373348241 -0.477828173 -0.835820798 2.096675515 1.230538397 -0.110561724 1.934477274 -1.663276072 0.293120723
-43.535486265 16.615579698 -19.712681282 0.025155296 0.915314115 0.009203585 0.401848948 -0.851042079 -2.801876265 -0.095756819 -0.567040899 -0.346629353 0.676176428 0.360166585 0.189043433 0.242517401 -0.574706677 -1.103617670 0.213841982 1.087597151 0.887600189 2.203067634 -0.251540451 -0.868952449 1.389984162 -1.342610851 0.768950980
-41.010944439 8.373658897 -25.888280566 -0.992603572 -0.032290946 0.002950135 -0.116990340 1.794712049 0.832197270 -0.452010678 -0.358308848 -0.725726533 0.314603100 0.153254527 -0.729289664 0.565638431 -1.238931031 -1.017813149 -0.669042113 -0.656257522 -1.094537120 -0.286193681 -1.080859467 0.359388169 0.229495007 1.016057974 0.297151657
-43.470359337 20.708379591 -23.699120454 -0.024206878 -0.311012989 0.940862161 0.132148938 -0.998681472 1.357227507 1.303647295 1.226619955 -0.595136893 -0.747197086 0.990175934 1.003676983 1.638980167 -0.566791163 -0.587953728 0.720673618 0.705004963 0.380291819 0.221161294 -0.804753392 -0.426238994 0.135996792 -0.125219427 0.274764740
-47.871249070 17.891261498 -31.907719785 -0.252053465 0.616768689 -0.427970233 -0.610661048 1.006812934 0.407477229 -0.849493204 1.095502030 -0.436099398 -0.427796067 1.507506777 2.154009784 1.589880583 -2.326975258 1.119160238 -0.873851501 0.234840946 -1.261359661 -1.781214982 0.449016039 -0.049391619 0.951628876 0.425055589 -0.933850964
-38.167266549 13.654791198 -21.266896319 0.493123220 0.368454187 -0.058834302 -0.785881370 -1.502902923 -0.000925759 0.332166648 -1.028703697 -0.126409302 0.652457135 -0.609570751 -0.910334974 -0.397652215 2.816333981 -0.776089396 -0.334031378 -0.731703021 0.917035913 -1.251023668 -0.683776859 -0.640582189 1.805685022 0.127451414 -1.512174329
-48.851542643 10.700289034 -25.451936637 0.228097955 -0.015057324 0.970780696 0.073003017 -0.514374559 -0.908732484 -1.293167972 0.816103806 0.025213919 -1.180665727 -1.134412240 0.005447884 0.579700709 -1.915432039 0.304103496 -2.334596960 0.320495345 -1.236697456 0.350561302 0.037213760 -0.391514600 -0.302914613 0.594844735 -0.061302187
-33.121640628 15.103184442 -24.131536089 -0.862947477 0.472316760 -0.177505390 -0.027025288 1.173729689 -2.967759072 0.279296276 -0.069287449 1.708984865 0.084596544 0.818655435 1.250815462 1.120090047 -1.860478110 0.596968600 0.668188222 0.794749686 -2.367772424 -0.484855164 0.127604143 1.150510014 1.013863352 2.006891016 0.467418878
-36.935818979 23.869834308 -22.286417448 0.240412316 0.119716798 0.948818387 -0.166173029 -0.496154937 -0.479607190 -0.134214256 1.818972260 -1.469417178 -1.324056059 1.084747645 -1.487832181 -0.859405215 2.171373692 0.212592469 0.471263102 0.085752613 -0.264388232 0.796209787 0.112625115 0.453563591 -1.149215169 -0.638409381 0.436538304
-40.964638895 8.991332589 -21.328415938 0.826358965 -0.249068328 0.236307852 -0.446379241 1.957047859 0.036488805 0.028279144 -0.967692120 0.457492138 -1.838012405 -1.039396043 0.594775428 0.275084266 -0.359855236 0.986040629 0.382365355 0.944415645 -0.132021735 0.083876423 1.633636736 -0.613981012 -0.172575785 -0.898058239 1.123705983
-40.209873459 24.356601173 -26.369386904 -0.216589418 -0.959537354 0.119489508 -0.134533815 -0.092013711 0.863063362 1.268181457 -0.242162935 0.770980407 -0.744659820 -0.104765223 -0.353795741 -0.822467334 -1.336459226 -0.402116023 0.461642838 1.712623873 1.153604473 0.137407006 1.021984417 2.427256443 -2.126125279 -0.185763725 -0.958980763
-48.201853297 10.643739433 -21.805510821 -0.217863116 -0.800368347 0.218780779 0.513888259 0.055533974 0.659054117 -0.266042272 -1.409644134 -0.608825766 0.641300082 0.747704000 1.183823183 1.653818537 -0.683849669 0.650957148 -0.255134841 -2.026037967 -1.711141666 1.721414011 -0.341962191 -0.155804921 1.053970583 2.304440492 0.186750916
-50.270422658 11.170788777 -25.354547830 0.367600072 -0.129383561 -0.881668920 -0.266063898 0.614616729 -1.484258719 -0.970553477 -0.552266688 2.245826100 -0.018790832 0.544926638 -0.377155866 1.022743345 -0.823028722 0.034811686 -1.072337495 -1.543765244 1.664886109 0.529166897 -0.385504769 1.409658332 -0.645523294 0.313845866 0.853649314
-44.277234044 8.501804558 -21.779077090 0.230350456 0.816262126 0.224248931 -0.479965859 0.197952017 1.631266339 0.798191380 0.229755946 2.687538312 0.032063946 -0.057767944 0.313326936 -0.214830112 -0.501249909 -0.269438133 1.237155422 -0.397338275 -0.454669094 -0.075672947 -0.270354341 -1.174905988 -0.732354592 0.624229495 0.073212654
-47.770520872 23.523488679 -23.976259943 0.858584394 0.324435361 0.322889064 -0.230905146 -0.048191565 -0.957484096 0.782387863 0.064053004 0.302163869 -0.997643988 -1.338489434 1.258443750 0.548019857 -1.106056598 1.249797943 1.617986628 0.802051009 -0.762478545 -0.920117461 0.593954440 -2.055443582 -1.271756173 -0.452381742 -1.041627288
-50.164271896 16.676728239 -26.447569598 -0.619093648 0.222756847 -0.011802467 0.752969550 -1.575646124 -0.653754398 -2.018736951 3.052294359 -0.336441723 -0.258169050 0.292810039 0.328699986 -1.738452663 -0.932252964 0.004700296 0.922461144 -0.617253625 0.429188116 0.014231189 0.854592050 -1.085704384 -0.011514685 0.186639677 -0.033830785
-40.084752607 21.017117513 -26.721574533 0.192984251 0.583451573 0.537984632 0.576986894 1.329005938 1.388938689 0.583581513 0.875796548 1.165738826 -0.785238292 0.298197642 -0.146448722 -1.664896533 0.176133981 0.675800637 -0.069776898 0.240161482 0.760216085 -0.084210720 0.127730052 -0.961361796 1.136453798 -0.735873813 -2.834611672
-48.929119812 21.187950987 -29.210668179 0.201746370 -0.585963824 -0.491020067 0.612245125 -0.565695956 1.251742679 -0.426862863 -1.879299215 1.087251555 1.693179918 -0.066244480 0.309870734 -1.411929172 -0.901111212 0.059652918 0.763603086 0.719109770 0.213217461 0.003003727 0.386424482 -0.502745246 -0.131701489 -0.747836903 -0.178232763
-37.426998584 20.413544435 -21.662082912 0.604335507 0.473655404 0.047888303 -0.638855120 -0.188066077 0.420710127 -0.737926119 -0.399407308 -2.258884353 0.573847542 0.962124335 -1.666665299 -0.710919678 -1.492141225 -0.418057844 -0.227613846 1.387295149 1.127192217 -0.439563302 -0.351114919 -1.574921394 -0.085146505 0.310109742 0.417598478
-41.861339730 21.452773689 -29.982380437 -0.429041869 -0.401922827 -0.417443234 0.692908552 0.708689916 1.175591264 -0.280042178 0.863640991 -0.114351157 -0.982106658 0.744316889 1.749401677 -2.457425345 -0.029529018 -0.588847762 0.410608474 -1.248842001 0.145985008 -1.122488096 -0.798240531 -1.829616554 0.593161008 -0.468590798 -1.265357391
-40.020863782 13.990247053 -16.142158810 -0.132859764 0.024654437 -0.109606790 -0.984747071 -2.023318302 -0.358621773 2.324360190 -0.415742873 0.090211585 -2.781011333 -0.306625882 0.613000805 1.552704174 -0.229659781 0.594364895 1.206061264 -1.962007875 -0.963778751 -0.286525373 -0.716982556 -0.262914243 -0.442845050 0.635120392 -1.631652542
-35.509340022 18.540331135 -31.292137130 -0.903426437 0.403711512 -0.144342497 -0.001712507 1.114388856 0.335797088 -0.131809057 -0.067557021 1.223168463 1.007704693 0.171163462 0.815067047 -0.530874543 -1.648750107 0.702139529 -0.638835023 -1.536944532 0.979874302 -0.135923916 0.557548558 -0.604140082 0.564098509 -0.234624723 -0.761858416
-44.809385334 14.994080417 -33.695115250 0.370994219 -0.255435581 0.214877617 -0.866569999 -1.134063421 -1.181668126 0.427481780 0.687098307 0.509757181 0.513858438 1.504224839 -1.330983160 -0.885630997 -0.484450918 -0.181420319 -0.917642989 0.126936933 -0.891339697 0.019579375 1.215861707 0.811491769 1.624184949 -0.184955015 0.517679523
-36.114610596 15.939762688 -17.880534290 -0.683858128 0.271044800 -0.326463643 0.593543820 0.292310354 1.087224910 -0.629156540 2.063152632 0.525202008 -0.869491853 0.407951959 -0.469483095 0.363437878 -0.094988805 -0.273190275 0.324333979 -0.014709187 -0.911608751 0.140274637 0.342886894 -0.446954371 -0.509041339 -1.840330653 -0.760193718
-34.589416092 16.454199450 -29.643890788 -0.649492839 -0.750981641 0.116978367 -0.022398425 -1.121517456 -0.303367047 0.114866722 1.902532539 0.322255952 -1.341893681 -1.135259695 -0.126125464 -0.604965542 0.425396017 -0.428243743 -0.224917584 1.701742278 -1.706721092 -1.123253055 0.643292338 -1.048849384 -1.147512715 0.362262374 1.699687949
-45.259305380 20.331737323 -30.518304016 0.531191973 -0.759618904 0.359331327 -0.108144375 -0.299270557 -0.681256637 1.100464398 -0.644743638 -1.187096948 -0.744413647 1.170124114 0.059618154 2.470348912 0.187821357 0.748010191 -0.266521943 -0.826864890 -1.009104859 -0.974838047 -0.329577975 -0.524848894 -1.007960704 -0.703668897 -1.267279972
-43.362020863 17.276853384 -18.663020672 -0.722298088 0.570231262 -0.099400990 0.378472222 -0.891207753 0.526807142 0.302009589 -0.025303318 -0.531114402 0.850874860 -0.601731588 0.080031172 1.201754959 0.652832658 -1.962926531 -1.201907168 1.989058946 -0.021280980 -0.591772004 0.907231357 -0.195544957 1.557160034 0.120414946 -1.946301709
-39.503094730 7.700530458 -21.960628771 -0.400840895 0.855942329 -0.311817981 -0.097256637 1.566108138 -0.541542867 0.305762470 -0.701940599 -1.087413482 -0.135708226 0.819280405 0.353318203 0.147935125 0.397740008 -0.688969313 -2.066163759 -0.850893088 -0.198484037 -2.263639077 -1.375619164 -0.004606774 1.176785144 -0.547207603 -0.339137776
-39.972312834 21.475499759 -27.572807964 -0.585490309 -0.059083064 -0.732342269 0.342615078 -0.651744235 -1.064745563 -0.003478761 0.885458793 1.725650162 -0.508763041 0.977352174 -1.432286060 -1.185570482 -0.922473459 0.593146032 1.310131469 -0.067000163 -0.160394878 1.891104891 0.755856705 -0.433222556 -0.966677700 2.762047551 0.046624189
-43.238143999 14.446311173 -19.522285108 -0.198583312 0.177421513 0.569302425 0.777805261 0.124610651 -0.996341206 0.181408760 -1.856070958 0.219216280 0.533725414 0.761988499 0.016967340 -1.247764696 1.156685383 1.048445820 -0.213750726 -1.259618080 -0.352146966 -0.074324539 -0.068701689 0.952424675 -1.378922086 -1.008330789 1.314385325
-50.607811435 16.743959841 -24.935249879 0.417088584 -0.196773511 0.114006357 -0.879954458 -0.653602718 -1.463701769 1.824559383 -0.917793509 0.938659065 1.610153465 0.851165149 0.313699711 -0.730483097 -0.938502582 0.095470224 0.694695120 -0.426423155 -0.058587702 0.319876602 -0.211531134 0.319761442 0.198949535 0.051879793 0.560379397
-48.231516113 18.981786476 -20.135420115 0.602678296 -0.721287654 -0.337780108 0.049270588 2.485659022 1.397556504 1.188039641 -0.548312489 0.301862428 0.945920113 0.812153561 -0.819532108 1.048182787 -1.561442501 -0.172466600 0.179656901 0.479056953 0.277575608 -1.114798249 -0.827368640 0.199751349 0.892821830 -0.059438629 0.442186113
-40.295672977 21.111864866 -31.241329332 0.417436594 -0.824894351 -0.212368870 0.316536668 -1.312537291 0.317165888 0.139009815 -0.108665821 -1.309479523 -1.084801927 -0.711251163 0.099630507 1.469551029 -0.694169435 0.275779461 1.630444673 2.199869808 0.051915905 -1.990881158 0.256288263 -0.438183943 0.676028533 -0.484198169 -1.289206289
-43.595338592 20.115850127 -31.843336975 0.721430524 -0.603219520 -0.241353348 0.239609623 0.163162487 1.129035052 -0.633125956 -0.598017648 -0.370062284 -0.335553725 -1.268298622 0.276562255 0.701589033 -0.775936654 -0.061653854 1.630900347 0.303779740 -2.649934488 -0.946056651 0.475649876 0.180705525 0.956670127 0.045904425 1.487331620
-38.354252218 16.014088341 -30.120116216 -0.308209544 -0.488817960 -0.804096159 -0.139618215 -0.651824326 -0.101875955 -2.218780781 -0.163594943 -0.329502758 -0.422368613 -1.014960361 0.608829331 0.892297890 0.766823398 0.121519520 -1.298419407 1.024958753 -0.891943165 -1.129146885 1.538795063 -2.754968417 -0.717127415 0.786641241 0.176172712
-45.041264924 17.902501611 -25.839030106 0.495853842 -0.176074903 0.080228700 0.846575426 -0.826545689 -0.618293051 0.080511284 -1.915465522 0.311022081 -0.527560978 -0.319100120 -0.338324214 0.264336171 -0.866963015 -1.289113066 0.172396743 -0.474878982 -0.340227537 -1.060834697 -0.630413245 -0.392384645 1.311625166 -0.349143714 -1.113854437
-37.272110102 15.549763537 -29.252057638 0.236565074 0.231364203 -0.545754188 0.769844100 -0.172024832 0.461505398 0.798526371 -0.121375920 0.564150453 1.540275268 -1.391408031 -0.211464104 -2.000159753 -0.926158629 -1.639350895 -0.952591588 -0.514026732 -0.994180667 -0.653423683 -0.416810366 0.022707594 -0.938098143 0.924803923 -1.346347796
-35.647671491 20.417736929 -27.830185109 -0.355617804 0.250470538 -0.518014791 0.736519629 0.026752358 0.394371916 -0.082054278 -0.615628655 2.069530822 0.404167066 0.529398901 0.528480156 -1.944832197 0.860397341 1.284166097 -0.383350694 -2.545057367 -0.964102853 -0.414102218 -0.394954776 0.108383338 -0.437482512 2.172769771 0.438132706
-44.419490955 16.737058456 -17.609266202 -0.632287704 -0.648476841 -0.406852493 -0.119000397 1.086503338 -0.274267640 0.810302424 -0.065269943 -1.913967161 0.340777490 0.562500258 -0.494718335 -0.249159560 0.414469832 0.694891958 0.180102183 -0.651667130 0.440390723 -0.239988317 -0.857485558 0.905451943 -0.949599686 0.662463697 -0.364260534
-46.735445135 15.920099160 -27.117972930 -0.150618619 -0.838585711 -0.163062635 0.497492325 1.268371142 0.385171851 -0.143986511 -0.450421482 -0.008296468 -0.311075493 -1.897354031 0.478948466 -0.181787971 0.678253829 -0.071019167 1.354880370 2.074304653 -0.991770517 -1.042542948 -0.315291402 0.390048054 -0.986545264 -1.616520422 -0.708358338
-41.472005263 23.981366489 -22.564122614 0.568063770 -0.687390394 0.154054077 -0.425517733 0.001649573 -1.121252470 -0.608994263 -0.583336157 0.327132146 0.666643545 0.131021497 0.088636710 1.009080685 1.948747236 -1.020457767 -0.129848243 -0.902731569 -0.293816056 0.141375068 -0.345258768 0.771919048 0.197791548 -0.338726475 0.062650281
-39.796205113 23.488173393 -22.935360881 -0.059888735 -0.958350238 -0.256895551 -0.109466148 1.677863249 -0.192752123 0.699771246 0.680607601 -0.072986919 1.357095448 2.622327632 0.136774435 0.511230948 -0.562513707 -0.435121862 0.210774352 -0.954915856 -1.700047960 -2.166047331 1.106556098 -0.251061325 0.000862667 1.955200215 -0.347603171
-48.749279763 15.474135775 -22.986319210 0.300550895 -0.734233184 0.104625744 0.599686789 0.507117590 -3.476234584 -0.931446682 -1.632836274 -0.492913212 -1.469802161 0.033016664 -0.939009642 0.752510533 1.283371885 2.923145915 -1.624804573 1.179830530 -1.089770587 0.677216885 -1.116896099 0.612849087 1.479387157 -0.760567777 0.304366970
-42.585291171 22.687289269 -23.264575336 0.894886481 -0.364773755 -0.256019510 0.023922880 0.367939660 0.113346336 1.336085883 -0.543199099 0.822921143 -1.694055254 -1.941123667 -2.892019706 1.016227409 0.144997102 -0.940829619 1.051543256 0.620287389 -0.261188343 -1.082784308 1.315676177 -0.003350773 -2.057354487 0.460247217 0.299610367
-47.576485242 12.745687475 -22.822337218 -0.528179109 0.205657972 0.818656308 0.092376820 0.871932348 2.388323697 0.080244521 -1.223329674 -0.228464524 0.654916926 -0.865551621 -0.931978186 0.634937248 0.566758944 1.541301169 0.264235691 2.047541172 -0.210306725 -0.251545916 -0.706558212 -2.126929305 -0.713320988 -0.660666514 -0.562302308
-41.236523067 18.664118930 -21.797502907 0.084450560 0.180809624 -0.890919295 -0.407969107 -1.129851563 0.145310506 1.243731680 -0.238926964 -1.891241742 0.239612640 -0.948177158 0.543994238 -1.662427161 0.394525986 -0.654340199 -0.195772077 -0.125564434 0.255878158 -1.205977678 -1.465081807 1.298870417 0.627639784 1.527995514 -1.784131281
-45.051069140 9.807142165 -27.956471293 0.659058975 0.156782362 -0.134600952 0.723148078 1.824114823 -0.790688393 -0.487543362 2.802695211 1.108948355 -0.218865428 1.129489764 0.727465570 -2.135178646 -0.086472143 0.632029350 0.376423163 1.114901495 1.573967644 -0.363709826 -0.029523158 -0.511765607 -0.643318639 0.964000669 -1.584486557
-34.084395033 16.739600437 -19.799293643 -0.421874472 -0.202863590 0.565195948 -0.679280380 0.677704523 -0.882130284 -1.767339979 -0.453196866 -1.173313258 -0.143797532 1.575044412 -0.680645391 -0.701483283 1.608437261 0.460102913 -1.366876213 0.514223369 0.419825409 1.038021377 -0.913297677 -0.968444370 -0.681621465 -0.895982016 -0.455048751
-32.977151202 17.274770478 -23.806250284 -0.639623882 0.513670579 -0.419818010 0.388299709 -1.332090889 1.125680926 -0.299574341 -0.104430978 -1.347818836 1.489593908 1.428395972 -0.327186415 1.593661369 -0.220166797 -1.471444710 0.303107567 -0.033234469 -1.224865117 0.799624280 0.830299390 0.295081251 0.423044151 -0.835108282 1.046885592
-43.770729008 19.794048678 -17.514384120 0.317905392 0.585136054 0.714441727 0.214767266 0.718193996 -0.127070453 -1.716165574 -1.090405664 -0.259875828 -0.884418427 0.305022558 2.735065007 0.093430765 -1.015378249 -0.201875803 1.304670463 0.647112219 0.170937132 -1.254573186 0.069176056 1.492573144 1.138642543 0.111843812 1.328686165
-42.370422035 15.515893498 -31.318131378 0.911814179 0.298632584 0.025270553 0.280668634 -0.869260271 -0.676591541 1.269586654 -0.100584271 0.617418389 0.220043406 -0.416658235 0.162716910 1.037386837 -0.133657131 -1.566204828 0.721534194 -1.255190371 -0.054011415 0.144561037 0.408255075 -0.397313680 1.331128565 0.064879350 -0.763270676
-46.816712269 13.796041322 -33.075967265 0.538936321 0.339466486 0.420850653 0.645906243 -0.668400800 0.379752999 -1.073850207 -0.137031817 0.438420757 -1.640681020 1.940432236 0.827453637 0.420423038 -0.998554724 0.285551287 -0.844187200 -0.075003714 1.427976086 1.444936409 -0.071061291 -0.687895970 0.133221849 -0.188964284 0.295771566
-50.312857376 19.960408167 -20.789954170 0.164775289 -0.398115497 -0.902397793 0.005601558 -1.067770524 -1.812583863 -0.523669613 0.836278906 -1.087717860 -0.197486246 -2.399741586 0.415528338 0.916415429 1.080949856 -0.444194755 1.450387741 1.310832744 -0.653533603 -0.309204552 -0.962928289 -0.339956437 -0.463366798 0.039384707 -0.966014804
-44.278380164 22.403900952 -32.252003637 0.067446940 -0.073365976 0.047975194 0.993864540 -0.633143825 0.760430026 -0.832294614 -0.336688850 0.688263886 -1.438756368 0.129727318 1.783231367 -0.252359202 -0.413254284 1.123752714 -0.874322441 -0.238215834 0.639446938 -0.897605945 0.663620095 0.406137818 -0.235425004 -0.757336493 -1.417958037
-44.221443608 21.999859463 -17.569637216 -0.168243905 0.427968908 0.835465576 -0.300888474 -1.462401419 -1.316819802 -1.228249151 -1.599412035 0.484935273 1.654531937 0.114294041 -2.000317082 -0.571605910 -1.299767292 1.205067094 1.051150904 -0.503244893 -0.524956087 0.123221753 -0.360859450 -0.403216673 0.330045291 -0.591324918 -0.147677622
-43.215896621 19.918260295 -19.808602277 -0.074405694 -0.909863093 0.023012163 -0.407533292 -0.927263733 -0.938175107 1.564945253 -0.094553081 -1.057570620 2.289480946 -0.746667892 1.004003046 -0.733908750 -0.960632564 -0.443761753 0.631764648 0.249194100 -0.334328237 0.741273119 0.222430020 -1.741965612 1.051552206 -1.021646367 -0.297362999
-48.576090440 22.258294061 -30.150635477 0.635083420 0.747891251 -0.142512128 0.130453129 -1.658037938 -2.775842388 -1.194530767 -0.526493114 1.254875303 -1.537756443 -1.880782630 -2.207972132 -0.949380025 -0.063103660 -1.535051012 1.333166756 1.264071339 0.322305440 -0.038282015 -0.692726643 -1.532903515 2.135882282 0.092901503 0.510190475
-41.083692469 8.520229532 -20.837500133 -0.160172318 0.930145899 0.306456517 0.123522622 -0.443633017 0.560397303 0.214841137 0.395198365 0.164248648 0.323690296 0.315719640 -0.997038127 0.053781710 -1.148312103 -0.148017648 -1.075318771 1.219837840 -0.416756598 0.336814760 0.054750080 1.222322276 -0.067016528 -1.467005008 -1.528526282
-41.935662512 15.405356748 -25.644768430 -0.801281656 0.518076976 0.205610997 -0.217412218 0.633367480 0.540236961 0.594521087 0.221372954 -0.361443875 0.362897816 -0.082131018 -1.771789131 2.192750136 1.643961701 -0.415829581 2.448879315 0.701524443 0.525113501 0.274737340 -0.463186181 0.685573250 -1.406665980 0.575957164 -0.681897588
-46.198388502 20.675990484 -28.658065822 -0.351191533 0.565846214 0.492046736 -0.560689378 0.893733421 -0.337062231 0.687539020 0.771144845 -0.551241030 0.059868764 0.242385897 0.103923913 -0.562611328 0.301127083 -0.838224492 -0.438751288 0.076550274 -0.299638708 -0.198973666 -0.938722779 -1.385168402 0.161541183 0.061914272 -0.544671810
-37.906346723 22.167730083 -28.103183976 -0.351822019 -0.204995956 0.596464751 -0.691684701 -0.048301373 1.042443371 0.868404608 -0.137588859 0.229349060 -0.527515204 -0.028768703 1.416857246 -2.635932612 2.457047322 -0.210530106 -0.156362178 -0.398682756 -0.065300731 1.093297013 -1.698103121 -0.548202979 -2.333529792 -2.580177606 2.195393394
-44.163576668 24.607734057 -24.044325957 -0.240266632 -0.108419874 0.945194697 -0.192676052 0.917742458 0.407864571 -0.335138638 0.291326456 -1.564003404 1.041522965 0.017987594 -0.228474191 -0.970965087 -0.836255736 -0.415406313 -1.178161070 -1.082003242 0.811668621 0.207357790 1.110110940 0.261734983 -0.142625964 0.332647701 0.048947336
-41.407909366 20.683050563 -30.997586644 0.744198242 -0.128648639 -0.022969222 -0.655050318 -1.040157179 0.698870747 0.053108269 -1.482392772 0.470863383 -0.212110810 0.081826000 0.527199216 -0.508259241 1.850434783 1.632819835 0.022588588 0.374259305 1.123956319 -0.602308545 -0.708184644 0.128114476 0.300990928 -1.070097942 -1.044513683
-44.941489191 16.164012508 -28.360473253 -0.218919292 -0.103902748 -0.305458130 0.920854980 0.054692351 -0.211022014 1.194240737 1.681852466 -0.108217361 0.781192095 0.485851673 -0.308707008 0.096730461 -1.182771287 0.723480487 -2.015315586 0.717756726 -0.180560348 -0.930392703 -1.194032180 0.483936535 -1.510792637 -1.782532856 0.543701931
-43.697257674 15.258958110 -31.115086106 -0.061128128 -0.166664561 -0.138667497 -0.974298518 2.534836633 -0.969191204 0.791804202 0.046249504 -1.148149363 -0.752802464 -0.329505438 -0.080110748 0.047707585 0.872882357 -0.455396792 0.652298627 0.321985318 1.250656018 0.235813561 -1.025946827 0.574837731 0.006613430 0.499123099 0.359403407
-37.738636323 18.650792471 -27.260340594 0.763902808 -0.346068734 0.372258728 0.397633463 0.188426497 0.208791852 0.362487610 -1.353320633 -0.265045047 -0.064092832 -0.480657061 1.686657244 0.102152286 0.786334529 -0.343618403 0.706782176 1.440105880 0.796876200 0.775241850 0.517127678 1.434216524 -1.603835883 0.272504457 0.100940300
-42.763798765 20.237457124 -28.894661092 0.612868736 -0.439947766 -0.531243846 0.385509860 -0.355824841 0.760747708 1.308728285 0.623863780 0.449233951 0.398147486 -0.263180092 0.523061765 1.729041178 1.464317299 -0.548381262 1.273173541 -1.892436749 -0.239440312 -1.500440654 -0.358292169 1.667458301 -0.292212458 -0.676902479 0.668693581
-42.961083861 15.359706179 -28.377231171 0.091641593 0.598266991 0.710180651 -0.359613499 2.100755063 -0.792526681 -0.126075034 0.647931926 -1.017687607 0.468441612 -0.594102157 0.124937824 -1.076138640 -1.384707774 0.684839759 2.013382261 1.181339444 -0.793775102 1.077468785 0.726430712 1.317742780 -0.501350174 -0.637639761 -1.722652032
-43.996027243 15.036090033 -28.357848224 0.072744855 0.232894025 0.307097450 0.919869401 0.388795664 0.588841280 0.295413918 -0.881012988 0.381742433 -1.048714089 0.756159584 -0.541220299 -0.691068160 -1.407882930 -0.070575614 -0.172857952 0.971011396 0.344655102 1.138612124 0.670032453 -0.458828778 -0.774214876 -2.013111806 0.794579708
-35.819099839 18.044177483 -26.277930986 0.997976163 0.025446149 -0.027719190 0.051261268 0.177623477 -1.093650789 -0.045109408 -0.041419563 -0.269376124 0.717245818 -1.560639760 -0.734354830 0.301511890 -1.068408976 0.045159932 0.773796124 -0.346926035 0.631261135 0.067869572 -0.596093767 -0.689918089 2.380805286 -1.111045667 0.211871453
-44.041308816 8.301946190 -22.973782396 0.505642351 -0.100700135 -0.464192861 -0.720215443 0.569498477 1.157610438 1.284564482 -1.211055476 -0.661562402 0.248402231 1.078608782 -0.402745415 -0.057580695 1.100603966 -0.434849417 -0.015444255 -0.777887962 -1.042322092 -0.441649189 0.661488433 -0.354139567 -1.110061249 0.270401321 0.286475449
-40.944354803 23.736104249 -25.664539040 -0.202856384 0.164462157 0.289229475 0.920949400 -1.223059625 -1.420421833 1.100878433 -1.552263541 0.039074303 0.195474264 -1.491510808 0.743971737 0.106439471 -1.082071994 -1.257947892 -0.369901238 -0.658640351 -0.224715265 0.950660389 -1.544955365 -0.445258755 0.307409536 -0.363512639 -0.336554076
-33.400221585 18.428891075 -24.580440031 -0.651695060 -0.015271011 0.078608318 -0.754242054 -0.393992483 1.105871210 1.021945164 -1.940658987 1.704096575 0.757597628 -0.995422861 -0.854751099 1.378959394 0.212861525 -0.597385440 0.009582086 -0.218742032 -0.173218640 0.540273306 -0.192429097 -2.058868728 -0.508055050 -1.097771917 0.468872835
-37.768464448 13.881443289 -25.426518927 -0.653348641 0.234580635 0.713742234 -0.093163843 1.106540242 0.930191782 1.037141167 -0.726424292 -0.542784118 -0.574477290 0.471765959 -1.251936962 1.005792131 0.621006554 -0.024598850 0.039730941 1.037396402 0.138029393 -0.349105097 -0.592512212 2.368411173 -0.438184891 0.093712728 -0.214963758
-48.306287594 10.803124545 -25.604910838 -0.747586482 0.020665716 0.514632377 0.419333873 0.160757046 0.543965193 -0.170036854 1.130039287 -1.395683756 -0.942887058 -0.540430104 1.010703344 0.266919099 1.205722393 -0.888407657 0.175290548 0.244428399 0.540789549 -0.411055550 0.844404801 0.206841141 -0.341872534 0.749924089 0.692378777
-37.444182929 15.713682423 -27.480487719 -0.782678819 -0.151901428 0.063769560 -0.600227679 -1.133285981 -2.072357451 -0.844226656 -0.258217597 0.537321936 0.455300664 -0.881505127 0.163875728 -0.243562230 -1.446552689 -0.349539079 1.151385298 0.981854684 -1.088272123 -1.273894128 0.318799654 -0.987800391 -0.323257121 0.625123731 2.018012632
-38.734787943 22.467474527 -28.091965051 0.121956789 0.105472900 -0.986399330 0.031911917 -2.055053580 0.511587199 -0.818991732 -0.927011415 -0.031211617 0.702051151 0.366043834 -1.022100548 1.880130112 -0.816222173 0.148826991 -1.643722472 -1.625321145 1.651791360 0.106277159 1.400042068 0.446579852 -1.809453629 -1.183193464 -1.405361734
-36.781656235 15.462096158 -29.294801411 0.940497975 -0.270493860 -0.079269419 0.189770888 -2.198717574 0.206469867 -0.019501909 -1.366170413 -2.075792187 -0.220349448 0.554518238 0.554015070 0.897391076 -3.105936616 1.702581176 -0.121452541 -0.102213303 -0.983131253 1.386703075 0.220231678 1.045455892 0.461992143 0.597058812 -1.295485715
-44.636520930 10.623375381 -24.151836828 -0.360932158 0.431170822 -0.826100845 -0.037109210 -0.052424300 -0.276938115 1.331853513 -0.908579882 -0.994349416 -1.302028681 0.567434247 0.736893396 -0.482594688 1.000527001 0.701464054 0.113759954 0.599214631 0.363848789 0.568562081 0.677868852 0.520610184 -0.048452362 -1.146218262 1.382341480
-39.135118635 21.887280976 -17.759450620 -0.478788946 -0.550896129 -0.082548465 -0.678572288 -0.500386256 0.570452427 -0.467213251 0.152306865 -0.363005811 -0.261800425 -1.097440872 0.264118013 -0.521322590 0.784454895 -1.041246086 0.325294693 0.619990544 0.116497691 0.491279495 -0.003903296 1.059538224 1.147188216 -0.341489955 -0.051113051
-41.668623498 19.718997409 -28.081122519 -0.004152000 0.699697046 0.642078596 0.313276046 0.037117684 0.695129294 1.035060534 0.722778978 0.895313688 -0.654009438 0.499104045 2.035005558 -0.937653978 1.820299472 0.548440681 1.659481138 0.845757504 1.005718403 0.198723311 -0.901344290 0.364226827 -0.083106410 -0.473655172 0.312018768
-36.115662490 14.685361975 -18.572699517 -0.371998519 -0.265194411 -0.028694169 -0.889081363 -1.411974919 0.375527517 0.765627761 -0.033712153 0.638026002 0.192562894 1.608349445 -0.129791303 1.131356048 -1.021648188 -1.688721077 2.159293869 1.313843512 -1.973573285 0.066412607 0.008339137 0.151707311 -1.694697643 -0.799550477 0.475680540
-41.899046660 11.494753036 -23.789932865 0.295261232 -0.779830683 -0.230792793 0.501417588 -0.449412032 0.773005236 -1.794899393 0.570763905 1.640132031 1.559457637 -0.622795951 1.362813905 0.806470285 1.097654949 -1.791603327 -0.657279489 -0.051068194 -0.393235245 -1.713108760 -0.110556859 2.000664299 2.053177481 -1.094558373 0.581701111
-36.703055959 17.863343353 -31.525516015 -0.841248720 -0.276383018 -0.056793626 -0.461180554 -0.162649322 1.060519515 0.717425159 -0.804930116 -1.279516934 2.600804955 1.660245985 0.401595116 0.762892291 0.668627143 -0.315416094 0.837628521 0.458184352 -0.676182963 0.149467106 0.505683632 1.025707489 0.118281746 0.766307429 -0.808194557
-43.907653730 7.980896519 -25.418618976 -0.453020730 0.656028325 0.348665613 0.492779205 2.044867873 0.267697174 0.305724168 -0.350355821 1.280183554 1.077556898 0.166126098 -0.539253193 -0.813552292 -1.724093742 -0.351705203 0.116599240 1.909855359 0.874045372 -0.524923084 0.101664426 -0.110782778 -0.782617827 0.526070623 -1.871047951
-39.257253200 15.976788093 -21.206510056 0.212721426 -0.199839589 -0.863793391 0.410700269 0.988631259 0.654014063 0.594834103 -0.436788240 -0.965270111 -0.127713528 0.560351041 -1.810964064 -0.049078030 -1.178929148 0.069850983 1.260645030 0.173702414 -0.432738002 0.334430064 -0.031935169 0.836358532 -0.032963875 -1.362678810 0.542008969
-40.929065754 17.788522337 -17.687490111 -0.245740219 -0.413259479 -0.876198713 -0.033228953 -2.826066631 0.566826596 -0.558655322 -0.505035947 0.439104247 -1.071861585 2.617585702 0.064745235 -0.104103900 -0.151087771 -0.093340938 0.312382484 -1.194576516 -2.212130605 0.698179291 -0.435781644 -0.731858423 2.271953744 0.146860805 0.074431164
-42.343433979 16.477065463 -29.976503887 0.105185003 0.336286644 0.693367987 0.628560453 0.212837680 1.338967059 -0.647648056 0.978473149 -1.992738940 -0.222848766 0.613692182 -0.433474131 -0.053356093 0.120678840 -0.757757607 -1.588544783 -0.994859805 -0.413825784 -1.251273874 -0.498266909 1.138714924 -0.089858458 -0.572840708 0.576975124
-42.698579921 9.534465363 -27.866989727 0.603665587 0.561802716 -0.178606266 0.536717215 1.175651139 0.855847631 0.111017554 -0.459786373 0.113656299 0.502359993 -1.043184247 -1.000867065 1.531752581 -0.495521558 1.634453369 -0.633876794 0.281249579 0.308215389 0.499753925 -0.111078741 1.202487436 1.411738029 -1.051939807 -2.101529474
-40.114235420 23.294553622 -26.817537934 -0.318917875 0.783826376 0.049069718 0.530565513 2.993124285 0.402922286 0.456962019 -1.696744493 0.714911435 0.445619212 -1.259351457 -0.587458788 -0.407349734 -0.006493649 -0.931216882 1.122209346 0.148993595 0.898729497 -0.295996133 0.055504181 0.689413178 0.593289657 1.601499411 -0.233701278
-40.897910806 15.325254141 -16.228409644 -0.009951026 0.794006563 0.514842463 0.323097188 0.665445995 -1.018059873 1.507813107 -1.069329131 1.626478025 -0.343331031 -1.161598959 -0.953038181 2.162738332 -0.469910446 0.656381366 -0.857832084 -0.086711157 0.121234181 -0.929562622 1.570529275 -1.591880527 0.225243086 0.233983279 1.315488698
-35.828734442 19.700202202 -31.472278730 0.580651282 -0.441099763 0.436656512 -0.526883459 0.478140356 -0.963785710 -0.625828703 1.060230420 1.137977291 0.288496676 0.683669066 -0.365984453 1.148096319 0.413808312 0.467692341 -0.493177352 -0.765577841 -2.271823853 -0.255120077 0.757207216 -0.388715083 1.478106797 -1.859160431 -0.548983402
-34.003725265 14.645287814 -29.010236735 -0.807020735 -0.364025316 0.386306401 -0.258786527 1.499755388 0.194795908 -0.325751304 1.102465893 -0.300816124 0.887940892 0.568142478 1.289015768 2.422603501 -0.451904446 -1.190349135 -0.388234090 -0.192090731 0.398442453 -1.219740889 -0.979745121 1.013284736 0.954446133 -0.435907138 0.520099903
-44.166379779 17.577877234 -25.793513208 -0.603123941 -0.721117905 0.050260939 -0.337200707 0.471121975 -0.894806765 -1.175093134 0.732684410 0.544319238 0.014633039 -0.004730729 -0.565887906 0.663447113 1.864159440 1.620083367 -0.379944709 -0.444759590 0.308789380 -0.100590573 1.007566340 -0.399675570 -0.518886134 -0.516317302 -1.550413711
-41.724091837 16.358635324 -20.581984032 0.766587914 -0.602929109 0.211303063 -0.064579221 1.076567428 1.308619903 -0.456004212 0.708429470 0.504738631 0.139940426 0.300843297 1.031523703 -0.438625768 -0.465534034 -0.762634247 0.987293522 0.761450404 1.567107193 -0.447361428 -0.433189669 1.478487167 -1.492294251 0.648696155 -0.316200089
-44.130592206 6.898429138 -25.470735053 -0.957354075 0.280528320 -0.047808386 -0.049913882 0.460126830 0.318822763 -0.384632659 0.194913195 1.759507648 0.652545597 -1.590111275 -0.176007417 0.421911169 -0.463522124 -0.587813976 0.573772678 1.390283369 -0.976257767 0.263347770 -2.320808934 -0.755689743 0.317070917 0.929416867 -1.016845995
-41.663709009 13.775546977 -28.040784818 0.169909929 0.087985420 -0.967949900 -0.162671983 0.669978537 1.665367085 -1.833428557 0.434755537 -0.548571725 -0.376652632 0.964506102 1.615563150 -0.500656195 0.342905917 0.023303591 0.030864585 -0.143535884 -0.775190728 0.551800727 0.161063786 2.583699367 1.247971243 0.213712115 -2.297311469
-40.327907728 20.065024087 -20.982413268 -0.711752954 -0.163162753 0.192436506 0.655556130 -0.974408477 -1.639080896 -0.423468382 -0.613172774 -0.411214094 0.273113435 -1.629736500 -0.869413489 1.135011369 0.402440552 0.968436336 0.412669031 -0.611320664 -0.057095394 -0.311711690 1.273399611 -0.345853017 1.839251418 -1.831252633 -0.038081308
-37.559922873 18.117221817 -19.457939195 0.055933964 0.096554955 0.879848042 -0.461969648 0.486416025 -0.806690249 -0.308012862 -1.180716998 -0.417602836 0.703684075 0.220085218 0.991633748 2.718040332 -2.317873745 -0.317564200 -0.288356331 -1.299271945 1.939865394 -0.052626150 -0.356022557 0.812391874 0.612732763 0.359708058 -0.270670379
-41.786577628 19.608864713 -28.846214817 0.289437476 0.125953057 0.832025176 0.456175276 1.117429163 -1.211509464 0.843643428 -1.741373129 0.781131805 0.658545917 -2.153749931 1.925375439 -0.091307654 -0.352393776 -0.650709218 0.846542471 -1.373878206 0.604476258 0.806883065 -0.335173393 -2.174769141 0.023796671 0.859902066 1.614314589
-47.843372699 14.132896569 -30.606833813 -0.201575725 0.088380227 0.862280657 0.456101120 0.665600684 -1.030293302 -0.159915784 0.724774302 1.450523689 0.834661405 0.048604342 -0.527178350 -1.085790900 -0.851130103 -0.425432440 -0.881890229 0.577936738 -1.360065420 -0.598172075 -2.544796126 0.962528688 -0.975248719 0.355865517 -0.807768910
-51.134896591 12.655840015 -26.256250239 0.108468132 -0.888453222 -0.333409578 -0.296181685 1.026735220 -0.918455823 0.310888976 1.970076885 -1.607084513 0.582285128 -0.078071383 -0.445190796 0.827079684 1.423354368 -2.344553211 1.183801726 0.008319580 -0.325917333 -0.873660452 0.124324074 1.673882780 -0.109055063 -1.414294998 1.381408864
-47.669778123 17.229178898 -24.218600041 -0.047495491 -0.218029722 -0.869390284 0.440871583 1.039316104 1.926001163 -0.523537158 -0.413083962 0.469553841 1.653803941 1.391980597 -0.578891896 -1.105257664 1.682252690 -0.726205138 0.190142308 -0.568967021 -0.730432057 -1.270917681 -0.994944601 0.134478272 0.946196469 0.568935419 -0.619507671
-46.426051680 7.614396518 -23.537432541 -0.198801444 0.120365069 0.948683849 0.214450903 0.187069279 2.236673712 1.359179420 0.999486327 0.972386018 1.181467728 1.542275453 1.779895836 -1.002841697 -1.381350558 0.616930471 1.282843322 -0.936829835 3.024331225 0.070424382 -0.728530121 1.107039317 0.877681954 0.023955430 0.447189907
-39.091884630 19.207968155 -24.982396479 -0.617329166 0.040197823 -0.319112193 0.717952815 0.327499443 -0.973149611 0.505216792 2.239523763 1.119823661 1.564823147 -1.039490991 -0.580945725 -1.413369081 -0.341714946 0.498224384 -0.434035134 -0.478493594 -1.464146684 -0.218670441 -1.531917653 0.953561381 0.361838172 0.066659905 1.178527259
-49.120386017 21.131033201 -24.781309605 -0.105242564 0.137681810 -0.194090351 0.965555103 0.117801012 -1.127247009 -0.486829511 0.386564354 0.436239181 0.392637502 -0.809756426 0.344716012 1.878569804 -1.316538597 0.395051987 0.322430653 1.126970716 0.038107975 -0.413089051 -0.571014094 -0.659713926 -0.536789138 0.273912115 0.368861015
-46.358984059 14.595198065 -18.396088874 0.980430730 -0.177459410 0.078952449 -0.032097532 1.322188041 1.741999146 -0.757429861 0.232410541 0.087815901 0.800958281 0.120206345 -0.609224557 -0.806778480 1.706703020 0.660915544 -1.019709867 1.910234028 -0.785927784 -1.139590907 0.169742947 -1.029518335 1.365905950 0.516287550 -0.873101296
-40.180016840 14.356511650 -22.110164752 -0.229147839 -0.478686156 -0.807603067 -0.257153880 0.022425198 0.582324205 -0.296552622 1.736169264 -1.470320922 -0.986582296 2.196717093 -0.187643052 -0.264626352 0.872731451 0.594185649 1.919011234 -0.819367252 0.140156305 1.441677983 0.077899685 0.176351491 -1.582666963 0.062254520 0.624059537
-46.044209798 21.413310219 -24.486431705 -0.706230304 -0.455349796 0.306633350 -0.447069692 -0.695500552 0.757152635 -0.923239121 -0.546997796 1.243516637 0.343552834 0.233013037 0.340735959 -2.240004968 0.556624414 -0.666622060 -0.567475043 -2.256278832 0.559307742 -0.672194119 0.726030480 1.380713673 1.870117863 1.319019267 -0.661799354
-49.137952989 17.809474135 -29.713482333 0.357613123 -0.933551632 -0.021959494 -0.010582282 -1.255512383 1.247551268 -1.355642403 -3.794440675 0.883207456 0.722550718 0.571805414 0.621474501 -1.034603004 1.328698944 -0.251005128 -0.063513303 -0.059504140 0.776986768 0.466311992 -0.283458529 -0.238223976 -0.335827958 1.280880578 -0.430335231
-45.977208798 8.165628984 -26.248471802 -0.891981941 0.301032274 -0.328151340 0.077874801 -1.821210957 0.416931376 0.627657459 0.193727969 -0.552842743 0.182952332 -0.903131295 0.088102442 -0.154281411 0.166338314 0.366604155 0.296358152 -0.542998611 1.415840819 -1.041036107 0.766751447 -0.101054050 0.029363697 0.216010166 0.304083506
-40.170444477 15.403494380 -17.992688355 0.512761323 0.563120553 0.325476056 -0.560389512 -1.283312821 -0.654280537 -1.172582491 -0.250131987 0.707736090 -0.163407473 0.702107310 -0.884625421 -1.183403580 0.503522635 -0.329007365 -0.019300673 1.678023027 1.193888101 1.541851078 0.121549647 0.956709033 0.849491782 -1.126579580 -1.831764688
-38.511482324 19.490351190 -23.582749638 0.412267189 -0.195422427 -0.583007486 -0.672270862 0.100317565 1.068230822 -1.209874076 -0.082982543 -0.808273391 -0.591216881 1.313869145 -0.553841748 -0.918681434 -1.498389641 -2.146127047 1.470103429 -0.374524371 -0.899480903 1.187510218 0.856771026 -0.756338661 0.567434162 -0.242869812 0.361791609
-45.620532238 20.994562983 -16.850287638 0.580834309 -0.326786644 -0.586928281 0.459735999 0.482611971 0.060265896 -0.912361508 -1.389366191 0.555762511 1.354160757 -0.551613131 -0.795954754 -1.375644407 -2.113451894 -0.330953341 -1.440511989 -0.145750087 1.347509641 -0.371079350 0.342320978 -0.150014103 0.005321477 0.327209981 0.232314620
-40.502019674 11.117675405 -29.930831259 -0.223667678 0.299428714 -0.683442668 -0.627073627 -0.549505691 -0.456029185 2.190303344 -0.719442507 -0.291832047 -0.425682447 -0.270282054 -1.182073186 -0.053492677 1.742880992 0.471061031 -1.324289913 1.179966458 -0.696387514 0.327271925 2.705227367 -1.073609649 -1.954764573 -0.452261555 -1.267503973
-42.740686875 12.951626263 -30.388849068 -0.041453650 0.115989719 -0.701593342 -0.701850955 -2.057818441 1.063342209 0.618189036 -1.055615126 -0.228020144 0.824006973 -1.738799162 -1.488670831 -1.103801811 1.048783571 0.392613763 0.031263087 -0.909188768 1.434366995 -0.822408004 -1.178878630 -1.042058269 1.917116289 -0.566673587 0.924629094
-42.688776531 22.650887655 -23.038198647 -0.385792722 -0.723194905 0.124271228 0.559204585 -1.911368112 -0.039974924 1.803119782 0.723953879 -0.199527954 1.663144574 -0.726731975 -0.962282888 -0.310946572 0.137565546 1.514542199 0.055901218 0.990021431 -0.696627268 0.072158035 -0.141787968 0.336751102 -0.465188753 -2.362551387 0.295659869
-41.389980712 18.752469185 -29.068884797 -0.975069451 0.178380424 0.090907364 0.095686165 -0.068965134 0.166989902 -0.741941526 -0.968163793 1.125748156 -0.620158463 -0.577163203 0.685298524 0.302093169 -0.387789238 0.087829852 0.745185431 1.183050603 0.170612796 0.495669808 1.531784639 -1.421384892 -0.745871607 0.418027403 -0.624047258
-40.211350573 11.174846450 -25.466629639 -0.096511504 0.013383868 -0.862606934 0.496402739 -0.831869389 -0.357233611 -0.049563785 -0.604876411 0.397869924 0.785194697 0.603511861 -1.864916831 1.384049972 -0.882311380 0.068323120 -0.246598742 0.172046007 1.213081595 -1.794492294 -0.038755499 0.624363846 0.913038654 0.328094969 -0.419998244
-46.091080225 21.808916978 -32.395998517 -0.917937231 0.266928407 -0.033220535 0.291610804 -0.706183095 -0.907411528 -0.347864475 0.784974388 0.496559616 -1.067357438 0.207751895 -0.179520628 1.156796226 -0.706637286 -0.304831675 -1.108631013 -0.279163814 1.220173651 -0.277064011 0.259084876 -1.222704350 1.974974560 -0.564750888 0.784462621
-50.578421437 17.901069667 -25.888652359 0.375247832 -0.866221329 0.058640529 0.324670545 -0.846683417 0.615760173 -1.587346004 -0.311770879 -1.997692741 -2.116100982 -2.040884512 0.804952763 -1.328637044 -0.375876484 1.696471974 0.860734321 0.991158611 2.723500768 0.245576482 0.910324237 0.542024990 1.002552830 1.029490928 -0.788806579
-44.397311457 20.141238715 -23.163746998 -0.868067011 -0.077905740 -0.241880092 -0.426479051 1.652134931 -1.722293046 -1.093429186 0.147608510 -0.530594840 -0.754343573 0.026927189 -0.163379048 0.999351813 0.608316437 0.740546831 2.077156092 0.864779217 2.130526383 0.865871721 0.437094710 0.119662250 0.574027152 -1.036262396 1.112418561
-47.095999385 19.116803814 -30.754994738 0.799865313 0.301569039 -0.431868230 -0.287682859 0.824226736 -1.205067106 -0.919174283 -0.341474261 -1.300105481 -1.021964635 1.433034438 -0.689697552 -0.194922817 1.779789925 0.512999672 0.178151626 -1.384736629 -1.654817673 0.112399616 -1.175488585 -1.440043101 -1.768874580 -1.261372575 0.141337049
-42.458569957 17.316662229 -20.043450993 -0.905991104 -0.139638302 0.210660008 -0.339563875 0.989010370 0.378367524 -0.147484336 -0.809651466 -0.091315654 0.994886691 -0.126830733 -0.004071708 -1.469737941 -1.478082150 0.828955456 -0.417878270 -1.087843644 2.038508859 0.103502006 0.977460854 -0.036881408 0.736173798 -0.743852272 0.329188960
-36.256622262 11.778601715 -28.840170702 0.679494715 -0.041592897 0.017232841 0.732297749 -0.404765321 0.275384816 0.049657203 1.630207758 -0.581907255 -0.538817905 -1.320657416 -0.720171645 -2.179094316 -0.065143265 -1.336479957 -0.130935660 0.545029105 0.345215398 0.859213608 -0.586953961 2.249082332 -0.561259430 1.771763583 1.596467021
-39.871007091 11.343567912 -23.330330700 -0.539584917 0.644910684 -0.454741217 0.293511078 -0.529539535 0.576672876 -0.052902571 0.762263748 0.176066883 -0.980654337 -1.141176020 -0.699457756 0.522588496 0.309437801 -0.168933942 -0.006030171 0.165732138 -0.322275111 -2.135508253 0.033750455 -0.251981515 0.107432400 0.630713914 0.613847994
-44.090913223 12.799594037 -26.654921736 0.069875798 0.122990910 -0.170022042 -0.975234902 0.181600169 -0.407865044 0.172833458 0.103379154 -1.438361550 0.345475849 -0.638510295 1.749597086 0.261705068 -1.191651522 -0.399830303 -0.582429477 3.019146558 -0.592803430 1.050499858 1.158620582 -0.632570696 1.242424428 0.033172721 -0.883620057
-39.521776442 11.626104736 -32.334725170 -0.381648021 0.179817289 -0.269802061 0.865573439 -0.207542481 2.444151577 2.158660423 1.317032473 -0.767197784 0.461107857 0.355579758 1.204678395 0.187444653 -1.174582953 -0.884291035 0.166044163 -0.302706950 -0.575425662 -0.691280156 -0.561424945 -0.477102279 -1.408368876 1.093972014 -0.880483436
-35.991921672 22.659229044 -23.791945289 0.089938035 0.307692158 0.904472968 -0.281363353 -0.281523783 0.939745899 2.763366612 1.180849961 0.699053827 0.849912763 -0.576613428 -0.972860230 0.228869330 0.924087440 -0.655053359 -1.069266252 0.502169236 -0.206612917 -1.159105808 -2.261719425 -0.991898071 0.644483531 -1.717384895 -0.367699005
-44.635350058 18.785460318 -16.051293415 0.279290835 0.879746373 0.372908567 -0.094774204 1.709169952 -2.431313734 -2.569220631 -1.255709728 -0.900786337 -0.150143656 -0.458787275 -0.819807655 0.639791536 -0.579230204 -1.405590396 0.173693368 0.949432979 -0.841729768 -1.434130363 2.016300163 1.182844825 1.001545178 -0.044891086 -0.742342181
-36.027058638 17.593124602 -31.078630440 0.128746823 -0.503008835 -0.850328498 -0.085719388 -0.627848447 -1.943456307 0.867818659 -0.515358124 -1.780708589 -0.409771390 0.470324983 -2.072000927 -0.601486057 -0.072005666 -1.386420229 -0.995151143 1.241574883 0.192308675 -0.581166415 0.158941758 -0.611366860 -0.374252833 0.249005047 0.849034398
-44.506424194 25.257444302 -21.326777751 0.304684217 0.426038583 -0.654903490 -0.544756893 0.143386865 -0.830745583 0.402452171 -0.064815798 -0.097434388 -1.538063366 0.550634203 0.050561994 1.945575432 0.826430771 1.399037099 -2.120141861 -0.906508130 0.144691963 -0.855673388 -0.328970788 -0.685791018 0.187794932 0.845379422 0.380092003
-49.652955109 11.038122717 -26.681891718 0.231254320 0.335943925 0.799021790 0.441845332 0.555223456 1.045037302 0.149845780 1.583842540 0.884181500 -1.030613823 0.648075845 0.016886248 0.940914976 -0.613938993 -0.294110929 1.094917810 -2.328402000 -0.132568417 -0.296055689 1.148309187 -2.160637593 0.052500173 0.879452957 -0.914108183
-44.868987442 14.705369184 -28.089507119 -0.410377783 0.378708289 -0.599421506 -0.573466621 1.262912253 0.450737184 -1.053627517 1.338319890 0.733692702 0.244922499 0.482661553 0.577184742 0.510542808 0.886788965 -0.244525717 -0.948650076 0.472001433 0.712895146 1.168253746 -0.019911998 0.033332232 2.021705472 -0.207292987 2.093566093
-40.134862948 13.474117532 -17.163941785 0.063025911 -0.560103948 -0.683511680 -0.463813631 1.183579140 -0.958453679 -0.300665858 2.047979372 0.665407623 -0.759666217 0.228986966 1.066853882 1.225350200 0.217749192 0.482466929 0.867007913 0.077731328 -1.041464776 0.851373308 -0.992411904 -0.674419531 -0.307114587 1.047120855 0.269993171
-44.659160024 10.547986841 -29.919833160 -0.769864880 -0.428115563 0.125157901 0.456465368 0.487306164 -0.980133719 -0.047744013 0.882940980 -0.750521406 -0.322697840 1.231554045 -1.247440202 0.284891621 0.512374482 -0.044249077 0.166930991 -1.095393936 -0.172390294 -0.062494568 1.138414109 0.508866911 -2.790448120 -0.023367073 -0.539067782
-38.341286809 14.020907664 -31.851381421 0.409814914 0.530312810 -0.679832357 -0.297738185 -0.498171454 -1.779605573 -0.785296787 0.445869246 1.102970865 1.193748298 1.563068953 0.810713727 0.324938326 0.541097533 0.210785672 -1.564531366 -2.437798271 -0.925138952 -1.326894483 1.616074449 -1.015128147 0.657805254 -0.621692719 -1.942005572
-36.138893252 11.688677111 -24.736611448 0.074727972 0.311267258 -0.000986492 0.947379254 0.165997008 0.890264099 0.169739680 -0.758551429 -0.237548371 -0.578403787 1.676283939 -0.745604869 -0.089230654 -1.884731854 -1.738275366 0.973856995 2.238675010 -1.190635897 -1.005770080 -1.860539997 0.690751519 -0.871724344 -1.546746032 1.676384387
-35.456223267 10.879843900 -22.390023397 -0.472647311 0.427308026 -0.740187744 -0.214789369 2.140658525 -1.671087963 0.524594410 2.003518261 0.305822415 -0.377286575 -0.518048894 2.352504905 1.927185395 1.667140606 0.581046489 0.269073933 -0.032088648 -0.106675513 1.869866040 1.798864294 -1.434291095 -0.107120307 0.511315567 1.208807072
-37.742989463 13.650549461 -30.677936659 -0.361538855 -0.449591196 0.188023564 0.794861341 -0.787285886 -0.281826967 -0.800397634 2.822951970 -0.278066073 0.025611374 1.943346291 0.230153915 -0.511205349 -0.216293098 -0.359290612 1.973781493 0.753956960 0.087868591 -0.587406895 1.055880363 0.384580521 -0.926582008 0.299987805 1.294565854
-38.163047851 14.274254176 -20.822402135 -0.621574762 -0.707999366 0.131306915 0.308448062 -0.158090198 -0.908582820 -0.807538862 -0.514130417 -0.337973842 -0.790846285 -0.842519927 -1.549686099 -1.349883388 0.534431760 -0.280374731 1.668978775 0.968227546 -0.014114463 -1.356287193 -0.073242750 0.655799042 1.273087475 0.483961132 -1.501120132
-42.994173304 20.057153702 -23.304681197 -0.751166028 -0.417798713 -0.398062241 0.320531256 -0.633377002 0.030885658 -0.416410395 -1.605481358 -1.349809802 -0.321614699 -0.344272619 -0.438840740 -0.464979318 0.193593035 2.106651100 0.447077778 -1.201884101 0.721625394 1.220314674 0.665939601 0.453091338 -1.235183834 0.036027697 -2.757573239
-38.160890078 20.588633913 -25.972965999 0.375778116 0.223851398 -0.659133669 -0.611738641 -1.240596517 0.559734281 -0.284486194 -1.010418508 0.188453400 -0.400846405 -0.587789951 -0.458777828 0.647087353 1.401288562 1.039129991 -0.441100669 1.127742700 -1.469213821 0.020851758 -0.967440634 -0.629163586 0.255910559 0.983040154 -0.486003137
-45.282238105 19.426750925 -17.796136720 0.185187109 -0.763542538 -0.609169847 -0.107798997 -0.724953850 -2.511976949 0.342277576 -1.248552361 -0.963022414 -1.617781590 -0.816908582 0.476517584 -0.657806408 -0.198430913 -1.103797614 -0.273885115 0.221203440 1.228209915 1.789990310 0.308279055 1.022020776 1.520650842 -0.068578185 0.650011419
-46.421636534 20.523112882 -28.901005470 0.180847966 -0.797324332 0.291689596 -0.496472661 1.683312886 -1.215834902 -0.524524379 0.723998230 0.289125878 1.179505959 0.072830413 0.108732296 -0.023806412 -1.051913572 0.808398371 1.406199208 1.890041578 0.411279669 0.830156666 1.910465196 1.009288000 1.350471460 0.542544359 1.115207556
