9.815918439 -53.823752429 33.679908739 -0.932653089 0.156126206 -0.207793626 0.250209179 -0.252779641 -1.062720361 0.158017771 -0.331467324 1.349229580 0.666730110 0.827278549 0.400366049 0.646800603 0.312050712 -0.363853100 0.475899414 -1.430431234 0.729409355 0.195436042 0.673713845 0.661963306 -0.362616707 0.522206456 -0.871065492
10.802458436 -48.644845300 31.433964652 0.091909156 0.391262528 0.763876036 -0.504935384 1.051034940 0.737603778 -0.959096919 -1.495181923 1.296438597 0.280095799 -1.967981615 -0.616387690 0.956204926 -0.499852571 0.569060679 1.105261887 -0.999604750 -0.190335852 -0.297067064 0.092641998 -1.053550131 -1.077071991 2.257018194 -1.069168644
14.976480286 -45.198769380 33.764116541 -0.523681431 0.044986703 -0.833776431 -0.168969876 -0.829515092 2.091434702 -0.022174418 -0.637526029 -0.127098973 -0.928038199 1.457179132 2.318182884 -1.801116317 0.279278406 -1.008559649 -0.052170240 1.802638354 0.221142572 -2.008157602 -0.006217704 0.116103719 -3.657516893 1.617181037 -0.808853849
9.297664354 -53.640216104 36.648237693 -0.206345953 0.414883679 0.101541805 -0.880330701 0.372731558 -0.842718064 0.429169953 1.198055376 -0.043881593 0.177531410 0.932939570 0.643285576 -1.221352815 -1.244756710 1.117294242 -0.069583118 -0.572325691 0.511198255 -0.445852483 2.107237797 0.858749785 0.737790561 1.596349144 2.594458870
2.968992880 -48.952263276 32.854423977 0.743173971 0.438339999 -0.254092827 -0.437020971 1.354505165 -0.334960991 -1.183845363 1.181610976 3.583778170 1.403538555 -0.046220161 -0.703287753 -0.911138240 -0.194787501 -0.442737772 0.425012992 0.049268813 -0.492557787 0.823371536 -0.992534927 -0.635131548 0.929903909 0.031332077 0.181323370
13.360517292 -52.569455263 28.444331629 -0.606050185 0.592822648 -0.215122012 -0.484754579 0.238730385 0.987060429 1.161117255 -1.057391332 2.267134426 0.763137337 -0.851126842 0.149669470 -0.174735155 -0.771254310 -0.412953258 0.569749294 0.470530494 0.935850250 0.883273222 -0.157724741 1.727154585 0.129334151 -0.310850562 0.414827574
10.534881917 -52.333717172 39.749062566 0.594963413 -0.300715516 0.229842394 -0.709056549 0.955076747 -0.587550319 -1.225869856 1.202454787 0.272145123 -2.172896427 0.067388680 2.074367003 0.875313784 0.316097946 -1.916835606 -0.818753293 0.859216213 0.614020231 2.207172781 -0.224296786 -1.092884786 0.398992750 -0.314277581 1.661899008
16.455161158 -39.301580332 38.120428054 -0.511369465 0.485653005 0.617850253 -0.347711795 0.422689779 -1.517888226 -0.221544548 0.825009547 -0.507515366 -1.183405413 0.488028092 1.049444074 0.423265188 -0.587980121 -0.302369777 1.909165184 -0.100142446 0.926380400 -1.315282089 -0.707248410 1.227402553 -0.319617849 -0.961084753 0.783253969
10.748389633 -52.187430258 32.782659734 0.749322971 -0.029144635 -0.619781708 0.231379146 0.050689496 1.043653796 0.852380645 -0.151265484 -0.370725302 -0.797689736 -0.245317050 0.384218332 0.343775375 -1.612767132 -2.047595568 -0.470301577 -0.347731502 -1.350467401 1.554121886 1.116898062 -0.258491544 -3.059797310 -0.213552205 -1.274890284
5.059812500 -47.329626911 36.833090024 0.180755789 -0.427916635 -0.449188227 0.763180604 1.226062994 0.218258410 0.116729858 1.706928252 -1.310430745 -0.133542493 -0.276239981 -0.086689859 -0.650752375 1.551003152 0.743682194 -0.909440736 -0.554896901 -1.372276654 0.622088154 -0.431252757 0.484066627 -2.068832827 -0.235036502 -2.150131286
10.255272044 -47.824559820 28.441446320 -0.425952003 0.877563371 0.140148327 0.169722915 -1.228815266 -0.051288163 0.428418925 0.289657299 -0.108433182 0.533540621 -1.580622014 -0.689123804 -1.121415330 -1.251909346 1.607366040 0.272025950 1.532050875 0.473326402 0.061767360 -0.803616040 0.628921841 0.593490113 0.764382390 -0.007233363
14.066456314 -54.118058913 33.502944513 -0.762562592 -0.284272224 -0.579289069 0.045954010 -0.384444478 1.654958267 1.271533978 0.007981438 0.236527064 0.644500498 0.646586855 1.238895253 0.813406669 -0.599147785 -0.383493153 1.930393733 0.599770010 -1.650796979 1.440311316 -1.461727676 0.653051637 -0.198352989 0.266866958 1.799702730
6.161686237 -37.856650175 33.450497408 0.493009920 -0.232274471 0.792186602 -0.274645546 -0.861408237 -0.105681464 1.127643386 0.750862475 0.962295002 0.636182296 -2.007515503 0.066907133 -0.493699867 0.017401470 0.686552142 -0.386660678 1.719352763 1.488022882 0.049237977 0.903699029 1.523525812 1.196167374 0.224378219 -0.594470961
5.375862780 -44.032716038 34.495384502 0.001434783 -0.066526464 -0.584609220 0.808581617 -0.852147199 0.023288651 -0.814357563 -0.018793767 0.700124225 -0.181764284 0.486560738 0.245873651 -0.879435974 0.127954707 -1.212210868 1.468094417 -1.098548863 -0.179288741 -1.477962507 0.307201549 1.022360367 -0.214784713 -0.005600039 0.093023134
16.930337618 -44.648267255 40.509492545 0.845376332 -0.292041764 -0.002759032 0.447261505 1.012971789 0.605691965 0.185716039 -0.342770961 -0.413289302 0.324827796 0.489773946 0.885949667 -0.845318063 -0.621676301 -0.987866210 -0.556271288 0.807581212 1.042877959 -0.249386192 0.649825356 0.544140488 -0.134682831 0.773785993 -0.881421621
16.346793110 -43.453797649 30.533152665 0.303335954 -0.758192441 -0.491456610 -0.302658096 0.916804493 1.110489044 -0.856744280 0.043682445 0.542098845 0.642420240 1.226820754 0.290719453 0.459215439 0.063361601 0.870795967 0.208887128 -0.583137343 0.183445584 1.122195357 -0.679575235 0.782435395 -2.431058957 -1.644823610 1.042343527
12.946699201 -42.787199252 33.899178546 0.518347017 0.722551081 0.246906147 0.385063189 1.507692025 -0.044533698 -0.627827142 0.788608898 0.542228093 -1.447172386 0.562368274 -0.757963563 -0.481515102 0.361140774 -0.086561885 0.219012399 0.943458842 0.795470461 -0.585766350 -0.052871353 0.067141101 -0.226812857 2.261255738 -0.216838303
18.799506519 -42.692962817 32.437598879 -0.883371025 -0.117094672 0.451332551 -0.047364519 -0.918174449 1.131126759 0.670724399 1.232783826 -1.125214417 0.038499799 1.635252364 0.197912552 1.266954975 1.393555598 1.104044404 -0.123938914 -1.154569347 -0.019439062 -0.808201612 -0.396158141 -1.082870116 0.360599438 0.492852096 -0.058530931
12.329748233 -52.414974834 27.655227760 0.919674960 0.222598701 0.234392655 0.222952617 -1.196969706 -0.564653716 0.321895204 -1.701134267 1.588489397 -1.132597329 0.271922727 0.587852919 0.368510054 -0.729545498 0.034110421 1.060164194 0.873889466 -1.440575699 -2.715394100 -0.243231480 0.618553425 -0.340101390 0.359662113 0.956056471
15.968228450 -37.078233369 35.194725172 -0.311942600 -0.788320946 -0.113985746 -0.517927747 -0.154386100 0.358776535 1.246713164 0.179147633 0.032708856 2.091648784 1.565273183 1.387507070 -1.364200221 -1.285519022 -1.480670384 1.872350853 -0.915505031 0.002696358 1.414325324 0.045879603 0.613014498 -2.820877688 -0.397625545 0.313925045
6.776631958 -51.905343251 29.854485248 0.224899153 0.854800490 -0.427773529 -0.189066922 -1.095000119 -0.989300972 -0.307756969 -0.094814063 -0.060230552 -0.367701198 -0.194584583 -2.074447961 1.287029489 0.076824226 1.502536705 -0.689107162 -1.450000789 -0.636363429 -1.153381735 -0.080065615 0.842974213 0.694793725 0.216483510 0.494218729
12.006914498 -39.776827690 28.669750803 0.599904522 -0.108024223 -0.149370629 0.778545918 -0.394271030 0.639257671 0.018772967 1.575901722 0.284403930 1.940567649 0.414482839 0.636894225 0.751433881 -1.699162522 -0.701238625 -1.348923088 -1.319412393 1.617189252 -0.782810813 -0.533871703 0.365040177 0.620986579 -0.633669414 -0.375760326
13.767067982 -41.111355252 35.691801605 -0.582785224 0.279941698 -0.313012208 0.695713580 0.277954952 -2.261438572 -0.940834281 -0.143264362 0.651925797 -0.799712845 -0.808735246 0.685707182 -0.535471298 1.545741669 1.211296863 -1.367780236 -0.950290509 -0.854154838 -0.497499605 -0.909625849 0.263820052 -0.185695434 -0.045357262 0.075811052
10.081069435 -47.737275197 36.141955889 0.382726132 -0.288962679 -0.055937744 0.875723841 1.655412825 1.273201850 1.129042578 1.058876786 -0.766165476 0.279217323 1.000198908 -0.378532351 1.318433085 0.592063047 1.096440762 1.027386395 1.789853396 0.402767100 -1.688667785 -0.883909543 -0.289687174 0.520092248 1.325389336 -0.548817298
15.447910854 -41.985667405 30.650754823 0.965566335 0.052121811 0.252162694 0.037134142 -0.351778029 0.589142861 1.704258347 -0.708787718 -0.028996538 0.066747432 0.522865903 0.240687808 -1.524764039 -0.440889270 0.023076612 0.617201309 -0.140856968 -0.948052249 1.178970356 1.118228682 0.471798669 1.296738074 -1.338792182 -0.052439665
17.200070065 -38.650004778 32.757131531 -0.230380118 0.305388120 -0.922243068 -0.055953743 2.179054271 0.656782269 -0.067017544 0.915376402 -1.110185487 -0.395942041 -1.231775118 -0.483611461 0.299795100 -0.111578613 0.696302304 0.407450211 0.224730258 -0.788283127 -0.551633080 0.712715233 -0.922822246 0.660537939 0.791598507 0.036758929
12.532518280 -37.906472062 34.435128677 -0.101062082 -0.611104716 -0.225695598 -0.751930169 -1.233672841 -0.078063269 -0.837564214 0.611839370 0.078754548 0.503223472 -0.026776387 0.397731200 -0.402046895 0.068583788 -1.548337911 -0.306087687 -0.356850618 -0.461557641 -0.613767404 -0.119252527 -0.880514069 -1.593837599 -0.542852537 0.409767154
16.782088292 -45.585588460 30.368747305 0.272595801 -0.152368111 -0.948256623 0.057313745 -0.805826510 0.996763924 -1.646324621 -0.453656320 -0.516125419 -0.396115603 -0.445430309 0.016048396 -0.504888287 -0.015617115 -0.568980901 -0.720528639 0.042683367 -0.140610853 -1.254849638 -0.955269786 -0.623861484 1.462251140 -0.261437665 -0.904674053
8.986000944 -46.124480482 30.928639602 -0.997117161 0.043405277 -0.033939404 0.052167665 -1.634183535 0.794726864 -0.851024750 -1.409115399 1.511918843 0.799421661 -0.798273645 0.548856641 -1.091860544 0.465114071 0.403979029 0.783579100 1.145183056 0.181449020 -0.419373575 0.647943418 1.637026691 0.421061753 -1.218253343 -1.406923415
11.720612717 -37.493809314 38.246193996 0.693047581 -0.221846092 0.608215431 -0.317085717 1.210958139 1.382588003 0.859216798 0.373139356 -0.725150694 -0.039589454 -0.604600203 1.343587430 0.480687334 -0.509187488 0.529086727 0.572991788 -1.330589886 1.239308142 -0.326367193 0.359829778 1.985037821 -0.925567516 -0.297419755 0.745058777
12.645357492 -46.070275563 36.168158711 -0.621844438 -0.287987779 0.688201785 -0.238224343 1.108837667 0.845886158 -0.284299472 -0.363607328 0.370745819 0.422405679 1.723416654 0.748518521 -0.289305109 -0.612293128 1.119297971 -0.581316959 0.530708780 -0.606453206 -0.103994477 0.741633589 -0.778153484 -1.441534275 -0.812345642 -0.037037586
13.912377371 -46.610218908 38.840697246 -0.806540039 0.149830094 0.491380940 0.292555773 -2.352967281 -1.299014425 -0.017482209 -0.621129628 0.144586354 0.186480254 -0.664242218 -0.973269032 -0.461636136 -0.244132815 -1.784221273 0.621156054 0.574620875 0.291765501 -0.572216530 -0.263387061 1.222142869 0.524566486 0.355948213 0.064541805
9.661775934 -51.918164248 34.096816406 -0.699257286 -0.373567275 0.600857084 0.102261932 0.363657228 -0.151473018 1.156934233 0.118407845 0.439988442 -0.514768477 0.266441827 -1.445183556 1.759672757 1.666491228 1.509021543 1.366940641 -0.620895858 -0.146705566 -0.112174737 0.093052851 -0.857082872 0.609670164 -0.341621657 -1.406978598
12.281453928 -42.877794983 30.985441266 -0.585410323 0.336713179 0.555741582 -0.484840472 -0.042966255 -0.494894398 1.172811187 1.154329918 -0.814120125 -0.289236224 0.198056834 0.894285897 0.083531724 0.034722521 0.386569472 1.092389531 1.964136803 -1.352887159 1.190780578 -0.395968571 0.967529076 -0.051269680 0.378199966 0.356369682
12.171387369 -42.484445180 39.187827166 -0.804063130 -0.104856570 -0.120666918 0.572649174 0.373395362 -0.924455775 -0.044879480 -0.387674856 -2.364388109 -0.457866995 -0.433395557 -0.516478973 0.648635580 -0.189145444 1.937748647 -0.192600441 -0.253806849 0.995617035 -0.776944161 1.290334112 0.279774422 1.820773751 -1.374162181 0.689128246
9.429169438 -44.904061958 42.430315978 0.184235119 -0.521587226 0.208798008 0.806478504 0.698189552 0.803872901 0.762917042 -1.630826844 -0.616466663 -0.202480876 1.809184904 0.165399258 0.057163939 0.353925441 1.485259272 0.637598853 -0.334254894 -0.785198392 0.984580727 -0.239733015 0.957030487 -0.066483067 1.896732322 -0.629739686
9.108620811 -51.880527469 37.934037671 -0.820396171 0.478191578 -0.112387089 -0.292663766 1.878321034 0.102472988 -2.002757935 -0.519378045 1.155290971 0.850172812 0.102560368 -0.768612584 0.164504649 0.755752062 0.332251564 0.983756517 0.339663622 -0.724232546 1.430460912 -0.105807507 -0.844466439 1.135000292 0.757139430 1.238239932
3.287029927 -47.748638729 39.567335582 -0.543660500 -0.306852818 0.762089439 0.171739035 0.358275598 1.749805389 -0.275762537 -1.138918308 1.120216271 -0.680960166 1.682411565 0.073093604 -0.726989486 -0.954744366 0.741838939 1.246045448 0.130048949 1.056386604 -0.103608468 -0.794350007 -0.084826069 -1.173562259 -0.239452634 0.099164657
3.998781457 -45.227149950 26.260160043 -0.546997944 0.534986561 0.602161340 -0.228000767 -0.016380471 -0.743088842 -0.331806266 1.252898238 -1.840830942 0.175235865 1.173445639 1.483339701 -0.928545208 0.218842403 -1.193703667 -1.153876635 0.117365214 0.949139784 -0.258778964 -1.522877512 -0.388902136 0.781220076 -0.913614863 0.787800843
11.840262989 -49.030458285 28.563889852 -0.529383842 0.667863454 -0.422845706 -0.308078990 -1.855655285 1.240758355 -1.475533317 -1.198187841 -1.261504302 -0.697906132 0.498120792 -0.498504425 0.757490500 0.611442304 0.796679654 0.921967390 0.936798461 -0.802492260 -2.146984175 -0.877967794 -0.143683268 0.497451224 0.065846722 -1.109733910
6.158094932 -51.404974075 34.056643516 -0.795893832 -0.201285411 0.566245891 -0.073503617 1.421855429 0.847534134 -0.315395860 0.569450584 0.903833083 -2.629603074 -0.398006065 -0.178496806 -1.292204722 -0.481409161 0.894753167 -0.008160417 0.224944589 2.004786472 1.063706386 0.366020578 -0.668740389 0.018822334 -0.175799082 1.411846596
12.034869172 -40.018649247 33.400218098 0.166944135 -0.799935333 -0.167933519 0.551390472 -1.188594554 -0.786754135 0.109839734 0.659991762 1.018681700 -1.331156415 -0.159421466 -1.104986416 -0.577024834 -0.471159314 -1.112141465 0.251044937 -0.116485351 -0.387425200 -0.024036285 0.301919634 0.286982983 -0.074396877 0.018359121 -0.429792165
6.576258726 -39.129520579 31.695825641 0.572575084 0.772128398 0.093356933 0.259345318 -0.205945244 2.111577301 0.107475698 0.747033353 1.959422800 0.310170993 -0.562993353 -1.207395982 1.025409059 0.043183246 -1.055885096 -0.600145312 -1.331747513 -1.511228791 0.407897494 2.100989216 -0.943960510 0.360174867 0.627502488 0.247010437
5.930526219 -52.674670413 38.454657310 -0.476941331 0.567484613 0.342068029 0.577475233 0.178985826 -0.283248195 0.263289779 -1.282142942 -0.552387550 -0.441530154 1.881654310 -0.213585817 -0.012104092 0.503740126 -0.386228765 0.219128732 -0.035775293 0.810158300 -0.266926219 -0.164343666 -0.280457073 -0.311931747 -2.677664011 0.045707899
19.301145804 -43.219078596 33.596589410 -0.166244634 0.442605630 -0.380833225 -0.794625089 0.889818521 0.538332500 -1.297155337 -0.867254124 -2.157409528 -0.410778087 -0.187081523 -0.833019145 -0.945005289 -0.852436200 -1.109909423 -0.364527142 -1.060644191 0.995204342 0.156525981 0.719620553 0.259727824 -0.198339598 0.866468107 1.806837136
11.420821867 -41.889417060 35.530988755 -0.473312497 -0.390858059 0.338061424 0.713386103 -0.443591535 0.043774489 0.002717093 -0.041675870 -0.632360620 0.198968583 -1.972287986 -0.449243108 0.122269403 0.739248417 0.389324606 -1.876056669 -2.294555732 -2.811856953 0.590534541 -0.008162995 -0.357543151 -0.024658405 0.519815311 -2.060522108
9.145564216 -52.506602725 37.937984553 0.807430130 -0.345766724 0.049786577 0.475419030 -0.166437929 0.131315134 1.434234422 0.766685254 -0.568025939 0.616181660 0.166457682 -0.768608154 -0.387429867 -0.920972823 0.259760178 1.753350003 -1.558025672 1.013894690 -0.161768650 0.537445296 0.027699079 0.310591703 -1.607405090 0.183771396
7.697567698 -36.801035690 33.622295350 0.025360710 -0.375316134 -0.820345338 0.430729799 -1.209828980 1.129378295 -0.782873580 -0.555790026 0.501064332 -1.881626229 -1.678422619 0.731801615 0.521354637 -1.602835100 0.716633236 -1.319658323 -0.711654164 -1.820186336 1.023573191 0.637801710 -1.172726609 0.243919559 0.112379013 -1.384732093
14.118841507 -46.809166888 26.578374435 -0.458685249 -0.443736500 -0.039747774 0.768847108 1.189953287 0.186138098 0.113660213 0.363657624 -0.565941652 0.094639563 -0.080222375 -2.132251956 1.064639526 0.316850732 -1.976962174 -2.364346641 1.753278325 1.410223570 1.433792536 0.193640796 -0.001375497 0.645975698 0.421178567 -0.072616899
12.776842404 -38.805191818 35.798987674 -0.944267262 -0.128147826 -0.293041282 -0.077873490 0.070329996 -1.152463743 -0.197864748 -1.169384629 2.067666608 -0.546906923 1.162281897 0.007822766 -2.170039620 0.998581309 1.119609104 -1.282172479 0.530469338 -1.400302012 0.396248889 -0.866282030 -0.263362436 1.355576161 1.848505559 0.387541552
11.639082435 -37.951956686 33.014455125 0.135410827 0.979440249 -0.105060111 0.106409959 -0.523810406 0.981695276 -0.293270125 2.368071613 -0.414680076 1.338084684 -2.219582682 -0.601390217 -0.112567579 0.719410011 1.196027657 -0.061971785 -0.233359359 0.607211960 -0.481561873 1.089625806 1.414904502 0.049472378 -0.567800502 1.121658715
11.302519669 -46.320820130 38.920570171 0.779827873 0.337998497 -0.114044488 0.514411663 0.318610806 -0.779955003 -0.711424002 0.466140843 0.871651117 1.008463875 0.484384161 0.950062682 -0.040123515 -0.799822211 0.150770364 0.143779908 0.929608442 0.044677909 1.301840657 1.007581555 -0.411126313 1.779261927 0.810988044 -0.677795749
13.966634984 -38.212360184 28.357028264 -0.086778545 -0.556258785 -0.824236518 0.060661437 0.180916190 -1.342597985 0.009776768 -0.563592715 2.078595290 -1.202860686 0.907466612 0.879866463 1.229905307 0.675552415 1.023387520 0.345031474 1.312063963 1.170212981 1.502358844 0.261857115 1.611684596 -0.138148132 -1.136802498 -1.321724264
15.827268161 -44.872761624 28.381450728 0.832447000 0.015571728 -0.533813042 -0.147760448 1.893623279 -1.851562689 1.062458031 1.303944783 -0.100102859 2.612497410 -0.876202183 -0.240105805 0.796133795 -0.868025989 0.418109516 -0.449105990 0.294653444 0.562967513 0.908546838 -1.085936261 -0.389925826 1.685373884 1.379213102 -0.160216336
6.534194672 -36.346387958 32.876049678 0.144661643 -0.799616515 0.558246083 -0.167474621 0.276952979 -0.690853751 0.010092916 -0.632446399 1.652436030 0.759630706 -0.459508628 -1.102781354 -0.939433149 0.110979989 -0.111239227 -1.038520379 1.499061469 -1.182740752 -0.020966760 0.295043729 -0.213307422 2.745437902 -1.356860035 1.337885286
18.257452624 -44.931127464 29.119432263 0.571827802 -0.071126237 -0.815038147 0.060554453 0.344785146 -1.144958697 1.004924534 -1.181190609 -0.016923462 -0.251078640 -1.249348352 -0.776303823 -0.714434367 -1.004276743 1.431521793 -0.453568557 -2.246897057 0.555696402 1.326909666 1.324558599 0.321019093 0.760377960 0.757409542 -2.367040192
16.000206616 -40.953481595 29.664442615 -0.499329221 0.177118901 0.829331931 -0.177504287 0.395647342 -1.193569062 1.043049014 0.439119400 -0.532212725 0.371055635 0.406064049 -0.768465424 -1.200295640 1.241034103 -0.490388941 3.603811995 -1.273311154 1.511186611 0.452743057 -0.307182967 0.328204008 1.107593391 1.588675023 -1.120369060
13.504428800 -40.804721319 30.457710750 0.624455310 0.221774795 -0.417546798 -0.621712295 -1.368253899 0.707646424 -0.074421862 -2.291511364 0.803195590 0.827587715 0.126027525 2.038697923 -0.253147241 -0.679061382 1.202977759 -0.034903933 0.499708722 -0.967887591 -1.791898896 0.891806873 -0.816684224 0.928643261 0.043695064 0.714900278
4.893687607 -48.603027001 28.714490279 0.581411696 -0.013603148 -0.277857306 0.764572241 0.447882349 0.376439820 -0.313435092 1.677427637 0.514508038 -1.715077074 0.584199661 1.292814328 1.242059028 -0.911199832 1.539679399 0.606855895 -0.332221985 0.364989566 0.041907796 0.252763736 -0.514391189 -0.183540112 -0.642626371 -0.023854828
15.229283998 -40.390646647 33.585239876 0.054198327 0.593598050 0.238581412 -0.766669946 -1.662595486 1.316468178 0.349480648 0.116910870 -0.588140581 0.082712991 -1.213097273 -1.212291670 -0.383004570 0.621725622 -0.299990834 -0.148162643 -0.614283559 0.599900319 0.723540779 -0.703037509 0.514411749 -0.981893174 1.199224220 -0.935315702
2.341544282 -45.180714827 33.703987846 0.625697828 0.253601873 0.479604759 0.560506551 1.122937945 0.659834624 0.311072036 0.011282144 -0.900551993 0.702769977 0.220159075 0.151166882 -0.201488554 1.134630321 0.166208312 -0.876880328 0.309362030 0.192548301 2.106008752 0.968024160 -0.434972297 0.617506381 -0.587196176 0.739459389
12.295953893 -43.161818464 24.973744794 0.822457558 0.018767006 0.520526609 -0.228611928 -0.511371019 1.315387692 -1.008960910 -0.076372878 -0.717935965 -0.553299740 -0.385469480 0.063091732 0.600237009 1.135262579 -0.922590146 0.058841855 -1.636703435 0.423946785 0.317783381 -0.423404636 0.323248249 -0.685217472 -1.140801818 1.191292550
11.332628450 -51.981157462 32.859935126 0.047106074 0.013848042 0.689777144 0.722354996 0.013449929 0.201958922 0.386989741 1.223341258 0.303426253 -0.061601418 1.302738365 -0.050016049 1.061408188 1.094721293 -0.597592935 -0.747969769 0.496855986 1.162502568 1.933345213 0.871775558 0.950883349 -0.519891906 0.653906601 0.391618362
9.255215327 -48.475873514 36.604639692 -0.399987094 -0.341727397 -0.330307576 0.783664224 -1.875184199 1.006329730 0.530861060 0.412434545 1.045527901 0.540053608 0.973943451 -1.455598870 0.145101670 -0.170294856 -1.121076757 0.009311014 -0.665023297 0.589127021 -1.065112325 -0.630979302 0.653452398 1.484440289 1.380012292 -1.273019242
14.089238101 -40.614893776 35.142332334 0.123542869 -0.369552710 0.907577364 -0.156432997 -1.074966591 0.620942283 -0.080480677 -0.157102470 0.722516823 1.247780705 0.319739550 -0.955743548 0.167142884 -1.797988668 0.897557935 0.100039672 -0.029434221 -0.081460590 1.429007399 1.252182765 0.080262626 0.228539643 -1.890200395 -1.209174771
8.003320451 -50.346009624 37.716317971 0.255619194 0.669022182 0.367036831 0.593592547 0.994007563 -1.260725475 -0.550472306 0.179418703 0.808863328 1.003551987 0.062122952 2.331573241 -1.031871043 1.604139076 -0.561300791 1.194981717 0.050036333 0.491275563 0.353687957 0.277409779 -0.321898614 0.534957687 1.311204830 -0.118530200
7.553719162 -43.350603765 31.256769603 -0.964848866 -0.222874037 -0.061676817 -0.124859117 -0.727175942 0.149587136 0.369675926 1.043658058 -1.394869637 -0.429966789 -0.292367589 -0.833728868 1.296795505 0.272641345 -1.453557800 2.228899524 -0.988995333 -0.293038606 -0.148863379 0.974096261 -1.463168235 -1.945279175 -0.244922698 -1.297556789
9.508204797 -48.316498256 34.041669446 -0.195761109 0.967345098 -0.152257390 0.052332946 -0.268675118 -1.154295303 0.555776865 -0.609010659 -0.809431470 -0.149353927 0.430120402 1.177575565 1.314446548 0.805917603 -0.183745756 1.383810693 -0.265378726 0.126764457 -1.370687403 -0.364112113 -0.322961332 1.354298337 0.553949866 -0.640706726
6.441549748 -43.362357241 34.898698654 0.483364639 -0.471197600 -0.207442178 0.708024852 -0.414788815 0.445799727 0.845286308 -1.026522449 -1.748016122 1.155721544 0.961559730 0.239921737 0.430278366 0.007113089 0.565569933 0.069510866 -0.014759759 -1.099976484 0.352713715 0.414582845 -0.095763021 -1.900226709 -0.990792689 -0.864989549
3.954694422 -47.946505760 39.070168463 -0.497763027 0.576549421 -0.284300329 -0.582233678 0.795120872 -0.443285919 -1.879707097 0.702336081 0.896066232 1.236916510 0.756511081 -0.415054578 -1.573182118 -0.971783875 -0.558336038 0.766990723 0.425628120 -0.146667222 -0.845320854 1.437622273 0.339167223 -0.526717741 -1.776509523 0.431297441
9.474119436 -44.681911591 25.305490621 -0.100013515 0.957091970 -0.094336597 0.255093835 1.496346791 0.583398500 -1.400500257 -0.366928545 -0.756792577 0.371122777 0.666550619 1.053015100 1.173062382 0.228082903 -1.054374743 0.894073110 -0.096240559 0.893656707 -0.658676254 0.614582631 -0.697501818 -1.174529103 1.684694236 -0.814570844
12.449221738 -48.334300159 38.893450232 -0.241231352 0.089726577 -0.020915365 0.966084429 0.587500414 0.095491585 -0.087817146 -0.373111191 -0.697072898 1.009914376 -0.261055998 0.018944241 -1.258907368 0.575385460 -0.389224176 0.395008793 -1.179809643 -0.335812970 -0.655074190 0.188051283 -0.839370070 -0.890595187 0.086486231 0.110686376
5.419817119 -39.152110638 33.678207827 -0.684714707 -0.284557168 0.004482010 0.670949252 1.320851924 0.104269485 0.178745968 -1.539109155 -1.261105973 0.823060719 0.639636319 1.400126790 0.761380161 -2.506160955 -1.090758337 -0.083493414 -2.575333417 -1.848096172 -2.122053807 -0.076758109 -0.190314753 -0.682067306 -0.773508926 -1.067253953
6.364172361 -37.259198140 36.263498505 -0.331667277 -0.712208949 0.048865544 -0.616739320 0.092015524 -0.362278980 0.326416387 0.103143421 0.683129669 0.315666067 2.358365040 -0.222552953 0.495402741 -1.320007912 -1.009523781 0.158267907 -0.267421711 0.291389430 -0.353760006 -0.967309471 0.899314489 0.797337558 0.728629427 0.431328042
12.275399774 -47.907196407 38.998280909 0.304766456 0.875938334 0.373140247 0.024815263 0.912608041 0.055326220 0.740735009 0.146209794 0.587245670 -0.280729768 0.537575040 0.529739993 -0.575815440 0.470138389 -1.028130641 -0.493013073 0.550539506 -0.304604040 0.579788295 0.815734927 -1.156850585 0.292283634 0.450865187 0.378039272
2.157890690 -41.536313665 33.729250863 0.492996278 -0.487466535 0.549455030 0.466294132 -1.963816684 0.529135859 0.772009357 0.908885832 0.290714379 -1.312206392 1.700028387 -1.001196101 -1.445699027 0.491745873 -1.774379187 0.524928754 -0.665245120 0.918209949 0.489458733 0.150823504 -1.591841149 0.793376771 1.005794513 -0.348269253
2.307363266 -42.519001715 34.505560553 -0.634578875 0.535274102 -0.546444456 -0.110407171 0.936974409 1.459723087 -1.586061253 0.280083216 1.658004484 0.817356175 -0.336735735 -1.681777030 -1.478013939 -0.177947986 -0.573339607 -2.891006554 0.058907786 0.528465594 -0.164648214 1.006571505 0.767544710 1.836205529 -0.656725016 -0.866029882
19.884794327 -45.392763590 35.689898309 0.661239751 0.538082834 -0.246263098 -0.461067611 -0.011083517 0.170976273 0.113005948 -0.225046346 1.023353978 0.559369305 0.380001571 -0.542518687 2.231147101 1.089185223 0.743795408 0.400432963 -0.324037184 -0.251360317 1.132832883 -0.398591871 -0.260015727 1.268039956 -0.349179466 0.785429466
12.594073977 -39.763473658 28.595826753 -0.249945672 -0.757550105 0.601438977 -0.043773930 -0.001355382 1.935799298 1.342726694 -0.253737921 -0.592123548 0.062295896 -0.238580705 -0.892331763 -0.662186112 0.823324259 1.142157378 1.583776811 -0.059693742 -0.055544385 -0.523657706 -1.260481425 0.355192403 -1.942784869 0.555428575 2.090998866
16.673257934 -43.404044851 41.314626883 -0.372928445 -0.224692453 -0.733207049 -0.522345767 -0.599581930 -0.203519539 0.750169140 -1.712177383 -0.341365705 1.815486183 0.160180271 -2.487831741 0.375489540 -0.427427915 -0.908444929 1.399943734 0.788599726 0.579028281 1.368188595 -1.331597046 -1.748412187 0.210434790 1.505658727 0.199451578
6.802685527 -45.548461071 35.698427715 0.043613830 0.788364913 0.294335523 0.538465595 0.489794596 1.029167386 1.057999920 0.332578881 -1.659278211 0.853199179 1.571857586 2.605854083 1.354091332 -0.143497136 0.975873329 -1.911772865 0.072739349 0.986842999 1.962784533 0.599679914 -0.669702749 0.167389224 0.021182188 -0.538825429
9.093527893 -52.537366220 36.174281468 0.369416291 -0.647679884 -0.406088454 0.528331846 1.641572804 0.649712858 0.416596613 0.043279928 -0.786809833 -0.585735598 -1.491648323 1.067387945 0.438704326 1.191173458 1.971623971 -0.554049393 0.496713865 0.638934025 -0.953409079 -1.575187501 -0.665173386 -0.507523517 0.140324249 1.656911927
13.172877552 -43.605390210 35.331021724 0.625497699 -0.069193997 -0.774343971 -0.066001773 1.379691097 -1.167581238 0.578573631 0.280898260 0.968734604 -0.842560746 -0.235811805 -1.388913963 -0.209843976 -0.199565538 1.436778797 0.778690748 -0.083308144 0.628213411 -1.390896890 -0.286704799 0.741081893 -2.121506564 -0.271025292 -0.698216232
6.177599038 -43.321565479 28.309361281 -0.933580498 -0.164946761 0.170358983 0.268696550 1.242931637 -0.161128108 1.240741075 -1.318906396 -1.970724028 -1.107032992 1.753700605 0.573552465 0.729017449 0.593047407 0.055584547 -0.407673661 0.252333844 -1.383068880 -1.532351434 -1.277889372 -0.351542709 -0.636934835 0.016993348 -0.657660307
3.780740299 -48.847708749 37.538836105 0.428292435 0.787528722 0.414133399 -0.157663026 -1.020208342 -1.559515991 -0.102672114 -0.957921497 1.452265311 -0.350293371 0.943855950 -0.358186794 -1.436580392 -1.386258404 -0.768414898 0.150994055 2.302104467 0.711662579 0.978485799 -0.256608431 -0.051323100 0.110775815 0.166102315 -0.026375587
6.108060778 -44.499184271 36.019762046 -0.466246810 -0.079330758 -0.388026773 0.791047259 -0.802149635 1.178096539 -1.150910284 0.606952886 0.763607103 1.051045361 0.771427576 -0.595654821 2.142666310 -0.427194584 -1.107727354 -0.416578515 -1.037986124 0.798657943 -0.371022067 0.171965156 0.853673966 -0.477374482 2.297203372 -0.617987827
13.330303071 -45.098792106 32.665605200 -0.203955409 -0.798455999 0.104764177 0.556681845 0.839917349 -0.744382827 -0.690165366 -1.548510887 1.793979603 -0.267251018 -0.600612189 -0.208463961 0.612121021 1.083272788 1.528107052 -1.193688125 -0.888087469 -0.128190784 -0.225276292 -0.280787395 -1.808210501 -0.220035059 -0.583421616 1.791679880
6.295853450 -51.290592097 36.345939447 0.310611599 -0.514097690 0.608857127 -0.518186259 0.844193167 -0.536822489 0.170754448 0.389059686 -0.138699026 0.032371009 0.794527188 0.638285283 -0.016281921 0.021653030 1.081424190 -1.293212164 -0.199602296 1.613970677 0.361929654 0.879428797 -0.716883112 -1.755574942 -0.487254866 0.738975106
10.397998291 -53.376044809 34.092665048 -0.667018813 0.733541150 0.019560855 0.128921130 0.450194775 -0.288624481 -0.390103906 0.382245213 1.149978837 -0.464339112 -0.006706858 0.366457052 0.614515891 1.602688792 -1.499690759 -0.481055854 -0.941861845 1.671640525 -1.239834332 -0.204874856 -1.349210246 1.060935434 0.180618794 1.508908171
14.819370945 -46.791768642 41.071480700 0.194722468 -0.839839847 0.117198660 -0.492967206 1.171979154 -1.321946706 0.382050581 0.194342668 -1.272627721 0.481121622 -0.702602362 -1.362950356 0.572293081 0.338967005 -1.217755006 0.603844892 -0.728139532 -1.327809234 -0.091990803 0.712073794 -1.406017922 0.925020860 -1.305374837 -1.400903491
4.988220133 -43.545933787 31.620855650 0.346127652 0.257885811 0.524395248 -0.733961975 0.746396300 0.894205141 0.985356714 0.053897527 -0.296274498 -0.753838253 -1.113852221 0.415801201 -0.695848590 -1.642673336 -0.700657357 0.779639785 0.792044830 0.982070159 0.638640813 -0.136038883 0.580731169 0.710587571 1.311061595 0.400216128
9.886383104 -42.573067907 35.800879484 0.277484609 -0.416358438 -0.844032941 0.193019007 -0.672233810 -0.844293782 0.307860600 -0.427165817 -0.585682288 -1.212389374 -1.385749967 1.085039287 -0.364672725 0.399109939 0.388668667 0.259537585 -0.183559636 0.241395420 0.622663749 0.348598043 -1.075295391 -0.231555097 -1.035499117 0.832175556
17.132843350 -52.007894137 33.630006935 0.852905297 0.067858144 -0.300412333 0.421545083 -0.698264676 0.371653807 -1.058609959 -0.274043689 -0.794145331 0.398807310 -1.033637179 -1.216108791 0.177207786 0.287722515 1.489001340 -1.363902118 0.375729809 0.426438039 0.891042749 1.530873212 0.431002794 0.089524761 -0.067105881 -0.734512107
8.782048801 -40.466372843 33.107919050 -0.338820637 0.210557548 -0.913903082 0.075148200 0.487642925 -2.483988584 0.582894613 0.403190328 2.010886708 -0.819653327 0.636204044 0.049015257 -0.615381960 -0.200747469 -0.851812615 -0.111090544 0.045979162 1.228031297 -1.480289196 0.416065358 -0.502295302 0.205299194 1.864846056 1.893837798
14.886575745 -50.599937852 33.610043069 -0.630525776 -0.755128498 0.005460678 0.179411199 1.684074901 0.764216209 -2.173070647 1.964799103 -1.625264745 -1.817757241 1.606462132 1.305953366 -0.352010459 0.283514548 -0.363627630 0.395532377 -0.708639203 -1.098097699 -0.044137403 -1.833708815 0.858191162 1.025401200 0.102189719 -0.850947711
6.402156818 -36.376308882 32.401810224 -0.665359099 -0.372230520 0.021691194 -0.646738897 0.210614692 0.763067860 -1.237477460 1.135873915 -0.343804162 -0.114151390 -0.740587791 1.242412311 -0.120513495 1.913024689 0.168495627 0.885332377 0.992768347 -1.462309650 0.265624023 0.546846722 0.112069035 -0.011937436 -1.371387968 -0.260658444
11.888289071 -52.717283009 37.667495887 0.114533731 -0.690217548 -0.680095726 -0.218978456 0.920552824 0.687234811 -0.091951107 1.115183870 0.299252266 -0.199094717 -1.695055956 -0.728644585 -0.134392496 -1.241902437 -2.476280149 0.884479019 1.230315086 1.041842340 0.918413572 0.381753151 -0.176628488 -1.539384518 1.047966345 0.359181073
2.172973998 -39.559232383 35.058600844 0.192859838 -0.941934138 -0.255582319 0.101206919 -0.596786421 -1.926034970 -0.275326314 0.681280017 1.000353542 0.461114462 -0.558774400 1.423077602 0.895437390 -0.089345161 1.798963262 -0.092750642 -0.097015893 -1.230917158 -2.347969186 -2.535078369 -0.177994267 0.066132688 0.241567087 -0.833874891
8.100284295 -39.785453289 31.975972336 -0.672396097 -0.171487813 0.286191838 -0.660734176 2.463547236 -1.344802513 0.319706364 0.607978123 -0.304794966 -0.515230262 1.744923576 -1.663104251 0.899019113 -0.498707377 -0.050087029 -1.705416897 -1.361556443 -0.472646192 -0.824695344 0.137645004 -1.568377530 -0.381140411 0.421597658 -0.667964175
19.434952726 -46.688485416 37.296989598 0.878471592 0.212437058 -0.152104646 0.400027919 0.407975124 -0.729044717 2.021877970 -0.366351453 0.667753474 0.856938515 -0.911650807 -1.150964239 -1.682378046 -0.126052205 -0.401992661 -0.429934584 0.346334181 -0.420164866 0.232209225 0.097911428 -0.673235159 1.463755059 0.959847522 0.381381645
17.091816085 -45.507035237 40.817960356 -0.769767412 0.356491798 0.232199440 0.475873039 0.650545650 -1.308474344 -0.195657823 0.112724501 0.188682906 0.806706711 -0.866089586 -1.585714998 1.357307103 -1.088612221 0.357197472 -0.669275122 -1.290710523 1.647684277 -0.909054796 1.503830377 0.877320251 0.568413139 0.124928399 -1.416043843
14.675284220 -52.738928666 31.854147068 0.638402712 -0.395014037 0.636235871 0.177791462 0.067494353 2.050230980 1.738176368 0.384040144 -0.684878367 -0.364680637 0.941846711 0.873606370 -1.613230549 -1.305906098 -2.614715833 0.012499978 2.008048870 -1.438918486 1.321359333 1.200230386 0.465986990 -0.146785312 0.800737310 0.460098114
15.851135597 -46.063283643 39.322661302 -0.100332803 0.884452794 0.454264049 -0.036342226 1.903605564 0.238591427 -0.766746092 -0.014655664 1.646707989 1.095456283 -0.230817548 0.859834311 1.799015635 0.937882599 -1.686496069 0.936745184 0.617911590 0.399995509 1.312470349 -1.652112060 -0.166967300 -0.697308559 0.084905056 0.556755116
5.274236312 -48.632485499 31.137438315 -0.163126708 0.012309100 0.444716501 0.880605131 -1.891327174 -0.875980051 -1.121676415 0.582071902 -0.251342881 0.499104934 -0.009815822 1.409070694 -0.737037453 -0.465207312 0.321685158 2.240816079 2.331037839 -1.810997469 0.349314661 -0.147931851 -0.649572372 -0.567739225 -1.031092909 0.867299459
11.693423477 -46.152243945 36.095082226 0.788185530 -0.100388141 0.458624798 0.397931007 -0.259092306 -0.561529399 2.099011822 2.189898023 -0.268484622 0.274553997 -0.331347238 -2.101614051 1.809016589 -0.468987856 1.731223707 -0.262974450 -0.425885052 0.844496948 0.704415976 -1.005125882 -0.360823787 -0.300632064 0.764495649 -0.384330392
2.863571992 -40.819912774 32.571732117 -0.879605929 0.055485941 0.409144572 0.236252914 1.416112455 1.588604449 -0.317404072 -0.575418298 0.677255284 -1.366405103 0.764221344 -0.619730586 -1.611614482 -1.427397804 -1.374002004 0.453467607 -0.809370084 0.653642090 -0.637816144 1.457460210 0.918154411 0.484514497 -0.421719638 0.003273588
13.218066044 -42.810108752 36.830032904 0.277548049 -0.599818139 0.743637106 -0.100941245 0.682743379 0.960690817 1.133165645 1.003797313 0.634839810 0.466988501 -0.453036696 -0.674056229 0.769017870 1.098689242 0.475115620 0.034386646 -2.178922554 0.133096068 -2.064444344 -0.592696996 0.849807258 -0.488384617 -1.447297099 1.340636390
12.886342302 -38.205720081 31.805140819 0.366585245 -0.159695498 0.781375933 -0.479128643 -0.348093005 1.104615601 -0.592422777 0.481023160 -0.700812137 0.409273289 0.236888774 -1.220185761 -0.417174406 0.906551273 -3.714546805 0.619276838 0.861845808 -1.561120797 1.310103240 2.287951007 -0.388698680 0.849390392 -3.371899417 -0.936635918
13.444877855 -40.079042488 36.683717973 0.544789240 0.422294300 0.123660359 0.713848950 0.849103700 1.284646671 -0.366179959 0.240222357 -1.112755752 -1.505394895 -0.502810572 -0.218495181 -1.337984213 0.478204634 1.714807881 -0.119403995 -1.737802711 0.765652898 -0.433060807 1.720030350 -0.319791767 -1.287251391 0.326443606 -1.898994841
13.648984932 -41.296528752 40.491528974 0.272104367 0.334342197 -0.036486834 -0.901578183 -0.508125275 -0.410806928 0.003864480 0.193818521 -0.063151684 1.453565855 -0.568808951 0.847393373 0.274659071 0.388617456 -0.022544024 -0.750757587 -0.194894774 -0.054945214 -1.832546161 1.393374695 -1.820398868 1.428258392 0.081782041 -1.844111403
9.344051279 -46.400880424 37.101871473 -0.588843178 0.666388548 0.218060987 -0.402044052 0.097462627 -1.796524441 -0.879951032 0.568724889 1.844808439 1.079405800 -0.582686097 0.752955975 -1.040880544 0.879469310 1.002236905 0.123958897 1.251180598 0.729021595 0.958085851 -0.465381518 0.190052974 -0.035047513 1.376961319 0.574658932
14.096218075 -40.269173954 33.807183639 0.426209112 0.190536471 -0.517208709 0.717312203 1.060635514 -0.547025740 1.099854096 -0.624376427 -0.554089726 -1.166844007 -1.656238572 -0.220112680 -0.275411656 -0.450912232 1.067883428 -0.495545724 0.742550980 -0.059802806 1.208544525 0.521204860 0.159661011 1.479117405 -1.184189582 -0.570497467
3.793482590 -46.600777925 39.000002915 -0.281363073 -0.181174295 -0.712613014 0.616598239 -0.339175921 0.788863697 0.384500520 -1.694363493 1.155169099 0.075176979 -1.096156575 0.867890292 0.086663479 -0.398160874 -0.578849277 -1.023485293 0.335291451 0.595290179 0.955401809 0.094266979 -0.742551367 1.430680433 0.290149915 -1.569704458
16.810858687 -44.329465804 39.946515990 0.002546352 -0.447691657 -0.141416300 0.882930986 0.036541779 0.488305438 -0.749360941 0.971026890 -1.121563839 -1.450719839 -0.524787808 -1.102003354 -0.577640309 0.626630068 0.748655490 1.798152047 0.143952263 0.645893349 1.644871433 2.180832867 -0.677457248 -0.003569461 1.860715594 -1.329821699
9.122557777 -43.688218764 32.486444796 -0.851267915 -0.407484494 0.238123021 -0.229339816 -0.742089374 0.354047211 0.855636669 0.636513170 0.970920224 1.936274264 -0.535948717 -0.614235369 1.028322961 1.847193195 -0.321881098 0.937524355 -1.073760833 1.988757408 0.108229099 -0.561398865 1.159473774 -0.612557540 0.418918410 -1.058805258
11.944953657 -52.536710169 38.781199231 0.656662805 0.577643124 -0.431526159 -0.221150529 -0.529163599 -1.072822372 1.946484412 -0.790508926 -1.152450822 0.055581178 -0.583879775 -0.546065858 0.627802872 0.636763500 0.289535587 1.780687342 -1.084091258 0.569657340 -0.620460730 -1.150368093 0.573328197 1.286557039 1.939662242 1.267154153
8.695647060 -44.939157697 27.963157314 -0.575478943 -0.432232725 -0.505909116 -0.475452231 1.236070252 1.151276124 -1.284164676 0.120837882 0.736459223 0.153363529 -0.939205128 -2.129261362 -0.288323503 1.171186792 -1.536690670 0.916965625 -0.456946680 1.852639189 1.002967957 0.915313308 0.044768812 -0.925609654 -0.800646096 0.679741342
3.051411123 -45.966704929 40.300181453 -0.237509862 -0.891203948 0.129837568 -0.363987355 0.090086873 -0.406119315 -2.245804167 1.328902880 1.250976872 -2.021665237 0.454914119 -0.200339831 0.700082588 -1.112818221 -0.041369786 1.187879532 0.339970930 -0.829650806 1.556833025 1.856207738 0.297112000 0.666828046 0.206300470 1.645963170
18.941082370 -49.937127844 34.027172455 0.840674221 0.354607389 0.379666771 -0.152884261 0.882317740 -1.915553840 0.392965049 -1.183007575 0.921001143 0.981093156 1.323725975 0.676881893 -0.307404784 0.869813681 2.869252175 0.424839555 -0.949427592 1.327414203 -1.418792823 -0.004017949 0.041646441 -0.390267252 1.334608806 1.584909270
5.001684052 -43.708319619 25.730745721 -0.525026348 0.327671014 -0.137277683 0.773391154 -0.071776050 0.010603073 0.775080434 1.710112189 -0.256281906 -1.294221334 1.895843952 -0.633139492 0.850039860 -0.231071349 -0.126625155 -0.606936896 -1.584430505 0.048520541 -0.983959743 -0.389713250 -1.659920887 1.657789573 -0.263262301 -1.506678653
11.479252045 -40.740358779 37.026943291 -0.952035974 0.162582946 0.163664761 0.201017750 -0.846924817 2.237983079 -0.977194983 -1.384709658 1.899772053 -1.600328898 1.974616414 0.175462470 1.311057819 -0.143018318 0.724596174 0.835750728 0.875757642 -0.979257889 -0.613710831 0.791642735 -1.561609178 -0.302509814 0.101910827 0.684464537
18.991081913 -43.155853987 37.585234449 0.380220162 0.869702823 -0.260954035 -0.175933564 -0.120051680 0.514052273 0.279097429 0.534069763 0.343094180 0.452890285 -1.638695668 0.448485653 -0.913010429 1.003070839 0.170701254 -1.368842163 -0.985049528 0.014288015 -0.488884793 -0.409127006 1.462843238 -0.578138204 0.245502945 2.331248278
6.900499200 -39.636371338 30.599969300 -0.268534513 -0.225142743 0.589533818 -0.727770457 0.053878627 -0.605388606 -0.495234368 -1.216430674 -0.261268632 0.386972436 -0.820479771 -1.767325543 2.013617481 -0.571717751 -0.586140906 -2.194291381 -0.505388594 0.036213521 1.729838232 0.381662295 -1.566293805 -0.677462954 -0.676983526 0.396833820
6.849873400 -37.909541990 30.278732446 0.465075591 -0.456865762 -0.739774630 0.166468815 1.094152349 1.771507190 2.726894877 0.311543626 0.096938328 -0.417236870 1.361178685 0.689186250 0.819047220 -0.756406805 0.518860793 1.129014793 -0.657163366 0.104949856 -0.829708848 0.484707414 -0.891854768 -1.738658372 1.028973284 -1.084418870
10.837202183 -44.677513767 43.280768666 -0.897044585 0.201307779 0.031050096 0.392201584 0.908947188 0.521037216 -1.148575468 0.665693116 -0.853187315 -0.352885084 1.178839308 0.758003124 -0.327781525 -1.999912205 1.420192590 1.293916482 -0.462068883 -0.090530072 -0.281202459 0.700011087 -0.129268883 -0.403930187 0.609564256 0.232624095
11.396648394 -38.566687406 38.104382919 0.724286796 0.200874496 0.475759250 -0.456849220 -0.972933501 1.592350449 -0.955261494 -0.173939235 0.689171848 1.166176376 -2.120209034 1.118141032 0.443004123 0.927616227 -0.029926196 -0.299724895 -1.626853374 -0.685873249 -0.431466616 0.399911041 -0.922996049 -0.959613894 -1.661809777 -1.030563024
14.287545956 -47.130896191 38.634991583 0.029209071 0.350319100 0.936137058 0.008412324 0.743283943 -0.437672566 0.626734405 -0.360657905 -0.720036549 -0.306742815 -1.009755823 1.661002628 -0.820161487 0.174568892 0.941164548 -0.341841197 -0.820400741 -0.270318251 -0.341933588 0.461123266 1.180637029 2.304551412 -0.191797266 -0.525039022
4.898725659 -49.499563901 37.748829387 -0.710784604 -0.067861435 0.189702905 0.673938336 -1.150024656 0.170935336 1.812181993 0.370863680 -0.902430862 -1.776697618 -1.421938175 1.251408335 -0.539575326 0.820587223 0.000052367 1.065720756 -1.250609660 -0.795098825 -1.126094361 0.588597038 -1.971505890 -1.620019080 0.662538845 0.092135523
5.379445011 -39.092755810 40.122232658 0.837310156 -0.280049492 -0.197143712 0.426167035 -0.212587190 0.421193879 0.886248141 -2.227197472 1.944388739 1.361025471 1.226456514 0.848606088 -1.467946060 -0.901661580 -0.747079156 -0.291552528 -0.021917529 0.617065749 -2.692037334 -0.700012185 -0.756377387 -1.136213054 0.780312852 1.014700510
2.704520925 -39.267305021 34.533484049 -0.344594488 -0.223156673 -0.303842085 0.859730031 -0.727627064 -1.029593156 2.121325167 -0.236634332 2.066874076 -1.243643973 -0.186796523 1.864370285 -0.700310087 -0.160980096 -0.352655480 1.330454566 0.864820260 -2.135002884 0.503261344 1.722611585 -1.437174742 0.024474823 -0.493299556 -0.092609601
13.062802679 -39.949059230 34.123320115 0.391616003 -0.866192750 0.291594330 -0.106394421 0.323254601 1.989584949 -0.435271599 0.433472762 0.519747741 -0.250154628 0.294567206 -0.940117419 -0.588938138 -0.758278950 -2.421947263 -0.613956486 -0.080418813 0.288965765 0.306112909 0.738367609 0.616916239 0.703275885 -0.215219277 -1.127034817
6.376938541 -53.021271429 35.613268937 -0.754745266 -0.071711433 0.645053644 0.095513612 -0.793122634 -0.218995938 0.242223719 0.203958179 -0.464739160 -0.967699865 0.682453057 0.391663508 -1.288136089 1.604020439 -0.234784314 0.815321573 1.832105584 0.387182852 -0.473248651 0.678194312 -1.320895474 0.224480861 1.573532904 0.268515922
11.306888164 -41.180652821 26.539843006 -0.313021576 0.175429782 -0.686518788 -0.632403225 0.959126999 -0.861047023 1.054211545 -0.126947221 0.983915796 -0.720018853 0.464654150 1.977146426 1.144434243 0.272404032 -1.865959118 -0.782005967 1.597852056 -0.740185837 1.221675677 -0.099851829 0.131968711 0.773335894 -1.002471452 -0.242949870
18.379932689 -46.068717397 31.281752199 0.116256554 -0.542524476 0.491468106 0.671275433 -0.397463337 0.986207612 -0.390322738 0.993704186 0.618475378 0.251919859 0.340881951 1.357730909 1.444101989 -0.762784139 1.321488437 -0.505400872 -1.160685382 0.263551214 -1.555616011 0.160774106 -2.458273937 -0.198032138 -0.011476063 -0.001050150
7.273761096 -48.671639332 37.674545836 -0.529704876 0.108200618 0.742610025 0.395266646 0.711062046 -0.559269127 -0.833320458 0.333231107 -2.153344482 0.383719693 0.388721063 -0.955511822 -0.430800491 -1.005804649 0.446154867 0.971571936 -0.647173374 0.689775895 0.159621036 -1.478123756 1.547104795 0.210913555 -1.493472453 -0.021500944
3.991031265 -39.584544410 32.586615375 0.764294846 0.217522270 0.422947523 -0.435491495 -1.670436396 0.947865375 -1.102851082 0.257579831 -0.512519121 -1.052940801 -2.256179388 -0.162524122 -0.858266025 0.598086012 -0.634206096 -0.238600663 -0.228835335 -1.157763423 -0.257822584 1.658750304 1.057100798 1.193373022 -1.177685406 0.648324117
4.038191663 -43.694180490 27.383607577 -0.628284786 -0.320229394 -0.496440879 0.506219138 -2.974875031 -0.119669982 -0.600494436 0.556436522 0.297907605 -0.437301523 -1.236270741 1.041708700 -1.510212361 -2.302967901 0.379241515 -0.072605848 0.776658047 0.252104407 0.530308650 2.303857370 0.158031146 1.485632145 0.215660925 0.686782270
5.706160828 -45.320433687 32.427711942 0.324898180 0.268811793 0.861036892 -0.284247891 1.689047736 0.963168093 0.763968398 1.029439506 -0.489136502 -0.571726714 -0.338129008 -1.204637778 -1.814535852 1.674715709 0.950990101 0.043707075 -0.548961732 0.480907876 0.257804933 -1.666192278 -1.330241443 0.533751811 0.976715242 0.393641106
12.997435728 -41.760562648 29.396909980 -0.590789563 -0.489680982 0.069267696 -0.637481149 -0.384202678 0.060486703 0.971908551 0.437709071 0.712795730 -1.386331521 -0.481446263 0.904565751 0.137127504 1.526332082 -0.869959657 0.570409249 -0.231055356 -2.160174838 0.707021335 -0.056816592 0.918380586 -1.673888112 0.730361079 -0.694594483
15.083810393 -41.293451961 31.848968155 -0.204044511 0.169916407 0.596767753 -0.757207040 2.009370909 -0.665234271 0.315068377 1.061255620 0.526536041 1.148124759 0.527122318 -0.214655859 -0.844225910 0.356325677 -0.053942535 0.674929281 0.402331657 -0.619934280 -0.943740356 1.081282777 -1.401881030 -0.591424037 0.686943586 -0.649213335
12.093865427 -44.677388197 35.399829813 0.238520613 0.507298117 -0.169391473 0.810594267 -1.003521608 -1.596239398 1.755351634 -0.065973685 0.590668590 -0.006716152 0.172134939 -1.430909287 0.765178984 1.867777003 -0.347121867 0.677347779 0.430470325 -1.736658006 -0.972028700 0.677918427 1.731405270 1.090436037 1.092456240 1.169674344
8.342045095 -38.922676316 31.522883857 -0.795596306 0.322336828 0.467658645 -0.210762614 0.007590992 -0.243534120 1.751795255 1.870368606 -0.231748562 0.081235254 -1.555276800 -1.266755676 0.434961219 0.233337054 0.109163468 1.198889831 1.578507482 -0.298808182 1.208810263 -1.854264941 -0.340814511 -1.606481863 0.244819981 -0.477448587
15.409499133 -47.889531592 26.639285796 -0.858200146 0.381935014 -0.233033720 -0.251621619 1.064694694 -0.418184564 1.251588008 0.351895883 -0.917619891 0.815625442 0.647181452 0.961220293 -0.645069963 1.113329190 0.251389285 1.629168921 -0.754141902 -1.328584815 -1.024723174 0.278316317 -0.262503159 -0.362586935 -1.294368718 0.637759041
10.301700006 -48.114275607 36.825508755 -0.846491426 0.422812444 -0.031354969 0.322022931 1.776511612 0.023192409 0.153312781 -0.472431652 -0.388580645 -0.693391202 2.464382144 1.361380301 0.333546579 2.110387666 0.980240234 -0.388477908 0.355726630 0.636935948 -0.902098473 -2.089250016 1.033200029 -1.502015379 -0.181940300 -1.034931196
3.127211557 -49.623693974 29.529067762 -0.227647833 -0.262296684 -0.873399931 0.341393431 -1.804095063 -0.156050649 -0.747785948 0.289009490 -1.491501342 0.815927889 0.409706251 0.681691010 -0.300268117 -0.270055546 0.325639989 1.794056603 -0.280357511 -0.760010377 0.183421496 -0.902014914 -0.608877962 0.728651479 1.441142351 -1.190540663
10.951112971 -39.501185295 28.246722596 0.248570172 0.723193147 0.077716999 0.639659761 -0.812169550 -1.132515858 0.443434820 0.014249527 0.196938185 -0.112996509 -0.866727698 0.458625197 0.684546549 -1.384264229 0.996094918 -0.565266989 -0.437688590 -1.141849223 1.568513850 2.038691957 -0.733070179 -0.291336103 0.594407899 -0.889851462
12.584713512 -43.903898946 30.383109771 -0.090787072 -0.163472767 0.493110960 -0.849632828 1.617448594 -0.468087349 -1.370480454 -0.900901115 0.002213192 -0.414680570 0.184922698 0.668126958 1.492324429 -1.269332450 -0.322487811 0.482293323 0.036860830 0.827761831 -1.620591299 0.269726657 -1.171803493 0.464113402 0.515118341 -0.977725924
13.277394218 -41.719833083 37.427445938 0.086820185 -0.095398334 0.060105255 0.989822596 -0.404302037 1.114028975 -1.274849609 -1.423231986 0.823837445 -0.934127523 -0.934129090 -0.026728532 0.929682764 -1.942444085 0.213552543 -0.118131122 -0.631240518 -1.156678739 0.831716988 -1.455448467 -0.348837547 0.779519600 1.406267964 -1.638620686
5.749411171 -46.224644596 35.786335829 -0.451422743 -0.799075612 -0.072345423 -0.390463587 -0.521659227 2.365000213 -0.063133147 -0.431914772 -0.888423338 -1.406257525 0.146430892 -1.387091071 -0.867796497 -2.205749218 0.436992188 -0.503806840 1.209613899 0.083456463 -1.634172032 1.060503326 -1.117874527 -0.387479628 0.203534439 -0.814679935
14.051185109 -51.622845371 32.347571843 0.173095013 0.796421365 0.571389911 0.096253289 1.642408476 -1.838519560 0.636077423 -1.110641588 0.137514505 -1.721803067 -0.684616760 0.059959626 -0.069109987 -0.163209647 -0.030877305 1.580829528 0.358374451 -0.500673805 -0.541570793 -0.231297871 0.130327183 -1.123629791 0.739796191 -0.366794714
10.233589968 -40.017572112 32.685689830 0.635991201 0.716246425 -0.033446561 0.285285083 -0.360016993 -0.038598278 0.887125394 -0.375853351 0.270857891 -1.038466406 0.283216248 1.253225629 0.583398914 -0.809645330 -1.462617831 -0.081990186 -0.307395707 -0.815898308 -0.181673030 -0.284213978 1.038600951 0.186255600 -0.820670765 1.516418975
13.461593172 -53.531601750 29.967713609 0.722563525 -0.284997731 0.178627314 0.603962357 0.942748135 -1.926979893 2.075796100 2.787276782 0.437679788 -0.502450328 0.642893008 0.570704616 0.687490256 -0.264993101 0.017714057 1.313289564 0.754471162 1.986086334 -0.316590649 -0.555715710 0.355462661 -0.505045157 -0.627703050 0.150147664
12.720644789 -49.285707299 26.443120385 0.005806446 -0.870589922 0.214801688 0.442605589 1.440916260 0.412659951 -1.176264044 1.666671143 0.898248583 -0.288889025 0.156015201 -0.897164074 -0.390089664 -0.489746495 -0.084445700 -0.455378190 1.287433984 -1.396793993 -0.961692418 -0.003144904 -0.636305871 1.325811242 0.221362967 -0.182576481
14.467206100 -53.536105883 36.989090821 0.433404015 -0.889010521 -0.049221039 -0.139278648 -0.598212374 -1.315522067 1.544478672 0.178337588 -0.229089526 -1.288402955 -0.194435009 0.497975219 -0.571509795 -0.180127740 0.406492848 0.769469398 0.222272540 -1.646515977 0.773513866 -0.015854006 0.868733439 0.251790589 0.572884805 1.226886720
17.768144648 -46.955236841 33.851833087 0.678819645 0.610861394 -0.319018745 0.253533603 0.253812392 0.120256593 0.934585285 2.151750290 -0.050232695 -0.702685512 0.209030237 -0.419177548 -0.456907912 0.114969730 1.357208927 1.041439971 1.165170730 -0.188342990 0.640770789 0.236664093 -0.242860207 0.253395530 0.741305093 -0.837163419
6.219216019 -45.232403695 38.048392380 -0.608006814 -0.338115063 -0.245871115 -0.674946896 0.175263972 -1.339923366 -0.751581308 -1.171339093 -0.907519745 -1.355870501 2.201530217 0.249855689 1.198683708 -2.485676891 0.527500466 -0.372213447 0.717754446 0.247175725 -0.748599735 -1.185731559 -0.374218992 -0.854813492 -0.929912267 1.514341517
16.359336822 -40.463207849 33.452294544 -0.912379780 -0.019162984 0.396281676 0.100780708 -0.603771502 -1.266574312 0.952398161 0.612289204 0.257711989 -1.096225550 -1.050564005 -1.663443920 0.921223219 -0.107215486 0.128740365 -0.416728080 -0.646770259 -1.229360041 -0.364355148 1.137495691 -0.742968781 1.327478478 0.660847256 -0.787632144
17.844228316 -41.459657600 33.952087426 0.554898812 -0.584592227 -0.285529570 0.518470926 -0.768572082 0.070881210 1.050044056 1.357227327 -0.650389831 0.413718002 -1.028058477 -2.177345482 -0.453233413 1.105985468 -0.197027203 -1.100229027 1.521896676 -1.116154066 -0.370429353 -0.919365166 -0.889127814 1.302695094 -1.630386957 1.512390067
8.358745763 -42.530966547 32.127872072 0.226941868 0.570622421 -0.095950048 0.783377961 0.044435353 0.472534027 -0.993780553 -0.148317143 -1.047070870 -1.083626480 -0.316113181 1.185371100 0.187503245 0.641506166 0.339697257 -0.600979908 -0.752829114 -0.249365117 1.311523402 1.119570738 0.064617696 0.581309670 0.827463264 1.207061875
15.812263440 -47.018183985 40.701290442 -0.197271626 -0.954376430 0.216811045 0.056943009 -0.767747165 0.536840221 1.986293452 0.514677713 -0.800295587 -0.885299091 1.372989027 1.378496847 -1.135581335 -1.427003263 -1.855993390 0.224536195 -0.218600157 0.499930610 1.227821154 0.317696466 -0.413919422 0.056483637 -1.349075897 -2.365135763
13.567941767 -45.506329983 40.149850806 0.335677299 -0.123747419 -0.278403247 -0.891346711 -0.767980512 0.977568759 0.232537184 -0.607566529 -0.197208371 -2.015358956 -0.412242747 0.812683661 -1.409069385 -0.967341426 1.383337155 0.160833535 -0.631754624 -1.053147620 0.687089100 0.163583698 1.681304467 -0.050157324 -0.974302736 -1.879416289
4.733227233 -41.734178822 40.375417615 0.881526147 -0.014875804 -0.007193195 -0.471845972 2.289042607 -0.472097144 -0.945291932 -0.836204064 1.029016937 -0.881400812 -0.944615168 0.179887378 0.730294048 0.844845516 -0.641064345 -0.687480015 -1.353544130 1.085601770 -0.264395510 -0.486130369 -0.895343505 -0.191681488 0.507637411 1.167217716
13.829783636 -38.613977328 33.112695415 0.259190420 -0.838210678 -0.436203726 0.199873698 0.092277010 1.066415093 -0.135146368 -1.727389572 -0.854331127 -1.130473310 1.040154811 0.304783823 -1.009640008 -1.579170335 0.373078971 0.029454151 0.542156919 -1.152714530 -0.408458996 1.238315248 -1.013021957 1.657273024 0.326537953 -1.007182441
16.583164502 -41.992946197 27.292164992 0.416980313 0.776176440 -0.391007002 0.266065926 -0.546160794 -0.713334805 -1.315403416 -1.574975142 0.739056073 0.583681871 -0.946404777 -0.733033458 -1.488597111 -1.290569953 -0.028797303 -0.938641939 2.749755594 1.629063512 -1.687370375 0.999320737 -0.775223691 0.796855587 -0.443432028 -0.150812156
14.697870738 -47.535746265 26.426529776 0.126029212 -0.335020442 0.875638632 0.324245166 -0.096901204 -0.436157348 0.577041510 0.256109458 -0.460875017 0.057924218 1.552632072 0.757970200 0.450953393 0.117050410 0.185472776 -1.380574014 -0.120202992 -0.617965891 -0.167601126 0.588570883 -0.376208052 -1.079174205 1.055203401 0.657489291
12.325334351 -50.258394840 36.182231597 -0.271896015 0.958978018 0.064162541 0.048134049 1.628658982 -1.763391630 1.761732401 -0.208981473 1.070403207 -0.289852391 0.725388307 0.100301115 0.184442765 -0.197737207 1.170729042 1.769004941 1.879962027 -0.056412410 0.190194079 1.170493985 -0.915575459 0.056138714 0.507919327 0.496768684
15.991687035 -48.101179897 34.602717341 -0.097870626 -0.482652928 0.668833748 -0.556892188 -0.559907008 -1.348391805 2.378460679 -0.502227143 -2.961987361 0.465745613 0.531625230 -0.341384922 -0.022332221 0.275413277 0.523194132 -0.504511254 -0.545477337 1.029985873 -0.011826958 0.978848297 0.423233204 0.029122771 -1.350085272 0.113618463
8.963136241 -50.098013064 41.472898618 0.413880985 0.310764420 -0.336503660 0.786697713 1.522220169 -0.085264602 0.865327602 1.972742224 -0.477185265 -1.985304661 0.814377451 1.470474221 0.222392358 -1.611149019 1.330125528 0.267440087 -0.450464880 -1.447605752 -1.366848842 -0.919724550 -1.125652371 -1.250272745 -1.338282647 -0.467819547
10.209524946 -55.050682805 33.125300505 -0.916499426 0.205587201 0.235725413 -0.249391729 -0.150335317 -0.973503070 -0.719623373 -0.055281421 -0.586893520 1.182510307 -0.812992825 1.107536056 1.398467839 -2.222664151 0.633204820 -0.588921777 -0.180573590 -0.862049994 -2.862979505 0.997814456 -0.677200123 0.195657861 -0.690298185 -0.988429095
3.222909343 -45.274409791 40.661485543 -0.616524897 0.359057984 0.227572072 -0.662710621 -0.292440322 -2.248167257 1.606363466 0.572562996 0.378187520 0.598172144 -0.118984492 -1.700022464 -0.542201587 -0.059878244 0.235320897 1.487085913 0.171153444 0.221300123 1.823743549 1.108065004 1.841762545 -1.449859121 -0.388239332 -1.700073157
15.906263585 -38.683848840 35.142707501 0.146054871 0.706965770 0.418571152 -0.551058586 1.054006700 0.709842838 -0.101462770 1.016000771 -0.114496913 0.528375857 1.411884641 0.652186039 -1.202214679 0.457185572 -2.370090637 0.039060320 0.318786610 0.753353456 0.569772142 -0.562779271 -1.637021329 -0.398605033 0.269826052 1.361452171
7.429276520 -45.318816774 34.017767829 0.825306356 0.525453981 0.197856551 0.060169077 1.499422018 -0.126126230 0.043090412 0.384403086 -0.277632071 1.229845941 0.318100174 0.509045428 -0.238983591 -0.779184073 0.618617907 -0.789816082 0.730065122 -0.749687878 0.500626039 0.630270263 -1.130057507 -0.758196624 -0.787694821 -0.789636183
12.911556363 -51.871344082 34.612396651 0.610009758 0.726185206 -0.277712554 -0.153032280 0.540785637 0.813677548 -0.177656980 1.417614140 -0.077350418 0.808835893 -0.694842543 1.172661353 0.357309178 1.723059445 -0.220574673 1.054976667 -0.017487916 -0.232046030 0.688256790 -0.118925569 -0.629034355 -0.375406710 0.764510269 -0.363225854
6.559040367 -53.067886980 29.765230521 0.065615039 0.564840032 0.365305062 -0.737022806 0.816210337 -0.394582440 -1.540165009 -0.620558949 0.612531767 -0.353582188 1.777801404 -0.274968771 0.312623133 0.008110408 -1.555975368 -0.614675775 -1.029190396 -0.054033477 1.161233480 0.890318645 -1.234106765 -0.008903894 0.935105169 -2.096465376
17.984022069 -46.105013361 37.102324062 -0.921064041 -0.015230948 -0.340573835 0.188198071 -1.157654717 -0.265632206 0.454384384 -0.960379233 0.742213209 -0.278370149 -0.394202460 1.027125385 -1.764498102 0.980439066 -0.089495243 -0.897223929 -0.360317459 1.596585658 0.543945442 -0.132485288 0.038059911 -1.383729196 -0.113563485 1.520146235
6.935144548 -46.068521415 24.645103740 -0.454391006 0.213946902 0.482848904 0.717364951 -0.103615029 1.413131162 0.071696183 -0.365542678 -0.117337376 -0.757403753 0.485087611 1.467254591 0.239220910 -1.634864504 -0.258814146 0.670981612 -0.247303412 -0.403628996 -0.247210729 1.173231420 -0.392884690 -0.414127779 -1.697681785 0.999734081
17.487838669 -43.378683503 39.153068933 0.527083039 0.071030231 -0.838977585 -0.115129437 1.035607099 -0.836062514 -1.171088682 0.150955635 0.984491224 -1.440690405 0.233402609 0.685694281 -1.668933034 -0.362726590 -0.066790504 -0.522257139 0.783620187 0.254255927 1.253367212 -0.370535207 -0.386440642 -0.078426641 -0.037408641 -0.619098027
9.788249668 -52.595012914 30.948468656 0.584007461 -0.471166681 -0.081915098 -0.655917038 1.351524445 -1.137444478 0.711773006 -0.814150833 -0.537723703 -0.385847191 1.650982921 -0.618202881 0.164914511 -1.793771762 -1.632003079 2.617242629 -1.039453598 -0.141614044 0.996383505 1.644926106 -0.268543242 0.900675839 0.197283231 -1.422528223
4.645582932 -45.383365945 32.036138824 0.703255029 -0.201516331 -0.057387184 0.679360173 0.530681086 -1.051324425 0.334588235 -1.428496265 -1.915673634 -0.584147265 0.821608661 -0.341037589 0.748767982 -0.016376284 1.262563302 -0.743912339 -0.990583998 -0.524670178 0.586304137 -0.461118216 1.348956282 1.402518046 0.307755322 1.633748547
7.615520010 -45.320115848 27.424628261 -0.757794769 -0.105308599 -0.527113585 0.369876272 2.237397048 0.426511692 -1.674614777 0.025833462 0.523229942 0.305471078 -0.549611878 -0.752922753 -1.310872119 0.497915872 -0.769251209 1.538921512 -1.055619531 -1.303725022 -0.793148353 0.523692234 0.342694470 -0.341948273 0.165192169 0.375675005
2.547616434 -44.067067552 31.418402902 -0.567721678 -0.048191961 0.249638117 -0.782975377 -0.346980840 0.942546069 0.798338376 1.067474549 -1.365609317 -1.489747459 -0.653315866 0.560721765 1.204866706 0.611921828 -1.780350929 -2.185567306 0.221922813 -1.705666814 0.521641436 0.067137169 -0.243102662 -0.754885702 -0.288462510 1.872978851
15.270579129 -45.349885997 31.118200081 0.597321652 0.331259992 -0.411180347 0.603659162 -0.342312160 -0.317948708 0.396735784 0.358331159 -0.090434146 1.883045349 0.130878762 -0.843823739 0.147416167 0.329256295 0.824102572 -1.546297238 0.236558687 -1.356608188 -1.315208212 -2.081690318 0.456721036 -0.592133809 -1.431507988 1.392376547
11.985298348 -54.201884509 36.469698366 0.350224659 0.227988847 -0.658671219 0.625712394 -1.220561415 -0.571514827 0.810665155 -0.357562498 -1.082007303 0.603371278 -1.255826687 -1.871403811 -1.771479573 -0.253196386 1.422994630 -0.792926349 -1.865191258 -0.928836094 -0.234376199 1.128981663 -0.378775598 -0.859563450 -0.553151671 0.725032324
8.180600103 -51.558747428 38.204628587 0.363263117 -0.770329394 0.444141701 -0.278155858 0.357110786 0.205453382 0.038907624 0.426074959 -2.026518390 0.713144375 -0.211972790 0.115062314 -0.551992705 -0.014005427 1.109017866 -0.356291219 0.833268998 0.911867680 -0.842337715 0.618415419 0.193688668 0.390876066 -0.295763071 0.177419185
2.008969991 -44.522770138 31.872486985 -0.230005487 -0.521925283 -0.671781727 -0.472652924 0.705016686 -0.957320214 0.329969388 -1.160145630 -0.435370335 0.233994349 0.609828443 0.411478972 -0.341855770 -0.569614122 0.006775412 -1.567612340 -0.077105620 0.113837357 -0.094713216 0.784414309 0.583203299 0.090204429 -0.953253389 1.332869910
12.889160209 -44.126184658 41.985018096 0.045299949 -0.273420789 -0.951825326 0.131215611 -0.498424889 3.161993613 -0.702250848 1.330534011 0.690847914 0.790756732 0.086636740 -1.267268785 -1.042503679 -0.413763660 -1.026243367 2.751608775 -1.093782475 0.950791360 0.767332520 -0.684113248 0.222167572 -0.274692952 -0.788517644 0.476289580
6.137220292 -42.979866071 26.694813198 -0.453239629 -0.707303555 -0.093293529 -0.534407932 0.075691932 -0.042896495 -0.016885879 0.531232790 -0.479481960 -0.088106594 -0.558533461 -0.272078810 0.060753126 0.630269519 0.319900935 -0.533804605 -1.968735352 -0.943978557 1.028307585 -1.952909841 -0.282624482 0.369074531 -0.164846798 -0.995270553
16.509941330 -47.467133023 30.678953685 0.565676590 -0.602230760 -0.376769157 -0.418775728 -0.577420301 -0.291880912 -0.486935239 -0.656484518 0.120964593 -1.116367746 -0.221074153 0.617706838 1.108673001 -1.102445675 -1.185617524 1.272540573 -0.627739519 0.140006964 -0.421102498 0.058916803 2.769839415 -1.077760215 1.066818644 1.505980283
19.740041657 -46.359996175 30.884004867 -0.425844008 -0.418467170 -0.752915548 -0.276875940 0.999306251 -0.212365568 -1.934600337 -0.990238982 1.336155162 2.097903775 -1.021571669 1.453168513 -0.527701928 1.682185487 -1.906195398 -1.748701095 -2.161226925 -0.070284588 -0.962936690 0.565184191 0.591115151 0.389556090 -0.654918020 -0.468822852
5.781971550 -43.272507937 36.429455545 0.306771920 0.943706421 0.053075653 -0.111768306 -1.221059632 1.680387260 0.903849313 1.338910921 0.374962556 0.069663895 -1.068349092 0.788999630 0.095671603 -1.636963343 -0.893913078 -0.558607526 0.087208604 1.159255846 -0.857907235 -0.548179641 -0.217118039 0.965513839 -0.193983507 -1.392635591
12.793814424 -36.377663256 36.716726869 -0.524500674 0.624023332 0.493035027 -0.303990766 0.138027773 0.932117386 0.098470625 -1.054153018 -1.254961335 1.723569577 -0.044824260 -0.868123155 0.807651259 -0.835218979 -1.025747118 0.196539805 -1.107810045 1.711192210 -0.957256006 -1.665380305 -0.576912968 0.620753700 -0.238386538 0.218915603
8.948821216 -52.514681516 29.223014238 -0.921149461 0.353583298 -0.140497674 -0.081993453 -0.622512471 -1.413764892 -0.299340670 -1.846144124 -0.297074550 -0.949283189 -0.129436269 0.906033886 1.438458398 1.407733376 -0.347320620 -0.468954385 -0.907920098 0.686971107 0.182335763 0.569718666 -0.474356262 0.392655491 0.203155277 0.554636638
8.988558632 -47.895992649 42.111629002 0.491061435 0.275071840 -0.646614442 0.514863004 -0.609706603 0.777892227 -0.497860665 -1.621722804 1.273996520 0.030738549 -0.149313768 -0.159765596 0.301512339 0.325013157 2.307484305 0.214008586 1.021561923 -2.070140020 -1.225283405 -0.605890614 -1.302388365 -0.009068024 0.653483266 -0.582458770
15.652878558 -51.315348700 28.603173510 -0.160375978 0.410718476 -0.761086567 0.475749006 0.105585130 0.411537686 -1.404839883 0.033117725 0.024654998 -0.884370844 -1.096005170 0.648229899 1.385896256 2.354688828 -1.642790344 0.314734051 0.347641472 0.703009300 0.418234165 1.342542654 -1.668503757 -0.023470371 -0.434877656 0.487799353
14.141576635 -52.735613220 35.770304906 0.453116900 0.434511477 0.615713224 0.476216418 2.000035517 0.701660813 -0.244523967 -0.374431269 2.335016739 -0.463959304 -1.654283333 -0.767123425 -1.532683947 -0.025504917 -0.268905900 1.960666173 0.969622013 1.278069267 -0.924423207 -0.711233886 0.301125637 -0.035132738 -2.245548795 0.357788176
12.970672947 -39.490253650 34.733101030 -0.407224606 -0.340517695 -0.374453479 -0.760263383 -0.240006644 -0.315410490 1.562575042 0.517772109 -0.219171686 -2.550184674 -1.430315356 -1.618190000 1.392760072 0.196985993 -1.030737319 0.280190847 -0.832483101 1.087034016 0.875742390 -0.022163733 0.771235237 -0.134430528 -0.122454590 1.493437381
9.779020282 -41.637758577 41.291082572 0.446724108 0.790326270 0.415403520 0.057112811 -0.994264005 -0.093183169 1.491461383 0.138295716 -1.386764294 -0.741657502 -1.667841311 2.249522792 -0.430856188 -1.851649622 -0.143220839 -0.059947344 -0.972743581 2.337744364 -1.059493587 0.957752629 -0.751740277 -0.124318994 -0.913502740 -0.269902973
6.833183073 -37.570241747 33.884423154 -0.636205946 0.224921412 0.713371118 -0.189087284 -1.587952295 1.312238862 -0.387547935 2.023391475 0.709048571 0.340260909 -1.250808910 -0.339271236 1.019883374 0.990115375 0.283831135 0.466682905 -0.528487804 0.728789432 -2.494954702 0.022648170 0.355029075 -0.524080189 0.611526873 0.468185882
5.495639039 -41.433686863 37.779212089 -0.248549015 -0.250688602 0.408419177 -0.841767419 -0.504989164 -0.794692909 0.534227996 -1.558197033 -0.197778334 1.820602199 0.920427508 -0.754445857 -0.089509072 -0.020559797 -1.658298798 -0.561243221 -1.626644124 0.041448132 1.372087911 1.604643329 0.763244611 1.041667376 1.422265574 1.234505708
6.972648782 -49.012767304 41.957471838 0.523565521 0.410115026 0.739291756 0.105510711 -0.491735216 0.420006691 1.297755225 -0.853500408 1.081557100 -0.100471756 0.676469262 -1.092877671 -1.481355667 -2.280736565 -0.824141462 -0.085602092 -1.190355947 -2.045657236 -0.341638790 -0.055186241 0.596303333 1.163358855 0.186590503 -1.382546532
