-8.579321275 1.286431073 -28.272143407 0.009730982 -0.744584919 -0.211042948 0.633213614 2.038455675 0.833217505 0.397497076 -0.775549246 1.991790733 0.471181949 -0.618661474 -0.277173855 1.119073416 -0.183253640 -0.506531037 0.195077758 -1.237810543 0.249514121 0.480586567 1.059188760 -1.384937042 -0.888889640 1.037108149 0.001744860
-8.823425391 -5.042965896 -15.589398646 -0.690747192 -0.058956051 -0.365632423 0.621051876 -0.277224968 0.021932436 1.340582162 0.317341194 1.785415369 0.094161446 -0.836843661 -1.771329757 0.497113393 0.275118393 0.853758952 -0.900463256 0.439382577 0.986026655 0.666138664 0.197544901 0.747480301 -1.439714824 1.082120365 0.282589474
4.487279456 -5.565337671 -23.000195502 0.782217317 0.589555565 -0.085527736 0.182332968 -0.942454823 -0.875965135 -0.787422788 0.115383692 -0.772145265 -0.203319582 1.923720496 0.811168967 0.966638191 0.234651474 -0.142455806 0.593820292 -1.022147834 -0.864974312 -0.693520717 1.282205051 -2.213661786 1.566860815 -1.169869025 0.697222941
-3.203452246 -3.233445636 -19.568469511 0.615696425 0.618305933 0.012069399 -0.488333917 -0.917009322 -0.304461394 -0.936716299 -0.003651002 0.504710055 -0.865649315 -0.588644997 -0.762402255 -0.903188154 2.705029660 1.863778969 -0.079941163 -0.672660523 -1.930248362 -0.085234475 -1.897269814 -1.175039591 0.270275167 -0.444793045 0.200254152
-4.394030157 0.113780387 -31.083599968 -0.550573153 -0.746496866 0.000498632 0.373646067 0.215904278 -1.035035824 -0.389315011 -2.647175101 -1.020228089 -0.300902044 0.726898309 0.070158311 0.570731331 -0.253093719 -2.477027914 -2.831966148 -1.301182157 -0.671546746 0.497425238 0.610699522 -0.651278181 -1.779399203 -0.844422874 -0.601273126
-2.739810715 -9.742939373 -19.121934619 -0.764614483 -0.097514681 -0.379641825 0.511593261 1.080431190 1.504408080 -2.394630090 0.540682215 0.152653658 -1.721625709 0.238568482 0.066926336 0.176206328 0.605068851 0.506904537 -0.379167065 0.914962873 -0.307773572 -0.352019670 0.096173400 0.674361106 -1.137335801 1.152218834 1.143229963
-3.760377507 -1.007951568 -23.286449074 0.613461229 0.125537430 -0.747840086 0.220546776 -1.140758730 -1.689994200 -1.415134930 0.874413968 0.728331446 0.749267803 -0.791924086 -0.539436228 -0.810120398 -1.268104803 -0.093161788 -0.862009027 -0.003935877 1.683555808 0.655136829 -0.007691575 -0.454536436 -1.286114218 -0.674746903 0.519073723
-5.127867150 5.942203838 -14.614628039 0.550483471 -0.266724902 0.166928534 -0.773279147 0.995426133 0.341423690 -0.800578384 0.695148424 3.033479314 -0.534204919 -0.502520057 0.346517318 -0.624595163 -0.268104863 0.774950813 0.804672107 -0.083313877 -0.423913782 0.469595351 -0.276366508 -0.377606393 -0.181804211 0.088849120 0.522037343
-4.206938797 -0.053747860 -19.328067971 0.888810409 0.026508295 -0.410065874 -0.202877662 -0.605799167 -0.395345134 0.337224471 1.838769558 -0.197722388 0.860155389 0.725882812 -0.399042130 1.331337466 1.639314785 -0.331971893 0.253968416 -0.170957754 0.293966585 1.264522922 -0.833264225 1.682440703 0.298442285 0.559331080 0.461683100
-7.291618973 1.959748589 -27.053785677 0.290860330 0.056458009 0.575605084 -0.762162417 1.194951253 -0.572946712 -0.756703733 -0.672251130 1.519991217 -0.481508430 0.641630906 -0.236258576 -1.349454454 0.188941204 0.017288948 0.532041114 0.602658675 -0.524198470 -1.148437767 1.633827620 0.782860700 -1.227273485 1.575600292 -0.089637552
-5.958706264 -5.314405361 -21.655240073 -0.863333080 -0.016337193 0.131855630 -0.486829727 1.222123065 0.610735164 -1.062463367 -0.008462362 -0.945074159 0.386359784 1.319630241 1.841194793 0.776930919 2.245460747 0.546563666 -1.198574179 -0.729932003 -0.277881105 0.328051996 -0.274316532 -0.422131045 0.173523604 -1.646633318 1.667445797
4.632160930 -0.869760477 -24.086517174 -0.408642053 0.123393955 -0.484317268 0.763689982 -0.379854387 1.118717988 0.748061610 -1.658422669 1.632705378 -1.140126124 0.862289259 2.069530831 0.117287661 0.733626411 0.923562445 0.872789923 -1.052427312 -2.341439449 0.137299660 -0.773151793 0.821199092 1.522174056 0.466069171 -0.033253756
1.273414026 5.120866781 -16.367148878 -0.844791641 0.091132066 0.063349669 -0.523458546 -0.668868588 1.304579057 0.811720355 -0.147237622 -1.294017572 0.826140199 1.867975669 0.533634179 -1.585431241 -0.233027487 0.077684208 -0.057857508 0.360229875 0.209228759 0.718915261 0.710601441 0.966999713 -0.020191243 0.756372867 0.385390408
-0.183328871 -6.605081510 -19.393968457 0.137090180 -0.483678650 0.828455921 -0.246823891 -0.059543275 0.202890287 0.734080528 -0.937521945 0.617852811 -1.538598791 0.729289750 0.420922256 0.148972409 1.515624878 -0.221075386 0.680068317 -0.129792226 1.649106538 2.672149978 1.042026645 1.082727588 -0.141356942 0.367682864 0.345140057
-7.557081932 6.887673571 -22.864022567 -0.704421197 0.229986995 0.595559082 -0.310171144 1.158866680 -0.596719435 -0.582245724 0.825857577 -0.913863547 0.514755964 -0.395405022 1.273707738 -0.188997233 -0.673163048 1.044363042 1.553088008 -0.620063152 -1.500035165 -0.115112830 -0.668916451 1.433254356 -0.562778628 0.816225428 0.567710353
-4.376334964 -1.866072942 -21.564829368 -0.975928342 0.114465409 0.185410932 0.009183046 -1.200509632 0.597994464 0.859509247 1.130103598 -1.515705716 1.488671141 0.415488972 -1.561128351 -0.324330857 0.844778668 1.861816489 2.168311649 -0.640760442 0.546033118 -0.766063264 0.555906583 -0.955116874 0.085557057 -0.556298602 -0.072780988
-3.535194947 7.766104085 -26.272316552 0.071788491 -0.627469305 0.447622024 0.633058613 0.204960309 0.557184038 -0.488950246 0.799714239 -0.699646477 -0.549891164 0.252669977 -1.284205701 -1.932059304 -1.268768704 1.219904618 -0.595052992 1.157253512 1.040000298 -2.398271990 0.946963085 0.500192347 0.963800344 -1.826345809 0.692308819
-8.117168722 0.082814720 -20.863722403 -0.049169579 0.961329895 0.254448644 -0.093183009 0.655603588 0.831374076 -0.642624592 -0.938238092 -2.345432651 -0.146620600 1.234957575 1.235017903 0.629413050 -1.383569827 0.369834161 -0.552032199 -0.890721811 1.929874489 -1.001310476 -0.910315521 -0.794591273 -0.944401659 0.335720255 -0.292366484
-6.127139979 -8.095753167 -23.866989819 -0.563690128 0.814874702 0.091271419 -0.099509731 0.232928123 -0.828698949 -1.478472508 0.378847254 0.640529486 0.426737472 -0.375203942 -0.114926864 -0.723329172 0.492012323 -1.466392012 -0.386747538 0.037368216 -1.183596196 0.930374240 -0.619734276 -0.844142911 1.118443808 -0.123634450 -1.520040081
-2.001983564 0.329826122 -15.433242137 0.074805299 -0.751011550 -0.384352056 0.531657142 -0.970337314 0.503442425 -2.005713616 -0.670306528 -1.129714638 2.426782566 -0.582358345 -0.890086408 0.632434611 -0.323823524 -0.802313176 0.035486137 -0.074853480 -0.990243879 1.378411453 -1.568459145 -2.737722286 0.482657565 1.659405679 -0.343668674
-6.020448615 5.902746277 -27.196569476 0.428149337 -0.389769822 -0.063705022 0.812840268 -0.765976201 0.906083421 -0.454804483 2.037547673 1.386550150 0.388985388 3.011123924 -0.405632495 -1.157963984 -1.871467929 2.019479069 -0.414254192 0.158479811 0.967848652 0.883256302 -1.208061398 2.751870912 0.596205820 -1.429168343 0.174129617
0.098680025 -8.286623879 -23.677533774 -0.307712889 -0.850657798 -0.019222478 -0.425822245 -0.472622362 0.654198402 0.625108300 0.164199778 0.814515288 0.321461327 0.923716082 -0.444725656 1.466645981 -0.828233088 0.443728910 -1.311539952 1.032300286 0.220631995 -0.007206101 0.820846432 -0.518613029 -0.006256602 2.642721911 -1.349064605
0.448115035 -8.591007045 -25.596500536 -0.538026582 0.024116269 0.358929946 -0.762309056 1.373673373 -1.176321149 -0.739706579 -1.594864270 -0.389790196 1.590117444 0.742506079 0.558883874 1.040395859 -0.812575776 0.876425124 0.794306276 0.538169667 0.696282998 -1.570589164 -0.155525137 -0.875290178 0.676256502 -1.363535996 -0.416304962
3.790895734 3.622692366 -16.806022119 -0.165214117 -0.617210468 -0.623784181 -0.450165336 1.397834258 -0.725943960 0.176417215 0.892446820 0.007665843 1.326645385 0.132639415 -0.096643013 -0.536295720 -0.778794719 -0.315287566 0.110307712 -1.295396161 1.775117082 -0.247990910 0.917839044 0.383337364 -0.917774460 -1.053789625 0.504882011
-5.399076579 -3.361539661 -28.293374993 -0.486521014 -0.553172995 -0.627904697 0.251063004 0.836560420 0.116531155 0.141559965 0.657750552 1.140854690 0.677252379 -1.217381451 -1.817938980 0.105462934 -0.976028217 0.908529059 0.488148108 -0.365813190 0.285442812 1.479022216 -1.299678257 1.124378403 -0.547853158 0.512196930 -0.181769376
-5.201832530 -4.054442785 -17.718903601 0.271973258 0.614289726 0.716406474 0.188256322 -1.320123013 -0.282941557 -0.249571187 -0.612273520 -0.351924092 -0.607684436 0.552835331 -0.066779643 0.198083596 -1.776131033 -0.210480906 0.057663798 -0.241002414 0.405106015 0.607890533 -1.502158257 -0.693683832 -0.625107638 -0.605867597 0.562325498
-1.068320742 1.326965145 -25.080648665 -0.672389386 0.590717552 0.433875781 0.103426753 -1.837737944 -0.183661554 -1.088413709 -1.292989999 -0.789495367 -1.252545398 -0.935438869 -1.654817888 1.343115158 -0.504345607 -1.210164452 -1.128312552 -1.306808976 -1.414957777 0.547639340 -0.585909267 0.296957470 -0.334727361 1.668966567 0.713821770
0.058928784 -7.756514837 -18.316243488 0.324872615 0.786083290 -0.329799360 -0.409589095 -0.582808551 -0.449373989 0.253537717 -0.618257537 2.109626468 -0.528476827 -0.499396292 0.063176815 -2.194011229 0.875373661 -1.384412283 -1.554292975 1.014363290 -1.387860971 1.650354244 -0.590245051 -0.810808971 -0.097355336 0.024235404 0.221471001
3.633735082 -5.327046625 -20.159125923 -0.133127022 -0.301458820 0.713160918 0.618709367 -1.826844692 1.441450998 -0.967257240 -0.537024470 -0.007343970 -1.368870737 -0.021189086 -1.151462666 1.802379390 1.843419766 -0.666095280 -0.742929487 1.366502535 -0.182449420 0.658736779 0.273089101 -0.428709675 2.092232543 1.263691464 -1.259678182
-2.397432233 0.404524161 -20.371158881 0.898383884 0.013754380 -0.300492035 0.320033983 -2.225462647 0.863469720 -0.592141711 -0.410761210 0.775078317 0.398185897 -1.737739050 -0.137984416 0.796453792 -1.513498278 -1.691550885 -0.517375612 1.961947530 0.043930218 0.221466743 -1.003255418 -1.484845956 0.405873936 -1.082809693 0.123290698
0.197365769 0.021343757 -20.276081854 -0.001855607 -0.670387194 -0.679519315 -0.298045413 0.135831332 0.818800393 -0.981458051 -0.948093974 0.352660585 -0.218076220 0.691496175 -1.601225339 0.208659782 0.445985312 -0.946176954 0.512339039 0.050056497 -0.060221048 -0.965326333 0.970195785 0.081126262 0.363607713 0.182896822 -0.667320620
-10.997959191 3.167021014 -18.730395701 -0.299493123 -0.682460903 0.560367547 0.361302087 0.834700495 0.790138345 -1.279020946 0.671684547 0.343240531 0.223323196 -1.378071534 -0.584971576 -0.184459593 1.116279842 0.124806048 -0.583621874 -0.638727357 -1.638833913 -0.080469447 0.839267804 0.063489847 1.155744707 -0.946761459 1.633301606
-5.554221236 6.037428697 -16.276171960 0.249759293 -0.226380027 0.266939753 -0.902837498 -2.600198321 -1.710541229 0.780177318 0.226669939 0.032212676 -0.094919630 -0.089631778 -0.321879216 -1.918572676 -1.220360405 -1.159316468 -1.103361191 -0.258463876 -0.075589057 0.363222404 0.618084672 0.932690261 1.027674124 0.043260535 1.753024522
-11.684933022 -2.582791805 -20.922665555 -0.832599961 0.195521228 -0.279047037 0.436670935 -2.092095973 -0.657711765 0.980310462 2.667607759 0.038573145 -0.713238867 0.700040748 1.231363507 1.393822961 -0.480735082 0.798138386 -2.154653538 -0.663097397 0.603638114 0.646063151 -0.021790156 0.578235384 1.194064921 -0.615001750 0.367273437
-10.325141696 -0.409550713 -26.722875596 0.454467459 0.847984342 0.205864947 0.178889653 -0.372433936 1.790522691 -0.069290516 0.692333316 1.542718695 -1.410446632 -1.602779575 0.999692951 1.482087355 0.991665993 -1.103985182 -0.324504603 0.181530659 1.146355419 0.912645753 0.247483551 -1.456535188 0.491281214 -0.534084400 0.032431891
-10.579699197 -3.713907265 -24.274553979 -0.074763658 0.312969188 -0.843835516 -0.429420894 0.017409572 1.462663751 1.207909341 0.006936772 0.896566428 0.363033731 -1.190903252 -1.092327327 -0.803697004 2.069635360 0.279184704 0.865588336 -1.266357547 -1.159171925 1.555395597 -0.038454351 0.933694444 1.076640486 -0.057308355 -1.160892889
-6.178914817 6.177777310 -20.987375788 -0.233891002 0.891365583 -0.361721636 0.141137716 -1.282572278 0.003761586 0.228392857 1.245932681 0.074783064 0.641777561 -0.479339637 0.595679112 -0.254941581 0.084755742 -0.957410598 0.206178323 -1.492644132 -0.103412415 0.183234659 -0.244013397 0.925724946 0.198285511 0.603238683 0.542591983
-12.025757812 4.025257017 -22.961755066 0.942427953 0.089108010 0.195890399 0.255961457 0.526608643 -0.885185944 1.784154152 -0.059395783 -0.899905499 0.291347283 0.237016122 -0.256185887 -0.360796568 -0.543914803 -1.408984388 0.042702336 -0.880051770 -0.584644268 1.104214037 -0.077051394 0.437777346 0.743148268 0.115395621 -0.397668524
-2.298047569 8.274038289 -17.437993132 0.042678942 -0.070571323 0.929501578 -0.359478806 -0.080048193 1.253714750 0.627552467 -1.502737137 0.073401399 1.268512787 1.000478253 0.478946935 -0.331379140 2.357108384 -0.151119388 1.873750674 0.997426605 0.689301600 -1.060558350 1.365029577 -0.155229193 1.657403948 -0.167627066 0.356323934
-3.091108517 -2.638200842 -13.202032713 -0.775254451 -0.529567031 -0.073137101 -0.336437604 1.050483338 -0.897793080 0.142064998 1.863838452 -1.550327392 -0.371052597 1.342333929 0.542949588 0.093704897 -0.771096359 -0.928773834 -0.333100291 -0.325841000 0.813434642 0.356798295 0.324473320 1.748243818 -0.543460676 -0.060721476 1.011179813
0.859705678 -6.224846511 -20.441190946 -0.123239321 0.814832908 -0.544464337 0.156262560 0.284228346 0.847380236 -1.825694076 0.243703005 -1.225375160 -0.741579657 0.218217422 -1.769768192 -0.260403822 1.556596177 -2.216125960 -0.329353418 -0.462625992 -0.443827159 1.930147409 0.946658989 0.543924903 -1.517214221 1.518878492 2.041489166
-0.470621537 0.714514299 -13.388302580 -0.295616699 0.792536404 -0.225425144 -0.483404923 -0.252179895 0.228086714 0.516301132 -3.316946493 -0.664568595 2.258985182 1.084420198 2.386560289 0.156068131 -0.265237430 0.097250757 -0.350401445 -0.195845549 0.605811601 -1.019412805 0.274010495 -0.278738945 2.316943367 -0.162830748 -1.581037877
-5.250110663 -0.996413488 -29.056248208 0.203137343 -0.876149530 0.080199881 0.429726891 -0.304271339 -0.720446464 -1.371819392 0.326134092 0.024001618 0.131160365 1.946826752 -0.399485856 -0.986460989 -0.919756870 0.978863791 -2.023317328 0.135171369 0.146444857 -0.065484518 -1.003944817 0.461960800 0.069580438 -0.989578429 -1.559732406
-5.599920161 -3.240112831 -25.901038565 -0.754931359 -0.308519938 -0.519128133 0.255734378 -0.606680918 0.184112053 1.480749795 -1.031913386 -1.087385628 0.172530296 -0.009595462 -0.892417971 1.062407169 0.594613360 1.392333395 1.162394251 2.113444420 -0.235388812 0.978342835 1.409781496 -1.642867106 -0.497035731 1.599611334 0.498921165
-4.839068473 2.801245513 -23.304988024 -0.006344933 -0.851528913 -0.399799291 0.339144187 -0.906729103 -1.696428176 -0.603284737 0.300414961 0.615976088 1.003221150 -1.098293954 -0.545862626 0.765986282 -0.146980058 -0.433300095 -1.023480347 -1.278423582 -0.566925298 -0.529336426 -0.711955224 -0.527236898 0.459519257 0.350508485 0.207612369
-0.159143244 -2.913388327 -20.472245555 0.451759775 0.115376988 0.206227327 -0.860274111 -2.054264913 -1.260222292 0.840335047 -2.579652245 -0.858614746 -2.084079117 -0.271223285 -0.446292126 -0.598828792 -1.800272151 -0.504593665 -1.306963114 -1.633488584 -0.949915721 -2.067291321 2.544830327 1.583482932 -1.618577951 0.422008229 -0.030530166
-8.476622476 3.716764870 -26.444862928 -0.371341508 -0.511461650 -0.636048681 -0.442667527 1.181084009 -0.945092479 0.155668518 -0.055390573 1.211907327 -1.387667945 1.427585527 -1.383900082 -1.038222994 0.521180228 1.286376871 -1.107244592 0.435879260 -1.193333888 2.189821686 -1.085115553 -0.489505540 -2.478834729 -0.648513861 0.045803281
-11.892580040 0.315706652 -22.392360734 0.792042863 0.044075156 0.601821243 0.092394124 0.825686399 0.336398998 -1.164547924 -0.413524457 1.079492570 0.789034023 -0.036793773 1.471609023 0.143922299 -1.537027667 1.229471262 0.554426615 -0.607943892 0.342784840 1.538519921 1.428420282 -0.556666056 -1.995013934 0.759019321 -0.693213695
-4.008015153 0.560916799 -18.511133988 -0.383943902 -0.148172404 0.368821656 0.833428224 1.120904820 -0.500605003 0.703991551 0.194203077 -2.102442368 -0.666216037 0.393276229 1.936450666 -0.358421801 0.592958240 0.756246991 1.679759472 -0.582362807 -0.248624455 -1.645877853 -0.839216621 1.058330667 -1.844801281 0.894412462 -0.120384427
-7.320178907 2.804365035 -14.233236259 -0.459602801 -0.561790364 0.367716117 0.581327541 1.047464997 -1.707252887 1.191388691 0.117833278 -0.515109335 -0.019975415 -0.842984442 0.924931897 -1.140652791 0.338952860 0.299194230 -0.054609892 0.875613359 -0.737146079 1.838314921 0.463834107 0.549005842 -0.850660234 -1.102539878 0.709481804
-3.493246684 -5.619318995 -13.711856331 0.021168833 -0.661672329 -0.395346198 -0.636744057 1.274736921 -0.024631529 -0.324756234 -0.636513164 -2.460673073 -0.781494246 0.255107425 -0.192699836 0.743106541 0.253107440 -1.353957264 0.608332746 2.918747880 0.386487494 -0.525796508 -0.615784642 0.777468268 0.033336859 2.084224332 0.153526875
-11.758125645 -1.692161612 -19.450005744 -0.194864478 -0.448563364 0.850792525 0.192277985 -0.031695641 -1.022061039 1.408905672 0.017971584 0.999911148 -0.296080015 -0.304890976 0.037077818 0.079677730 -1.098951385 -2.293979127 -0.925549959 -2.575182580 0.202312335 0.126371962 0.162734504 1.823909104 0.733690381 -1.222268278 -0.151429162
-1.733995361 4.978086113 -27.768310510 -0.096564642 0.994364325 -0.043647005 0.003130231 1.522707300 -1.281609327 0.190362158 1.477563253 -0.089732461 0.462350388 -1.282401541 0.293244419 0.862753872 0.167264969 -0.157474256 2.916505603 0.884301641 1.067377737 -0.529620701 -1.593438991 0.939219422 1.349350233 -1.543813704 0.878754421
1.810884972 1.214305433 -22.153978392 0.516840484 -0.493731971 0.655652334 -0.243361195 -0.282652725 -1.187443700 -0.946013184 -0.747305958 0.162221497 0.291289990 -0.813638097 -0.637257523 -2.632317927 -0.657672948 -0.137243718 0.146709888 -1.256930744 0.832530362 -0.696771797 1.282041680 -0.588884130 -0.548309978 0.277233944 0.437549106
2.733178314 2.524436723 -20.176410101 -0.823766498 0.226583962 0.519418811 -0.016509493 -1.210125387 -0.271384590 -0.485338696 1.013765925 -0.751947150 -0.771129414 -1.151644333 0.686310278 2.158941596 -1.131356119 2.268384113 1.192671198 -0.496661345 -0.603802689 -1.704392188 -0.360524839 -2.625434548 -1.157906167 0.225729523 -0.508581550
0.728577857 6.187566628 -20.315210506 -0.619915092 -0.551967458 -0.452846638 -0.325525924 1.598803229 -2.058076056 0.488492127 0.692643883 -0.907374683 -0.186623359 -0.638909763 1.506063040 -0.845154715 -1.470129238 -0.179575465 0.953335296 -1.407020381 1.389639163 0.863174005 0.409490253 0.406105501 -0.996313821 0.180996400 0.517654631
-11.759470784 -1.897446599 -18.300280509 0.575245291 0.153700506 0.230482134 -0.769640822 1.477797531 -1.200595086 -0.120182015 -1.070742737 0.601227871 0.347082485 0.150922273 0.923694143 0.684951505 -0.405768248 2.029665949 -0.571777321 0.175860453 0.755813725 -1.047466027 -0.012468607 -0.572545073 0.369050764 -0.176739849 0.248133860
-0.818193992 -2.040320048 -15.844906355 -0.616253495 0.576422381 -0.426466415 -0.325722683 -1.318917216 -0.951451511 2.029766693 1.659232903 1.156759841 -1.600704895 -0.004857377 -0.168189367 0.030810279 0.617059951 1.530764725 -1.872938860 -0.739822782 -0.678618109 0.298017612 1.225588009 1.977037019 -0.628690789 -1.745417446 -0.423670732
-1.854310830 6.641319247 -21.862204924 -0.942894323 -0.106230062 0.176716761 0.261604006 -0.272307515 0.893706867 1.113906399 0.124768275 -1.323147679 0.658839269 1.493601094 -0.005121081 1.494016869 0.132807167 0.914075331 -1.039751400 0.933551535 -0.169912867 -0.210984603 -0.724101276 -1.344158835 0.473321019 -1.698923192 0.739803884
-6.806993632 -8.696050854 -23.031763603 0.286512786 0.322258489 0.622412316 -0.653194304 -0.557716774 -0.846303439 1.074392530 1.565944933 -0.371218278 -0.238080098 -0.770841752 1.121346089 0.328927385 -0.447574572 1.353112608 -0.137960839 -1.510172785 -1.361706532 0.107216889 0.343236826 -0.421975284 -0.065622939 0.587945241 0.607893452
1.622243131 -1.312098091 -15.729322870 -0.008392318 0.920771638 -0.107210244 -0.374986831 0.285549903 -1.331240650 -0.283993139 0.460050961 0.121778069 1.602191191 -0.030171800 -0.370732948 0.670199504 0.728121410 0.442399747 0.344097004 0.326681276 0.164632278 -0.377405629 -0.396717688 0.157213393 0.203972903 -1.309048982 0.296836286
-11.570652079 3.906389898 -18.118733903 -0.557422793 0.073154137 -0.782638199 -0.267218548 -0.063510601 -0.565688882 0.684433545 0.596074680 0.722778734 0.332226218 -0.861377368 1.533154431 0.053359273 -0.465739529 0.017216203 0.027814989 1.010394594 0.898165846 -0.951117696 -0.736174782 0.418650779 1.534387006 2.125023902 -2.620941502
-4.099506152 -1.985660632 -31.458541305 0.157861625 -0.153608313 -0.975297731 0.016689178 0.054860278 0.038825271 -1.579406373 0.757718814 1.056357485 0.831557746 -1.294591520 1.179855785 0.791842283 -0.672393516 0.168748185 -0.765188598 -0.369533715 -0.591940580 1.115242405 0.080113655 -0.055903634 -0.231608956 -2.155218688 -0.523527292
-3.117659151 4.518059960 -22.083602003 0.496136441 -0.409738017 -0.760363039 0.088382340 -1.474750101 0.348179059 -0.019022607 0.224778414 -1.986814887 -1.649076522 -1.296772967 -0.093918934 -0.963411923 -1.274988373 -1.176979340 -0.951712371 1.117039174 0.883092694 -0.607520849 -1.165606674 0.475341869 -0.477619322 1.944219832 1.157630022
-12.030366677 -2.959992109 -23.658172725 0.783220962 0.107758228 0.062525315 -0.609133544 -1.285503119 -1.178436077 -0.402748011 -0.094618653 -0.977036330 0.291719387 2.514098585 -0.523798244 -0.012190266 -0.809580154 -0.336843693 -0.862762853 -2.734246835 0.659689088 0.584112763 -0.540314277 -0.382226175 0.839381781 1.818800761 0.064372971
-1.132034587 5.323733559 -25.942001503 0.239672855 0.489524598 -0.453554459 0.705131863 0.247945780 -1.043857698 1.067208694 -0.207792482 -0.822026219 -1.537210886 -1.215098379 -0.764479757 0.847998542 -1.058362329 0.371578035 -1.705124920 -0.369474848 0.750622026 1.557627639 -1.851733557 -0.683593162 -1.095137691 0.130622825 0.755043670
-11.009808198 -4.576181177 -18.954730167 -0.469286025 -0.201820526 -0.807961342 -0.293662342 -0.648011265 -1.504071382 -0.884531495 -0.728787660 -0.223224789 -0.111838212 0.333666889 0.235755480 -2.697665029 -0.156080512 -1.135284328 -2.183005878 -0.279049299 1.974307585 0.967891771 -0.289295049 0.726584745 -1.821854583 -0.354653567 -0.506867534
-9.195764911 -2.332468395 -23.051091893 0.452649591 0.439989799 -0.506768874 -0.587113815 0.613441948 -2.222380282 -0.461494834 0.123437230 -0.009125637 -0.832584924 0.227860371 0.271032721 1.262995559 -1.151247071 0.569572746 2.624642257 -0.230237704 2.874104550 -0.108650450 0.447550445 0.881257570 -0.820108515 0.810939038 0.726202853
-9.450817127 -6.045782432 -17.932324894 -0.436312767 -0.205294743 -0.806575962 -0.341936332 -1.287479410 -0.581718143 0.968310725 -0.620512475 0.334366540 0.362643509 1.588835464 1.323435770 0.112526137 1.503473254 0.137061937 0.854724881 0.473562459 -1.267157821 -0.239840352 -1.052866327 -0.211433480 0.881608417 -0.515160351 0.151370769
-5.738333864 0.469601392 -12.094450226 -0.726279071 0.581366056 0.338825219 0.140462416 -1.123897967 -0.552709692 0.090230856 -0.992760728 -0.166351984 0.471691535 -0.809886815 -0.618918785 -1.445532231 -1.135187902 0.874414473 0.659798882 -1.202899005 -0.976331698 -1.957199944 0.791783168 -0.593920516 -0.360697482 0.861731122 1.247599835
1.384539541 3.837642638 -23.620285522 0.198030949 0.170184546 0.963815190 -0.053677219 0.644818155 -0.328768821 0.428491704 0.130717806 0.747604437 -0.557363806 0.454379661 1.084548166 -0.907649018 -1.106326227 1.742005216 -0.265067642 2.394624296 0.163150982 0.778392883 -0.033119280 -0.870732313 0.315422188 -0.324142316 0.242947360
-2.026061460 -7.734116903 -25.281974606 0.144165034 -0.647571876 -0.472002166 -0.580586827 -1.836303488 1.043991884 -0.091731742 -1.268407789 0.514787542 -3.144674088 -1.146820747 0.439801941 0.755661031 -2.420671549 -0.964402118 -0.834451339 1.845285657 -0.583208466 0.243790744 0.915965205 -0.381475145 1.675850132 -1.266985382 -0.366602022
-10.584726251 -7.146810309 -20.904032722 -0.762373357 -0.193299616 0.580877387 -0.209770314 0.718876574 0.418635284 0.980346022 1.023251385 0.479499532 1.049505441 0.569202701 -0.473947393 1.669024136 1.365775854 0.268740637 1.408530397 0.039243455 1.886284866 -1.135976772 -1.710254163 0.362550128 0.062337265 -1.333729420 0.275596957
-11.275708477 -0.723350990 -20.827031211 0.353624374 -0.572391518 -0.234190985 -0.701763731 1.125451126 1.453908871 -0.238561961 -0.109989935 -0.478080468 -0.424662262 -0.026950995 1.097260930 -0.067856084 -1.207870795 -0.396323216 1.666326781 -2.031939515 0.437912502 0.959849458 -0.971751919 -0.680451558 -0.553682446 1.494294047 0.231418212
1.809015637 -5.358896798 -22.336118174 -0.467382742 0.093386145 0.515371365 0.712197133 -0.174608566 0.940258189 0.423752888 -0.197827902 0.127836967 -1.090117632 0.613897015 0.964267290 0.845867283 -0.546921381 -1.817141545 -2.380421834 -2.464418502 1.483235703 -0.253493175 -1.852947386 -0.130921511 0.620323079 0.970584811 0.232234106
0.450560854 7.166390255 -19.768032439 0.163040921 0.295926018 0.738312046 0.583730051 1.399408754 0.117594678 -1.111653548 0.551535317 -0.570545802 0.632951183 1.435094342 -1.034581757 0.992838231 -0.041613047 -0.084703337 -0.797701158 0.322396475 -0.029839788 1.321716524 0.251438929 -0.393003692 1.222179212 -0.528612392 0.612138404
-6.281345768 -5.648505085 -27.001790233 -0.102624109 0.002540944 0.851820461 0.513676687 -0.608105285 1.754740846 -0.703703504 0.214865264 0.967106606 0.481375314 0.672478162 0.541025763 2.283484429 -0.860103547 -0.204884047 -1.563755985 3.026900889 -0.765645989 1.065854532 0.033228336 0.640372114 -0.296735585 -1.935117791 -0.379487014
-8.629702340 -2.179660754 -20.144088273 0.312952783 0.077845243 -0.906894895 -0.271186879 -0.856504966 1.446315590 -1.420189232 -0.386927125 -0.552889159 -0.052532276 0.407447139 0.819836878 1.246402264 -0.060314902 0.517893391 -0.937712154 0.830796679 -0.599411339 0.656569605 2.088663833 -1.050730517 0.619472745 1.410221568 0.249579238
-0.928962683 -5.113680838 -16.638969025 0.311157959 0.361322267 -0.129281136 -0.869432764 -0.178552013 -0.595976950 1.234230126 0.554940606 -1.511366873 0.200038332 -0.121050410 -1.770134471 -2.294419888 1.785060949 -0.382039202 0.045665205 -0.049476467 0.859798460 -0.219865183 -2.047141605 -0.620972607 0.837226903 -0.393460674 -1.267983319
-9.877816794 -1.944184654 -25.246970697 0.744266475 0.097597120 0.091812034 -0.654303268 -0.908645464 -1.382485262 -1.335424073 1.798091859 -2.661812431 0.824526069 1.741050337 -0.030906481 -0.001075673 0.417058207 -0.555446637 0.911132375 0.468778164 -1.161556006 -0.544428278 0.296531356 -1.873745682 1.591225648 0.112376129 0.388323272
-11.926107899 4.212836334 -23.101523305 0.214990385 -0.392551532 -0.778267266 0.440434436 0.112230420 0.511183181 0.234318272 -0.465567904 -0.554575946 0.784143402 0.918669552 1.103359237 2.059420007 -1.819134070 0.306637929 -0.856765354 0.281968639 0.257187772 -0.827855965 -1.288407711 -0.902277038 0.738074256 2.005980588 0.500858916
-3.547423935 -3.623920443 -25.610191718 -0.205752921 0.177009053 0.804648599 -0.528085374 -0.355513559 0.840435553 0.522714461 0.884957771 -0.905994055 -0.182236329 -0.369566013 -0.818600073 -1.346069067 -1.066183820 1.057459681 1.038802910 -0.361911606 0.971577394 0.094016186 0.096410360 0.618492442 1.075128907 0.097854744 -0.124882023
-3.993003329 -9.513795608 -20.486082233 0.377756549 -0.189725820 -0.790267495 -0.443600483 -1.468989495 -0.940129662 0.296115499 0.360344220 -2.295556719 0.473616682 1.583801970 0.235398926 -0.042046081 -0.004171837 -1.401663765 -1.575420610 1.933762191 -0.733606180 0.650804392 0.563151497 -0.403235524 3.071646938 0.059750103 1.694215764
1.181921417 7.570270363 -18.828029406 0.310753430 0.885043072 0.194049800 -0.287185902 0.985949049 0.423381089 0.882245126 -0.644891647 0.500808395 -0.888715082 -0.018634015 0.489207025 -0.706459976 -1.493291221 0.583438763 -0.334582928 -1.059681434 1.774653587 0.260284281 0.193800575 -0.986295922 1.638678358 -0.501794180 -0.397513249
2.363647775 -4.021913603 -21.246082911 0.556272647 0.042902006 -0.620795779 -0.550756535 1.589865269 0.952626278 1.250964581 1.957202714 1.065190797 0.379963327 0.363742211 -0.015770620 -0.062758863 0.489247291 -0.223703038 -0.243435558 -0.646676550 -1.119924475 -0.145314913 0.340908786 -0.288638249 -1.787228914 0.186647907 -0.097510804
-1.728901800 3.398526403 -20.669951398 -0.110391923 0.392881262 -0.622710088 -0.667600242 -0.281636164 1.663686779 -0.376446904 -0.277316158 0.097750604 0.784618352 -0.308806857 -0.042133215 0.700013259 0.282571359 0.911474441 0.184268347 0.058060770 0.666790056 -0.893196254 -0.923812748 -0.147171273 -0.341918659 -0.059658672 -0.726082575
-4.459601379 -3.549093611 -16.644683711 0.204616410 0.295158603 -0.826441153 0.433599521 0.804514521 -0.300929246 -0.513783076 1.274380589 1.339232320 0.474480899 0.506263191 1.021449311 -1.180289411 0.928050760 0.264495155 1.165150341 -0.574739614 -1.439510743 0.430038980 2.165623744 2.313534332 0.571797434 -1.679333429 -0.475682818
-2.861299771 -6.145720049 -22.114808284 0.358398868 -0.489572646 -0.794208980 0.033180903 -0.402643745 -0.874896205 -1.438823983 -0.455970598 -1.094953728 -1.342892907 -0.885234153 -0.610254245 -1.707871781 0.756407519 1.380069529 -0.350297811 1.831856979 0.292435751 1.232463841 0.153941646 -0.526351005 -0.339544758 -1.047525861 0.514641466
-3.061499370 -1.574587991 -30.396711926 0.717647713 -0.310754720 0.061657433 0.620170642 -0.518335502 2.081059476 1.519223945 -0.473693317 0.409173277 -0.266212883 -0.938412663 -1.300965551 0.551764979 0.456545335 -1.693256371 1.124588859 1.647537260 -0.019488890 -0.609911259 1.534466567 0.291378398 -1.360136702 1.919143638 -1.055261174
-6.951221994 -8.068864065 -24.202798561 0.922685565 0.094863010 0.347149017 0.138347092 -0.530678100 -0.399712484 0.561488029 -0.477343932 -0.667393235 -0.938686823 0.629500344 0.411019589 -0.231300616 -0.286407108 -0.940346263 0.495904042 -0.756400627 0.063699169 -0.074835914 -1.739555294 0.254052856 0.906183894 -1.185943813 -0.028733163
-0.863782951 2.816223514 -20.657250492 -0.273340742 0.450242795 0.847898811 0.060281592 -1.148489773 0.515933001 -1.139812825 -2.525359465 0.398915566 0.459227736 -0.533164101 0.010656674 1.946012751 0.220231577 -0.565144756 -0.255480873 -0.058245173 1.301185282 -0.534084150 0.149539685 0.531043453 2.526695151 -1.107822770 -0.982113859
-5.018601394 5.091864047 -28.888457665 0.132501605 -0.637584132 -0.248911260 -0.716919092 0.262954641 -0.165491510 0.685654508 -0.082595068 -0.476315857 -0.266468859 0.476710548 -1.245746100 1.326568135 0.046177693 -0.288588243 -0.348371835 0.729568855 0.029245661 -0.774771277 -0.046288662 0.264512136 -0.853401139 -1.632122957 0.229676487
0.000459523 -5.262925796 -19.518694730 -0.899037066 -0.083826134 0.157842339 0.399739077 -1.481467995 -0.054916459 1.307742283 0.810201677 -0.288414573 -1.850244712 0.073192365 -0.759673027 0.608194892 1.557546212 -0.708487332 0.826371351 0.510384742 0.558284586 -0.116566110 -2.062943335 0.492327124 0.061979746 -0.685456951 1.603622245
-11.841363567 -4.425285358 -23.747095669 0.450601421 -0.189074175 -0.467856040 0.736423819 1.499029833 -0.735004224 0.414965344 1.206023612 0.433499602 1.008922447 -1.169045224 -1.402413213 0.278434090 0.369090131 2.701623077 -0.537478136 -1.929963085 -0.229748090 0.093342894 -0.187526357 0.158089442 -1.029041209 0.617667493 1.618281260
-0.585875744 -2.697066915 -22.472259595 -0.389868660 -0.903072924 0.114319545 0.139257901 -0.747649828 1.749571585 0.775707816 0.883710902 -0.274670579 0.720853087 1.230763113 -0.510632965 -0.024875429 -0.043171591 1.462924578 -0.359505659 -1.666224066 -0.861423907 0.587965884 -0.956412994 -0.502375797 -0.545972529 -0.639215494 -0.983267557
0.567479960 -2.891094432 -20.739703541 0.444592016 -0.192999542 -0.746294194 0.456217156 0.387497480 1.482581591 -0.892102813 0.679405577 0.920679723 1.075614376 -1.699342068 -0.740418518 0.342349536 -0.559191474 -1.278852974 -0.748927727 0.386081157 1.273668073 -1.191299796 -0.773599144 -0.626155612 -0.599722257 -0.214259371 1.955984941
-5.506086771 -6.470057630 -17.601882801 -0.771472042 0.045101689 -0.580928656 -0.255575083 1.780790036 0.236237397 -1.336941330 0.643273259 0.035357347 -1.047963776 0.108930541 -0.748148089 0.311342925 -1.379647048 -1.002253394 2.182927615 0.111639523 0.149188219 -0.566947264 -1.451070993 0.961730301 0.316868752 0.587077094 -0.612012816
-10.672951294 3.405750425 -19.070784892 -0.538833983 0.265593794 -0.783115428 0.160773449 -0.198911469 -0.524744257 0.675136770 0.141547379 -1.572545476 -1.354315815 -0.942189406 0.293419141 0.519399453 -1.738000228 -1.497966824 -0.353806682 -0.033479134 1.102422023 1.159166502 0.183303138 0.896323974 0.700534156 -0.190596666 -3.178214273
-7.706640666 -6.368963281 -14.901513200 0.666433428 0.500626878 0.235599094 0.499732210 1.909500779 -0.650723450 -1.859979746 -0.585260132 -1.783558097 -0.699048805 -0.430990750 0.872588134 0.988567511 1.382260932 0.251667369 1.203512410 0.677787712 -1.086155028 0.787361124 0.727623537 1.709075406 1.153826749 1.074118778 0.659567734
-6.730354136 3.457188895 -15.170611568 -0.850384241 -0.250632422 0.454089294 -0.088503929 -0.104886683 -1.052473537 0.796656220 -0.329406025 -0.500336172 0.170037862 -0.765075658 1.559419909 0.391469913 -0.691875377 -1.405871991 -0.561725532 0.741849856 -1.218364695 -1.222600192 -0.114211179 0.054472641 -0.064654990 -0.453592739 -0.564360976
-5.949385670 1.734491420 -16.192677904 -0.170776567 0.335927988 -0.906314200 0.191265055 0.812313728 -0.587394373 -0.954292732 -0.367346815 -0.858839834 0.479915331 0.364693172 1.166793835 -0.459241192 1.556073751 1.598986109 -0.724166449 -0.265787541 -0.531224991 -1.136244956 -0.484136219 0.226603250 -0.145586539 0.204289186 -0.616305923
-4.191739749 -8.206669001 -26.324878571 -0.918092865 -0.155198014 -0.363827559 -0.025467158 -1.566448429 -0.690966558 0.150567721 -0.350663508 1.473057580 0.507598444 -0.536249596 0.136999956 1.192635983 0.328943680 -0.295710970 -0.400124035 -2.246559748 1.504926293 -0.673179542 -0.058995183 0.951428538 1.538132419 1.019188539 0.989540392
-6.375492440 -0.479047683 -17.116053572 -0.029494489 0.933293168 -0.116476205 0.338418722 1.631428243 0.627806185 0.785139302 1.178467660 0.059926853 0.198812903 -0.459375789 -0.281012235 -0.295655471 0.566653681 -1.315324681 -1.044970677 -0.991234813 0.499288059 0.338925095 0.262947349 -1.080856744 2.678755589 2.611569522 0.341798910
4.511136297 -1.758860006 -26.665768079 -0.693578035 0.676194388 0.202245826 -0.144247307 0.841225116 -0.688637196 1.066356309 1.401075145 -0.260020580 -0.526483546 0.760989493 -0.139840056 0.481670127 -0.664983050 1.653498297 0.171766707 -0.127558390 0.711582409 1.641621153 -0.023245843 -0.265372557 -0.571901944 -1.308808239 -0.372245676
-12.749487035 -0.976400107 -24.671937582 -0.190553466 -0.732190070 0.581282776 0.299495262 0.857598053 -0.481078604 0.119452187 0.149303233 -0.113652567 1.536650741 -1.469790701 -2.603306570 -1.137808978 0.796229777 -1.272546318 0.803578835 0.843458507 0.893106920 -1.504684670 -2.023448860 1.008354236 0.138511321 -0.797328395 -0.441865915
-4.978132039 2.934090175 -28.578060439 0.367201940 -0.234396264 -0.881277941 -0.183222045 0.182103292 -0.017717381 1.363086113 -0.308292566 -0.046645157 0.136209668 1.624236948 0.445674744 0.452012837 0.636675897 1.040162397 0.832429380 1.225267802 -0.454088837 -1.142102800 -0.155061583 1.191000306 -0.923094554 -1.307542162 1.107837477
-10.611841626 -5.049928999 -22.173972990 -0.053662274 0.812775159 -0.288533004 0.503255011 -0.551109700 0.411839170 -0.610769709 -1.269281258 -1.624638909 1.149703549 -0.478297499 0.080785045 1.281001605 -0.078044903 -0.452696070 0.089998048 -0.503922073 -1.583998890 1.371385042 0.350845815 0.276498553 0.173594072 -2.376197764 0.571420535
1.113168603 3.441173714 -24.868799525 -0.467275299 0.872223578 -0.142016722 0.026665999 -0.395809648 0.209125200 0.205544423 0.098541160 0.754820743 1.604815042 0.775149325 -1.180893485 0.861017802 -0.577698616 0.425197211 -0.986856842 -0.580990668 -0.157740513 -2.219779845 -1.455949527 -0.456892491 -0.254287248 -0.071092247 -0.228160278
0.246513610 -8.774986006 -22.675402524 0.608536230 -0.104991138 0.550875130 -0.561424179 0.613838559 1.369546158 -1.995076929 -0.181821090 -0.091712022 -1.805019397 0.955300481 -2.027005992 1.326675214 -0.296217810 -0.865501313 -0.698874187 0.274220713 1.163044117 -1.100483548 0.359510599 -0.728627351 -0.356302001 -0.497491670 1.065871723
1.386398893 -6.271658824 -15.643824102 0.177791455 -0.213067115 -0.610489814 0.741818569 1.978884097 -0.337679450 -0.721063323 -0.431706790 0.527016620 -1.955923276 -1.157663657 0.994929254 0.496528486 0.095330988 0.844637290 -0.896118966 -0.204429069 -0.785796152 1.410349293 -0.660739927 -0.516954209 1.862901712 -0.750972682 -0.952272526
-2.020870806 2.963911810 -20.702727156 0.571590039 0.814800896 -0.083627811 -0.048894960 -0.022806442 2.201236926 0.541490731 0.160935557 -0.473353510 -1.535896436 -1.008211998 -1.071868433 0.129713856 0.791676229 -0.195215819 -0.181957970 0.980668212 0.741624569 2.961271280 -0.974867825 -0.503258997 0.763853378 -0.232125062 -1.365649517
-10.926753857 2.089945858 -15.801351784 -0.246536917 -0.040781215 0.479907430 0.840978775 2.754080454 -1.154373799 -0.600007231 -0.756358140 0.466054318 0.473436041 -1.579585121 -0.815270025 -0.085327729 -1.016602311 -0.664529171 2.296037991 -0.853909896 0.822390963 -0.198073968 -0.000231424 0.343956602 0.930395108 -1.320425659 0.829006347
-8.825480078 -7.507298398 -20.581225284 0.219087357 -0.098864766 -0.374089840 0.895702674 0.318825775 0.230012701 0.566301585 0.801790303 -0.214739216 -1.497517388 0.045033816 -1.110139788 0.151828175 -1.206804188 0.855710296 -0.123188895 -0.375738626 0.798760055 -0.344974484 -0.050415607 0.301412410 -1.555683407 -0.918180113 -0.927972696
2.543979735 -1.737870861 -17.003066835 -0.406722990 -0.702580644 -0.345102585 0.471021287 0.269559840 0.527705653 -0.374839287 0.425327870 1.386647796 -0.498176709 0.116497646 -0.852091647 -0.541674295 1.534880141 -1.650084624 0.419328185 0.839350513 1.564786018 1.442744911 -0.479778685 1.312148729 0.886723933 1.661302774 -0.583694043
-3.012240194 -0.593954794 -28.139777685 -0.282774761 0.359200448 0.462337802 -0.759774460 -2.050905432 -0.466010864 -0.431767629 0.754101216 0.520077642 0.623269855 1.136662397 -1.791952029 1.799079127 -1.374823546 0.202017871 0.824226651 -0.090646482 -0.116246874 0.965053558 -1.380153557 1.032889326 1.167278072 0.354646243 0.798320532
-0.081316172 8.550814409 -18.871378011 -0.454286034 -0.089153593 -0.731050908 -0.501238871 0.655742227 -1.970978798 0.548031236 0.145999902 1.063837485 -1.410275324 0.882174372 0.512443383 1.770089752 -0.825525046 -0.259193413 0.408012526 -0.323317872 1.064562504 0.563336457 -0.074987493 -1.462391756 -0.613759200 0.941395246 -0.516918607
1.562670931 -5.472678711 -25.991011675 -0.413414872 -0.655797341 -0.553214910 -0.304911878 0.322694949 -0.376876295 -0.198995720 1.031324416 -0.019468431 0.698078635 0.292641799 0.262809288 -0.295690865 -1.315849616 0.222153588 0.982130305 0.555080748 -0.561635137 0.259588919 -0.613827289 1.512787951 0.422270832 0.831281621 0.571485334
-0.189223201 5.681332644 -20.351617684 0.094129542 0.553415837 -0.645531452 -0.517841371 0.304004681 1.136080725 0.855275931 -0.761379051 -1.080309955 -1.041871522 -0.437034511 -2.577933472 -0.403751783 -0.835827194 -1.073033946 -0.619156384 -1.984264304 -0.207452113 0.239160845 0.292074887 0.391951015 -0.158767701 -1.158062932 -0.139614103
4.619100862 0.160423112 -25.421343525 0.373532582 0.706365166 0.059303274 0.598335010 0.588086006 0.734041029 -0.487025004 -1.905053567 0.306917919 1.674672940 0.693085905 0.039776862 -2.725123834 -0.042189669 -0.798844423 -0.859345121 -0.411178182 0.678414674 0.681410464 -0.160848597 -0.507388680 0.058244136 -1.264567432 1.121332104
-8.452843572 -7.960922464 -18.797228423 0.494541893 -0.340079067 0.798341771 -0.049243890 -1.090718584 -1.264934453 0.245163807 -0.569758974 0.172368565 0.244423247 -0.450254437 0.626279022 0.387460480 0.285778454 0.553462746 0.557743415 -0.135624798 0.864276479 0.462797895 1.632630371 -0.983650003 2.392878504 0.470063254 -0.094900044
-4.572651007 -1.421339743 -20.765659311 0.391684127 -0.686873460 -0.287742580 0.540363398 0.562327399 -1.216028756 -1.298515908 -0.072570911 -0.555391621 -0.188075904 0.179088448 -0.052735986 -0.610795647 1.173696868 0.490147666 0.169091950 0.740092668 0.533605869 -0.563271598 -0.308759020 -1.526373575 -1.196801212 1.411200281 -0.449790402
-11.148363339 0.792149419 -19.980060066 0.686867888 -0.186033651 0.110479746 0.693828661 2.125122231 0.110914559 -0.102912534 -1.290568832 -1.455379991 0.088726625 -0.341473684 -1.309233443 -0.816151096 1.271970336 -1.352723053 0.736169711 1.113405633 -1.640167865 1.387166818 -0.659785528 -0.902506570 0.875770940 1.261741401 0.257027893
-6.111208979 -4.218710156 -28.785178955 -0.019330611 0.734699644 -0.001983500 -0.678114169 -0.708237224 1.048011178 2.073881025 2.337784903 0.700892058 -0.629803613 0.503162819 1.245978813 -0.135986586 -1.102652144 -0.719236392 -0.800141059 0.987735300 -0.016764021 0.987679270 1.039955692 0.702210279 0.588145000 -2.260202476 -0.164475794
3.052189598 0.825898127 -17.464790588 -0.101030874 -0.298945762 -0.447121043 0.836962942 0.425351591 0.279289120 0.280751923 1.073002198 -1.668171357 -0.005569350 -0.138424250 -0.162575349 0.392774935 -0.947365460 -0.654436171 0.214710024 0.976613134 1.110686761 0.006343798 1.110522826 0.284793699 1.111028903 0.299273101 0.820487059
-1.424630840 4.722245145 -29.828500275 -0.100582533 -0.956990101 -0.122601148 0.242944560 0.921391797 -0.902761686 0.834058736 0.577780463 0.281464927 -0.437204891 1.762452253 -0.336536411 -0.758148161 -0.300455177 0.382411710 0.720552602 -0.040990727 -2.513398770 -1.023770898 -0.162796447 1.420456220 -0.783848283 -0.301880093 0.120108058
1.076681051 3.676794861 -16.050530985 0.188720585 0.547084969 -0.771911895 0.263124690 -0.468288818 -0.240564117 0.935708748 -0.245215465 1.073351295 0.067682325 -0.369241302 0.860562268 0.938590954 0.762785642 -1.026702193 -1.096601034 0.794305060 1.084971607 -1.726202417 0.048439876 -1.272170324 -0.300843201 0.463962406 2.262451762
-1.997348820 -1.827480035 -25.092626642 0.332521349 0.441272615 0.827407259 0.100524913 -0.522991032 -0.467440246 1.128370143 -1.276539223 -0.601122006 -0.858954594 -1.081858824 0.139373740 0.069637205 -0.499625435 0.329712367 0.298227164 -1.804468165 0.284350426 0.500753563 0.000456175 0.153973298 -0.848642129 2.328615120 0.009240932
-8.720946347 -4.326312567 -24.034520283 -0.581980313 -0.530892501 -0.256541435 -0.560034428 0.539337461 -0.385470535 -0.399360561 0.218492834 -1.624644431 0.445426491 -1.585562431 -1.682121621 0.906749058 -0.514851874 -0.209231085 -0.895604758 -0.683508114 0.295416158 2.001277791 -1.917389884 1.414273687 0.139218926 0.839983550 -1.407090405
-7.347811633 3.328893435 -15.913458590 0.381401450 0.110869600 -0.008713719 -0.917695449 -0.775234281 1.075002642 -1.975930410 0.001647616 -0.722809188 0.880040408 -0.366219592 0.943536646 -0.200691858 -0.770428451 -1.258834942 0.722182240 0.008410703 0.617919353 0.520489420 0.268542727 -1.178690023 -1.166148037 -0.143345449 -0.809898689
-7.206558498 -9.550853003 -21.210881374 0.570878475 0.773119033 0.221453625 0.165357248 0.623453081 0.954812262 1.127586748 -0.986869080 0.145681328 0.702737907 -0.981035096 0.938646247 -0.422124486 -2.441676023 2.414054881 0.938452560 0.085731269 0.689807308 0.124454694 -0.381500795 -0.796434868 0.252189097 -1.741223077 -1.225002866
4.260292272 -2.861836902 -19.808689337 0.307279313 0.115837655 0.272132996 0.904491400 1.211333221 -1.082798917 1.178473798 0.462290313 1.960027548 -0.330524742 -0.821668822 -0.874649029 1.151163116 -0.642473526 0.390615329 -0.536096295 -0.092330629 0.370642125 0.000827302 -0.930647332 0.950387362 -1.771714392 1.725764717 0.428787211
-12.088651244 -2.562465533 -19.169332128 0.814623846 -0.074071411 -0.510881591 0.264388759 -0.609488944 -1.536036439 -1.942408630 -0.066488315 0.573548711 -1.642661301 -0.909223496 0.628495072 1.375088594 0.094589263 0.845165426 2.201685891 0.652787499 -1.366545263 0.139662798 2.921333792 0.198959015 0.368993301 -0.004704164 0.575056182
1.487564566 -8.090693564 -22.580507971 0.370905111 -0.720084599 0.458630664 -0.365466117 0.071409076 1.104436452 -0.050234635 0.323182930 1.270745833 0.540539207 0.717782425 0.538282593 -0.573585606 -0.506900980 -0.698801846 -0.841627716 0.003590896 1.898781835 2.160687801 0.233548515 -0.887174856 0.320943661 0.800801435 1.550987910
3.050256368 4.403602246 -23.687806481 -0.306228320 0.363949025 0.762474374 -0.438632138 0.083313559 -0.267891396 0.320826644 -0.924204321 0.007639910 -1.538957136 0.690181796 -0.457641946 -0.408525934 2.280980337 0.334190722 -0.881346740 -0.590459631 -0.548006498 -0.065660525 1.262464454 -0.191649381 0.153304572 0.826936572 0.698425892
2.646745470 -1.785752412 -27.519477240 -0.249125415 0.017301807 -0.363794107 -0.897380088 1.310657822 0.098781771 0.426269661 -0.085514560 1.834780634 0.211936495 0.050981281 1.223135362 -0.704823592 0.989763286 2.691910065 -1.554625418 0.405641506 -0.581960814 -0.176514350 1.031577616 -1.818324545 -0.595963865 -0.285508022 -0.335645357
-4.515380568 -3.651616500 -26.569751142 -0.451285971 -0.720631742 -0.188646238 -0.491368966 -1.365925563 -0.286279203 0.374965552 0.261508317 -0.295773855 -1.136172766 -1.658238594 0.574639956 1.204223158 -0.262523746 -0.045997480 -0.626087521 -0.342932296 1.500378899 0.219664746 1.067384376 0.589215230 1.739308240 -1.121688972 0.426879540
2.534678071 5.976640214 -21.656611673 -0.294343091 -0.753612610 -0.584523796 0.061336047 -0.253206339 -1.010829783 -1.136571252 0.880136178 -0.377008303 0.862259012 1.186364206 0.771239119 -0.337347646 0.365226503 2.998898878 0.317808936 0.839152573 0.282019173 -0.471749421 -0.803617630 -0.748696276 -0.952008070 0.435194896 0.108236098
-5.256765237 7.616772525 -26.591600462 -0.888369611 0.316956194 -0.074824527 -0.323634818 -0.422036142 0.369531323 -1.480668937 0.489397509 -0.231505243 0.442400205 0.023192309 0.902698154 2.522956661 -1.923932072 0.139336132 -0.788832118 -1.674694066 0.045503670 0.633182514 1.152265954 0.646079213 0.925912746 1.132602387 1.285467420
-7.202206493 -0.819058455 -30.522907505 0.534957884 0.188001652 -0.377027803 -0.732342459 0.486889146 -0.216509941 -0.148477941 -0.484663266 1.287176805 -0.426941362 0.228433950 -0.627160958 -0.368757841 -0.787631443 -0.583223812 -0.562631824 -0.908414512 1.135908604 1.293358820 -1.761561192 -1.556925048 0.624554596 -0.443837750 1.294090658
-8.201786127 4.228300616 -24.484224079 0.280530742 -0.727927806 0.449369044 0.435305726 0.190567420 0.481834807 -0.522925129 0.405826443 1.663485987 -1.006181701 1.143083367 -1.337963530 1.716960809 -0.073070954 0.644601576 1.432913557 -1.652942443 -1.070636857 -0.128338426 -0.735918906 0.698444965 1.069919344 -0.128842987 0.129727563
-4.716947019 1.931454245 -12.471987267 0.324025520 -0.212983363 -0.102985414 0.915991023 0.994507384 -0.029636055 -1.995549397 0.928590455 -1.129023421 1.490644031 -1.144221596 0.686709452 2.039675453 -2.294853345 0.055997424 -0.930088351 -1.164860441 1.546132521 -0.651910192 -0.500464322 1.498967129 -1.345259682 -0.698647998 1.349798518
-2.960491786 2.732334843 -27.092798354 -0.250839995 0.515123178 0.356998435 0.737753025 -0.681070955 1.063608086 0.481933840 -0.992071535 -0.640400868 1.303433896 0.085693306 -0.494373680 -0.403701430 -0.345522406 -0.095028270 -1.298599937 0.511892966 0.671930884 -0.776824700 -0.618913786 -0.367672597 -1.683922156 -0.553533759 0.132421915
1.178073315 -6.809845460 -25.873798176 0.057600951 -0.408890077 -0.442459470 0.796065734 0.429873209 0.336312516 0.914828811 -0.013246004 2.020145266 -0.054563226 0.251229202 -0.919022136 1.885951391 0.017006912 -0.043589373 -0.410091004 0.447459534 -0.819191219 0.709351262 -0.884694208 -0.086593249 -1.473910612 -1.263064240 -1.436184675
1.704936821 -6.588001956 -22.550188340 -0.419704080 0.861525068 -0.219945555 -0.182337586 0.631060238 1.358646665 -0.079098269 0.329599797 0.814398137 0.114055258 -0.286907995 -1.454256770 -2.061361671 -0.082254292 0.393725934 2.322499585 -0.082263777 1.989359128 0.778435313 1.206470540 0.491976599 -0.514976961 -0.445340105 0.498484934
-2.344056195 -3.511697847 -13.780830991 0.372103554 0.774550202 0.487717485 0.154086286 0.572503334 0.944855898 1.041164029 0.315798897 -0.511371631 0.175218301 0.720398032 1.178290826 -1.282136910 -1.409825759 -1.486037881 2.000369992 0.817794464 0.293457396 1.690029995 -0.103303462 -0.177703096 0.601419349 -2.092249355 0.371433145
3.738526595 -2.716713069 -20.474378321 -0.109479071 0.074615789 0.457360889 -0.879356489 -0.049867338 -0.220728264 0.445507665 0.050509058 -0.832338782 0.760876949 -2.177577888 0.297919628 -0.611950472 1.011400031 -0.436341174 -0.808204959 0.894857949 0.198027679 -1.153776014 0.566894876 -0.128398813 -1.511991187 0.072490415 -0.364921754
-3.899833964 -8.595716298 -24.737845705 -0.733048715 -0.648242695 0.053176237 -0.198980596 0.968435769 -1.511652549 1.044446926 -0.506910325 1.751765664 1.632133662 -1.849172833 0.662570563 1.028897776 -0.166882241 1.593321941 -0.690345190 0.623648761 -0.422930625 -1.548087132 -0.828480620 -1.383543045 -0.672816262 1.427658567 0.296515815
1.501674121 5.933458579 -26.990554110 0.740709739 0.011027779 0.082263902 0.666678424 -0.686865109 -1.372561778 1.276544945 2.070256867 -0.984690807 -0.124405848 0.008617002 0.461041963 0.261171962 -1.393962377 0.920713008 0.168273067 -0.423115079 0.150600521 0.142235045 -1.779434677 0.630786411 -0.967574837 -0.617639473 -0.033619597
-2.737369266 -3.909792616 -25.270190506 -0.615409789 0.237419157 0.727014298 0.190665008 0.889586924 -0.913688507 0.203755084 1.749232524 0.949029533 -0.935553154 -1.714173417 -1.285671769 1.200370490 0.418620893 -1.314688414 0.985043672 -0.085978218 -0.662616301 -0.488375331 -0.288039518 -0.354977447 -2.301915374 -1.025404525 1.148835461
-4.283568002 -2.560526657 -30.814408702 -0.690544091 0.545277169 0.473506350 0.040167210 -1.059741500 -0.033968984 1.332468786 -0.405394432 0.761040758 0.268622899 -1.638660651 1.029255095 -0.739356343 -0.544131308 -0.242752984 0.241188283 0.301365923 -0.160633488 -0.429438596 0.450818797 1.122515388 0.504688772 -0.734173099 0.463235740
3.353203160 5.742799858 -25.314052460 0.743140659 -0.600786232 0.241239050 -0.169120030 -1.241161713 -0.090244062 0.456722746 1.014621866 1.670178134 -0.458048644 0.833248838 -1.372198739 0.035490372 -1.920204548 1.287477056 -1.244079357 1.300097262 -0.036993224 0.913215476 0.922661417 0.299240415 -1.158468528 -0.031042345 -0.475772978
-6.803172472 0.451426122 -26.861743284 -0.685502038 -0.427982332 0.516305326 -0.283455271 -1.025744685 -0.040633975 -0.130243764 -0.854186451 -1.756178722 -0.558123978 -0.718383745 -0.101366399 -0.538701808 -0.382608935 0.128710566 0.118156498 1.105684295 -0.524139891 0.271640514 0.002334287 1.683724818 -1.342877616 1.157506222 1.072014517
-12.382948153 -4.110426710 -20.763048596 0.037687486 0.909146481 -0.285750752 -0.300630732 -2.511802310 1.299326599 0.399104563 -1.175842938 -0.377398660 -0.112208482 -1.036734297 1.164077680 0.142591476 1.459030978 0.491342993 -0.063714195 -0.059914639 1.253812715 0.834909698 -0.839704451 -0.219025252 -2.428713248 0.321387260 0.399439509
-1.272174590 -1.188490249 -21.802081440 -0.728915548 0.532767247 -0.026264530 0.429128603 2.648218297 -1.848021781 0.968265366 0.126772383 0.991452577 -1.319506975 0.208047980 0.966080419 -1.851033511 2.224246216 0.239677652 -1.762778556 1.117230010 -0.844620312 0.482164023 0.197447114 0.294837360 -1.079270338 0.463648236 0.090837324
-2.463973024 -8.697925681 -17.111224343 -0.080950323 0.638026579 -0.427109266 0.635568096 0.400197457 -1.009104839 0.857260616 -0.490303316 -0.141369222 1.126989944 0.283743106 1.176748139 -0.227005327 -1.568068154 -0.786437687 0.028386337 -0.041279070 -0.155097692 0.452450697 0.202229872 -1.576894774 -1.371832559 0.665772646 -0.298193345
-7.723844738 -4.619504646 -18.637205049 -0.673873734 0.133979286 -0.104939225 -0.718979485 1.026805868 0.446147137 0.906608172 -0.066540138 0.196440535 0.258983354 1.676768687 0.148435313 -0.546933285 -0.190225955 -0.387610919 -1.023625667 0.879828326 -0.724613381 0.229282409 -0.167378203 1.215284058 -0.892686322 2.080978730 -0.886212440
-0.772907637 -2.662960014 -13.434891376 -0.818187750 0.486918014 0.100006315 0.288926271 0.046773945 -1.194395152 1.294528051 -0.200361806 -0.411467238 0.276355804 0.424276150 -0.084881180 1.196998520 -1.004690074 -1.207370944 1.739091574 0.404684052 -0.015914377 1.222614827 0.390641676 -0.266429266 -0.074236552 -1.003056332 -0.826005364
-7.901938022 -0.293574976 -23.022922535 -0.857521139 -0.094627348 -0.401010732 -0.308047973 0.260079681 0.890394370 -0.061245371 -0.607198283 0.220461754 0.862121904 0.095853777 1.056034947 -1.105803393 -2.396247081 -0.909079391 1.596606467 1.392491457 -0.823599227 -0.270021436 -2.179943389 0.450788346 -0.281003906 0.523379849 0.465512087
-0.697735635 6.128948740 -17.148434788 -0.414412315 0.805756186 0.317838435 -0.279281454 -0.356354542 2.212830827 1.336131893 -0.697337694 0.398683769 0.533131114 1.308910393 -1.649206530 0.446582691 1.514643273 1.048193509 1.053946422 -0.637408652 1.492177340 1.392355806 0.489962207 -0.098634429 0.264735694 -0.981342919 -0.395425493
-6.257904353 -2.161143805 -19.565181050 -0.386811425 -0.297617919 -0.394419604 0.778610090 -1.000190172 0.189230653 1.356517954 0.764507597 -1.772016845 2.098136454 -0.022473768 0.080731994 1.829849967 -1.135621746 -0.408144106 -0.974782726 -2.757024215 1.115592311 -0.071495684 1.250135230 -0.409118601 -1.719046388 -1.084824354 -0.012198893
-4.034278188 -3.979672390 -14.408078278 -0.944718355 0.230030495 -0.116464568 -0.202556675 0.637219317 -1.345796703 0.242440581 -0.523029682 0.133793262 0.500857675 0.302542461 0.880515240 -0.643392724 -1.736527739 -1.091089092 -1.433213826 1.920169033 -1.466578310 -1.389378359 -0.896384296 -0.742438458 1.279903996 2.639452705 1.210315292
-9.782905084 0.161857253 -22.247485375 0.337637582 0.466585427 -0.527874484 0.624217455 -2.316658116 -2.204246202 -0.400197684 -1.365927979 0.944198000 2.570278900 0.079154324 0.244088424 -1.292155619 1.081759426 -0.235316996 -0.016599588 -2.987442925 -0.052303874 -0.312812494 -2.937016612 0.825652485 0.285350250 -0.899885056 0.387278814
-0.894046243 -4.781832459 -20.294418291 0.045908342 0.154335728 0.385098340 0.908720076 -0.331122233 0.758554708 0.534618467 -0.645848686 -0.754512243 -0.548105276 -0.737721550 -1.439119365 0.937686898 1.833249658 -0.203973818 0.725456550 -0.530115755 -0.192460066 -0.342036479 -0.473030892 0.152991663 -0.103180389 -0.636718564 0.030018191
-7.299721841 -3.412207162 -16.808320284 0.640261264 0.131915975 0.349726605 0.671084936 -0.090537596 -1.565962775 -1.341953368 -1.558106732 -0.145511152 -0.530375382 -1.185862622 -0.642305081 0.463801262 -0.437040035 -0.974249742 0.470713626 0.380040746 -0.017687907 -0.313845349 -1.679821380 -0.922873687 -0.907539511 -0.424193435 1.012558910
-7.318328571 -6.068906808 -19.679891171 0.843840021 -0.177857389 0.433435834 -0.261599210 0.239208141 0.749364619 0.445640729 0.461880951 -0.391629632 -0.620684148 -1.335409014 -0.446021662 -0.133463349 -0.585123344 0.158030202 -0.692157121 0.994389878 1.300753631 1.173232282 -0.682924284 1.143022498 -0.982329931 -0.060339645 -0.779579385
-0.078823775 5.109961859 -27.744680187 -0.390148168 0.652554196 0.558979824 0.330906307 0.586006768 0.330992285 -1.045990220 1.780018535 1.477523734 -0.617093814 -0.285980498 -0.648228011 -0.309405042 1.586616490 -1.026128542 -1.115327600 1.735567297 -0.337630324 0.125211706 0.194872620 -0.721697055 1.664549102 -0.269961860 -0.624188420
-3.598899953 1.677852623 -20.458483711 0.151959938 -0.814718753 0.498607456 0.254031762 -0.933880371 -0.479245648 0.688845952 2.417167327 1.758128825 -1.380893807 0.175990891 0.917445873 -0.181440310 -0.066427491 0.164852346 1.903876148 1.987759286 1.668018498 0.020912003 0.112537976 0.045309439 0.481492068 0.077896248 -1.046125988
1.314674395 -2.216318481 -20.477981596 -0.189885818 -0.389151085 0.779279589 -0.453021115 -0.405469472 -0.239674632 -0.408171303 -0.792189086 1.106975800 0.569834922 -1.127702386 0.774505027 0.313064142 0.611486750 1.023786813 0.772207140 -0.601294818 1.480109537 1.157646046 -0.308476088 0.375967488 0.433730008 0.598268221 -0.043181892
0.843737509 -2.666819614 -19.089484571 -0.256750212 -0.200901388 -0.796178655 -0.509722975 -0.869966237 -1.010389665 -1.159242332 -0.653643930 -0.691670785 -0.622754604 0.832207842 -0.523864460 0.793705438 -1.986730399 0.619562904 1.313418120 -0.715585168 -0.175302804 0.511003572 1.509463582 0.533541573 -0.669002697 0.595393680 0.518903397
-1.125237231 -6.785300865 -14.611548027 -0.305073512 -0.640536409 0.264240112 -0.653314950 -0.087426206 -1.367564015 0.103204813 -1.133280919 -1.927309085 1.456011860 -1.083684878 0.401784578 1.425588486 -0.952336396 -1.388166182 -1.334848485 -0.506572507 0.315672176 -0.923657042 1.141384532 -0.352467071 -1.623089481 0.183469406 -0.132168298
-3.732015924 6.007150434 -21.434108774 0.841358993 -0.277476270 -0.228189102 -0.403796606 -0.418350199 0.869852222 -1.128818384 0.375777041 -1.291613262 -0.206856502 0.587681748 0.578514954 -0.084162816 -0.265901770 2.057938932 0.031668520 0.128443904 0.480407718 0.185243204 -1.108213597 -0.995243417 0.725613898 0.166958359 -1.859238547
-4.755574220 8.457607573 -21.188984392 -0.794066116 -0.271754973 -0.272101806 -0.470711000 1.731951623 -0.327793267 -0.639122089 2.149238547 0.508228514 -1.671837125 1.270928233 -0.506554542 -1.233406728 -0.049525120 0.815514145 -1.077379872 0.759752835 1.379904650 1.451601848 1.104043317 1.829181710 0.810650212 -0.181428014 -0.262496338
0.634639134 4.634850999 -14.854912635 0.204462514 0.087872369 -0.974610055 -0.024673225 1.338122838 -1.167501662 0.084434274 -0.475419846 2.161067057 0.403090203 0.668329068 -0.940787661 1.486307069 -0.800198731 0.608569293 -2.231231271 0.411603030 -2.594843241 0.120258522 -0.236644930 -0.210668979 0.572058973 1.173559326 -1.108571286
-7.622200727 -0.026170403 -27.020813283 0.240799217 -0.164600143 0.316912102 -0.902490581 -0.752838250 -0.155398239 -0.351667801 0.569421481 -0.695039123 0.490275594 0.285107209 0.641075308 0.009589098 0.500557470 -0.227363232 -0.324399568 0.744221977 -0.063744547 2.004466107 -0.185847035 0.849809047 -1.343397890 -0.392834377 -0.973679992
1.969244995 -0.363177645 -17.704254444 0.095118403 0.068432773 0.751086966 -0.649721336 -1.440075980 -0.762705739 -0.548320598 1.487073621 1.182147575 0.231639094 0.983762364 0.024771718 -0.816021802 0.144846531 -0.806680570 2.381313705 -2.067366519 0.672359236 0.891688445 2.281064808 -0.642109127 -0.734068793 0.230133323 -1.090773304
3.844446861 1.465580584 -24.353825916 0.218261596 0.260632930 0.595950100 -0.727513457 0.168732173 -1.132038299 -2.267476732 0.772830088 1.098693342 -1.469470399 -1.092621770 0.821644787 0.183200184 -0.016498860 -0.301922665 0.113301856 -0.019576613 0.038828905 -0.717494452 1.405594960 1.452821933 -2.012134727 0.301433423 0.547420081
-9.620484601 2.326888625 -21.223681040 0.090506271 -0.629586274 -0.770189090 -0.047312830 -0.204717478 -0.136480777 0.389357231 -0.290600009 0.203549945 -0.851427534 1.785614615 -0.818358197 2.304188980 0.984335232 -1.209676229 0.421647241 -1.072149547 1.000681736 -1.194609436 -0.987221184 1.239160226 0.066290324 -1.402754844 -1.129886173
3.690176051 -1.944543287 -24.959996173 0.219725617 -0.690848421 -0.500443617 0.473291980 1.460118746 -0.118494501 0.373226221 -1.456819242 1.259368585 -0.265559339 0.133030958 0.684977672 -0.901309127 1.551245795 -1.207632856 0.558768006 -0.335706757 -0.732638546 -0.411248100 1.011652534 -1.319890291 -0.323963061 -0.985651216 0.178762652
-10.415820725 -3.667240816 -24.647745185 -0.253140067 0.185871421 -0.889434919 -0.332080483 -1.570148880 -1.180142628 0.098111283 0.242304442 -0.362765808 -0.447907389 0.526525092 -1.296229062 0.473813300 -1.129150102 -0.704805346 -1.384386266 0.515792114 -1.870166205 -1.109894785 0.353423057 -0.552491447 0.294667419 -0.662395211 -0.068069216
-0.974301735 -1.345085872 -19.867088712 0.261398825 -0.202774056 -0.751995010 0.570137564 -1.975816747 -1.261910842 -1.044091775 -0.665344545 0.472169080 -1.491969674 -1.409997634 0.212410742 0.374634422 0.497666819 -0.408255489 -0.599773181 -0.682948935 -0.086435268 -0.975809439 -1.782507480 -0.360020481 1.373071194 -0.747775694 -1.893759979
-3.715430791 0.324492871 -30.440215361 0.859736431 0.150436133 -0.057088840 0.484729929 -0.387388369 0.540803559 -0.525271952 -0.178893003 0.642302778 0.172350557 0.316605958 1.279515442 -0.205575419 0.277921958 -0.444263387 -0.526006558 -0.089524549 1.224951824 -0.279821173 -0.983301268 1.764984589 -1.708443252 0.524660754 -1.014891671
-5.856554606 5.342582858 -28.720039506 -0.764967208 -0.182932456 -0.007814431 0.617494795 0.408611176 0.588399094 0.886369953 0.180645879 0.394143894 -0.284461269 0.393278415 -0.029047415 -0.613302709 0.591121365 -0.296939318 -1.659907838 0.204860032 0.260131913 -1.753636958 1.551163155 -0.328347794 0.770660540 1.742621916 0.939113885
-0.184370502 -3.640982152 -20.698589297 0.587899988 -0.275059982 0.760705453 0.006544038 -0.637456739 0.250636588 0.121431975 0.651567239 1.126210632 -3.623120951 -1.919111303 -0.348529896 0.339848562 0.628700914 -0.174203638 0.771687590 -0.417261193 -0.993940903 1.172905789 0.682928896 -0.512453331 0.652099052 1.797450242 0.528614507
-3.156377793 6.906083813 -19.195882219 0.298028333 0.637100983 -0.494592310 -0.510548623 0.177629545 0.895915185 1.293038539 0.591194437 -0.122089959 1.599199266 0.629489232 0.571261652 -1.096565394 0.321324891 0.178419292 0.675820923 -0.783991687 -1.894702816 1.344393727 -1.136060438 0.467878509 1.021177649 -0.743374158 -1.618103720
-9.100856758 0.608975732 -19.269559498 0.418138870 -0.189338702 -0.857174430 -0.233586681 -0.785982532 -0.470144821 0.904173862 -2.212024873 0.060798116 -0.764948644 -0.220859038 1.621024293 -0.427417939 -0.102067781 -0.583334545 -0.434276738 -1.693788169 0.411710434 0.925798791 1.065379625 2.114432254 -0.571257800 0.715862928 -0.261266125
-6.227521161 5.876701852 -18.783901086 -0.314618280 -0.017312289 0.915469324 0.250262942 0.292125697 1.492673525 0.226322716 -0.076938808 -0.396662940 -2.376969865 -0.528317624 -0.161214718 -1.581268252 -0.159037768 -1.559070198 -0.471684088 0.872233071 -0.247807894 0.403752619 -0.156589255 -0.912482915 0.203126604 0.059424415 -3.573965998
1.858700211 5.334924996 -23.473781408 0.003501349 0.347910165 -0.641116952 -0.684043355 -0.169808009 -1.100720781 0.007523165 -0.240806630 1.937995130 1.156621129 -0.243127894 0.198464449 -1.584004576 -1.344442035 0.248972954 1.179366609 -0.629241184 -0.417996625 1.017998115 1.510706684 -0.737660182 1.887027850 0.494655753 -0.392919484
1.771242964 -5.645299436 -21.871559140 0.141042955 -0.892863149 0.227750483 0.361983424 1.009078316 1.359397279 -1.608983751 0.073544348 -0.796088201 -0.629647261 1.347460991 0.154015577 2.070240850 1.857852687 0.569050931 -1.523458324 0.217818790 0.744499609 1.671660555 2.185199142 0.442271464 0.248883013 -0.135620447 -1.355639191
-4.551967411 6.797635886 -25.071793883 -0.049324225 -0.048880202 -0.039263833 0.996813021 -0.486049928 -2.187146144 0.495593459 0.256469113 1.198579727 -0.088855826 -1.015122501 1.031755046 -0.280153535 -0.595185666 1.202506236 -0.647032227 -0.832557628 -2.603751095 0.196795788 0.700038436 -1.520218186 -0.252158703 0.108495297 -0.486655939
-4.448578260 1.343540204 -19.902883875 -0.158687513 0.470395099 -0.803641730 0.328186980 0.665954997 -1.035314442 0.321499250 1.361188022 0.637411754 -0.506341521 -0.809902755 -0.917975867 1.202316541 0.577961277 -0.013204237 -0.057904048 -0.608451821 -0.582476394 1.020273125 0.929910017 -1.341423765 -0.649614212 0.461953371 1.282208937
-11.587067064 2.880917873 -23.471699267 0.744747138 0.451096033 -0.009935997 0.491696395 1.674061534 0.903291295 -1.293498010 0.605957136 -2.090606899 0.050885410 2.558017519 -1.816420446 2.344481377 -0.805722957 -0.443475201 0.090409297 0.589352372 1.531334816 0.423251858 -1.144041414 -0.570253100 0.036199269 -0.038867888 0.364713404
-7.397452717 1.989731700 -15.200495971 0.314105505 -0.401298065 0.051290150 0.858875378 1.079638553 -0.416995128 -0.484619751 0.509288971 0.566185608 0.840799814 -0.407671403 -0.733865555 1.414496685 0.119544221 -0.066835410 -0.763895262 0.393434001 -1.693253990 0.712076507 -0.340060146 1.470354874 -0.427837461 -0.918988831 -0.033705711
1.607525242 -2.917995149 -15.792725746 0.555549900 0.732866764 -0.374383921 0.118774135 2.020302986 0.523201568 -0.540785152 0.326425762 0.610415042 0.110463343 -0.201906665 -0.804320746 0.134088778 -0.059142581 -1.138722294 -0.546507965 0.045215373 1.498039621 -1.089309611 -0.583945121 -0.932358184 -0.841436998 -0.145562926 0.463081160
4.727242615 1.377566814 -25.846626527 0.336123432 0.709465036 0.149282849 0.601161403 -1.621696173 -0.326271713 0.124401905 -0.043015147 -0.947365321 -0.295435904 0.342272475 -0.365286905 -0.308862384 -0.873595330 0.652187327 0.280699833 -0.022377637 -1.253518606 -0.601698478 0.402771799 0.289294109 1.973201713 0.996634081 0.294843852
-3.279406139 4.796763192 -25.077208068 -0.710151145 0.307968177 -0.567188302 -0.281315453 1.207340947 -0.403796657 0.217760010 0.627517230 -0.873211619 0.265406664 0.140935126 -0.013256653 -0.874509073 0.905654456 0.507603109 -0.046571094 -1.756971245 -0.348879948 -0.987976727 -0.851659371 0.045271028 0.516462124 0.406227474 -1.576313294
-8.094855809 6.462961245 -19.165394375 0.317520726 0.471175344 0.182497782 0.802414446 0.440720038 1.596734820 1.171509315 -0.293384807 1.480931309 0.589020784 0.841347107 1.033234115 0.081688413 -2.037235596 -1.864544585 1.407188218 -1.629012883 -0.662621168 0.856057939 0.629944876 -0.303119135 -0.154157224 0.481541584 0.450282003
-8.851876371 0.174461751 -25.468680114 0.713583117 -0.507390372 -0.375308624 -0.304134153 0.256760079 0.213440842 0.191854863 1.537325326 -1.223003386 1.000871686 -0.890079028 -0.008407692 1.630188217 0.011488157 1.548395610 0.041107766 1.277707104 0.261237135 0.588078108 0.300410075 0.866720762 0.385837735 1.180263593 -0.956594451
-8.656636240 -5.408757777 -17.423565238 0.350941923 -0.559630898 0.749887332 0.036359511 0.207951613 0.303073555 -0.918566983 0.883039230 -1.098031060 -0.210002502 0.579645090 -0.116851916 -0.234612836 -0.263655674 0.646509089 0.442298726 -1.299763559 -1.358229731 -0.499471288 -1.204768298 -1.261649296 0.681388065 0.542113535 -0.117012489
-8.421165273 -0.102803746 -29.136981682 0.471734838 0.214315902 -0.754462543 -0.402891062 1.025161255 -0.055736026 0.793359396 0.308675753 -0.014085022 -0.943711481 1.202916490 1.054607483 0.042319142 -0.251513021 -1.730440711 -1.225841751 -0.275302235 0.684122495 -1.059216374 -1.083634062 0.386187057 -0.001305786 0.059174712 -0.663676534
3.277753551 0.593348671 -18.682768643 0.537904641 -0.552904829 -0.634619772 0.047038193 -0.720801998 -0.093292451 0.224547806 0.358841804 -1.681925095 0.950632162 1.220557388 1.111567908 0.348371244 -1.760236406 -0.974273057 0.457162482 2.701656670 0.403652848 0.243294908 0.591403055 -1.744132771 -1.000704627 -1.956543701 -0.784251078
