22.154478814 -12.094005395 20.864231095 0.375616152 0.781330608 -0.495253111 -0.056208043 -1.551064436 -0.495734480 -0.328899644 0.187959324 -1.302047508 0.490620714 -1.761225034 -0.552330178 1.824031567 -0.125669363 0.050165553 -2.023220993 -0.294005013 1.459377214 -0.056492929 0.487157758 0.071996718 0.211073623 0.340939496 -0.340740777
31.285556621 -18.318690343 29.277326048 -0.749890284 0.004409456 -0.650976719 -0.117789771 0.575896167 0.295080409 -0.319061131 0.619934266 0.153224563 -0.624997980 1.139902107 0.336944864 0.056627043 0.231607043 0.981333430 0.447348289 0.509088014 0.782477140 0.335484520 -0.387087409 0.762610421 -0.695810672 -0.387868885 0.712746348
23.160834568 -15.221823751 24.386033255 0.755948920 0.550207730 0.022933588 0.353958663 0.937963837 0.456123337 -0.364485429 -1.701666251 0.251433459 1.667245682 1.195599572 0.707561800 -0.183091198 0.543972980 1.239953054 -1.010308174 -0.165382159 0.005760549 -0.628892522 0.391051738 0.163669832 -0.897716208 0.611806936 1.062796046
19.224894825 -14.042521617 28.977425446 -0.609831265 -0.616927176 -0.479299494 0.133336725 1.472870220 -0.522917039 -0.605630789 1.531307300 -0.466402119 0.038099896 0.041905329 0.108857787 -0.782093569 -0.866582612 -1.262221555 -0.144562102 -0.052126638 -0.084060959 -0.285727901 -1.074634392 1.727684852 0.415081632 -1.159531595 -0.601959697
27.499041846 -8.678359436 30.752808333 -0.287271374 0.353044929 -0.600909924 0.657070543 1.640054106 1.752702376 -1.119345402 -0.075801239 0.734276594 1.562130141 -0.255005381 -2.193960079 -0.928923796 -0.319915765 -0.083187219 0.631384933 1.359794167 0.881107023 1.356633266 1.106452558 -0.479356714 -0.372784427 -0.526825835 -1.304079041
30.753955953 -11.798339229 24.847409022 -0.666286750 -0.669658745 0.323635046 0.053660875 0.696574666 0.094794878 0.124803822 0.313658163 0.044267481 -0.715479500 0.440338766 -0.998008305 1.194424970 1.273516154 -0.139178568 0.363443180 0.588670997 -0.476208372 1.349710453 0.741087341 0.846105076 1.043535967 -1.630139248 -0.282543412
29.404257029 -21.346405929 23.318683565 0.876491187 0.161584237 -0.022899361 0.452912081 1.670354381 1.323030386 0.625659610 -0.756780435 0.076682926 0.312831750 1.345773238 -0.555739551 -0.694785988 0.961467378 0.141725532 -0.106354658 0.513222888 0.732125858 -0.028769552 0.056199103 -0.209682109 1.077158964 -0.474833095 -0.155943872
22.549698092 -12.535721995 36.324176480 0.644285031 -0.493030392 -0.200672664 -0.549134149 0.627741205 0.202072950 -0.135518333 -0.004010102 0.507003715 -0.514824974 0.205571867 -0.943815286 0.985652561 1.389800120 0.376916844 0.709550212 2.163049598 -0.315865124 -0.515669882 0.142986305 -0.109593621 0.366639544 -0.159554491 -0.943409109
25.613413343 -7.932735512 32.387343012 -0.227288547 0.170497654 0.599442224 -0.748291044 -0.732842967 -0.285570969 -1.344996072 -0.579682215 -0.377184638 0.239646354 1.142620595 -0.292246203 -0.513543444 -1.545707345 0.108230928 -1.381142430 1.014299390 0.533349142 0.195877833 1.194171045 -0.213689608 -0.835828163 0.350744111 -0.755600284
20.708291451 -14.504301434 33.970950476 0.278531394 0.147251611 -0.304744609 -0.898814746 0.099728436 -0.717128190 -0.298030249 -1.035532310 0.253539233 -2.025490564 0.131799454 1.614280192 1.090228886 -0.425750079 -0.187833130 2.792740463 -0.695315072 0.351843104 -2.961476513 0.062795105 0.306518034 1.006280888 -0.439457205 1.579925644
17.780478937 -8.701741552 26.010307009 0.666010194 0.529263636 0.525613087 -0.006427066 1.965269665 -0.033642474 -1.094697882 0.605046975 -1.026287698 -0.878034526 -1.624735362 -1.322512994 -1.787309935 2.987172308 -0.014208761 2.086465068 2.766526358 -1.620141885 -1.095912767 0.579390298 -0.712269946 -0.507214637 1.365812905 1.360177057
19.867609020 -19.401335798 32.991066655 0.826981511 -0.445993546 -0.098462218 -0.327866634 0.434742455 0.250021321 -0.065306841 0.240571314 0.127926554 -1.013673160 0.404600831 -0.251050546 1.722472866 0.078862277 0.869616260 -1.399109582 -0.413623044 -2.314187914 -0.297006428 1.367241776 -0.544055708 0.058582438 -0.232640782 0.037208022
22.580320150 -20.817404891 20.018499085 0.392753136 0.437550250 0.375292315 -0.716554556 -1.008990293 -0.523385408 1.494797094 0.059443820 0.484012160 0.266192550 1.197397033 0.633798468 -0.331459452 -0.555235983 0.113204292 -1.017851097 0.435760546 0.375021338 0.601103482 0.058810670 -1.534420051 0.634776006 -0.602283129 -0.120727251
18.826610354 -17.884992497 34.380383490 -0.064909043 0.663036794 -0.637331506 0.387269387 -0.068408979 2.283036633 -1.402004193 0.565360326 2.015687706 -1.030944911 0.141663349 -0.746780713 -0.278410807 -0.200280935 -0.511619327 0.555223568 0.377206629 -1.738825336 -0.524957944 -2.000007942 -0.505764118 -0.340246357 1.579015904 0.642823307
22.006588844 -18.676518324 32.177975619 0.339128930 -0.365930809 -0.632530222 0.592445551 -0.310130874 0.266349157 0.302227270 0.411497506 0.448629675 0.611292394 -1.201751598 0.913982952 0.493012704 0.113785758 0.111996765 0.466652478 -0.567827861 -0.828990800 -0.305645582 1.267116717 0.360200488 0.083615973 -2.037307453 0.643001039
26.269304493 -7.481200007 29.804430406 -0.171736175 0.035040529 -0.150365667 -0.972969174 -1.931655136 -0.242618507 0.828821646 -0.899289512 -0.631304981 -0.141992446 0.335872576 1.537344858 1.270507808 -0.057025526 -0.407974143 0.430648504 -1.247062236 0.744525343 -0.551339912 -1.806550956 -0.413096222 0.373737356 -1.396152603 -0.195122383
28.069353396 -12.786826994 20.742708208 0.465244990 -0.093255785 0.827506847 -0.300138095 0.567801007 2.444637281 -1.049950237 -0.993658856 1.370975365 0.033010086 -0.246090780 -0.308005474 -0.228745700 -0.842590458 -1.012221207 -0.307175292 -1.380105208 0.756603946 -1.429193056 -0.422546229 0.324598097 0.280455043 0.407259460 -1.818719315
26.245674585 -15.335184328 33.946517814 0.616769148 0.562314390 -0.550139402 -0.027294376 -0.506629748 -0.100827817 -0.390531005 0.170268721 -0.687797146 -0.055931141 0.416199833 -0.179177599 0.512868017 -0.271938983 -1.361968071 0.319187156 0.429708610 -0.796635800 1.557164258 0.282392915 0.949484425 -1.317639463 1.185350492 -0.094062969
16.393177222 -11.642615022 24.240693901 0.608032335 0.209435344 -0.622340494 -0.446235168 0.305080059 2.556202686 -2.315780918 -0.792554299 0.372705840 0.938614351 1.458232908 0.972300450 1.170020952 -0.192333104 -0.366346821 0.097743439 -0.049832604 -0.658292563 -1.578904399 0.451739402 0.179276130 0.931122139 -1.193043421 -1.305304523
28.694011424 -20.075471828 24.572244543 0.486316190 0.007999851 -0.725170169 0.487402085 -0.294205615 -0.408161430 -0.986981306 -1.477980651 0.692173294 -0.890532842 1.727847302 0.717977152 0.646595096 -0.672915460 0.245723780 -0.516423646 -0.408995568 0.092143144 -0.075249921 -0.373773138 1.629104555 0.393989156 0.205448082 -0.998505215
25.318619551 -21.528240694 27.767118558 0.631165193 -0.463013614 -0.595869948 0.179409859 -0.200126056 -0.536443717 1.030814397 -0.160390414 -1.628346714 -1.340518036 -0.055143535 -0.032827801 -0.323902810 -0.672328467 -0.774704650 0.180524870 0.696456290 1.220579657 2.005920462 0.632840753 0.174557733 -0.162041763 -0.821358773 0.816482933
24.280703129 -11.649017787 23.008899517 -0.077245492 0.359736166 -0.769610502 0.521845475 1.097154947 0.939393136 1.518938192 0.303271970 0.971568796 1.205177391 -1.453362642 -0.128900934 -0.896657893 0.422011294 -1.063471391 1.158414958 0.717895176 0.026192165 0.805266825 0.321399757 0.213394945 0.588861904 1.557086491 1.550687088
25.799851387 -11.481309585 28.956599395 -0.488903833 -0.741801625 -0.347332623 -0.300105717 -0.684173611 -1.475062116 0.026399381 0.867139829 -0.101733879 0.669901615 -0.059841580 -1.486389337 1.088228756 -0.620421956 -1.186021058 0.895897910 -0.633426316 1.131129901 -1.010475212 0.096951568 -0.677688994 0.993868943 0.202639238 -0.397191449
14.799100988 -17.728402024 28.847425167 0.016507166 -0.375391994 -0.484128328 0.790207647 -0.980128143 1.574709052 -0.389286170 -1.882038919 0.087129366 1.772114547 -0.498353493 -0.406746957 2.051057133 -1.013150013 0.684239407 0.028727881 0.145445661 -0.010542478 1.605997048 0.463794808 0.565204746 -0.998885328 0.072569895 2.319391858
23.134529358 -12.533247293 28.547718393 -0.531023468 0.611858749 -0.356611187 -0.465264881 0.422113853 -1.238294458 0.611696581 0.734168160 -1.259988216 -0.795961654 -0.294969262 0.871091522 0.740055878 -1.258879165 0.192663431 -0.658009575 -0.458236405 -0.261837167 -1.844092997 -0.289611279 -0.784756463 -0.954615009 1.688945332 -0.300022508
19.609243719 -14.277748692 24.744268155 -0.978791621 -0.125034894 0.037357752 0.157916550 -0.988801517 1.039993089 1.612874062 -0.927566743 -0.081559558 0.219689988 0.230951478 -0.053352579 -0.820297333 -0.468947064 0.126268556 1.228074270 0.161552764 -0.595984880 -0.342480790 -0.532738094 -1.562256941 0.545557700 -0.768904824 -0.492284543
22.154758633 -14.349476708 27.495236460 0.474699119 0.656535264 -0.413585220 -0.415414803 0.889719650 -1.382265234 0.075197373 0.498827485 -0.460101720 -0.535522379 -0.181193552 0.170111744 0.923167768 0.927681291 -0.605659736 1.222377164 -0.321610160 0.362818423 2.602624512 -0.161670716 -0.766958484 -0.689778440 -1.097901996 0.552604595
20.554048273 -22.658447971 27.285456066 -0.807030463 -0.074385025 0.362389742 -0.460263375 0.589226798 -0.333190644 -1.252688681 1.834425367 1.730747617 0.547107304 0.061645506 -1.263595180 -1.023286128 -0.794333217 0.532594536 -1.423197572 -0.847540211 -0.550673635 0.566726539 1.309471457 -1.181536876 -0.170358240 -0.845059120 1.383128998
23.987757821 -10.676620610 26.063715740 0.671008167 -0.392262989 0.208359528 -0.593686866 -0.335285276 -1.646435511 -0.354495019 2.198199812 -0.409077059 -0.714021351 0.330196739 1.265319692 0.564521811 -1.293329163 -1.156106957 -0.696833641 -0.393519976 1.364030928 -0.196532266 0.493499046 0.665818542 0.080203422 -0.027973275 1.131969267
27.149016390 -8.932076035 34.363068114 0.084051555 -0.218335902 -0.822810098 -0.517926938 0.331083043 -0.472509688 1.434795788 0.111804804 1.221257052 -0.271172565 -1.546381066 -1.597183312 0.202125075 -1.838592467 -1.269046668 -0.751678940 0.625673224 1.131546527 0.836331127 0.089599311 -1.395617767 -0.576117660 -0.614848142 1.620446069
14.601190977 -17.834158260 31.639779551 0.388992986 0.736738338 -0.433955648 0.342904615 -1.116101175 0.861703441 -0.891744339 1.288608709 1.282926155 -0.117016158 0.113200911 0.218391612 0.951179158 0.180717087 0.878595960 -0.605080165 0.491571584 1.636665230 -1.276930735 0.210309651 -0.293782370 -1.264405770 -0.104314970 0.859841742
19.778974506 -12.594785562 31.842654733 -0.929985480 -0.287758703 0.028722045 0.226929458 1.132311109 -0.407495580 -0.457447938 -0.666199543 0.578180226 0.274396219 -0.753285980 -0.318511274 -0.515281746 -0.366345455 0.211179784 0.598805389 0.596234054 0.909752019 1.532946651 -0.017942498 -0.002439690 -1.068048871 0.000976151 0.618304022
24.654397532 -19.705056795 26.974847120 -0.573187327 -0.717426883 0.116059344 0.378530294 -0.725881361 -0.698075410 -0.005831304 -0.545502282 0.737429026 0.403650635 0.852297110 -0.180018876 0.895290148 -0.989808397 1.206780345 0.399359309 -0.829030420 1.061290510 0.753583712 2.110661007 0.634304512 -1.167447855 0.184857383 -0.885072058
23.433588428 -17.644036372 26.857355216 0.190239353 0.643534023 -0.713330145 0.202071904 -0.084801800 -0.057948643 2.170253855 -0.609970264 0.382389522 0.130362887 0.174506162 -0.044495850 0.064550404 -0.967584729 -0.808873655 2.195015099 2.077929868 -1.187523966 1.481994918 -0.685435016 0.200326806 0.614379126 -0.117720466 -1.155948613
29.123831054 -23.607612776 32.460060108 -0.547810079 -0.225434677 -0.656163242 -0.467475265 -0.151396931 0.905681876 -0.580405132 -0.290453265 1.253696782 1.243822778 -0.410032725 -1.003575108 -1.689967445 1.159748908 0.157060474 -0.419894424 -0.143715788 -0.722534901 1.267685747 -0.223957568 0.623097857 0.340445335 0.592530534 0.042053619
23.121084793 -21.332051396 20.536188882 0.639148438 0.258208353 -0.066435038 -0.721390398 0.587022682 -1.618696086 0.402818041 1.121191830 -0.384630419 1.519620981 -0.532924306 -0.139682140 -0.520367620 0.974283796 0.202668653 -0.720236078 0.681490809 -1.558103726 1.021597959 -0.696461504 0.127340643 0.671547508 0.055938452 -0.329902661
20.480720140 -22.727327519 22.252152597 -0.008892365 -0.069226534 -0.853863564 0.515796110 0.472989804 0.146344155 0.030060852 -0.743240038 1.019314587 0.109330030 -0.018786702 -0.629392693 1.277597083 -1.548265851 0.700914153 -0.952666867 -1.641975041 -1.451669349 0.291041698 -0.446606753 -0.844261348 0.898922048 1.099790957 -2.105276413
24.614027139 -10.513908882 34.520828373 0.437883695 0.383317941 -0.658860849 0.476683970 -0.175867369 -1.424487059 -0.117027166 0.038854586 -0.709924378 -1.464572725 0.713501855 0.640183230 -1.545901728 -1.061811518 -1.858477065 0.709040476 0.296817430 -0.343257029 -0.349679019 -0.465071632 -0.527135639 -0.247095869 -1.047688899 -0.061516587
29.867764726 -16.519561636 24.060977496 0.696435403 -0.445928743 -0.063448388 -0.558658740 -1.090761364 0.809207540 -0.046894241 -0.272181442 0.845769288 -0.071305667 -0.764123916 1.173024286 -0.761026552 1.269729828 -1.977320648 -0.340863621 -1.472015754 -0.175302619 -1.223554379 -0.531201827 1.711531898 -0.707480769 1.391481039 -1.548191780
20.668390056 -15.408100272 30.336873433 -0.260507603 -0.916476268 0.030570132 0.302113399 -2.250198146 0.389302972 -0.586762203 1.162314411 -1.710609811 -0.133836291 1.044482426 -1.794438813 -0.140203045 -1.564005838 0.999319436 -0.305944931 0.502484222 0.179677824 0.362792191 1.740538266 0.035069246 0.382366242 -0.234663407 -0.803061073
20.216405878 -11.174533634 21.395560719 -0.192506018 0.878082511 0.430864881 0.079170653 1.151481956 -1.189819881 1.503095442 0.072347375 2.443660811 -0.385537571 1.777822169 0.734235668 1.127592973 -0.320380540 -1.575692412 -0.514531241 0.163323941 0.031947390 -0.868261994 -0.262449696 0.033977213 -0.036627406 -0.002974911 -0.366513075
25.449042070 -13.586956665 34.527738295 0.375987791 0.032870514 -0.101266401 0.920487820 -1.276948255 -1.322698757 0.634316157 -0.298678270 0.953029069 -0.045919728 0.990933748 0.309307752 2.070038460 -1.345678693 -0.999321439 1.590198452 1.511082142 0.772122253 0.134396811 -0.401135879 0.775595223 0.337747273 0.137740209 1.256735985
26.486105296 -9.090953718 34.206309600 0.852595607 -0.103721305 0.442952989 0.257128899 -2.031990760 0.082047790 -1.268469766 1.049536674 -2.065473258 -1.584644712 -1.189006771 0.332054587 -0.920131617 0.936689682 0.393848043 0.621372616 -0.494273764 0.881705296 1.599070649 -0.047702628 1.881153140 0.509730580 1.038409653 0.541560677
31.557229329 -12.893656332 29.258946916 -0.485651736 0.820906206 0.196195586 0.227514139 -0.192093932 0.926095807 0.314502386 0.718839492 0.918112887 0.561854927 -0.380377320 -1.194695815 0.474452298 -1.560935604 -0.079364931 -0.102097137 -0.899969423 0.686042805 -0.194287267 -0.021325225 -0.474631767 0.334095632 0.310924854 -0.118596442
23.743369021 -22.898990284 26.365233653 -0.040103021 -0.565011332 0.796592464 0.211173837 -0.437258616 0.289816596 -0.162228417 -3.202941044 1.137776456 0.773918244 -0.931291535 -0.542838290 0.570809703 1.697324435 -0.248003563 -0.391751643 1.678155197 -0.075410785 -0.685693725 -1.924068562 -0.057804283 1.274916043 0.756078293 -1.642836819
27.396641215 -19.640886294 28.910944757 -0.282256655 0.886983005 0.337284062 -0.140825395 2.970375814 0.596868331 1.357251342 -1.605593597 0.491034900 0.361223169 0.427490865 -1.990686321 0.905229264 -0.177077078 0.139759300 3.035266342 -0.254596616 0.551328518 0.502962658 1.083561685 0.104582120 -0.138092544 2.189188019 -0.232373198
21.254743237 -7.622574181 24.702171677 -0.471607443 0.190161370 -0.100845807 0.855134607 0.258573928 1.453159216 0.339552724 0.663896486 0.068397818 0.249757279 -0.770441226 -1.129154459 1.388204172 1.442006295 -1.757381402 -1.004201376 -0.693267353 -1.932041927 0.685294404 1.877026939 0.983685497 -0.017963589 1.372529423 -1.108971192
18.328473820 -22.628899839 30.667041743 -0.359503253 0.792925381 -0.162918464 0.464202892 0.184754033 -0.042285411 -1.592473390 -0.052247992 -2.250634354 0.145387899 0.711242141 1.112744171 0.506390603 -0.180321735 0.581359385 -1.269532223 0.373493065 -1.035375269 -1.240567738 -1.077404000 -0.116459752 -0.192021701 0.398913293 0.180732045
18.366565426 -11.538998112 34.829399278 0.033524687 -0.747717785 0.612878625 -0.253325877 -1.509248345 -0.998560923 0.401553122 -0.617611524 -0.986532617 -1.594504989 -1.006020722 -1.395473504 1.715662315 0.176462015 -0.488547653 -0.979397166 -0.359440907 -0.343956949 -1.691610460 1.396871809 -1.441508428 -1.313215700 -0.679173851 -1.105675120
24.275760557 -16.829904512 31.126590924 0.941267824 -0.136809780 -0.092840252 -0.294412389 -0.544421965 0.894924682 0.452079841 -0.782247745 -0.386943601 -1.361974769 0.720642854 0.675150543 0.017627463 1.946806140 0.971533859 1.092384599 0.823563099 -0.271399715 -0.440096600 -0.030745916 -0.541585383 -0.383911675 1.755127018 -0.708604186
23.944247037 -16.181896715 19.361945613 -0.046194709 -0.159839845 -0.087285060 -0.982190710 0.674595654 -0.635643579 0.738823066 0.356794823 -1.111538876 0.698559224 0.232098524 -0.122727296 0.453063943 0.583359540 -0.890352345 -0.472977871 -1.276881162 0.743809337 0.339838916 1.831606013 0.891089840 -1.922459189 1.427796847 0.964076170
21.681107725 -21.816005583 22.636983097 -0.361294943 0.592290064 0.679448198 -0.238764717 0.017261269 0.540324487 1.338081676 0.368368259 1.355398127 0.757168509 -0.092766933 -0.291671454 -2.406872833 -0.876505521 0.205554414 0.519343076 -1.696115777 0.318598057 -0.051427730 -1.754861679 -0.458073801 1.345879102 -0.071171550 0.059691707
27.183811200 -18.589680256 21.785452380 0.654377775 -0.754364136 0.018741266 0.048715939 0.828503347 -0.407676281 1.225070450 0.696010639 -0.984645381 1.229797502 1.916123369 -1.197687823 -1.635736409 -0.907961345 -0.740838780 -1.613208088 1.371217461 -1.307820456 1.652473961 -0.312170838 -0.911843956 0.632743100 -1.291450706 0.253163477
16.349708504 -20.931180772 26.620516029 -0.239506782 -0.353801412 0.476721439 -0.768243277 -0.115529756 0.756618386 -1.535369649 0.227007741 -1.260649564 1.068939845 -0.045531917 -0.492047391 -0.303841903 1.667347822 -1.553513295 -0.358971725 0.700981069 0.292947904 -0.961920798 -1.200783874 0.066625560 -0.672299882 0.265232448 3.196115965
19.227441445 -21.130109517 34.019344232 0.148466448 -0.930573143 0.231593366 -0.241569560 1.738250297 -0.497025912 0.943869607 1.180526992 -0.857824814 -2.301757865 -0.971201294 -0.801959974 0.627386042 -0.130177596 0.396670846 -0.839436687 -0.323488061 -1.153121395 0.941556708 -0.681784232 -0.028682562 1.718348287 -1.014791766 0.302586420
29.189812639 -12.748505687 32.182064350 -0.711543621 -0.157359288 -0.053149014 0.682729018 0.011874801 0.424182723 0.756154189 -0.718020721 1.395855236 -0.085344342 0.060784852 -0.298198841 1.766940936 -2.538620953 -0.604638202 1.872905826 0.080009596 -0.626984573 1.092671638 0.401332400 0.610043936 -0.577916214 0.864688069 1.397262993
23.713501239 -13.593962440 27.851724457 0.502090970 0.686184340 -0.360815084 0.383233850 -0.140330012 1.533065477 -0.350209273 1.420555508 -0.064180709 -1.110554489 1.628091898 -0.096649556 -0.827297830 1.201302961 -0.099840026 -1.077275026 -0.227007762 -0.968141272 1.055627866 1.014905855 -0.019816045 -0.013242842 -1.474638510 0.825032094
26.567405793 -12.967756558 35.897524063 -0.314033126 -0.018103742 0.883429403 -0.347286540 -0.706404838 -0.539853482 -0.371815404 -1.048667201 -0.889515705 -1.770680040 -0.877237293 0.992666261 -0.438499938 -0.424925101 0.284229892 -1.040763268 0.431686035 0.399905819 1.110565408 -2.192238723 -1.355617239 0.531699411 -0.435914541 0.898735571
33.322955489 -15.859133701 27.072235860 -0.454471860 -0.489478278 0.106653771 0.736540099 0.251921800 -0.049744585 -0.313434567 -1.011923331 -0.637548662 0.864494949 -1.299918813 -0.329892130 -0.692701869 1.722653357 -0.805125115 -0.169195095 -0.672766555 0.174549846 -1.166855509 0.651244397 -0.869265856 -0.302324176 -1.457697904 0.227825436
28.328684789 -19.123446144 24.453261585 0.548439706 0.032519112 -0.361872266 -0.753130041 -0.115088661 -0.653283725 -1.461120113 -0.557580234 0.288277455 -0.460516454 -0.402799475 0.078690473 -0.400748076 1.661037508 -1.290470712 0.886422004 -0.283740917 -1.490398385 1.767906982 -0.619646976 -2.945491555 -1.404406173 0.055349927 0.883566917
29.674205125 -12.761081423 29.085066343 0.271530984 0.123102353 0.904206936 -0.305821111 1.141022822 0.003602421 0.489111830 0.223595006 0.320399527 0.403415895 0.920238978 0.097777885 1.396739337 0.282190580 3.423833863 0.621791483 -0.339167259 -0.202797456 0.205916441 0.206018229 -0.670017203 1.805636087 -0.764711120 -0.139768432
25.336331325 -17.059615849 37.792318080 0.780889893 -0.408234364 -0.456690416 0.122431788 1.811133066 0.757556445 0.269286305 -1.884314448 0.534491342 -0.064381295 2.025555690 -1.702902758 -0.319428794 -0.122304613 0.373035412 0.070593387 -0.914102884 0.523750351 -0.354905011 -0.020361617 -0.014250284 -0.081270192 -0.150776780 0.480575753
26.355596775 -17.202458997 27.853586571 -0.726029463 -0.458259938 -0.288300748 -0.423983168 0.501999162 -0.281043005 -1.969909357 -0.181271865 0.588133442 0.073304962 -1.095520202 0.408982898 0.023307534 -0.543601368 0.304931640 -1.504545965 1.124162986 -0.840195857 -0.104629383 -1.387391690 0.917122670 -1.164896150 -0.860782421 -1.498491049
14.422694361 -17.359339673 28.951419102 -0.210184397 -0.124067413 -0.818431121 -0.520192557 0.037682347 -1.182113349 -0.619697962 1.717336974 -1.153220363 -0.332676272 0.693371271 0.546407135 1.697928807 -0.700711800 -1.099240108 -1.083668370 0.732302239 0.795537500 1.487959651 3.151491515 0.566966529 -0.386855691 -0.135014734 1.124280668
18.340367190 -17.871071872 31.731911864 0.383107601 0.603262113 -0.343060060 0.609600840 -1.040750537 0.955992047 1.652690368 0.185537206 -0.752432448 0.841188025 -0.129239560 -1.084212066 -0.533761031 -1.788261684 0.708998123 0.504967133 -0.734740902 -0.581185061 1.304763747 -0.413272501 0.080043280 -0.448415509 0.368462753 -1.439512145
23.664358947 -15.869733295 22.998487160 0.323751839 0.647978311 0.555599066 0.408189336 0.927005059 -0.903966254 0.510901242 -0.571801733 -1.500539177 -0.047661653 1.986252276 0.816322989 -0.765800854 0.458985193 -0.025245343 0.173339732 0.270596276 0.918715413 2.640195140 0.152970142 -0.506948533 -0.682459129 -0.264318170 1.073501265
28.934515944 -24.197533523 30.247356941 0.176972204 -0.529100870 0.028496866 -0.829410054 0.679226180 -0.686616978 -0.984857002 -0.848060783 -1.157891755 1.940857497 -0.022646774 1.470093706 0.942811008 -0.019358112 -0.460440313 -0.178851179 -0.134205376 -0.663458905 -1.074415430 -0.054138201 -0.328310157 0.808644470 1.339280550 0.796301523
29.182417371 -20.464616576 32.264995688 -0.339730907 0.063435826 0.125821428 -0.929907401 0.774177125 -0.318688136 1.841402723 -0.872888397 -0.210686656 -0.342056276 -0.966623172 0.382262121 -2.471087726 -2.000735265 0.050363934 0.984361714 -0.320288777 0.515335464 -0.158248389 0.171014916 -0.544744761 0.716293144 -0.555365958 -0.830836258
18.834470876 -22.512006340 26.980325679 -0.193921237 -0.044808662 -0.265597080 -0.943315922 -0.071567665 -1.437884593 0.309894773 0.025075645 -0.659027027 0.134802671 -0.193283585 1.114790254 -0.183940922 0.300916961 0.366498234 0.840709318 1.505564345 -0.954167064 -0.666411521 -0.201283552 0.050569239 0.045322687 0.891517185 1.109277679
27.902748747 -22.516750267 22.247815259 0.553936169 -0.228790302 -0.793069752 0.108858104 0.839105724 0.450213543 -0.678568111 0.438845278 1.229440376 -0.547662918 -0.456010124 -0.873651584 0.571274208 -0.094948277 -0.636791233 -0.103439911 -1.036973575 0.420493919 1.223645290 -0.300268536 0.848330694 -0.136960861 -1.067429943 0.304524708
27.333362096 -9.409664398 32.539856028 0.642430055 0.325682699 0.668506663 0.185238347 0.991993877 1.414257842 -1.696886604 0.494737118 -0.873122080 -1.007843126 -0.549714888 -0.309857547 -1.596250761 2.225060808 0.388502396 -0.543907293 -0.583941457 0.333319685 1.384266803 0.545917382 1.091118644 -1.197291244 0.536008556 0.045732315
30.176245632 -20.643151450 22.628887263 -0.849693819 -0.225045552 0.307595929 -0.364361988 1.359535369 0.121734063 0.603682588 -0.665275121 -0.024325816 -0.752296693 0.247729167 -1.308653555 1.042624469 -0.381336383 -1.361571189 -0.220684424 -0.559645048 -1.202573413 -0.340099885 0.141935788 0.976830150 0.273905343 0.652270773 1.084421816
20.500569003 -10.528553887 35.269810126 -0.332463164 0.398440636 -0.675583466 0.523736847 -0.065455873 -1.487184082 0.070778337 -0.282482978 -1.837678331 0.173403711 0.767720010 -0.048974808 -0.479190070 -0.349883177 0.597482049 1.888412520 -0.238371317 0.247006691 0.980532286 0.308352212 0.771592537 0.179731608 1.188066560 -0.610755611
22.274879157 -16.152898003 22.064035928 -0.302551933 0.917913633 -0.251632661 -0.050772959 0.735842726 0.866992806 -0.070494673 1.633123900 -0.142613334 0.007061780 1.977362519 0.380638269 -0.242256634 0.212885347 0.531115850 0.073544462 -1.106202050 0.175278926 -0.541889634 1.764605033 0.679351545 1.280158685 -0.928607767 1.454725405
15.353173018 -14.328839544 24.466627775 0.039803632 -0.201754543 0.953040759 -0.222315289 -0.400327378 -1.570027008 0.104790224 1.973872245 0.256381788 1.204816874 0.016351800 -0.319869340 -0.208946550 -1.815354106 1.361020507 -0.578562007 0.384465841 -1.236618976 0.635242272 1.265667767 -1.444841821 0.582340304 1.152912719 -1.305250239
29.315347346 -24.074455689 27.061608904 -0.707604355 -0.282528809 0.338522600 -0.552155774 -0.111067030 0.610021678 -0.733511559 -1.501007886 1.010052659 -1.271882100 1.351774168 0.364792739 1.502096237 -0.591873313 1.164821004 -0.947413758 1.565745036 -0.815531293 0.784417140 -0.176484493 0.600241881 -1.135440169 0.526413800 0.868375554
30.101650407 -19.935970562 30.151032006 -0.211897687 0.333280088 0.199426441 0.896801454 0.091912746 0.837422029 0.227502914 1.543641153 0.450183323 -0.677741245 -0.324880571 0.725427631 1.160483455 -0.775718851 0.799798975 -0.032417747 -1.251575878 0.524133778 -1.558395173 0.671967840 0.829714676 -1.853577194 -0.420560278 -1.177013272
28.447249061 -18.474463713 20.896787211 0.218850376 -0.181925360 -0.956137565 0.069344314 -0.011541260 2.134296050 -0.057153801 1.316623980 -1.126400040 0.137827205 0.224172483 0.069560523 -0.277815567 -0.547991250 -0.292963022 0.696215875 -0.279430353 -0.811316044 0.717033488 0.886529658 -0.218322953 -0.329699240 0.679225600 0.250338731
19.858076799 -21.114824376 25.405441444 0.108852820 -0.927427643 -0.241515197 0.264006517 1.382647758 -0.584578390 0.491776732 0.893942926 -0.307260399 -2.415556795 1.177139420 1.047645030 -0.771280197 -0.537245956 -1.189060149 -0.900044228 0.313205931 1.212733551 0.002261985 -0.807506524 1.518462320 0.304295453 0.133025871 -1.050776465
17.613775237 -17.392807734 35.706429286 -0.596117125 0.632665242 0.450446428 -0.203659228 -0.189928098 -1.672513027 -1.156132410 -0.682022272 -0.112292219 0.139023338 -0.031434974 -0.102096502 -0.141561091 -0.194079016 0.426035827 -0.932569728 0.191050779 0.094518889 -1.155220211 0.805348511 0.654116604 1.818722605 0.932385644 -0.801290622
27.636816116 -12.644219807 31.947577699 -0.590211096 0.639644088 0.491432132 -0.031634840 -1.014459072 -0.087425843 -1.365019350 -0.625764374 0.177288642 0.576813104 1.580724069 -0.190203088 2.529644889 2.082092714 0.204403906 -2.667319783 1.037086012 -1.400785595 0.342591305 -0.031386347 -0.401189176 -1.209437646 0.857654814 -1.077674186
17.029492038 -21.537258966 27.523307797 -0.000846683 0.622904319 0.615472325 -0.482890577 -0.091871588 0.055716207 -0.060434826 1.174277465 0.093002157 -0.313866787 0.703168734 1.129369700 0.159859084 0.398317103 -2.053939455 -1.185683575 0.443068774 2.444372700 1.217063797 -0.687762546 -0.364613430 -1.808514315 1.081799020 0.192911678
24.678082623 -10.502387837 36.374739208 -0.757244762 -0.130441366 0.444204466 0.460703607 1.048738249 0.447102692 -0.342875691 0.779747178 0.161389688 0.404313735 -0.991102064 0.226374594 -0.545811610 -0.256201807 0.545659771 0.168659027 -0.167696192 -1.705587810 -0.971799043 0.788055711 -1.821368563 0.536804287 -2.138687107 -0.753454914
20.839066849 -17.703565791 19.307545556 -0.607913967 -0.629068046 0.470939805 -0.113708850 0.013227802 -0.962653004 1.048577125 -1.419680338 -0.077584040 -1.085013866 -0.126270470 -0.501293581 1.100389904 -1.254913259 -0.565800145 0.515135924 0.569071699 -0.524029751 1.354902162 0.813771159 -0.020348811 -0.741388937 0.582940355 0.171307324
26.693709625 -12.614773212 21.800315786 -0.414756913 0.274911316 -0.351746831 0.792890054 -0.336076621 0.339053038 -0.714797036 -1.444420789 0.386001517 0.270580636 -0.466577818 0.340135791 0.489394007 0.584646738 -0.639748800 -1.294178248 0.953859033 1.447633831 0.130932917 0.208862098 0.364408131 0.763866210 0.717291396 -0.470240491
22.743182967 -21.286252429 20.268281196 0.639064732 0.119339882 0.754368288 -0.091009599 0.366255724 -1.455815603 2.135871804 -0.108760092 -1.138584595 0.373674679 0.266181928 -2.190784026 -0.399316061 -1.273781450 -2.001567582 0.216302243 1.539065950 -0.284094082 0.651753550 0.296683293 -1.508832067 0.762173380 0.288380766 0.696001063
31.907315929 -14.745554766 31.566249335 0.817532345 0.532396972 0.161405209 0.148804191 -1.592013662 -0.037636224 0.975637212 1.215684812 0.039545751 -0.237540790 1.341585251 1.016751964 0.358178148 1.359410155 -0.760141883 0.488216718 -1.582145887 0.419754274 0.966163596 -1.130106711 0.218378302 -0.278379716 1.400147853 0.703643771
14.917339026 -18.153010466 27.761594808 -0.428476700 0.389563438 0.087054446 -0.810598279 0.139347762 0.929310130 0.431795103 1.393215862 -1.018210461 0.071269734 -0.066886962 0.493416183 0.437945898 1.138643813 -0.030674550 -0.113190026 -0.456748354 0.336439300 1.869789847 -0.440949067 0.820192518 -0.508866082 -0.436093372 0.219796023
15.953950697 -11.525565166 26.149733315 0.385204303 0.906380677 0.077734211 0.155077742 0.516861615 -1.002498120 -0.038937814 0.277802925 -0.598679535 -1.047318889 -0.119984653 0.537956453 -0.306245137 0.135065804 -0.365802278 1.453340098 0.001295869 0.530460175 1.366675959 0.563223818 -2.238402395 -0.385237978 -1.570785367 -0.875358417
23.684347742 -22.767768735 26.582980678 0.828159160 -0.083902432 -0.243562342 0.497785269 -0.977895478 2.115124235 0.318756067 0.971899809 -0.163934528 0.081609806 0.191349038 1.065199448 0.352155064 0.217056124 -0.455804879 1.388854469 -0.002538237 2.195797744 0.233530792 -1.315207507 0.356399369 0.282835944 -0.732652119 0.313790937
31.469246683 -20.856424849 28.757711750 -0.677990066 -0.325916615 0.219883920 0.621094914 0.267330656 1.310744960 -0.413582383 -0.100715872 -0.206057548 -1.148683634 0.147376547 -0.506261998 1.660150124 -2.192397909 -0.999237910 0.004747117 1.363165794 0.218303982 0.091175363 -0.865012669 -2.197526499 0.333461399 -1.103525627 -0.067279852
17.877672699 -8.340073619 28.839340640 -0.532547200 0.012447767 -0.697921006 -0.478690716 -1.473597690 1.271140865 -0.742742755 0.373599324 0.687997169 -1.067618554 -0.552448568 -0.668649710 -0.141429884 0.549867967 -0.631353509 -0.229748812 -0.652005157 0.764777905 0.028154018 -1.840268706 1.093525795 -1.323613981 1.041083226 -0.233472807
20.351276300 -24.083025665 26.916889594 0.884801858 0.104345867 0.284162151 -0.354244948 -0.881756932 -0.667054372 0.959896605 -1.781300090 0.241763143 -2.323696161 0.042271272 -0.684511421 1.602261271 1.624774610 1.026961521 0.995800410 0.966068761 -0.053749374 1.197478876 1.313771700 -1.081547036 2.581414850 -0.842458763 -0.325863051
19.509263283 -16.085543827 34.767539523 -0.113782908 0.114547384 -0.292566592 -0.942516385 -0.749120119 -0.654839188 0.041301420 0.307741768 0.430828482 -0.903106021 -1.225882502 0.164039589 0.245410401 -0.313349516 0.364602508 0.897413345 0.076844350 0.144456844 1.663564227 0.156901858 0.034041222 0.890878252 -0.554143412 0.433391240
22.340197715 -22.713273733 30.157200274 0.582867633 0.075369755 -0.005677906 0.809044179 0.093386807 0.393561850 0.023483912 1.236701998 1.337942545 -1.087309875 1.032342750 0.406682571 0.262254989 1.277900465 0.149448322 0.912007621 -0.424332966 -2.282531660 0.925149861 0.847093380 -0.403251437 2.811476200 0.257762554 -0.383374122
26.948883308 -23.956651325 24.142685176 -0.445669642 -0.281076303 0.807760045 -0.264383040 -0.022862731 -0.839629354 -0.504869258 -0.468338379 0.146689286 -0.715653253 -0.458878263 0.699834562 -0.359615068 -1.757931090 -0.213132412 -0.950691301 1.924413495 0.506467545 -0.616114383 -0.515483534 0.891428677 -0.701510714 1.538601188 0.368738743
24.284677976 -10.925754782 20.549794415 0.276573228 0.394406825 -0.139964515 0.865078286 0.038786879 1.183979485 -1.509001299 1.021020107 -0.492130077 0.332463277 0.466693177 1.421932902 0.884233200 1.889820943 0.618300821 -0.060019822 -0.326552164 1.493727174 0.661975819 -0.424659340 2.119977270 0.135421921 1.126350625 -3.257588559
31.218644785 -15.188744473 25.219056794 -0.621970043 -0.763456762 -0.047704328 -0.167365872 1.351745789 1.609572965 0.095089242 0.036047084 -2.166230054 1.201813123 -0.250141263 -0.242096450 -1.498114269 0.101631283 -0.261382479 -0.509172658 0.093633182 1.290021666 -0.513968640 0.936402194 0.930316975 0.022419203 -0.128769612 0.638908269
27.390673398 -17.820180427 30.336307885 -0.050073739 -0.855157866 0.496068945 0.141821180 0.453713142 0.703782979 0.146339600 -1.377101792 -0.391001431 -0.549918181 -2.375428912 0.686943441 -0.528342520 0.362148541 -0.929151553 -0.143370715 0.865281210 1.184595265 0.218299969 -1.017935538 -0.688620463 -2.415301785 0.070716974 1.283326293
24.595613930 -12.236533510 22.417567308 0.243220296 -0.290842816 -0.309169657 0.872163097 -0.514951489 0.795621062 1.612563018 -0.842361728 -0.440251124 1.673715014 1.153109930 1.342660280 -0.709903556 1.516513421 1.343744619 -1.575753977 0.500962597 0.378805812 1.309355686 2.469391500 0.054005618 -0.311341493 2.511867223 0.204406421
16.090895926 -15.922340217 29.315511397 0.349069491 -0.572290723 0.684866455 0.285642708 -0.373617565 -1.330995129 1.666620096 -0.872468031 0.502486702 -0.872238040 0.026826066 0.324867889 0.058167337 0.214129820 -0.285101855 0.126190162 -0.674778780 -0.848757442 -0.202450054 -0.199834629 -2.157445379 1.562338983 -1.432005996 0.209935136
24.184021164 -9.668541061 30.880937671 0.950583258 0.283786351 0.122440394 -0.029413041 -0.747218360 -0.351434653 -0.152052088 -1.881393642 -0.687658782 0.735205863 -0.347501206 1.195398975 -0.579591649 -0.062776306 0.800566148 0.047255374 -0.395999408 0.997874963 2.363506968 0.442342805 -0.590574177 -1.566884054 -0.005135121 1.346280737
20.620154790 -12.095981700 25.970021510 -0.388026041 -0.218308048 -0.841103695 0.307118808 -0.402049256 0.016704903 -1.402467786 1.018702830 -0.650566243 1.412347525 -1.456417636 0.010043727 0.496087195 -0.922390742 -2.038526570 -0.191389463 -0.511855551 0.743794853 -0.715123845 1.526719891 1.885886155 -0.226532995 0.347671263 0.583478085
25.809133832 -20.987914809 30.818780940 0.210266157 0.181593344 -0.950007945 0.142467209 -1.152092327 0.488807354 -0.408389316 0.634886348 -1.373070035 0.621158703 -2.317850964 0.865015456 -0.363054286 -1.435706028 -0.411308341 1.587355233 -0.746605697 0.517711636 0.270995574 0.019241532 -1.247797187 0.335786193 -1.357999706 -0.118042380
21.165892982 -9.585775413 27.196041659 -0.452203653 -0.139007495 -0.875858625 0.095186353 -0.074498058 1.954610346 -1.043711561 0.847656968 -0.166556763 1.855525309 0.487785699 -0.745429297 1.681338864 -0.923554014 0.063325098 -0.367106248 0.943682963 -1.064418204 1.912462597 0.206579388 -1.741288553 -1.155707042 -0.318115893 -0.091464518
30.166705581 -11.028137104 28.099479824 -0.945557240 0.241543092 -0.145973585 0.162080698 1.083617324 2.411594923 0.009870492 -1.015255021 1.040479660 2.151548542 1.093449400 -1.391580813 0.211939057 0.937712641 2.469012375 1.407981774 -0.260677434 -0.316925829 0.190010102 0.656594452 1.183572735 0.217744397 0.184138534 -1.191096988
29.296164684 -12.269704748 32.736592471 -0.055306359 0.960614413 -0.176536836 0.207354532 -0.474685190 0.232199032 -0.479808478 -2.736939837 0.654960419 1.396979961 1.413539550 -1.437703151 0.526702137 0.433530231 -0.807512915 0.235957910 0.721881922 -0.464926395 -0.199628926 1.457609967 -0.722168159 -1.217485249 1.525001658 -0.739072232
19.398918745 -20.976605408 32.988542257 0.370030177 0.029721473 0.899178366 -0.231673411 0.394655521 0.554421896 -1.305334447 -1.436458698 -0.626618812 0.683999512 1.816546354 -0.121290944 0.506301193 0.079020483 -0.599054628 -0.481741098 1.002112831 1.443183688 -1.150754996 0.404976779 -1.111456212 -0.017699952 1.719832456 0.268341869
19.245651503 -13.379518631 28.101519474 -0.644516759 -0.040435709 0.745639586 -0.164270233 1.694484927 0.229560356 0.527299197 0.039057852 -0.156423879 1.369189844 -0.697891634 0.768933146 0.667597441 -2.680988650 -1.986065867 -1.557580808 0.765253324 1.365670706 -0.729585764 -0.896876101 -0.047735237 -0.495350581 0.040069488 -1.698743209
20.989199791 -13.436689355 29.473327314 0.196493776 -0.010614884 -0.641997308 -0.741024275 0.743109404 0.180051211 0.679715675 -0.085546059 -1.435764864 1.175123166 -0.476914919 -0.535332070 -0.708855335 -0.706383683 -1.548208881 0.323211627 -0.264189430 1.009384594 -0.217991127 -0.440356080 -1.397031740 1.669788912 -0.828227760 1.979677307
28.849103519 -20.619623233 30.455140007 -0.345775510 0.247725236 0.387134115 0.818045647 -1.059132155 1.513406751 2.271588483 1.238932162 -1.023084112 0.052587910 0.535643286 -2.072496030 1.031673291 -0.337676708 -0.240921878 -0.127264042 0.791207627 -1.019431330 0.813513887 2.051196005 0.446438575 -0.333015068 -0.112965578 0.415650366
17.464556683 -16.554692531 26.129557795 -0.842071988 0.391922568 -0.111774073 -0.353295944 -0.433542354 2.306722918 0.752596627 1.305294387 -0.954148652 0.074805890 0.862371218 -1.145682713 -0.290021617 0.688124707 0.009273841 0.773413180 -0.526283667 0.597959334 2.047149064 -0.587006555 1.187306747 0.927894133 0.923155002 -0.810516496
21.520581661 -20.924268585 24.240544284 0.351057809 -0.368390018 0.739476419 -0.440706064 -0.747726732 0.538162820 0.996309896 -0.153548733 0.363993655 -0.938324735 0.630488551 0.660589997 -0.172064859 -0.097129110 0.113302017 0.740127517 -0.273984026 1.257939260 -0.319020606 0.535376830 0.478777337 -0.306870950 0.751322727 -0.197096246
19.749718821 -10.963124081 27.729259807 0.648825664 0.489918397 0.572572512 -0.105669013 0.405860703 -1.481568267 0.343918214 0.367527719 2.044917610 -1.104414790 0.900505038 -0.799490994 -2.115220537 0.847371961 0.277888743 1.104386174 -1.538355263 0.426823095 -0.906429937 -0.338599076 1.054150305 1.464554785 -0.809029931 0.662192140
27.397917754 -14.886607445 37.516716100 -0.523715405 -0.636920718 0.015496437 -0.565521029 0.421423109 -2.055433737 -0.385826082 1.091975931 1.355793748 0.106345169 0.903384959 0.687224180 -0.344063723 -1.297808936 -0.997532104 1.140026919 0.264608009 0.530961393 0.451997916 -1.573561859 1.273487016 0.914819980 -1.332560833 0.333002784
19.099746058 -19.459725790 35.929281579 0.422447565 -0.581807588 0.232326057 0.655028693 0.330685236 0.990179804 1.553477966 -1.386962040 0.110374382 0.744653182 -0.377325277 -0.440587617 -0.442443299 1.273992404 0.865428840 0.450206608 1.183483276 0.122693762 0.103774183 -1.190113691 0.159787650 -0.080769798 0.627491567 -0.755620790
25.007118803 -20.029914304 24.236637321 0.317916288 0.611842174 -0.371479590 -0.621756627 0.162475147 -1.007049447 -1.092920656 1.513012234 0.576496964 -2.628947002 0.911737062 0.266706552 0.269357342 -0.441194306 0.186253098 -0.140501783 -0.509408284 0.267963654 0.375150011 -0.037331634 -1.052756885 0.156386445 1.756821624 -1.141453877
20.209408673 -9.282811123 33.451195544 0.456811251 0.054171182 0.884566900 -0.077008846 1.181018359 -0.443510078 -1.359212201 0.494053651 0.206363763 1.906588901 0.055554233 -0.990127702 -1.482696083 1.679749857 0.758163134 0.104487459 1.246591001 -0.449943132 -1.125179750 0.241024070 -0.741164038 -0.034161800 -0.607628364 0.711171329
24.163442806 -15.182584725 20.536194830 -0.641540135 -0.006498079 -0.293687189 -0.708612634 0.807106891 0.018471233 -0.404418133 -0.304308545 0.215173204 0.803923868 0.878255894 -0.861940950 -1.341612740 1.346173051 1.329694512 1.645169625 0.329383552 -0.079177742 1.215228490 1.053232791 -0.624412456 -1.643997149 0.362805093 0.762668125
29.952778530 -14.035728269 23.136448577 -0.720945567 -0.613667652 0.278893379 0.160835275 -0.964993120 0.662014079 -0.864090344 1.105501161 -0.670032222 -0.136708146 -1.538010427 0.210001002 1.709884037 -0.550803759 -1.275866625 0.660531152 1.106337590 1.358856487 0.552350188 -1.634790300 -1.133143346 0.496611595 0.153107975 -0.886635871
20.467443798 -9.702401364 25.789671785 -0.275717842 0.892232053 0.043239611 0.355009819 0.793347819 0.730296563 -0.662795821 0.671330984 2.401116352 -0.467984863 -1.203346678 -0.432475025 0.583377002 -0.370194912 -0.750962457 0.285221259 -1.099552350 1.719472163 -0.325144829 -1.464480445 1.257428817 -0.154126262 -1.494891433 -1.688848596
22.005122488 -17.689531467 25.627717797 -0.181761798 0.173416683 -0.899251900 0.358099599 1.319174671 -0.492589119 -2.892673660 -0.495339861 0.998948697 1.797877784 0.914270927 -0.040861981 0.047237951 -0.064355927 0.223223800 0.108344272 1.168820014 0.496647641 -0.076356837 0.359952486 0.580402210 1.448924934 1.404219081 -0.183973132
19.330603439 -14.528630315 36.756690150 0.141998098 -0.375014057 -0.798277789 -0.449392445 0.909931745 -0.803296076 -1.161751608 1.043456465 0.523108567 0.333683988 -0.496357905 -0.618472030 -0.377364399 -0.730205619 -2.033726979 -0.295193684 0.328225321 0.398851406 0.933267890 2.157835958 0.110575154 -2.586102164 0.415920939 0.498631948
29.343438868 -9.817955595 29.025599448 0.452989520 0.742956545 -0.450935198 0.198679424 -1.188283045 1.479069759 -0.256900769 1.261618022 0.537783532 -1.208454780 1.260996373 -0.686444447 -0.502552333 1.171027816 -1.112750682 -0.600422017 0.483225228 -1.347595725 -0.819954728 0.703753443 -0.342748935 -0.336564352 -0.165478129 1.744659981
22.376324648 -9.467656981 26.574615064 0.348170697 -0.571605639 -0.641476553 -0.374902642 1.130910751 -3.025881344 -0.159081072 0.662509360 0.804456298 0.491423577 -1.485132504 1.327938485 0.617198308 -0.221048596 2.149416459 -1.181986958 0.518599942 1.680975774 0.286134735 1.616445925 -0.272055851 -0.160260653 -1.568902654 0.078675822
21.318064629 -16.912284253 34.780862811 0.692010179 -0.477506010 0.334795195 -0.425466919 0.309053272 0.418260801 -0.160657189 -0.601952329 0.781762221 -0.203743669 0.770744139 -0.573901277 -0.137677780 -1.699200909 -0.094633118 -0.581927225 1.047271843 -1.151510501 0.633021839 1.462650635 0.545559765 -0.303592807 1.361794860 -0.317193800
26.987010445 -14.211844935 34.498175604 -0.146818446 0.940521479 -0.211682688 -0.221481673 1.709324192 0.147367128 0.997879039 -0.439930721 -0.735033281 -1.332942859 0.454929059 -1.268604425 -1.794406552 2.025860974 1.684223130 -1.158863976 -1.298675754 -0.968305154 0.266641890 0.096140448 0.794490921 -1.234694647 -0.421564576 0.787906029
25.030592007 -18.317330648 23.291949384 0.237261665 0.768553721 -0.281627749 0.523180554 0.348434469 0.373239424 0.836289898 0.438521436 0.034445860 0.393708304 1.685302484 -0.808232178 1.935160041 0.180541006 -0.564198494 -1.087065801 0.384192812 0.507946842 1.931495746 -2.421300190 -0.449816935 0.648555136 -0.749526741 1.183520964
21.192689732 -14.919699595 33.888122310 -0.423496843 -0.301106209 0.750892168 -0.407610631 -0.505559999 0.882369405 0.244180081 1.215563133 -0.444407668 -0.129777437 -0.003849107 -0.798452524 0.718099827 -0.731232368 -0.252601471 0.667001530 0.301219857 -0.800594085 0.323487978 -0.330446141 1.129274174 -0.857376668 -1.868630634 0.601499293
20.495687837 -20.064875445 36.407994305 0.125652580 0.066847805 -0.237173453 -0.960984679 0.794944911 -0.436953165 -0.698552105 -0.846422407 -1.449422085 0.446423217 -0.399180226 -0.981651759 -1.557396471 -0.164718738 -1.579691497 -1.540893526 -0.035997667 0.559949240 -0.261945346 0.305956031 0.000942188 1.621806712 -0.495626878 0.393898644
25.915054293 -14.729179557 25.947577529 0.146948536 0.709205774 -0.550900727 -0.414658517 1.254882866 1.869381648 0.084255013 -0.212525202 -0.805327353 0.091839110 1.968030725 1.338224025 -1.033264035 0.825191435 -0.805804012 1.639178443 0.145307348 0.842534641 -0.611361685 -0.813603679 -1.854628260 -0.436541671 1.086416713 -1.415179489
26.834452587 -22.174791157 22.322371836 -0.421753130 -0.220299166 -0.879537244 0.002609740 -0.119292638 1.654376004 1.232153620 -1.686360251 -0.391857676 0.052022349 1.554901874 -0.097698557 0.124641840 0.067936774 -0.347329570 0.763867617 -1.717524902 -0.760311662 0.194860572 -0.251394531 -0.576745489 0.156287397 0.294897107 -1.389119775
17.790934396 -12.579934280 27.998125221 -0.157946535 0.181596788 -0.781384152 -0.575772790 -0.126518805 -1.642855912 0.341123865 0.280901829 0.902232867 -1.135234014 -1.410916103 1.889697087 0.798446796 -0.229101556 1.465236657 0.019523311 2.053211129 0.805527098 -1.032256795 -0.819334066 0.362760098 0.172482060 0.552816246 -1.048800248
27.024688769 -22.759269153 31.246918917 0.475905544 -0.247240449 -0.347579899 0.769138666 1.312743132 -0.400507925 -1.489424917 2.053040893 -1.079767714 -1.075003625 -0.470893624 -0.419919886 -0.432678207 0.269987270 -0.625105607 0.814991248 -1.591035097 -0.721689401 0.197327911 -0.952993962 0.787566967 1.541226145 -1.090056064 0.732739213
23.394937876 -16.318197369 22.209741759 0.150788867 0.487396875 0.702313285 0.496450454 1.002440102 -0.772527451 -1.646758578 -0.703824486 0.980722696 -0.120954595 0.722214454 1.205734379 -0.586106607 -0.119982675 1.839684396 0.312763297 -0.052218580 -0.245612642 0.079516632 -0.344101686 -0.094422753 -0.562277840 0.033124824 0.420906105
25.394305598 -17.384732240 21.312834995 -0.327681153 0.131373229 0.486665753 -0.799076080 -0.462866297 -0.540343687 -1.028462903 -1.340832963 -0.382695008 -0.995579596 0.396010790 0.348457726 -0.334971311 1.114713369 0.439337835 -1.517957939 0.219772866 -0.588068225 -0.638863468 -1.779618335 -0.966664358 -1.751575594 -2.157682132 -0.861759921
24.344874030 -15.657296044 34.786316064 0.333058753 0.858587432 -0.373185307 -0.112393132 0.783177890 -0.105269420 0.210162921 -1.396727275 -1.109574520 1.175979188 0.228362195 -0.099719639 1.772354312 2.389522876 0.076636175 1.832539882 0.888496840 0.992715026 0.577370521 1.050945936 -0.262246078 0.324569787 -0.849478605 -0.463773155
31.243466631 -15.182675579 29.933831832 -0.243077647 -0.372616384 0.222369278 0.867538006 -1.751248579 -0.430663834 0.091215311 -0.652420778 -0.265467729 1.257597091 1.374015251 -0.158541646 0.755816536 1.534453970 0.184624461 0.314436976 -0.358335043 -0.072590045 -0.460108203 -0.394425396 -0.220842165 0.228585823 -1.328547708 -1.256219195
25.284553942 -24.480377324 23.419157334 0.156279824 0.434660661 -0.478351545 -0.746877852 -2.109997934 -0.098710574 -0.902980223 0.295601589 1.163138446 -0.043695055 -0.100565075 -0.140047638 -0.914410190 -0.560909363 -0.256125148 1.943589142 -0.791077454 1.115540479 1.306307472 -1.222145690 1.011201662 0.071167774 0.419040330 -0.354252076
26.545577635 -9.926845247 30.326718983 0.529262767 0.475423942 0.564163429 0.419013871 1.503712490 -0.009416928 0.478461250 1.615946764 1.993231000 0.121616309 -0.236474587 1.008372567 -2.258385643 1.095026851 -1.314511459 1.039851965 0.839898411 -1.042211282 -0.552070241 -1.611650972 -0.203077899 2.128895865 0.144296394 -0.832046536
25.638993927 -12.985356994 24.570571243 -0.229176389 0.368176833 -0.853275099 -0.289561061 0.183096849 -1.550748867 0.714349591 -0.598163967 1.549172367 0.814109749 -1.983178039 0.756713498 -0.310218304 -1.840146917 0.670076188 -0.431482287 -1.018590625 0.017042863 -0.989825356 -0.571876136 1.032221922 0.178266987 -0.999199388 -0.448744685
23.658866818 -24.606306597 29.714655444 0.545103411 -0.684571038 0.379766569 0.300003532 -1.385914301 0.589904825 1.009818686 -1.269425074 0.695414926 -1.501135306 -0.569107975 0.814005019 0.187700531 -0.290111114 0.457992208 -2.541389255 -0.394712850 -0.921408909 0.677572878 -1.212681953 0.948038194 -0.174408152 -0.091238835 -0.553040825
22.322445637 -11.606313435 33.580047073 0.400334175 -0.503195761 0.368897785 0.671149013 0.216656519 -1.250843642 -0.809728280 0.365152526 -0.137275031 -2.259662627 -0.895073000 -0.371229770 -0.794108928 -0.066326118 -1.643524247 1.058157307 -0.559205522 0.455246434 0.224595008 -0.791774502 -1.935292734 -0.156095672 0.612488479 -0.212940309
28.951568594 -21.169123543 34.313776501 0.913786291 -0.041217012 -0.366964666 -0.169212015 -0.596102217 1.718911203 -1.166744654 -1.230320418 -1.031926567 1.688466997 2.619840308 0.383228447 -0.568190665 0.412803655 -2.436279420 -0.888537312 -0.874994325 1.562017024 -1.054186492 -0.628856376 1.729807217 1.360138762 0.756890605 -0.268429113
24.641874091 -15.384974913 38.246673615 0.202126598 0.103055359 -0.229716303 0.946443264 -0.113102958 0.300328612 -1.067379531 -0.742376956 -1.468825888 2.410894242 -1.389978883 -0.603239657 0.932186706 -1.285312723 0.646617369 -1.603787137 -1.042625687 -0.598851389 -1.306849603 -0.068597591 0.068519253 0.529184082 0.332379186 -0.343477776
26.888439122 -15.884294707 28.840130075 0.567921283 -0.667795501 -0.211863368 0.432005207 0.199984769 -1.599862411 0.554141773 -0.431429273 1.006097355 -0.411572779 0.295985726 -0.234874157 2.135137178 1.891702254 2.027834259 -2.861187752 -0.470286011 0.419499797 -0.190180532 0.673204122 -1.336045954 -0.196245432 -1.854596615 -0.956983027
25.804115517 -23.255758950 25.904584901 -0.754792179 -0.148567476 -0.102619816 0.630623219 1.063613700 2.264373906 -0.046405883 0.476454041 1.928299719 0.000458477 0.813134506 -0.183723883 -0.748712551 -0.668637726 0.971872408 -0.299516069 -1.022449784 -0.010452988 -0.966983785 -0.074817035 -1.111520427 0.391381938 -1.611201981 -1.296113466
20.901709162 -9.620241966 28.406096334 0.276049715 -0.091048001 -0.949998681 -0.114058420 -0.825970057 -0.918544817 -0.589886726 0.780652440 0.111446249 0.267094123 0.081261939 -0.178052635 -0.133977263 -1.176238988 0.323097424 0.403379359 1.707266486 0.157811479 -0.799819630 0.543830512 -0.572895389 -2.125441326 0.966228213 -0.121756599
29.235704408 -16.216995403 24.136557967 -0.160762722 -0.977163179 -0.137407232 0.020657255 -0.512454663 -0.911802434 1.507440690 -0.005554347 0.254518664 -0.643251696 0.659597367 -0.592298242 0.448725768 0.793121497 -0.920416943 -2.048451842 -1.429226091 -1.160918758 -0.083569751 1.885274647 -0.826774754 0.964610164 -0.476448360 -0.450660597
19.501774722 -17.166680994 34.282651183 0.577375282 0.421389084 0.552040953 -0.429324830 0.029226350 -0.898588434 -2.424004449 -1.107579107 0.725956204 0.840387960 -0.292317195 0.007787555 -0.110534832 -0.427834288 1.107918212 -0.490121746 -0.746864301 0.311552296 0.856939422 -0.790782133 0.748159409 -1.218457080 2.691479535 -0.236599191
24.481379415 -12.034525975 35.596570456 0.843445533 0.126285125 -0.055118045 0.519243392 0.442596956 0.706242015 -0.495906535 -0.422974060 1.836870223 1.666628572 0.266706730 0.202799336 -0.601800131 1.967710521 0.341585785 0.848141870 -0.128059530 -1.449377438 1.618379515 0.474425254 -0.263313911 0.742509712 2.402131098 0.268086170
21.988768384 -9.122230516 22.451691055 0.744533678 0.414200372 -0.435513574 -0.290578011 0.372177722 -0.708256072 2.143541152 -0.308097405 -0.150763490 0.246672928 1.557075193 -0.288305570 -2.909088128 0.831080687 0.484882917 -0.548584388 -0.245732974 -0.422393556 0.220137127 0.311687837 0.145261289 -0.533728271 -1.121264053 0.859562642
24.617387624 -25.686840924 31.722275411 0.405136975 0.178866381 0.824384825 0.352506041 2.391164817 1.603758010 0.738579188 -0.555033996 -1.081995520 0.167991069 -2.297053472 -1.519032802 -1.783241897 -1.002617682 0.681695183 -1.516010873 -0.175308208 0.048605575 -1.609425411 0.613524135 1.429458257 1.112435601 0.780832603 -0.387391337
22.883241403 -11.803972235 23.016498070 0.539743860 0.147438203 0.828537958 -0.021526571 -0.523594037 0.971180077 -0.183590682 -0.382360098 1.712754596 1.478996241 -0.734099058 2.425102699 0.714511873 -0.512602262 0.763387784 -0.321853510 0.134550526 0.061458423 -0.146316665 -0.245214172 -0.386965969 -0.548877854 0.332664570 -0.605736870
30.412160109 -17.405015871 34.446097937 -0.773303941 0.100015611 -0.607296860 -0.152277428 0.566312607 0.196816743 0.853549463 -2.063970736 -0.900085037 1.695859607 1.345033210 1.402280767 -1.111360083 -1.424711390 -0.387823868 -0.511961697 1.253536406 1.886310255 1.678621700 0.586116099 -0.917919948 -1.040325127 -0.650469735 1.588365458
16.985582472 -11.899085892 24.546304056 0.561452239 0.554348336 -0.583602531 0.192034870 -0.466175994 0.343940404 1.311811935 -0.944235648 0.136376846 -0.971160191 0.926825218 -0.458951937 0.270521059 3.324884129 -0.404953553 -1.312006816 0.117844079 -0.243571820 -1.557032932 -0.532724985 -0.676886363 0.503454172 -0.450588947 0.872758196
26.064975827 -17.445998051 31.681458460 0.599456043 0.725730432 -0.325009940 -0.091303512 0.445186662 -1.780663878 -0.390549854 -0.133075591 1.225183499 0.642666752 0.718817720 0.775109475 -0.625870579 -0.053531000 -0.434519408 -0.525575396 -0.985599884 0.954311755 0.583488554 1.544928239 -0.131298078 -0.659643790 0.513297693 0.213673127
28.834788638 -20.700167580 33.314632335 -0.672381864 -0.410494485 -0.614916633 -0.035699321 -0.772147469 0.848016734 2.192734826 -0.779253510 -0.432373991 -0.201404182 -0.234392703 1.370098415 0.098060750 0.284224094 -0.526491254 -0.099816947 0.088882106 -1.737677490 -0.246606246 -2.292999575 1.061189278 -1.691756012 -1.489308071 -0.050803931
22.943545193 -20.461732781 20.189926932 0.698530505 0.624292653 0.250414406 -0.244144309 -0.863209663 -1.125161976 -0.226246974 -0.520905478 0.989537501 0.342193274 -0.863288993 0.368663374 -0.756841786 0.512608646 0.450986763 -1.135325740 0.432560683 0.537514177 0.823485713 -0.192677826 0.871271184 0.373238928 0.752042222 -0.601486862
23.546972003 -12.226216455 20.532896668 -0.681572333 -0.525304001 -0.287357508 0.420642988 -0.552955036 1.709662428 -1.380513729 -0.397542586 1.069033193 0.264783650 -1.233344085 0.850422489 -0.403868478 -0.238654251 -0.440246766 0.181115894 -1.103975990 -1.313356442 -0.198956722 -0.682621564 -1.452937750 -1.606371455 -0.738311462 -0.242163775
23.324831933 -7.337916411 29.510415575 -0.228588408 -0.939718098 -0.253824874 0.015816719 0.871156745 1.076927928 -0.223789733 -0.994521753 1.902580748 -0.436816377 0.099290307 -0.890593689 0.601080095 0.999968743 -0.741229907 0.829430523 -0.639392661 1.751264455 -0.150975864 0.093522814 -1.081211629 0.034742455 0.462224408 -0.100317318
15.895796886 -14.335901700 32.783339332 -0.446272344 0.639707151 -0.327079078 -0.533511980 0.313220268 -0.389148252 0.302282611 -0.337841215 0.567064211 0.588914027 -0.603600822 1.992266849 -0.407295422 -0.865944301 0.269285344 -0.129960683 -1.110006647 -0.617862027 0.298709421 -0.500146790 0.367710080 -0.350392823 -0.889215040 0.540143111
27.178279000 -10.917749251 33.564137336 0.196482626 -0.599389341 -0.752699257 0.188602290 0.843074755 1.201026940 -2.298249634 0.264103301 2.615921484 1.775235976 0.753872036 -0.744310169 -1.084250422 -0.583977961 0.031362214 1.152351717 -0.217353051 -1.060803261 1.051096216 -1.061705516 -0.183355994 0.772189829 -1.569052354 -0.413502087
16.138399015 -21.825376582 25.948436005 -0.204535531 0.895649372 0.149111616 0.365709098 -1.833898432 -0.173600654 -0.399961028 0.179449925 0.697040476 -0.008495166 0.863261634 -0.275763284 -0.156972176 0.484617068 -0.689228865 -0.831273037 0.485581550 -0.480019944 -0.867638116 -0.441712891 0.546290879 -1.422247305 -0.518616152 -2.892131723
21.436441300 -21.033638185 33.322758784 -0.312618368 0.850822354 0.418883843 0.053920341 -1.067260565 0.899478371 -1.013832662 0.711668166 -0.523544319 -1.528631159 -1.672336942 0.247591268 0.468665042 0.185488163 0.227256912 0.533816586 -1.524347926 -0.462437039 -0.215035674 -1.265741255 0.827096078 1.326442013 0.570858681 0.758962112
28.001564928 -20.591708679 31.150628813 0.329230958 -0.942865252 -0.001509362 0.051086354 1.209192639 -0.988959684 0.491592394 0.676855207 -2.218224356 -1.275218820 -0.717793828 0.396731868 -0.324196606 -0.605885808 -0.538683659 0.532666629 -0.518105329 -1.445348143 -0.452398479 -0.016767398 -0.027771941 -0.700006734 0.604402286 -1.064752386
25.734042362 -13.615677905 33.313916425 0.536146453 0.665108191 -0.505823333 -0.119669674 -0.157829688 0.084424793 -0.431423061 -1.550391859 0.602148290 1.664482660 -0.557093590 0.831996430 -0.857448949 1.279206797 0.976560956 1.067498078 0.127866193 -0.306858147 -1.032768411 -0.626989511 0.336254428 0.204859865 -0.286270129 -0.123210656
26.768260355 -9.942582141 27.848284530 -0.834436427 -0.042404634 0.231909081 0.498132387 -0.173132554 1.523981819 1.304779841 -0.106284393 -1.759636596 -0.863134369 -1.023184418 1.923670400 1.942208766 -0.395506961 -1.532130085 -0.160318164 1.110541117 0.280325558 1.007011177 2.105779186 -0.430968197 1.127262985 1.060634192 -0.505209465
16.312820433 -19.780378205 23.263538942 -0.165579796 -0.705193027 0.330141779 0.605221060 -0.849709815 0.713466813 -2.402686156 -0.641415261 0.875929903 -0.257736958 -0.505768306 -0.061246963 0.159229466 -0.795488721 0.407953061 0.507790099 0.309978276 0.160404674 0.928983805 -0.009447194 -1.665013709 0.213960230 0.068447177 -0.193023269
24.476206177 -18.768280366 28.337248183 0.694232389 0.197525264 -0.485353535 0.493413728 1.376743112 -0.994518312 -0.585203399 0.118272069 0.868326149 0.277934562 -1.227140084 -0.768690264 0.960991158 0.738096738 -1.957193161 0.216377168 0.162174318 -0.749926777 -1.257321567 -1.606310994 0.391917034 -1.685201136 0.404391470 0.499367581
29.085900273 -20.424609436 29.140633659 -0.904460471 0.089747204 0.416629698 -0.017787381 2.010581225 -1.703091575 0.400034854 1.022090279 -1.495333604 -0.118790024 -0.967619761 0.329002041 -0.973765586 1.171676465 0.865624988 -1.150107402 -0.347141308 -1.863018669 -0.346740677 0.342060872 -1.197008216 1.380434878 0.652446878 -0.704683362
26.406396571 -13.978344215 38.070718098 -0.158633325 0.489589300 0.857383073 0.005661434 -1.090238623 0.683354358 0.220535705 1.407824745 0.323209472 1.410303581 -0.860899078 0.488302474 -0.014773753 -0.897981900 -0.472001696 1.341182911 -0.058935877 -0.156368860 0.710381619 0.599720683 0.765354118 0.571180555 -0.073258159 -1.242743234
26.771936944 -18.470222560 22.277943922 0.689223371 0.585500360 0.099138480 -0.415128938 -2.476483605 0.967913746 -1.178425606 -1.905427573 1.056958375 0.944926562 1.051674375 -1.660392644 0.914737746 -1.022328675 0.175099594 -1.088942922 0.312647133 -0.392042762 0.597827751 -1.601700581 -0.748595481 -1.953606348 -1.070808036 -0.983888344
29.793425260 -18.112932052 21.332625732 -0.498599326 -0.778631880 -0.380960576 0.000384363 -0.653580508 -1.607809040 -0.639743019 0.246566117 1.368747574 -1.713560471 0.229486493 1.825173090 -0.075548983 -1.737629600 1.545957936 -0.060155683 0.061238783 -1.469962966 -0.621192416 -0.875305114 0.959892869 -0.998730652 -1.484906492 -1.092398124
25.521307379 -20.936906329 23.980467269 -0.617662786 -0.048146137 -0.756578723 -0.209196720 1.015892953 1.155204399 0.138476832 -0.345115192 -0.508475550 0.871382122 -1.247990693 -0.805954661 -0.092163813 -0.178693222 0.397535841 0.448677686 0.604216845 -0.074173742 -2.598687036 0.289207254 -1.036379800 0.302446701 -0.067856259 0.059881812
25.289540187 -14.693684734 24.611144269 -0.159346751 0.591683011 0.747562916 0.256260637 -0.133794949 0.856563676 0.482753035 -0.411004962 -0.244761738 -0.182566346 -2.496888136 0.340466944 -0.715545142 -0.351319088 1.016556162 -0.541568792 -0.705867387 0.824204801 0.843525703 0.702773734 0.453663243 0.861822385 -0.118833530 -1.191320512
21.704688736 -9.484014256 33.946918408 0.721054093 0.558674177 0.366050566 0.184312620 1.258945823 -0.498810379 1.377353118 2.369038532 0.888187492 0.653396024 2.602781696 -0.856309442 1.135300973 -0.525295762 -0.323286507 -0.144639514 -0.867363527 0.775567838 1.141121278 -0.600966556 -1.312201019 1.275773004 0.772861929 -0.696120436
23.592349278 -21.235372334 27.024272781 -0.796506314 0.404773332 0.288911559 0.343898754 -0.092610144 -0.253624558 1.029413392 0.169632842 -0.183793900 -1.718272477 -0.318123315 1.180110153 0.408849857 -1.120693486 0.154666063 -1.016318412 -1.220426519 -0.401721315 -0.932549649 0.257449714 0.340387560 -0.988573678 0.988563304 1.721291732
21.360437590 -11.292146519 25.953592556 0.540085518 0.568051382 0.253445152 -0.566913412 -0.950410405 -0.233005450 -0.466060077 -0.237052012 0.388657097 1.240405003 0.883131577 -0.553070502 -0.572880730 -2.064013311 -0.854024577 -0.823640496 1.835164031 -1.148362799 -1.630494675 1.098669720 -1.227594362 -0.847530031 -0.156296853 0.815298682
22.663993522 -14.076672022 19.746064392 0.711668523 -0.375260070 -0.432691108 0.406799949 0.197762485 0.340058450 1.212773665 0.925436689 -0.915431823 0.373851113 -1.654322219 -2.173850420 0.794248015 0.906491116 -0.047725586 0.810842835 1.379371520 0.378275360 1.943979459 1.018021035 0.083092922 -0.132054441 -1.347027979 -0.658569539
26.677061309 -23.926419138 28.942350683 0.525074606 0.354321286 0.008135483 0.773748602 0.481075039 0.912306057 1.712190917 0.064613670 1.856641488 -1.611028808 0.367906227 0.310608443 -0.239303154 1.410578041 0.467366804 -0.143026916 -0.297533297 1.502736052 2.777013540 -0.088309383 0.462074777 0.038902241 -0.065167391 0.167746375
20.343326083 -16.149090317 31.885996698 0.926978436 -0.331778203 0.066198623 0.162024519 -0.178231875 1.072129264 -0.277627353 -1.533422812 -1.287075647 -0.246558894 -0.831218703 -0.133761576 2.029370339 -0.520983665 -0.972026079 -1.539223105 1.591721675 1.669061259 -1.809811095 1.416971158 -0.075286933 -0.839530570 0.642176483 1.189090332
17.430160604 -11.070178719 31.230406696 0.208927857 -0.820027037 0.466241240 0.257922304 0.560088731 -1.173983719 -1.174873226 0.934514637 -0.522284801 0.435351300 0.811528312 -0.603749890 0.503292396 -0.484759860 -0.183939163 -2.077493301 0.559256038 -1.105382796 0.857208981 -0.863844341 -0.452254051 -0.834992197 -0.435841342 0.032738069
26.927022851 -16.868853392 35.757357866 0.652219119 0.186530515 -0.554421923 -0.482112973 -0.370453278 1.083722260 -0.161557523 -1.776692630 -0.216278759 0.363933792 1.173433470 0.630044451 -0.406292720 -0.759734260 0.381140893 0.792869567 -1.287402599 0.691777965 1.143384035 -0.232527395 0.504926526 0.338406326 0.035481548 -1.676952218
21.080570984 -21.506639796 22.206433933 -0.418081649 0.238529529 0.784033314 0.391922393 0.437473219 0.647635635 -1.622052401 0.082479291 -0.697922302 -0.034155886 -0.065693185 1.347179437 -1.101491345 0.670300014 1.582013527 -0.373612785 -1.178696087 -0.979380430 -0.447319775 -1.111894934 0.539857979 -0.823458973 -0.086416376 -1.449894661
16.394677047 -21.267543119 33.013457739 0.175752054 0.164457503 0.227349982 0.943597865 0.479960533 2.238642794 -0.626408894 -0.702964360 -1.488514776 -0.800618964 0.856533052 -0.284719938 -0.183373458 -1.167415383 0.142951867 -1.301377322 0.274125863 -0.225433314 0.843028585 -2.210156975 -0.131877106 0.516829733 2.144572874 -0.348567941
23.612788523 -15.380769579 33.764228742 -0.435791145 -0.155252323 0.348625056 -0.815133955 -0.745925988 -1.033421259 0.643830364 1.569904907 -2.472870152 -0.069216977 0.205346135 -0.594897420 0.438219295 -0.131423718 0.632103009 -1.008875374 1.177609540 0.906264624 1.500316647 1.484420814 1.251920468 -0.015486725 0.552523097 1.948980842
21.468313761 -8.776691688 26.300705917 -0.635856137 -0.560611705 0.047327692 0.528357435 0.934388049 0.006061548 0.574210381 -1.698958655 -0.850468050 0.947862133 -1.127371215 1.651609338 2.172787809 0.369270714 0.113107905 0.046661946 -1.513484202 0.786988474 2.334298538 -0.548246514 0.035941334 0.146075368 0.232070858 0.926075396
28.496769301 -13.748515056 30.190206875 -0.753220127 -0.471298097 -0.389986293 -0.241760697 1.430413421 -0.406595940 -1.574990447 -0.052942057 -0.395821642 -1.246046515 0.391453147 0.875301537 -0.538034961 2.663029328 0.025565980 -2.042221045 -0.284797430 -0.496761656 0.031498966 -0.538314663 -1.342994497 0.353248406 0.645463692 0.444295716
24.128294073 -19.428312192 28.678598606 0.085138555 -0.372011071 0.923172939 0.045944683 -0.260489671 0.723202435 2.028945286 1.600659345 -0.154120380 -0.179110116 0.812553340 -0.718299784 1.116881037 -0.395174246 0.851038078 0.519788278 -1.472910895 1.346021537 0.720466118 -0.242155376 0.401246365 1.716210779 -0.105873653 -0.208542974
21.314702377 -22.755104898 31.478189699 0.564295511 0.084131910 -0.222049993 0.790687169 1.193564696 -0.808645755 0.314540050 -0.866805529 0.313139949 -0.358183496 0.524379042 -0.738672850 -1.127875756 -0.637931381 -0.631352156 0.655238129 -0.772386077 0.105362198 1.403078274 -1.209164727 -2.072518347 0.644986072 -0.291166561 -1.812727165
23.759522005 -25.561900719 30.035587393 -0.135785804 -0.843211048 0.354138383 -0.380976836 -0.823469773 0.876269173 0.104907586 -0.854766159 -0.556451396 -0.288189034 -1.218566920 -0.833643854 0.087319154 -0.804613617 1.154217422 1.542489513 0.740115011 -0.655259980 -1.492357580 0.931550744 0.883172509 0.018225358 -2.758955835 1.146083039
24.463753812 -10.429782093 32.428664335 0.168613268 0.533661202 0.409147909 -0.720675569 1.522482742 0.233791651 -0.092739628 -0.116232458 0.643029945 1.386630462 -1.492024850 -1.823219865 -0.360984380 0.383602492 -1.982225287 0.291562882 0.886265391 -0.300964104 -0.723650546 -0.320442630 -0.637639841 -1.479851801 0.356225450 0.353060710
14.633907423 -19.742784998 30.734848549 0.204054424 -0.144836525 -0.916643587 -0.311686874 0.189136702 -0.833763448 -1.250661327 -0.463096335 0.974213851 0.202325148 1.452940899 0.671965390 2.092959969 1.149303068 0.398763366 -0.314458073 0.150335707 -0.047775762 -0.524111152 -1.139015511 -0.981052798 -0.835844642 0.214220811 -0.608323111
19.348590946 -19.236391968 34.429302805 0.739229142 0.044868885 0.652250043 -0.161545472 -0.763857298 -0.457462378 1.594888540 0.192762555 -0.435538343 0.214436416 -0.412225782 -0.994887659 0.500719298 -0.552433940 -1.082605863 -0.233957833 0.218994947 -0.287955669 1.770790046 0.110088155 0.120794939 0.157965254 0.655229409 0.583255295
17.167995244 -23.007406689 28.744960675 0.876562920 -0.130368476 0.244704201 0.393397207 -2.407718916 -0.296848442 0.834426645 0.567406148 0.240456904 1.893509484 0.856790360 1.684428338 0.651016662 0.797871869 -4.364472665 0.925249894 0.276565170 -1.017298877 0.473429222 0.175451323 -0.033791434 -0.125832080 0.414655304 0.446056104
26.474844662 -19.057461297 37.576647272 0.677918992 -0.552483097 -0.478295835 -0.080133410 -0.657800125 0.648236135 0.902631214 -0.330828732 0.930239108 -0.905835651 -1.507448047 2.005269346 1.136598304 0.238839583 0.067512456 2.122469556 -0.215823947 0.955208660 0.826466790 0.824026925 0.167790645 0.566756342 0.682722056 -0.209342556
25.395924017 -21.787541911 25.382254815 0.723435134 -0.472950179 -0.306926756 0.398441591 -0.742724556 0.335232472 1.815466397 0.148337517 0.127663198 0.998363235 -0.111059001 0.048433631 -1.496522904 0.922518292 -1.178870555 0.139921538 -1.720025542 1.364675030 1.109213853 0.673706179 0.134667237 -0.219642455 -0.529185136 -0.951654843
23.627861813 -16.991306415 22.204763712 0.977629699 0.041788247 -0.032499333 0.203562539 1.272394684 -1.048897835 1.218976693 1.308604915 0.699098623 -0.137513124 -0.445072411 1.158235104 0.023294331 1.623547230 0.637671791 -0.234451503 0.125904662 -0.411871666 0.898560249 -0.659551450 -2.268660435 -0.703386166 0.833388509 -1.381225626
20.737178568 -14.991816754 31.680669255 -0.662470484 -0.320924806 0.657686217 0.159965515 0.532677438 -0.006036758 -0.425918433 -0.230773490 0.074408382 -0.493924433 1.927069426 -0.845282608 1.785750887 0.828126888 0.533316217 0.347885025 0.729402147 -0.134062419 0.275652094 -0.947806559 1.495461263 -0.322984421 0.123034628 -0.664124399
