0.204066566 -12.483793169 44.893738286 -0.768390581 -0.574956879 -0.030736368 0.279384641 -0.066110776 -0.856574824 -0.716361413 0.380904113 0.085855744 -0.449536553 -0.649801884 -0.127073930 0.683341940 0.643304644 -0.098504182 -1.289798824 -1.345312151 -0.566906816 -0.379124066 0.469273821 0.066692775 0.659853871 -0.095573966 0.517439712
1.277710129 -9.534142530 41.321644264 0.831964629 0.108867629 0.390993998 -0.378294052 0.275375623 0.181206124 0.217751889 -1.486426427 0.949559179 -0.986931338 0.006510233 -0.101600764 -0.297064288 -1.778143183 0.968955376 -1.219399773 1.400440260 0.095335105 1.534992101 1.660191703 -0.419252330 0.739926613 0.532780499 0.281692032
11.893335593 -17.562185805 39.550920720 0.223558372 0.237638106 0.875911721 0.355427127 2.042308334 0.342013432 0.336156030 -0.081365070 0.700260672 0.043363730 -0.890029781 -0.715104453 0.830908678 1.350164994 -0.358354839 0.742165218 -0.268674351 -0.056540434 1.217542449 1.749921128 0.087742617 1.720067335 2.089982323 -0.323699446
15.626006528 -9.067250385 39.094137271 0.542225437 0.619130632 -0.458974229 -0.334681180 -0.050418625 -0.976809128 -0.455187670 -0.580339747 -0.881798528 -1.886369816 1.410665718 0.197405666 0.624626680 0.540634557 -0.847284403 -1.274858426 0.544993245 0.003268310 0.412712457 1.194765371 0.411355716 1.117049772 1.070197742 -1.969707859
18.531951752 -11.435107841 45.803370553 0.485973113 0.512429061 0.462126072 0.536363761 -0.841389099 -1.027866187 -0.537016139 -1.028760823 -1.954904993 -1.248707432 0.956845554 -1.262245793 -0.243065470 0.069808884 1.615328529 -0.158222392 -1.778524649 -1.086074467 -1.548466559 -1.519972442 -0.887182242 -0.673718488 0.191343267 -0.724240056
15.831444599 -13.475285895 49.176380744 0.357526592 0.516265831 -0.370136581 -0.684575225 -0.417060065 1.968780837 1.479422354 -0.456046110 0.920126016 0.055728529 0.681613316 -0.338591786 -0.210444436 1.192641723 -1.765779824 -1.360507825 0.198562609 -0.144871310 0.365590282 0.047231208 -2.190101124 0.033541550 -1.608364680 0.430248014
14.049069084 -14.559224005 39.354491736 -0.036822109 0.399090784 0.107074527 -0.909893249 -1.041726279 -1.551875628 0.301086899 0.954786112 0.946878754 1.789812469 0.982887510 0.232414360 0.175961095 -1.180553304 -1.205471075 0.340070415 1.278481213 -0.664695837 -0.077154435 -0.670227523 -0.916928677 0.462321387 0.154374274 -0.282627544
12.489560585 -2.842419510 46.922337411 -0.657745294 -0.222828921 0.584005063 -0.420305231 0.128067039 -1.700555492 0.046222772 0.358759679 0.399967876 0.004247677 0.592255159 -1.946113902 -0.103880723 1.393848460 1.390286165 1.669750122 -1.400964692 -0.225941161 -0.768745812 -1.147225365 -0.504392625 -1.259928975 0.047041887 0.478143945
4.482273084 -3.275365417 38.663879711 0.215054938 -0.147179577 -0.741507867 -0.618268250 -1.941320480 -0.688091872 -0.085619108 0.031430115 0.546715460 -0.394671484 -0.075424728 -0.189894312 0.836471793 0.108308907 0.114863379 -2.451839868 -1.069465498 -2.049694076 0.919358883 -0.038969052 1.886232063 1.531639508 1.073834013 1.241234251
7.961505078 -6.445602458 34.430366198 0.055477753 0.554521403 0.827937499 0.062830958 0.298681738 0.607753699 0.802047335 1.011937057 0.557936924 -1.422263462 1.626215082 0.771678096 0.178450040 -0.501147134 -1.024722325 0.360021387 0.740168040 0.684121449 2.280855144 -1.279189568 0.427192105 0.005503106 0.635980608 1.352302279
3.660121274 -11.464349314 36.791706604 0.308916064 0.945707353 0.054435996 0.085118683 0.807146628 0.862809471 -0.418079174 -0.409314363 -0.295531146 -0.208529522 2.314175818 0.035132730 -1.030948700 -0.885308496 2.182497672 -0.192447557 0.110686677 2.031321486 0.482736506 -1.022032798 1.097432051 -0.432568951 2.095047047 0.889908693
17.812864550 -13.554769952 42.190673817 -0.604252460 -0.237376071 0.756802413 0.076037311 -1.394334543 0.361199699 1.602658106 -1.621742753 0.139248534 -0.921407755 0.184321548 1.192242034 0.350220544 0.489079196 -0.059640821 1.610227979 0.437003170 0.994992535 -0.155943590 0.871062922 0.888071589 0.885326699 -0.177385959 -1.832263251
17.112724013 -12.701079318 37.966919297 0.263584922 0.559276809 0.210980754 0.757112648 0.717596502 0.646389990 -0.424272178 -1.420022923 0.147412391 -0.617766348 -2.551862066 -1.054731084 1.039580043 -1.268594868 0.491525917 0.340726356 -0.668528555 -0.392876803 0.717589896 -2.306821489 -1.194697626 0.892349199 -0.746870349 -0.544423315
6.447971117 -15.493669459 44.311652230 -0.908584382 -0.206246781 -0.192403987 -0.308086663 -0.495515542 0.347646879 0.281659134 -0.059134707 -2.427411270 -0.962185924 -1.290036333 0.350839375 0.206536243 0.058708848 0.466431775 1.191738988 -0.366724928 -0.295703030 0.358723022 0.689880529 -0.118358357 -0.268065279 0.161517125 1.018062133
9.131519746 -19.037180486 42.654401271 -0.737182757 -0.222861940 -0.163081430 -0.616683537 0.310351981 0.130334108 0.283821227 -0.575093668 -0.620007997 -0.798165952 0.458883771 0.150604466 1.515484243 1.463070127 0.041506820 -0.474512224 1.033817948 1.501973342 0.341577487 -0.598347914 2.846637820 0.030420949 1.158951777 0.271745549
14.215401192 -7.541791896 40.346259201 0.425218882 -0.560025730 0.707039785 -0.075198585 -0.525230439 -0.241656882 -0.665078648 0.466017796 0.961741391 -0.130972273 -0.855273995 -0.367274458 1.085120583 1.557365340 -0.301826918 0.285681826 0.792339482 0.223076018 1.190041287 1.667323957 -0.319424518 0.648903662 -1.117881814 -1.162852609
6.913419671 -3.915561261 42.421704927 -0.415127515 0.549722390 0.123936775 0.714222736 -1.128973511 0.201715739 1.283005825 0.103303969 0.133081019 1.389354985 0.174391578 -0.294782164 0.454797879 0.261013904 1.169716001 -0.512781311 1.070837998 -0.746797667 -1.406857403 -0.958388493 -0.824602523 1.005379741 0.359953111 0.955922474
15.374264529 -13.572356056 48.294024319 0.389672566 -0.041001566 -0.895088065 -0.212818043 0.891912178 0.571306959 -0.077161915 0.975260829 2.881639402 0.258357872 -0.696992227 -0.027856634 0.085645659 -0.998369957 1.434447482 -0.801067361 0.334943861 -0.604589235 -2.230041331 1.084859920 -2.164947542 2.951939511 -1.319436036 -0.338860798
6.510101640 -16.737960206 42.113969546 0.202702976 -0.722338184 0.634919378 0.184435448 -1.689730600 0.157791389 0.424474451 0.276408784 -0.140592914 -0.294989855 0.377106909 -0.311916479 -0.114421846 -0.048506659 -1.383920890 -1.752607027 -0.141847671 -1.202394480 0.135118493 -1.199351147 -0.118258841 0.191266614 -0.151837312 0.675326924
14.473228437 -4.319941402 45.061958013 0.209336645 0.144049480 -0.875627101 0.410737259 -1.384810112 0.394006234 0.951531199 -1.337132661 0.603969579 -0.052544051 -2.516876827 0.158832178 0.611881822 1.257193167 -2.363578096 0.512708283 -0.101696564 -1.683510229 -0.755224380 -0.431523998 -0.030325429 -0.005575213 -0.741937375 2.420876378
4.217037030 -9.781340785 50.317596371 -0.065686022 0.102101959 0.350515624 0.928654583 -0.541223975 0.250487807 0.575811642 2.259307925 -1.897959507 -1.891351235 0.310748551 -1.334972922 -1.622753837 1.192443578 1.172719170 0.836795665 -1.690065916 1.196350749 0.330377100 -2.118391887 -0.969880509 -2.634441403 0.393380873 -1.430913698
5.332593376 -2.538329155 40.526687542 0.956515181 -0.115009262 -0.168352938 0.208587791 -0.184582083 -0.170046293 -1.624962104 1.639033730 0.139851547 0.078911885 0.114717196 -0.785702168 -1.280739265 -0.450276397 2.058107842 0.751855086 0.887057599 2.180015683 -1.327711355 -0.756065425 -0.894488619 -0.313607416 0.400053436 -0.296769321
6.012206150 -6.477538227 36.545135604 0.101708737 0.894978043 0.432361869 0.041627525 -1.334262455 -1.911910904 -0.837171953 -0.466729780 -0.099664664 0.395192317 0.001384475 0.840079752 0.061844885 1.894892951 0.371744729 -0.123963695 -0.173324125 0.361922473 0.193334689 -0.020301857 0.108506131 1.151230783 1.478322800 -0.289422033
9.041629768 -11.050088250 43.016522397 -0.830135794 0.169132829 0.530411557 -0.030532433 -0.365998957 0.718985865 -0.681316684 -1.392785846 -1.342187281 -0.898858719 1.498193594 0.015777028 -0.353838105 -0.130156920 -0.743125146 0.892607625 -0.979023354 -0.178767743 -1.774987729 -0.589460701 0.154707953 -0.949133269 1.611723670 0.698088188
12.966690853 -1.305670862 42.925767236 -0.613142128 -0.246025669 0.599665026 0.451586046 0.920266197 1.841874699 1.775339773 0.408416305 -0.580865520 -1.076700541 -0.716965046 -0.785653074 1.244186581 1.146857632 0.392421692 -1.197588736 0.055329949 -1.271390959 1.306071524 -2.061343048 1.342933524 0.773315468 -0.037202944 -1.667537559
7.398542711 -3.197175771 45.198108867 0.422871467 -0.344911703 -0.797192433 -0.258263168 1.182362656 0.248840800 -1.586100003 0.506363569 1.203817515 -0.765575659 -1.945310614 -0.711483310 -1.063896320 1.020555337 -1.040931347 1.288274941 -0.029175693 0.955947306 2.876194582 0.248917711 -0.710527135 -0.810199885 -0.419404413 1.835687933
15.460825461 -16.171435710 41.145764919 -0.788321682 0.324414083 0.519500985 -0.058507745 -1.594872203 0.346605722 -1.717186008 0.743457394 0.895301942 0.241570613 -0.936057198 2.085255216 0.304629047 0.711416349 -0.732657886 -0.269551851 -1.625723620 0.038531712 1.580222034 1.032092754 0.450400731 -0.775784834 -0.922661920 -1.339960591
11.198189654 -12.958780564 44.870064603 0.328858299 -0.118372875 -0.364385416 -0.863170522 -0.346523976 0.918448049 -0.597407110 0.127394949 -0.653379589 -0.186792747 0.464914503 1.176923848 0.055758295 0.210347933 -0.345669412 1.045660844 1.499297893 0.294936263 1.179832518 1.154737855 -0.621923922 0.915843660 -0.805500717 2.234702387
18.061702202 -6.204412468 43.083726541 -0.744217998 0.192287607 -0.597197138 0.229173788 -2.016990275 -0.552356495 0.038496894 1.173344654 0.323628781 0.548410580 0.210807744 -1.208101627 -1.024825568 -0.363779395 1.610932456 1.508388946 1.932841943 -0.122990766 0.605493279 -1.483951986 -0.160126974 -0.552376239 -0.369943781 -1.164085921
9.783751104 -11.125268070 46.027540410 -0.170466494 0.441521947 -0.118878346 -0.872850207 -1.534453825 -0.120837938 0.957915362 -0.397821704 0.187069135 1.536073305 -0.568886453 0.972826277 0.886961052 -0.035026511 -0.421728890 -0.591544061 -1.720687861 -0.128775206 -0.913572529 -0.586326702 1.034235166 -1.040862189 0.083438282 -0.544491258
6.707376958 -18.729460471 45.082197485 -0.548036893 0.765879038 -0.230212781 -0.245126371 -0.614611839 -1.074212549 0.525910083 -0.546315781 0.888208400 -0.544514343 0.437622884 0.921079458 -0.380935092 0.072942625 -0.130872668 0.252678714 -0.991325310 0.758785007 -1.119908169 0.745706825 -0.366736256 -0.121917613 -0.080002039 -0.340480730
2.178013437 -15.062845319 45.193202363 0.627025033 -0.639384354 -0.402299291 0.190217075 0.901751155 0.737258220 -0.059922684 -0.276894688 -0.286869713 1.571645744 -1.422099048 1.198686018 0.333016500 -0.226624919 -0.475815536 0.940789480 -1.900762964 1.532142912 -0.123991441 0.381249545 -0.819123329 -0.613795331 1.579859381 0.098909930
7.714136832 -19.546161824 41.749859264 -0.701127728 -0.676535827 0.128714470 0.184801972 -1.299633781 -0.967084743 0.204121640 -1.734401236 0.230034173 -1.781003596 0.827908955 -0.089505671 -1.265385995 -0.900501200 0.317512541 0.086215846 -0.843568526 1.087970413 -1.009378164 0.514531238 -0.090627651 -0.420236906 0.005165529 0.670028881
13.480220526 -9.790525833 48.965471126 -0.773585454 0.276291571 0.337859757 0.459433671 1.120856798 -0.522222355 0.088024346 -0.193184704 0.084705208 0.198213409 1.359736283 0.359815604 -0.656527968 -0.895360831 0.106280675 -1.068208426 -0.260372004 0.040619411 -1.333607473 -0.747047628 1.086365811 -0.423576602 -0.298264872 -0.019653907
9.055960515 -7.110733810 52.448465488 -0.621304671 0.185816186 0.407078983 0.643225895 -0.520250897 -0.279971557 -0.823956946 1.342954967 -0.520023487 1.290895736 -0.529679167 -0.677064914 0.860878746 0.373818826 1.231732193 -0.409458077 -0.582198217 0.796992432 0.429330502 0.229954028 2.231041812 1.049726222 -0.645771743 -2.473614788
2.755416626 -14.309771230 37.825989659 -0.182524784 -0.363163963 -0.387629639 0.827369266 0.021815117 1.191559121 -0.501505677 0.564692187 1.994132437 -0.687590892 1.188012820 -1.939410587 -0.348394496 -0.989539299 0.047952155 -0.003472694 0.369334944 0.188690863 -0.011035078 -2.104893283 0.217646670 -0.320336437 1.061512578 -0.367456118
14.902385894 -16.261809910 39.380584249 0.398097520 -0.746342245 0.381404148 0.372857203 -0.038357917 0.782300559 -0.974187474 0.377661858 0.916127797 -0.077694183 0.351327149 -0.513934314 -1.006032320 0.163993928 -1.888336409 -0.891780153 1.502306026 -1.415183242 0.620562945 -0.300235918 -0.322628573 0.909728337 -1.632646225 -0.092534933
7.636152625 -10.304743618 34.360714792 0.456783459 0.240923956 0.538248527 0.666027808 -0.129139233 -1.442390157 0.597178450 -0.338145652 0.284734292 0.253560347 -0.170626838 -2.223575431 0.666004808 -2.640650190 -0.859575346 -0.240664202 -1.475224006 0.761238034 -0.305449457 0.879719422 0.847177027 -0.583401516 0.408665790 -0.049161921
3.991433549 -13.845749638 43.626396872 0.173789002 0.057599662 -0.019569056 0.982902189 -0.363460971 -0.087455262 0.888859694 -0.910040172 1.149292853 1.239767625 -0.809951547 0.664395180 -0.261681326 1.602521017 -1.153708598 0.044754183 0.420300978 -0.444638926 0.235423490 0.766932759 -1.095175859 -0.444135468 -0.543200419 0.182810605
5.027863852 -8.378893022 44.426362511 -0.826853270 0.346084391 -0.430513095 -0.105819372 0.859223630 -1.480203359 1.619775282 0.005762509 -0.001664904 0.603691798 0.433339989 -0.524996028 -0.421405405 -0.803518967 0.550347540 -0.298692048 -0.496643260 -1.205004576 2.917046578 0.945879183 0.209244256 -1.030776637 -0.171199269 -0.817901471
0.420601559 -10.019054455 41.183370692 0.999172657 0.040292567 -0.001030238 -0.005426745 0.510611248 0.691601558 -1.193601584 0.161284396 2.069214006 -1.235499819 -1.223981148 1.345302668 0.392403901 -0.168749092 0.310240147 -0.851611153 1.332524886 -0.381524754 -0.680748484 0.114218377 -0.214254398 -1.936385302 -0.233846002 -0.122944370
5.713709905 -10.480381296 48.553145190 0.149971830 0.381334862 -0.607652657 0.680331112 1.987785430 -0.241426777 -0.643675159 -0.564161459 -0.204440456 -1.648520379 -0.054038543 -1.133904751 -1.229029314 0.594390443 0.361436532 -0.116481771 -1.333677280 -1.200139968 -0.134813811 0.551873046 1.384738520 1.666922861 -1.000427014 0.845903035
17.387016311 -12.257872259 47.880619592 0.633732808 0.123033647 0.725054260 -0.239878657 1.584915697 -0.329904972 -1.300325360 -0.710422535 0.481438681 0.486071901 -0.138278944 -0.389947779 -0.536345118 0.402030368 0.500626285 -1.070166334 -1.661659251 0.001191039 -0.008419977 0.204110891 1.973950560 -0.285318589 0.637311660 0.827472514
6.612242056 -4.910439854 43.002766913 -0.056115103 0.607790356 -0.781743540 0.127745901 -1.126413646 0.708203439 0.352062219 0.258010293 -0.156983092 -1.301937522 -0.531455590 -1.858388569 0.797382946 -0.733590980 -1.396593241 -1.531555682 -0.822373145 -0.096265159 -1.001598158 0.696181512 1.544689499 1.205734202 0.263947384 0.747246636
9.279433680 -4.648608923 45.774970786 -0.678243998 -0.586471348 0.203265015 -0.393344342 0.569927038 -0.320160528 -0.076629675 0.020609650 -0.848948211 0.675788172 -0.649354228 -0.849860593 0.255314385 -0.153796234 0.503767613 0.028097097 -0.602953591 0.463759032 -0.710391177 -0.225489346 -1.528257037 -0.623085402 -0.052113480 0.719132371
9.108837714 -14.274924609 44.953065527 -0.611918854 -0.437497076 -0.594365246 -0.284396870 0.217125153 -0.661563399 0.559005995 1.339796167 1.421145851 -1.358873841 -1.122001983 -1.850241746 -0.370080858 0.637255104 0.658408370 0.865914700 -0.730239468 0.369526860 0.680244500 0.481155658 1.309448929 -1.812973314 0.255930872 -1.599309402
4.005809209 -6.276419718 42.867490036 0.033167530 -0.683487532 -0.678823018 0.266353183 -0.234306068 0.955818117 2.476610847 0.073010848 -0.223774273 -0.134670056 -0.857166366 0.848964763 1.098269821 2.803986562 -0.885311940 1.589272302 0.079808883 -2.366077236 2.411121827 -0.250092238 -0.535807908 -0.375743308 1.019255629 -1.491059261
14.902340014 -15.877648060 48.830789583 0.682506421 -0.541297662 0.239488427 -0.428750649 -0.044730267 -1.499070063 0.542686287 -0.864007282 1.125947002 -0.516063641 -0.346968843 0.418203712 -0.692717638 1.005521227 -0.210266299 -1.538885939 2.733538591 0.397245905 -0.286086236 0.503767493 0.942940888 -0.577876823 -0.442597157 -0.695112413
12.119850874 -5.587596091 37.181156818 0.882573215 0.051588960 0.298927283 0.359229145 -0.135091561 -0.709650378 0.116690875 1.389657718 0.569599021 0.200809609 0.074778166 -0.513878336 0.397405623 0.667918504 -0.565211558 -0.268070543 -0.051166216 -0.678055985 -0.893421980 -0.585744760 0.967392162 1.881208258 0.797058160 -0.258772044
10.561434926 -4.862663966 47.649887662 0.148755590 0.214304222 0.555276390 -0.789692095 -0.461658679 -1.738712895 -0.618185661 0.571455706 -0.784276259 0.230620530 -1.540383970 -0.324661040 -1.163652996 0.340080028 -1.008010446 -0.660751162 -0.321690981 1.200165167 -1.850229658 -0.464464062 -1.032202675 0.390589300 0.126839891 0.332026959
4.781908069 -5.150891231 47.387407065 0.709190453 -0.364611394 0.583918868 0.152138715 0.819845732 0.452618144 0.633078014 -0.897175388 -1.120647417 0.669458899 -0.545142308 -0.115954338 0.017528238 -0.546705483 -1.984043315 -1.274221469 -0.534744288 0.040109963 0.398521790 -1.647616136 2.789257579 -0.163350612 -0.451408758 -0.361824943
4.396379858 -1.624853947 43.621369079 -0.403270667 -0.200534022 0.840836789 0.300253841 -0.385811990 2.454450326 -0.604328466 1.441890776 1.440423786 1.134819312 -0.899250010 -0.433590995 0.403946089 0.246335204 -0.562584384 0.913938861 -0.203973591 -1.310610772 1.296606482 -0.573446342 -1.783076773 0.487238935 0.496428346 0.693938186
13.408803262 -9.638329313 45.414656775 0.264808039 0.364061328 0.759831488 -0.469033221 -0.948501054 0.426060730 -1.086344396 1.101747706 -0.505195319 -0.695434949 -0.456100377 0.921539854 -0.236064714 -0.690837566 -0.171144808 -0.033778813 -0.900055513 -1.126774210 -0.938587479 -0.225220272 -0.335022382 -0.049883924 -0.635618932 2.224511278
11.893334518 -14.297349028 48.519870671 -0.154830755 -0.933944742 0.187043441 0.262277349 0.786498264 0.556097058 -0.151242270 -1.037887469 0.000707720 0.503125099 0.512357046 -0.021064276 -2.751847073 0.091419623 -0.888223295 -0.991482739 -0.369381889 0.795692349 1.093185823 -0.575495377 0.127905353 -1.084023234 -1.617519160 -0.717241343
11.834163077 -6.780660793 45.292209032 0.251232115 0.251951147 0.569884770 -0.740698585 0.125316730 0.215773353 1.906133397 0.825998520 1.363028730 -0.005323476 -0.668674202 0.241221636 -0.212665842 0.969752911 -0.977736873 -0.683131021 -0.123791318 0.165887326 -0.301409122 -2.615229686 0.049285109 -0.160165384 0.612719115 0.088285153
13.139363652 -18.554946938 47.322023215 -0.430377391 0.709264455 0.164225336 -0.533619034 3.078827491 -0.866587435 -0.724080227 2.878679825 0.914214732 0.264808034 0.995704979 0.542061800 0.235646332 -0.521559885 -0.248960099 -2.144182663 0.805125387 0.648096181 1.477622299 0.428269262 -0.184666957 -0.079160277 -0.694578607 1.142596342
5.368039586 -3.627244348 48.558679401 -0.694856784 -0.463518055 0.004896089 -0.549819143 -0.374119724 0.167046373 -0.900411198 0.187355918 -0.559706125 -0.708496655 -0.385894468 1.101855280 0.318351386 0.067080454 0.980868413 -1.069667555 0.066299438 0.476766685 0.195506199 -0.071608865 -0.293529342 0.898722533 0.592889113 -1.442295701
9.445017666 -15.139977976 45.481705021 0.033161337 0.541145843 -0.682602906 -0.490015076 -0.427055359 -0.462226412 -0.399958185 0.142260678 -0.219850197 -0.231591118 -0.667857125 -0.352726735 0.227601421 0.994093209 0.202254296 0.485332686 1.317207115 0.919681412 0.049261295 -0.569670683 1.800158694 0.787538256 -0.966519445 0.670557179
8.657685460 -7.168412177 45.158445887 -0.185164428 0.005132801 -0.076912827 0.979679645 -0.222644704 -0.495394134 0.177222453 0.276342897 0.695318726 0.129092524 -1.223931411 1.184617218 -0.430167547 -0.244042080 -1.452183930 1.214014102 -0.083251545 -1.019363541 -0.571748361 -0.628540076 1.197820865 0.608958951 -0.684212443 0.138274682
12.938438973 -13.723283337 36.033700521 -0.454035961 0.385465438 -0.228829292 -0.770003180 0.520681867 0.291911171 -0.390211161 2.296066035 0.189269046 1.681005713 -0.840652591 0.455455836 1.651592489 -0.699965295 0.478133562 0.273094549 -0.996599600 0.160305508 0.936161670 0.522223790 0.250327151 -1.172649175 -0.387636312 -0.060159173
4.538128914 -9.079794688 39.049736960 -0.798528385 0.160760808 -0.494498150 -0.303281982 -0.482528971 -1.462991121 -1.796526977 1.140693534 0.938484549 -1.357806869 0.464529330 -0.808096046 -0.855863607 1.209662003 0.370185686 0.348357017 1.004371530 0.024511195 1.192845992 -1.126549846 -0.500135519 -2.153431546 0.002361321 0.472919204
5.816171765 -4.788811130 40.233054771 0.279061928 0.935637597 -0.078094085 -0.201514370 0.342512739 0.303955331 2.737631299 -0.619463152 -0.934749674 1.116492699 -1.269045767 0.698732446 0.176718335 1.106373427 1.076294377 -1.290209236 -0.579749114 -0.742907296 -1.085344108 -1.221350644 -1.973430412 -1.320012510 -1.011196659 -0.127739701
3.181091685 -3.720677822 43.932213086 0.627898724 0.465151589 0.239576568 -0.576177281 0.984194439 -0.899378199 0.609775353 -0.630660747 2.301927695 -1.498880998 0.427488832 1.501144315 -0.030718366 -0.239177842 -0.878673375 -1.010751039 1.894670576 -0.842551462 -0.733375445 -0.133362898 1.032314874 1.545955170 0.754485138 -0.017369589
2.115640048 -10.545213710 39.424147030 0.667562839 0.735243332 -0.015230386 0.116383564 -0.097284569 0.175098992 0.712804615 -0.910921840 0.421801567 -0.205515515 -0.864822773 1.134837972 0.780498906 0.502567089 0.397826859 -1.596355933 1.027154068 0.578825641 0.806432087 1.338527513 1.329598444 1.330011769 0.172151081 0.347784521
4.539234832 -11.421979442 35.224791249 0.000872786 0.005891286 0.196553106 -0.980475093 0.675700900 0.579476844 1.477158832 0.012336023 -0.569749815 -1.479454648 -0.406761708 -1.326807652 0.936554263 0.097900254 -0.099425652 -0.080022358 -1.252912907 1.671799597 -0.005289117 -0.799363283 2.593746532 1.456448811 -0.095293316 -0.491246923
10.436249888 -16.058722725 36.047477043 -0.196985607 -0.666959841 -0.387400389 -0.605212508 0.460892401 -0.450664880 0.336884456 0.828948814 -0.345132914 -0.107270676 -1.134787509 1.202927197 0.151466249 0.951221831 1.145345932 1.299731563 1.350305830 1.555471334 -0.126242989 -0.450855951 0.598363458 0.107799097 0.703804832 -1.396983060
0.728157796 -9.923037359 44.937851669 -0.205759144 -0.453009838 0.420961072 -0.758443826 0.476656360 0.620123438 0.312608648 0.856549698 -0.393205328 -1.101122188 0.219774926 0.069390073 -0.935490470 -0.064784549 1.029750554 1.216410197 0.046027241 2.103687819 -0.821738750 -1.419421635 -0.795638703 1.737718359 0.375518255 1.413211080
0.471160278 -6.929967762 43.665659277 0.338163088 0.522002685 -0.063594296 -0.780457999 1.325065936 -0.133882833 0.032793082 -3.104316971 -0.288215154 0.842669888 1.844415579 -0.851210784 0.300924362 -0.224503685 0.402109762 0.008704264 -0.132897226 0.648393000 -0.564896028 2.066936159 0.162662206 -1.250100037 1.318105030 -0.871418099
4.952827580 -9.966807609 46.783897457 -0.019171863 -0.687660516 -0.506179132 0.520132811 -2.303261805 2.000585501 1.040789242 0.325535789 -0.250044279 0.234482082 -0.765406035 -2.915837359 -2.202819375 -1.886363517 -1.201694952 -0.735673051 -0.018910985 0.533971638 -1.032306734 0.712460252 0.432807589 0.047430213 -0.919582890 0.553059094
12.492222790 -13.066241252 35.564090061 0.961907888 -0.012608225 0.223716776 0.156604764 0.738621248 -1.340959845 0.731970626 0.192856779 -0.698021161 -0.965551238 0.443261666 -0.057380310 -0.191486081 -0.235471883 -0.644637806 -0.764314579 -0.804751020 0.705235039 0.811340291 1.041486337 -0.597900616 0.084212100 0.262435625 -0.201849174
9.556758365 -19.661750170 43.274509188 -0.481400269 0.717019812 0.103327962 0.493416359 -1.553692614 1.627346740 0.766539737 0.598468296 -0.428522752 1.687166288 -0.302338298 0.079264083 0.048927438 -1.711006386 1.308358366 -0.900414318 0.573499346 0.352405179 1.173764762 -0.774492131 1.656331535 0.101749383 0.045637979 0.166441568
17.374057060 -10.051320929 41.658123521 -0.603198458 -0.310113902 -0.588389782 0.440202740 0.981232942 2.578678256 -0.945432196 -0.144026686 0.746782570 1.122946280 -0.088017122 0.846234722 0.837000676 -0.658149810 -1.085145520 0.996026713 -0.694812736 -0.500015061 0.577828614 1.208334102 0.269970902 -0.611297848 0.677393995 0.324013638
13.602357395 -9.682207779 35.127226320 -0.123500185 -0.294276983 -0.896281006 -0.307943372 1.045204253 0.337782917 -0.946027917 -2.381694075 0.534221672 -0.578484638 -1.597518462 0.103716558 0.421751255 -0.107175930 -0.976394670 0.516381536 -0.113366635 -1.222426816 0.020546262 -0.455599922 -0.580956212 -2.656404603 -0.825028461 -2.402561091
8.430594811 -10.780799904 34.139347123 -0.663034239 -0.243867899 -0.706338311 0.044724002 -0.340310753 0.307993994 -1.170371337 0.349234790 0.131211824 0.888965473 -0.357151325 0.638696307 -0.843679666 0.539648545 -1.865116592 1.282392293 -0.644117948 -3.060530190 -1.351028114 0.259834118 -1.789375500 -0.171182914 -0.462432533 -2.444667945
5.524225847 -2.172988291 41.517344030 0.690598103 -0.209705770 0.456380384 0.520398593 2.356928003 -0.229218235 -0.052884636 0.557559258 -1.811180284 1.169024090 0.309818566 -0.311394666 0.104706820 0.903111567 1.286488701 -0.212420308 -1.756857527 -0.890828345 0.595228391 -0.757300628 0.398680836 0.683763470 -2.047464430 -1.641394159
2.576485663 -12.888661770 44.313557164 -0.131898957 0.241351133 0.299588768 0.913563827 0.150025200 -0.647857380 0.087400690 -1.506430330 -0.617665334 0.314125618 -1.041971626 0.589249642 -1.918239463 -0.451317134 -1.269787608 1.681448784 0.116511672 -0.340380015 0.464481479 -0.241005305 1.155850535 -0.732270900 0.456836442 0.186888861
10.428692204 -8.316742965 45.982702726 -0.306501912 -0.691703825 0.027828064 -0.653320745 -1.069611717 0.447312730 0.278388326 -2.177226124 -1.355838913 0.753767195 -0.690766364 -0.582489076 1.029806974 1.642038909 0.479183910 -0.732411765 0.703285573 -1.374544528 1.172511387 1.223341743 0.552485622 0.354199262 -0.149680353 -0.549720546
10.160341617 -8.233731799 48.272659501 -0.476837794 0.437480108 -0.619252707 -0.444705473 -1.314543473 -1.275141343 0.972120789 1.497010200 -1.730325825 0.249892104 0.258478153 0.794117133 -1.156326048 -1.511037364 -1.355607227 0.738673796 0.971411534 -1.027953249 0.755870955 1.616088875 -1.200749432 1.332091772 0.277834096 0.086864532
0.354081202 -8.656325382 45.704378029 0.425970265 0.260574093 0.418447443 -0.758651575 -0.142238380 -0.661340380 0.191941876 -0.957500121 0.193176276 -0.586006842 -0.276662633 -0.625476970 0.664350346 -2.016019128 0.843525271 0.690898527 -0.128651960 -0.084736695 -0.140587548 0.787610394 -0.715196775 -1.061575011 -0.654665891 -0.757267733
8.725610176 -11.536969298 51.880748092 -0.897765995 0.375604421 0.227520184 0.034235988 -0.230896430 0.335989475 -1.172492405 0.807906672 -0.508761309 -0.431332353 -0.834886023 -0.650965899 1.013171195 -1.385456994 0.121474203 -0.781136329 -0.626370431 0.122926412 -0.877236096 -0.812211561 1.683131780 -0.326870067 -0.475238418 -0.168677725
17.485847681 -11.415565942 39.242293413 -0.790541443 -0.312103219 -0.501762793 -0.160841247 -1.171877854 0.250284170 -0.473866448 -0.400648343 1.099924074 2.201705020 1.007125609 0.881596171 -0.901559030 0.197883045 0.327561308 -0.226773581 0.319077670 0.626408507 -0.235370866 -2.327865899 0.404118445 1.235007059 0.134506689 0.370854095
8.950639534 -6.291342366 40.182601615 -0.136511016 -0.328529151 0.933503283 0.044776772 -0.913467448 0.357670651 -1.430125338 -0.235737816 -0.384141759 0.154257332 1.592183334 0.735027094 0.800807092 1.135337434 -0.022336048 -0.182574148 0.695917721 0.264774045 2.383395605 -0.936394941 -0.284107613 -0.909290428 -1.533362377 0.003103436
12.289480981 -14.281631413 41.251953114 -0.012572971 0.243243934 -0.563057288 -0.789709313 -1.637553969 0.474199421 -1.108376456 0.221525821 -0.518263420 1.037717526 0.417257969 1.936812084 1.436651176 2.306930509 0.185543581 0.047755753 -1.591306550 -0.126962521 0.259418556 -1.447620733 0.769532200 -0.084581576 0.463333946 -0.142781771
11.000143125 -12.957722432 38.407588045 0.249627053 -0.620241109 0.251156677 -0.699934015 -3.245411660 0.232046606 0.698971322 0.196492657 1.148644800 -1.190249523 1.212750972 -0.243928096 0.647374494 0.635513202 -0.721577874 1.096379582 1.418496146 -0.585362418 1.371037437 -1.494347272 0.778656608 0.470448539 -0.247687296 0.496876635
5.368244737 -18.074832488 41.346909019 0.788521987 -0.576954703 0.171499151 -0.126271087 -0.866027876 -1.084920362 2.078660824 0.950137060 1.696374772 -0.151469569 2.111972830 -0.117382388 -1.564521327 -0.886968258 -0.331161339 -0.138735201 0.246479549 0.532135620 -0.869796077 0.717137145 -1.161307327 1.575598378 1.017114512 -0.551612381
8.302734874 -9.296099577 46.760963537 0.868151168 -0.488896559 -0.043674457 0.073391044 -0.162035787 -2.278468416 0.581408322 -0.334595790 -1.456464834 0.397016545 0.607673979 1.577380132 -1.573617449 -2.176255536 1.394402299 0.324780577 -0.677047573 -1.191386953 0.510046203 1.895449588 0.552377090 -0.713577532 1.065877503 -0.918097445
9.428424728 -3.380507865 41.319750842 0.700492465 -0.581723797 -0.230653061 -0.343084386 -0.486610182 -0.909852987 -0.658763780 1.497294750 -1.299794513 -0.954999856 -0.409149857 1.174664333 1.957404739 1.434730592 1.596277210 -2.616625752 -1.147892305 -0.054647887 0.107690532 -1.776267423 -0.730074783 -0.573508263 0.853513077 -0.399880820
6.899463477 -11.886780236 39.080658857 0.835558692 -0.330240165 0.413690408 0.147116793 -1.129261337 0.122265300 -1.484224519 0.615946594 0.041954683 -1.155058733 0.663175025 0.023716178 3.133287825 0.833539135 -0.164530084 -0.753794669 -0.380730707 -2.454167142 -1.703645369 -0.636240534 -0.734819036 0.261383507 0.850969148 0.155846476
8.473177467 -17.523813338 43.596258300 0.577823582 -0.536504803 0.456993685 0.411630023 0.798246277 0.015162295 -0.665520171 -1.561653342 0.527642489 -0.289137857 1.235550569 2.160733715 -0.353000104 -1.015655684 -1.056469086 -0.119156641 -1.445445093 -0.860541425 1.951346964 -0.953097147 -0.059700621 0.576155026 1.679959781 0.899012588
7.351783209 -5.369347557 45.749787451 0.352864384 0.546979384 0.127362757 0.748384265 -0.461360263 -2.070894218 1.269010863 -0.282056547 -0.339123639 0.349937601 -0.207035499 -0.707985925 1.679802065 0.688286472 0.203379147 -1.066423327 0.088813824 1.721428169 1.029587338 0.268014588 0.864890026 1.079716048 0.949956716 -1.168084133
18.221766344 -14.318787470 42.800164880 -0.253062657 -0.696921271 0.270385544 0.614126772 -0.438841268 0.997336428 0.010005170 -0.321884162 1.801913672 0.132684099 -0.992863708 0.510736455 -0.426856239 -0.828680492 0.317183524 -0.390219609 0.048548575 -2.475748687 -1.323413966 -1.235122277 -0.969299479 0.985490937 -0.293886881 2.293575455
9.907951374 -11.713554201 41.917745322 0.834540285 0.070970532 -0.384224962 -0.388428725 -1.179332439 0.384895939 -1.726548678 -0.973235617 -0.026815764 -2.448976934 -1.415713209 -0.369474773 -1.117835454 -1.041873736 0.148794630 -0.265184716 -0.057301041 0.616383960 -0.455246054 0.936600977 0.386305338 0.983246716 2.429639718 0.377746864
6.537852332 -10.923665125 33.905640161 -0.550459494 -0.129828547 -0.691047012 0.450103235 -1.304065675 0.422879533 -0.029835033 0.781439274 0.922899683 1.023003646 -0.651549230 0.242497368 0.239995126 3.339723926 -0.019971636 0.785577941 -1.284912957 -0.444439480 -0.669605129 -2.323918908 -0.243511394 0.068639546 0.650543362 1.315092497
7.689489198 -3.182214169 41.607014676 -0.229468097 0.800453339 0.494671282 0.248835623 -0.448952281 1.710515227 0.119692098 0.394124374 2.522433386 1.220604635 0.708458702 -1.156100945 -2.267298608 1.506648073 0.821493525 1.346398316 1.509158394 -1.264035400 0.199971764 -0.205486023 -1.672208869 -1.508663509 0.822918415 -0.666130006
5.987178766 -3.027795374 40.919324649 0.518733832 0.745994437 -0.340645602 -0.241594879 1.251329269 -0.447710829 -1.615914793 1.386955273 -0.717484976 1.077386088 -0.944185904 -0.265886314 1.067415990 1.808231711 -1.942330595 -1.547412175 0.956004410 0.406915636 -1.171348818 1.981016665 0.894274111 -1.794404129 0.734422308 1.065250654
5.947502406 -14.237086195 42.231995605 -0.008582126 0.416624695 -0.903495647 -0.100228876 0.105434460 0.156281841 0.149720381 1.295899388 -0.210141941 -0.601752144 0.669918204 -0.131607464 1.348461154 -1.885096273 0.673530878 0.324770249 0.499430102 0.499925856 -2.142370468 -1.301944798 -0.396471258 -0.692329254 0.348565910 -0.643233250
5.136125529 -10.947312736 45.645001288 -0.694165312 -0.625387536 0.259878098 -0.243902282 -1.157978609 -1.011138018 0.582837896 -1.206839488 -0.426884407 -0.184327486 -0.158450722 -0.721384352 -0.815834555 0.576246168 -1.509798627 0.882877145 -2.231767643 -0.153955583 -0.035951355 -0.240085304 -0.363524986 -0.001245948 -0.825785961 0.793250840
13.779138572 -9.080315540 46.594472299 0.710132624 0.354536357 0.009236797 0.608218965 -0.296175183 -1.965211117 -1.335024155 -0.301391611 -0.213449672 -0.854814401 -0.059996646 0.563013770 -0.110999413 0.195090630 -0.924572099 -0.566899993 -0.080897176 0.101338972 -0.148425080 0.596515993 -1.205854202 0.758236922 -1.568553345 -1.556015770
13.108322158 -3.106296160 39.200902633 -0.294147647 -0.533026838 -0.499696919 0.616167624 0.478996580 -0.319764213 0.054681851 -1.700495896 -0.617833039 -0.858606400 -1.102222402 -0.296842255 0.985422768 -0.585371033 0.862146014 -0.631749184 -0.560996163 1.007273197 -1.467697358 -0.329361562 0.950208560 -0.245199467 -0.222506703 -1.314817352
7.705732529 -5.673376997 37.997972135 0.304801276 -0.527373636 0.792356834 -0.033821259 -0.942191135 -1.707848524 -1.135740679 -0.358801715 -0.863557455 0.316303762 -0.671382913 1.225049316 -1.289003090 -2.027473083 -0.445310746 -0.214471055 1.466503822 1.162248642 -1.718821766 0.263310253 1.372008935 1.775068130 1.889156822 1.392358013
7.125512085 -15.451071802 35.224693576 -0.754677977 0.053898046 -0.192724197 0.624830806 0.705197672 0.781554421 -0.108045556 -0.763300370 -0.546354377 0.612529889 0.915703716 0.991311595 0.223918201 -1.221053657 0.692332857 0.258481348 0.478018104 -2.772982749 1.367207003 -0.070206629 0.322192120 0.430704567 -0.914399965 -0.693541585
11.021552327 -17.493520160 42.377767940 -0.196684381 0.317679539 0.900974814 0.220543307 1.206306835 0.033604697 1.293244527 1.370620878 0.913450914 -0.034243672 -0.432143430 2.281464644 -0.882642550 0.785883909 0.140407487 0.329843362 -0.897800548 0.541200337 -1.205328288 -0.953110575 -1.154178168 1.953621879 -0.214556979 -1.614977880
1.039480369 -10.619309362 44.830862947 0.216290985 -0.347072629 0.671868085 0.617537105 2.405238481 -1.524389034 -1.012825473 1.508097365 1.210501245 0.653434324 0.189824119 -0.830937892 0.680193480 0.129207949 -1.235512754 0.246996202 1.031774893 0.769443385 -0.299239199 0.714221412 0.523966028 2.166419393 0.218956557 2.521481601
5.466212182 -15.594874909 48.640687237 0.397814694 0.768374897 -0.466501041 0.183630788 0.105446611 -1.045235536 -0.275365720 -0.375239730 -0.473105143 -0.370551701 -0.584995850 -0.356047927 -0.166756067 0.380493118 0.558733112 -0.798351382 0.529890088 -0.987900125 1.584830557 -0.774131091 0.706629397 -0.563311162 1.494898612 0.330591214
6.405891137 -11.906976530 35.375803506 0.065826952 0.684186074 -0.567445291 0.453389534 -0.465416819 1.117790628 0.398500544 -0.873019941 -0.168942050 0.992112341 0.853210662 2.319855053 0.084708444 -0.290289329 0.731109339 -0.781634907 -1.296497723 1.095012982 -0.721488501 -2.352435922 -1.783521259 -0.621411926 -0.554243591 -0.052468748
10.768617682 -7.870273767 43.210366141 0.624630211 0.658919603 -0.397720813 -0.132212750 -0.922363153 0.601889358 -0.957426926 0.233302812 -0.543508362 -1.316654510 -0.415902932 1.433172404 -0.273024059 -0.061325492 2.375829214 1.037122455 -0.353631268 -1.835772610 -0.334008919 -1.145553618 0.184867303 0.003114126 -0.233576209 0.933755175
6.318161844 -4.344893653 49.257610994 -0.324099064 0.554728025 0.349215401 0.682118185 -1.917935822 -0.638182874 -1.131825831 3.289282160 -0.158278121 -0.591482292 -1.882521940 -0.543206451 -0.898087387 1.381964976 0.654391315 -0.700788042 -0.277698143 -0.386716658 0.388603272 -0.290742077 -1.011460683 -0.389581773 0.355972402 1.313129073
11.794060685 -11.867189017 38.021624139 -0.769390405 0.525731074 0.358305879 -0.057115149 1.693962341 0.510153220 1.006308720 0.324282103 0.133524971 -0.836292287 -1.691113268 -0.364685635 -1.978662906 -0.727749337 1.290989441 0.017268754 -0.409998452 1.029557366 0.488196742 -2.317386490 0.429566082 1.438012372 -1.125375702 0.752319251
14.505044501 -10.261974128 42.100008218 -0.243936240 -0.699250715 0.276042271 0.612653419 -0.269056708 -0.580278695 -0.893907293 0.540045976 0.768356598 0.065401987 0.378645883 0.999967193 -1.794218708 1.221600965 -0.943487275 -0.112190148 -0.423684828 1.602021557 0.354438603 0.122998796 -1.669624925 0.569344166 -0.133976232 0.562091960
6.101694468 -9.326654403 44.332097957 -0.232270310 -0.013126055 0.449737623 -0.862330725 0.368830288 1.225850443 -1.182867751 0.540111874 1.063369925 -0.262399521 -0.428823106 0.212667715 0.966214461 1.077186717 -0.546134249 0.684549135 0.757709074 -1.017956978 -0.857519900 0.079384488 0.473301584 0.505689638 0.587241191 -0.161046867
4.265061245 -5.510865004 37.629354241 0.419174699 -0.060173483 -0.848979353 -0.316078759 -0.937434382 -0.063411038 0.826629168 0.733727627 0.805492518 -1.201107065 -0.779319318 -1.439919535 0.018080153 0.712291933 0.033065043 -0.113967181 -0.444851006 -0.126071644 0.067341347 0.475986051 -0.985643404 0.353077805 0.840267988 -1.118241338
7.139946880 -5.716198532 46.289168203 -0.846567835 -0.511345048 0.054037939 0.137582861 0.249480290 -1.048728360 -1.481428895 -0.011783415 0.505249879 -0.805705232 -0.376655375 -0.038428843 -0.168086155 -2.367915976 -1.378132862 -1.743385488 1.667734399 -0.923510268 2.018543638 -0.252165704 1.656448675 0.207685322 0.152890737 0.599734467
13.663810232 -11.826974138 42.513824846 0.678047892 -0.159733298 -0.672647054 -0.249564161 0.828383113 0.919700451 -0.266672317 0.184843116 0.025063043 1.268191996 -1.575099077 1.433617484 0.761311531 -0.247040233 -1.493715718 0.879571115 0.369684021 0.243986556 -1.091023176 -0.759091832 0.278066731 0.700954737 -0.507759342 -2.139088913
7.047469667 -4.537837052 49.704162423 0.437160338 -0.041828155 -0.122762122 0.889983542 0.717407436 -0.256219697 -0.046675105 1.287380514 0.861556893 0.331539563 -3.132743754 -0.503568163 1.385747464 0.959729668 -0.504148974 0.792987096 1.530249471 0.660365201 0.313887894 -0.160567286 -1.131555334 -0.249756227 0.469486127 -0.943734212
13.208048238 -4.342297475 45.230529899 0.165741140 0.579187025 -0.029309069 0.797629766 -0.537282481 -0.986098595 0.890006365 0.547458407 -0.103986248 0.423187676 0.662615863 -0.928433846 -0.226134730 0.506740815 -1.250209862 -1.173391656 1.056260043 -1.164658705 0.668117195 -0.031820828 -0.771979900 0.822738202 -1.262720311 0.646437145
5.811067551 -15.137368535 45.302252046 0.769615775 0.015093141 -0.253543203 0.585815329 -0.324725324 -1.512332363 0.261459927 -0.048380973 0.931003746 -0.832975142 0.574255648 0.612697471 0.504343449 1.499282548 0.549704534 1.077452952 -0.131617913 -0.571808693 0.694998876 -1.256543292 -1.364680173 1.651655879 -0.284091694 -0.424161614
15.969001727 -8.811355184 39.383060615 0.739278858 0.330927673 0.030226996 0.585696145 -0.095156415 -1.301320623 1.164762414 0.979534183 0.778172940 -0.871158556 0.178359309 -0.884217315 0.780293783 -0.435053498 0.438696226 -0.762303280 -0.739165904 1.539953385 -1.015332716 -1.085832034 1.847840442 -0.165256772 -1.888608327 0.260569183
12.034050079 -16.695786449 46.476498964 0.794116532 -0.418206712 -0.290643050 0.331675591 -1.624232370 -1.415987245 1.721546206 1.176475825 -0.635412436 0.356264561 2.750156159 1.131837595 1.543264167 -1.223663824 1.170079722 -0.422760453 -1.941307537 -1.824572269 0.166410891 1.371942441 1.116841331 -0.502919515 -0.406557789 0.428343310
7.283935247 -13.455125820 52.184666348 -0.231964314 0.040473600 -0.830528228 0.504754701 -2.070495604 -0.490785884 1.463715565 0.948204701 -0.567003752 0.948076478 1.309446386 0.861485321 -0.146062820 1.599884330 0.187159875 -1.170327995 -0.595655637 -0.915816206 -0.650710917 -0.924331526 0.643686938 -1.636294332 -0.260178390 1.038491702
19.305715661 -9.226205539 44.078979100 -0.734322759 -0.265665341 0.624278884 0.021630700 1.204081021 0.332211792 0.942936996 1.458427439 -2.145864714 -0.730322376 -2.267180810 -0.982423264 -0.393753517 -1.313312817 2.845025522 1.527956412 2.130442850 -0.582674401 -0.362815956 -1.252148124 -2.108099211 0.004291586 0.261411978 -0.173143563
9.193205956 -7.873910658 47.913642943 0.103023293 0.185585416 0.944144706 -0.252061559 -0.681909505 -0.155896265 2.276644357 0.368711083 2.630781498 -0.914009078 0.826257900 0.351730780 0.230495737 0.210943579 0.174701525 2.016312304 -0.243542332 -1.212555372 -0.807983078 0.002271970 -1.874636277 -0.321392214 1.166952077 -1.453874638
6.902069528 -10.694116296 37.398835020 -0.554425857 -0.823526153 0.108224591 -0.052000800 1.380694087 0.564872917 -1.003444833 1.448191997 -0.330272274 0.098071355 0.653753210 1.108534536 1.238382945 2.481430669 -0.124353674 0.808872262 0.675812907 1.232114832 -2.051767368 -0.682784671 -1.311614899 -0.472484662 -1.735752830 -0.526413681
8.558202967 -8.592480834 51.761690125 0.059671865 -0.350309793 0.778179432 0.517840794 0.151380779 1.688344405 -0.530589678 -0.195152611 -0.164717277 -0.508868625 0.859904284 0.449669712 -0.976838682 -1.065698379 1.173489897 -0.326622371 -1.146901976 1.216510851 1.539879304 -0.812433755 1.115474592 0.221596133 -0.422067143 0.885971723
7.860818518 -6.310674086 43.665894252 0.451438333 0.026393910 0.792979202 -0.408277820 -0.342019392 -1.135072841 0.612762459 1.014947053 0.771059352 0.752078828 0.626811109 0.554096352 -0.958639889 1.821526205 -0.323371092 -0.352015839 -1.468569062 0.022501861 0.598749818 -0.845913960 1.075522636 0.245454588 0.379467768 -1.135790400
3.155721150 -13.152332847 47.977624036 0.146940741 0.272538737 0.940556713 0.139585550 0.893479042 0.079761256 -0.352814349 -1.338771379 1.191066213 -0.794483988 -1.799510550 -1.221642436 -2.360494539 0.883127272 -0.236112133 -0.333170513 -0.238741278 0.257067843 -1.380485072 -1.684154111 0.633503745 1.362408854 -0.023938333 1.363955183
9.019420556 -17.816627194 38.860461019 -0.788420430 -0.590400911 -0.055193814 -0.163626505 0.275058031 -0.078522309 -1.522945678 1.799804588 -1.221632112 2.361932123 -0.067289956 -0.521813545 0.763656341 0.162182509 -0.666638216 0.651234330 0.493622412 0.261541938 -0.791636349 -0.647947147 -0.087222543 0.468992845 0.449976461 0.268339367
4.563408526 -15.395651674 48.275685995 0.126863438 -0.632768220 -0.369084696 -0.668794838 -0.060800634 -0.626316429 -1.323860829 1.877513577 0.475920376 0.304918014 0.349056849 0.613977697 0.039351367 -1.451743007 -0.115200421 0.006506650 1.510522231 -1.239791252 0.344289498 -1.151518923 1.016182070 -0.740621123 0.895055121 0.163092161
18.410946834 -13.295561396 45.955470054 0.179819357 0.404922832 0.020387759 -0.896262706 -1.332433078 2.070881332 -1.352277650 -1.271831155 -2.600341612 -0.085400247 -0.065904443 1.793492504 -1.092210210 0.228934887 1.536246003 -0.484963838 -0.254627569 -1.273762071 1.569269372 0.233236275 0.583745364 -0.337392226 0.142295539 1.444729420
4.310349489 -10.546345097 49.078092262 -0.327672023 -0.071605622 0.690996036 -0.640334412 1.682710380 1.284224995 1.757841141 -0.359214935 -0.918128096 -0.653331797 -0.563211667 1.101562105 0.394102042 -0.406655142 0.973548773 -0.200858779 -0.912892880 -0.583078922 0.356153529 -0.713999721 0.960858872 0.282004684 -2.321168495 -0.072800912
14.054453132 -5.617711084 42.294161279 -0.350555114 -0.480065820 0.014334782 -0.804016439 1.074214866 0.476430935 -0.997568672 -1.741725857 -1.080051709 -0.059035122 -1.123546877 -1.433129846 -0.976151781 1.231347729 1.220011609 -0.724013666 -1.356177554 -1.788799532 -0.947158869 -0.762994506 0.218638926 2.470543932 1.049805944 0.361948306
8.999629763 -14.838751785 50.926746626 -0.644314849 -0.493759138 0.458584863 0.361607816 0.638905951 2.334334084 0.818426006 0.707596776 -0.125968021 1.385091924 -2.041124583 -1.385609938 0.086677737 -0.034490672 0.217098057 1.276851580 -1.103589479 -0.895670975 -0.358625865 -0.131099511 0.743751975 0.278922251 -0.613629482 0.309739520
18.466635853 -11.324166232 43.683392038 -0.118769996 -0.610142591 0.087050874 -0.778486899 -0.662076904 0.861440116 -1.089608403 -0.150791415 -0.831104169 0.576590355 2.871503771 -0.244158868 -0.808953567 1.423155563 1.301418413 0.353001831 0.732063013 -0.356228266 1.526281822 0.531847241 -1.185470653 0.867197664 -0.134340110 -0.392216870
16.357889433 -9.978493699 42.625221633 -0.832352965 -0.004555241 -0.554202136 -0.005270990 1.356115410 1.189752718 -1.364908367 -1.404363647 -0.362585083 -0.887820085 -1.714829666 -0.943359570 -0.832287258 2.612229242 1.219763448 0.528781046 -0.202071690 0.896560425 1.936158580 -1.824039469 0.534272465 0.708713036 -0.228355647 -1.028492443
13.586282285 -3.654587760 43.260863768 0.855190821 -0.292664527 -0.335970331 -0.264801946 -0.340619686 2.520197302 -0.536415858 0.107311884 -0.006376828 -0.023494778 -0.341240234 0.546098656 -0.024270467 -0.674373962 -0.313388282 -0.285350542 -0.981362057 0.120992222 -0.453994385 -0.824256981 -1.471866800 -0.904166655 -0.602688994 0.097912377
6.086670031 -2.788887961 42.199655487 -0.473140468 0.235144518 -0.203729869 0.824220416 -0.583907300 0.762819921 -1.302849528 -0.995005130 -0.520395774 1.075084828 2.039411385 -0.568556561 -0.389144570 1.956894919 -0.589753197 -0.399717393 -0.630100982 2.617489435 0.338009289 -0.839448561 0.618631881 -0.614460061 -1.433220582 -0.143527405
3.372411751 -13.156690616 47.678458676 0.850585312 0.030647090 -0.400560507 0.339288466 -0.882455726 -0.113963419 -0.152124538 1.323684530 -1.743133079 -1.066669734 -0.063592180 -0.221638059 -2.580028138 0.281496707 1.060673790 0.445322621 -0.636786829 1.904814364 -0.607957055 0.624758456 1.035121652 0.891708096 1.045941906 -0.449255275
1.914917613 -9.239342261 49.401839943 0.210012387 0.887770585 0.315598543 -0.261066554 -0.197419725 -0.455632647 -0.772875806 -0.017175578 0.165428214 -1.095278086 1.082981989 0.088591357 -0.727385742 0.631789056 -1.047049607 0.748599110 -0.265024640 -0.506357949 0.977865483 0.548304911 -0.213332182 -0.569929340 0.991200037 -0.754411697
13.875261023 -15.775335271 42.168114478 0.426104706 0.067967326 -0.812058909 -0.392906541 -0.072572988 0.618986880 -0.497540230 0.921375286 1.420394013 -1.448602829 1.714392162 -0.286113352 0.772957631 2.453020302 -0.275725711 0.129328553 0.324384076 0.456021533 0.288430701 2.351050400 2.521584169 0.809656359 1.281159266 0.312490450
10.117735775 -17.291873973 36.909850707 -0.501934518 0.850301957 -0.016844871 -0.157367636 0.769652072 -0.747978645 -0.971533605 -0.111467388 -0.706533334 -0.465166476 -0.062651246 -1.061567029 -1.055824424 1.798580582 -1.551575198 -0.468038447 -0.602052675 0.047852599 0.205139014 1.097610580 -0.074784938 0.989181438 1.012657666 -0.728076730
12.171748249 -8.041252753 42.867774377 0.412521941 0.041664544 -0.754757420 -0.508361044 1.247911503 -1.344317785 0.775912337 -0.779549779 -0.738973656 -0.557314085 -0.106612054 -0.206817287 -0.161180768 -0.403147499 2.336201238 0.095717675 0.595657591 0.185078413 0.350894408 -0.993388587 -0.654249110 0.701370473 2.033286596 -2.084631285
4.889480373 -16.256855549 39.323757333 0.483176497 -0.810721911 -0.167618197 0.284911559 1.153869102 -1.177392513 0.615879086 -0.633991683 -1.266051879 0.410351187 -1.272622978 0.143908034 2.250414118 0.568159716 0.371989423 0.624928464 -0.713521454 1.945489033 -1.032331975 -0.148746283 -0.017233852 -0.873365510 -0.996454393 -1.295421511
12.892944824 -12.374807949 46.323743484 0.334180840 -0.870297949 0.360103651 -0.035071459 0.457997715 -0.364741830 -0.807102501 0.240923954 0.068970739 1.114740569 1.424170925 -0.122135509 1.567608321 2.083751811 -1.547088592 0.715347701 -0.213439412 1.195532876 -0.269645941 -1.406918091 -0.872456661 -0.813715321 -1.587866364 -0.622084582
8.105707121 -6.563113617 49.929628325 0.563603248 -0.346647398 0.733967156 -0.153229155 0.349193321 0.833329953 -1.693646021 -0.585828312 -0.851160232 0.589935876 0.458269897 0.110561110 -1.574134964 -1.367090484 3.280752261 -1.815934148 0.540192654 0.276360543 0.150227193 -0.022468373 -0.826761428 0.437550411 -0.064648657 1.204892391
10.827074759 -7.267239330 38.725199414 0.506780582 0.335053667 -0.233627248 0.759164535 0.645345749 -0.310874414 0.730961017 -1.466542002 0.310215331 -0.454701278 1.058647796 1.052838157 -0.551863402 -0.757209875 -1.845725626 0.767799896 0.943667108 -1.371299573 -0.375454077 -0.832395040 -0.975405607 -1.048727666 -0.283896713 0.002966743
18.021099518 -8.194416066 41.272489380 -0.520348632 -0.059009633 0.776464964 -0.350510092 1.134862401 0.656022162 0.793783721 -1.602554903 1.463144584 1.614385248 -0.292971440 0.462558721 -1.509310362 -0.275839904 0.648804042 0.081391092 -0.480036956 -0.069625331 -0.227244013 -0.050194649 0.062139904 0.464913926 -0.498117519 -1.124496615
3.312132950 -9.866125773 43.073262795 -0.059182590 0.295258672 -0.667108061 -0.681385774 0.452870938 0.287365845 -0.007825698 1.263733893 0.320041127 -0.391104312 -0.210312412 0.854003413 0.205407256 0.976149786 1.424263231 1.050751505 0.582663491 0.726304540 -0.095290912 -0.459203353 0.280562159 -0.431415604 0.044058810 1.689369964
10.620587485 -15.735066156 46.996236264 -0.080029878 -0.248092283 -0.326979666 0.908366520 0.829201144 0.989857788 -0.374055150 -0.467193261 0.757162765 0.051013721 1.412467602 1.110271264 -0.934777881 -0.922745095 -1.020829045 -1.320825192 -1.506312979 1.700190182 -1.783735824 -0.211387404 0.121203693 -0.075870540 0.876213425 -0.392033592
7.609428200 -8.902383056 48.980085725 0.206742302 0.278038120 -0.291829374 -0.891508856 0.532095129 -0.504824438 -0.101611780 -0.122672920 -0.942069324 -0.425451454 0.621295285 0.404218717 -0.287033193 0.192084387 0.753817505 -0.024821120 0.580039446 0.135775998 1.610140640 2.469891920 0.488282038 -0.622391494 1.079472254 0.755806513
11.286348466 -10.954057653 49.873096629 -0.091923537 0.136361287 0.513455566 -0.842210808 -0.451317226 -0.002429778 -0.733114846 1.452839876 1.063806470 0.970674616 -1.363442032 0.378481093 1.325999880 -0.344764291 0.765111623 -0.017905694 -0.148503995 0.068489653 0.116101380 -0.030789272 1.057439746 -0.317633817 0.135135698 -0.316373407
7.426507779 -1.149362279 45.771287638 -0.708395518 0.274746345 0.607180746 0.232425856 -0.756298470 0.898481665 -0.997991277 -1.185187600 -0.667159153 -1.327225989 -1.017244536 1.358233355 -0.698998414 1.050575899 -0.593136005 -1.576332974 0.113928045 0.509434853 0.634970098 -0.689788155 -0.455813770 0.803744709 1.296873199 -0.566351290
12.172405633 -11.724228690 48.485574715 0.481702269 -0.752145422 0.079435765 0.442639975 0.212315957 0.793353430 -1.365914233 -0.359328515 1.600297564 -2.397537235 2.612327674 -0.999217725 -0.235638095 -0.865493865 2.398886038 1.684308547 0.505404197 -1.397516556 0.173087206 -0.532167301 0.638988870 0.555981315 -0.558738540 0.786253706
15.181345534 -17.317271496 45.510481010 0.201636006 0.883772621 -0.414668137 0.079619163 0.473966483 -0.990045354 -0.343767150 0.235643032 -1.235346718 0.925811481 2.307099553 0.411059481 -0.302397617 -1.310395665 0.562540423 0.263036550 -0.528578500 -0.297537546 -0.889265009 0.507199411 -1.666998853 -0.312293399 0.301729810 0.201674645
11.459069003 -15.885716926 42.602858069 0.752181255 0.443528730 0.076128222 0.481362772 -0.007692458 0.688322334 0.963023648 0.193113772 -1.102500433 -0.171280056 1.208917958 -0.934733997 1.411172233 1.626286769 0.112344160 -0.974645012 -1.508755574 -0.661628303 1.076101238 2.202867235 0.929644567 0.040480167 -1.583141822 1.738507506
10.456962892 -13.172664978 51.990234423 0.317987548 -0.439954618 -0.788029453 0.290402194 0.514255225 -1.386452952 -0.673136477 0.419270222 -1.575188628 1.085878122 -0.604862883 1.492999812 -0.975782551 1.273759376 0.052864594 0.597257561 -0.027201626 1.241918774 -1.739870338 -0.501692323 -0.012445657 -0.223762574 0.098583527 -0.797993910
13.347575508 -14.648723791 47.970872913 -0.265422347 -0.251307561 0.924941980 -0.104296795 -0.274947691 0.481289145 -1.078773150 0.439762576 -0.267123310 0.312581407 0.613137899 -0.977950226 0.318675818 0.509196478 0.177065293 1.247692807 1.985002222 1.312608531 0.381495270 -0.171947332 1.026129782 0.761679381 0.448744240 0.389989647
7.316628742 -9.832826739 50.310121955 -0.178640765 0.542540962 -0.791044460 -0.219055799 0.180046457 -1.654373220 -0.403452022 -0.214592722 0.599357344 -0.462696413 0.125148209 0.385167939 1.368170951 0.299190410 0.437409489 0.122056428 0.381850323 -1.121199851 1.492804126 -0.062846864 0.526187481 0.749540790 -0.210769388 0.087395970
13.994558951 -18.891894053 42.346293464 0.361306309 0.857881611 0.306849672 0.198343571 -0.876901316 2.471607562 -0.334700321 0.438674766 -1.470946886 -0.437611969 -1.072365394 -0.812596046 -0.511642441 -1.535756018 -0.029124037 0.888052161 -0.790359664 -0.665128949 0.330602611 0.603068732 0.566056538 -0.985973013 -1.013328322 -0.838730524
17.994922841 -11.549226251 41.783821486 0.095014399 0.090740503 -0.557821704 -0.819495803 -0.312990857 0.387134239 0.199293078 0.242797501 1.920824068 0.815467905 -0.017835481 -0.308317385 -1.214664582 -0.711724673 -0.601073261 -0.870990802 0.319680428 -0.170013014 0.024348371 0.205182491 -1.645750319 -0.817289405 -0.465720202 -0.029902852
8.041911795 -7.816591641 42.607642261 0.023112101 0.177598761 -0.834793533 -0.520619120 -0.393747188 0.872629635 1.235498707 -0.001602482 0.448049736 -0.700569881 -0.215148730 -0.946578571 0.116777316 0.964426674 0.472495073 0.295639100 0.030572970 -0.858954602 -1.053072887 -0.271791678 -0.743611280 -0.827567618 0.720809008 -1.589904483
13.810547561 -8.775379398 49.674845163 -0.163467113 -0.474600140 0.860807162 -0.083929972 0.273481865 0.990585520 1.294331104 -0.302942012 0.254663662 -0.567623447 0.592211417 -1.533690809 -0.035206045 -1.096526695 0.138309795 0.951392407 2.696587295 -0.960521748 -1.658147250 0.194213639 0.668825582 -0.503442806 0.176963854 -0.481902315
6.006010836 -7.516118671 48.862975900 0.362785102 0.866545310 -0.123479176 -0.319748477 -0.306697831 -1.234493293 -0.144450468 -0.410624491 1.420236348 -1.135158006 -0.146262133 0.324706607 1.596083808 -0.024773370 0.880094579 -0.212681028 -0.426696601 -1.992701855 0.282257495 -0.015428284 -0.750227547 -1.689355816 1.342292746 -0.121562893
7.859758504 -2.580113592 46.506003164 -0.159208603 -0.392311030 0.658188661 0.622520974 0.902121451 -0.236832500 0.720072339 -0.010583774 0.628225636 0.075123512 1.414203374 -1.218329012 0.826639447 0.395219243 -1.199262036 1.165460256 0.982061191 -0.480466586 0.777117863 -0.732441288 -0.628911323 0.542487307 1.571920364 0.429226430
0.696499482 -9.933806894 40.664954553 -0.103762180 -0.521168487 0.845603657 0.050707721 0.271071047 -0.182206236 0.739426017 -0.025837667 0.650147327 1.975023366 -0.932153477 -0.702927182 0.783584210 -1.051211673 0.003361554 1.357958070 1.466717985 -0.150823686 0.080455062 -0.505762842 1.129623563 -0.332575241 -0.055669486 0.478794787
7.624912000 -12.253932062 36.708446392 0.539454072 -0.095658900 0.700669815 -0.457056330 -0.362240386 -0.108332839 1.575190811 1.097211269 -1.531234291 1.419715891 0.053053911 -0.372111643 0.403254366 0.840481061 1.670862198 0.952382572 0.915857260 -0.153431927 0.278242204 -0.772617008 0.084837529 0.136362933 -0.332000044 -0.163564456
4.585512099 -9.603354214 44.986095623 0.028427534 0.785672721 0.340246448 -0.515890109 -0.376550723 0.687692061 0.574417913 0.086840796 -0.601794551 -0.695951685 0.274474191 -1.090251650 -0.618126150 -0.627326962 0.673742611 0.559796148 -1.412458629 1.841518025 0.108447569 -1.431559388 1.006924680 0.350768658 -0.801202780 0.712190151
9.066427558 -9.256690862 43.267986786 -0.186607222 -0.050479017 -0.724732467 -0.661356534 -1.534714822 -0.369695958 -0.869788213 -1.656916751 -0.549774164 -0.906553780 0.501097650 0.185472661 0.695957740 1.584985847 2.078550893 0.932166973 -0.357877965 0.217120519 -0.129267999 0.836998523 0.777870910 1.088059151 0.249773620 1.015193778
10.347767743 -15.515406596 48.766767902 -0.439911862 0.339588210 0.730353004 0.397167333 -0.429363144 1.218295053 0.843938684 -0.591759419 -1.049809155 0.597845076 -1.228037089 -0.115375214 1.111093080 -0.239838204 0.154356202 0.236650827 0.224846661 -0.076229192 1.016543130 -1.568952452 -2.669503733 -0.606018247 -0.573814526 -0.784195812
10.150325774 -7.867429325 48.747264644 -0.866883530 0.246214489 -0.359614483 0.242009907 -1.432691794 -0.363108778 1.303623913 -0.121413967 -0.726608576 -0.830276809 0.776494882 -0.560697258 1.147909714 0.220243411 0.485398121 -0.240725943 1.583037035 -1.413685824 -0.569973570 -1.376501492 0.683732597 0.520704080 0.560854225 -1.614365029
9.376460052 -14.682625751 42.506105315 -0.602098171 0.729069613 0.189424794 0.264676293 -1.736741203 0.286584323 1.107809898 -0.774734512 0.655254595 -0.972939346 -0.532690018 1.275484007 -1.190459885 2.754779211 -0.765120498 -0.427169970 1.175540081 -0.737800586 -2.093160644 -0.299802673 -0.296037569 -0.884839564 0.989244065 0.749491578
2.555832756 -7.805567186 48.819180565 0.176838473 0.000786406 0.440268345 -0.880279115 -0.142392468 -0.136611150 1.272442670 0.023544431 0.896756204 0.430763135 -0.680025048 0.275901349 -2.443339258 0.303444209 -0.631118037 -0.869360843 0.469316990 1.973441407 -1.072256557 0.963802364 -0.549557881 0.608255017 0.129552514 -1.875167668
9.056732423 -0.958375075 42.475329495 0.611508204 0.359423696 -0.057548809 0.702538581 -0.818114457 1.225299426 0.818067387 -0.757634008 -1.706172457 0.401951593 0.623819836 0.213078639 -0.774041314 0.778522921 -0.044725962 0.148520849 0.485051618 -0.845655235 1.041417589 2.176633441 0.856524311 -2.318727167 1.199679208 0.906289903
14.719464060 -5.632753949 45.210014102 0.378674907 0.215263651 0.239877802 0.867597554 -1.642015355 -1.120712354 0.583569142 -0.132269509 0.370254247 -0.278802870 -2.620922982 -0.733926895 -1.868162712 -1.697410218 0.561466098 0.656101001 1.070117751 -0.426233777 -3.245150524 0.169950294 0.779459623 -0.445445885 0.067112538 1.544965389
1.688104611 -13.035724469 38.732993241 0.243351563 0.628408588 -0.353209085 -0.648942221 -0.619972033 1.257782303 -0.245416849 -1.181432026 -0.668016793 -1.668542954 0.214401828 0.499475102 0.437794010 0.269328174 0.995305014 -0.585228104 0.126595675 0.210678017 -0.895654524 -1.601749021 0.246265441 2.080021353 -0.167432740 0.547298003
17.003999043 -5.177984305 44.204068604 -0.760892961 -0.039158145 0.616798496 -0.197656663 -1.295435129 1.024806548 0.889291834 0.329652373 -0.190311042 -0.563370500 1.115670414 -0.218418399 -1.152938078 -0.776556858 0.176457551 0.819785369 1.173078195 0.318297954 -1.209519686 -0.830368587 0.876357049 -1.401624452 -0.438648039 0.666526443
16.719990538 -7.638815214 47.867974729 0.703001341 0.619863763 -0.288128707 0.196315761 0.791445587 0.470395779 0.227210493 -0.629315445 0.773415074 0.308651826 0.210614220 0.618843497 -0.709792105 -0.918306142 1.732058954 2.540242332 0.524788570 0.238882005 -0.219977937 -0.232668584 0.451703804 -0.737953165 -0.605523136 -0.549538074
12.985473354 -16.926950491 41.249753715 0.650079544 0.425604097 -0.324154436 0.539612491 1.283294646 0.463443416 -0.697680160 1.819891569 1.303045945 -0.753719271 -1.204207696 0.786307594 -0.719771083 0.301303091 -0.856770934 -0.411672827 -1.779317058 -0.159068950 0.135020901 -1.485186290 0.889661963 -0.475881339 -1.623824874 -1.436571431
9.304723298 -17.775417412 43.111685501 0.057199250 -0.481864395 0.412349193 -0.771040267 0.199912987 1.583518463 0.027371957 -1.275212839 -0.058446961 -0.014246685 1.283608698 -1.243356139 -0.363029612 -1.992106756 0.600730817 -0.951595385 -0.777484909 0.577353078 1.122299646 0.605558853 0.166241281 -1.478661693 0.245075976 1.232257507
7.870585009 -9.420493047 37.640192067 0.376436716 -0.292748485 -0.318968836 0.819055923 0.608419331 0.103992575 0.326236438 -1.535124025 -0.538344719 0.706067293 -0.151209759 0.659965674 0.286227131 -1.279633538 0.439100007 0.614588052 -1.273683753 1.059086886 0.761058380 0.601480554 -0.269136815 -0.265204782 1.134054695 -1.941398518
1.372607121 -7.409638382 44.834046639 -0.557122070 -0.623955568 -0.510775938 -0.198500350 -1.586418178 1.158687094 -1.380176238 -0.441871273 -0.534845420 -0.839585811 0.193385636 0.004115250 0.661609719 -1.109285225 0.458874944 -0.485880203 0.168646888 0.445457738 0.361452126 0.799848479 -0.809125155 0.921737904 -0.555943947 -0.687862994
8.385976475 -12.537345855 42.802216889 0.063337171 -0.338501403 0.588429462 0.731543553 -1.133892894 -0.156716902 1.570249801 1.083244084 -0.324140676 1.378596026 -0.326031152 0.282865883 -0.243499824 -1.083233315 -1.497527749 -1.632321528 -0.961383719 -0.381091798 -0.113471773 -3.054388535 -0.019611040 -0.436276232 0.744015840 -0.125268866
17.681227366 -6.624384004 44.670490491 -0.514564737 0.078570769 -0.804068312 -0.287269761 0.151879715 -1.395956812 0.479768226 -1.315977563 0.724630096 -0.531961942 -0.622765913 -3.370980063 -2.504758228 1.296746032 0.545904844 1.097772226 0.639100610 0.831020721 0.636289096 -0.740260079 1.423128092 1.711739207 -0.337490957 0.435127263
8.730498472 -6.882463800 43.201497643 0.279102522 0.307918248 0.640153231 -0.646136190 -1.919048124 -1.593679351 0.106610895 -0.825016178 -0.240049111 -0.341228903 -1.930974807 -0.250556178 1.505522349 0.989279825 -0.354239240 -1.385883448 -0.804858979 0.143857900 -0.286467440 -0.411856652 -1.235175608 0.223331696 -0.883834053 -0.213829213
4.371579011 -4.855888405 39.980767449 -0.215480283 -0.781562767 -0.584961788 0.023400749 0.272368832 -0.422885051 0.814913018 -1.229529628 -0.237184831 0.724870168 -0.240625057 -0.565292908 0.961792776 -0.043454774 0.484785120 -0.000086318 0.365345304 0.282055653 0.791023885 0.021007729 -0.523851341 -1.881970561 -0.212829986 -2.403471830
4.513792592 -12.231151170 50.723498920 -0.933055319 0.199587718 0.248544208 -0.166728196 -1.448371280 0.479176700 0.206502902 -0.879177331 -0.631116848 -0.221032702 -0.103212542 -0.457842492 0.754434067 -2.040116861 0.320896402 -0.239552770 0.355254645 -0.538774374 -0.758154331 -1.357829839 -0.329942708 -0.751200581 -0.100286989 -1.501110817
6.192409520 -2.149616304 43.666189656 0.722535684 -0.383834318 -0.505401734 -0.274194252 -0.035731023 0.088953311 1.087384689 2.964003239 -0.572902046 0.188921537 -0.978941040 0.230898523 1.389418916 -0.192660841 -0.026027948 0.749915566 -0.489356132 0.285972054 0.919707476 -0.020608333 -1.128305046 1.515195432 0.105698856 0.978139046
8.137973267 -9.624247619 51.655327549 -0.740381193 -0.643631049 0.064769594 0.182701017 -0.216885081 0.608339807 -1.212793835 -1.195203176 0.449730468 -0.201548278 0.227798005 0.204765580 -0.925622061 0.045266994 -0.210812902 -0.200727490 -1.101486025 0.896433537 -0.066112332 -0.479864508 -0.604358432 1.501525342 2.390061304 1.258111397
3.746599518 -5.130552055 38.373792709 0.476040207 0.599905536 0.591390607 0.252499940 1.623930874 -1.181941483 0.512967885 -2.103935852 -1.457568811 0.930483764 0.074003664 -0.029499176 -0.136356792 0.049270025 -0.644462155 0.276514443 0.787151665 -0.106773288 -1.044566710 -0.374270969 -1.954653124 -1.150560655 0.928739528 0.574888924
10.175941811 -9.475609374 47.047262608 0.367894053 -0.759270960 0.028680861 -0.536040095 -0.120410391 1.956744005 0.748132692 -0.702976663 -0.381602182 -0.022831594 -0.565636561 -1.183710395 0.889197546 0.682032220 -0.491982984 -1.888230241 0.344419801 -0.714907038 0.323193755 -0.183445332 -0.153637819 -0.126973818 -0.071663797 -0.521641244
16.853930290 -8.916384946 37.987957019 0.125249750 -0.400392818 0.654268960 -0.629229861 -0.909176525 -2.482564089 -0.261870183 1.067160404 -0.500981012 -0.224058147 -1.143271431 -0.325551558 -0.326844490 -0.640991116 0.023779916 -0.027290812 -0.013404613 -0.074216901 -1.368839008 0.818445716 0.118411351 0.589406538 -0.383731358 0.912596557
4.063633020 -3.474648229 38.812217145 0.653436367 -0.413728069 0.623052245 -0.116858460 0.082222788 1.260137903 -0.008605913 -0.010687322 0.573757590 0.065892780 -0.189502456 1.453200645 0.405548043 -0.642341970 -1.343163577 -0.457126535 -1.156753894 -0.173557745 0.964174741 0.072586265 -0.673735249 1.115794337 -1.963569901 1.070200859
9.726525822 -16.176015562 35.922111680 -0.312528469 -0.638961482 0.702294236 0.028930735 1.116627541 0.842423299 0.684982646 1.092324780 1.419168109 0.664871459 1.056154994 -0.832395072 -0.974460712 0.165062007 -0.397455357 1.355582497 -0.155244254 0.040111761 -1.163827119 1.330182874 -1.577095077 0.150211587 0.530155647 -1.494601045
15.688553447 -12.954418487 46.995841434 0.177546438 0.265830097 0.291031868 0.901727272 1.332289635 -0.413454478 -0.816502037 -0.238633445 -0.649921072 0.716355137 -0.677338004 -0.221211503 -0.653385811 0.895314998 -0.072653791 0.058775880 0.379733858 0.689945348 1.615514747 -0.803033035 0.033218037 0.617758933 1.755031148 1.299380720
2.256007249 -7.781453927 43.459851590 0.038175873 0.571470650 -0.326350891 -0.751970076 0.506504288 -0.358822054 0.844946145 2.347405230 0.906750839 -1.116074371 -0.799297632 -0.866554289 -1.462429531 -0.225307361 1.382447983 -0.849328338 1.075181730 0.589850081 0.904264595 -1.518111914 -1.084771535 0.479948895 0.371947013 -0.774420668
12.189344980 -4.243913960 40.411552745 0.029538405 0.177679162 0.972679074 -0.146468482 0.234438823 1.059840128 -0.434999295 0.004559557 -0.549423977 0.760572919 -0.411667647 -0.133405873 0.176972322 1.164243743 0.150477726 1.367317973 -0.694868708 -0.461330761 1.688764455 -0.509840009 2.495221124 0.555175713 -0.530995200 -0.245138567
8.726030771 -9.719089911 42.801036826 0.275078204 -0.305453404 0.822671836 -0.392735597 0.742691531 -1.446782207 0.292830715 -0.135922442 -0.016401346 0.592825321 0.217680821 -0.921333384 0.967516573 -0.884375537 -0.961998397 -0.456817096 -0.006611402 -0.615358294 0.358829607 0.511428522 0.017005200 -0.378052032 -0.403990958 0.704866551
13.523426941 -10.316472803 42.314409199 -0.906533690 -0.239041510 0.346048776 0.036139601 -1.195753894 -0.658850793 -0.645205346 -1.384090544 -2.618327976 -0.947913743 1.028849758 1.241122823 -0.985452743 2.028535331 -1.525043756 -0.481720606 -0.794149931 -0.769610836 -0.159844882 0.706498497 0.227663966 0.538035786 -0.019260317 -0.465460480
8.216750844 -13.050420886 36.607989985 -0.555098258 0.349976481 -0.231714628 0.718116089 -0.217758839 -0.701418825 1.197720413 0.463637755 -0.354948494 1.308307074 0.397826797 -1.004803129 1.383125210 1.023248337 0.515264494 -2.295163327 1.016593722 1.857121708 -0.517515719 -0.268382036 -1.497932365 0.818952232 0.168749409 0.136658155
9.053377393 -4.863389254 35.577376991 0.276691695 0.051766349 -0.620187124 -0.732208906 -0.617362462 0.699245852 -0.785504756 -0.057875202 2.065736307 1.587361563 1.027662658 1.490445008 -0.540495240 -1.040893813 0.452505271 0.859652338 1.267825798 -2.028822771 -0.920248069 -0.201635468 -1.750939597 1.464495899 0.001453301 -1.394142368
1.295635711 -11.571100319 45.866662572 -0.643358178 -0.617472086 0.355688345 -0.279829019 -0.262901061 -1.298188888 -0.962128856 1.092224581 0.139803571 -1.875420897 0.171719533 -0.217881813 2.447563720 -2.269899505 -0.812157778 -0.989283532 -1.519442627 1.574494478 0.391813798 1.215395882 0.658159762 -0.832928005 -0.413802659 -0.443261103
9.188320305 -9.532346200 47.999203029 -0.812392008 0.492337906 -0.262207075 0.169911923 0.813273838 0.789830814 0.980705588 0.389102170 -1.267414187 0.263383356 -0.675388284 1.056720000 1.092779591 -1.078235081 -0.037494073 1.259594468 0.079507776 -0.923192284 -1.081079528 -0.815838967 1.049164775 0.719554721 -0.043444691 -0.015879125
