22.522555086 -31.052223087 38.654844930 -0.256886292 -0.500059116 0.579643024 0.589884970 -0.128527171 1.135665276 1.474222911 -0.309552015 0.211765240 1.881420495 0.029967182 -1.164795038 0.899935297 0.492305553 0.291894753 -1.849505753 -1.308490065 0.705777723 1.589687268 -0.406574605 -0.496711391 0.770145830 2.083118734 -1.270381435
25.569508272 -43.511615218 33.502841675 -0.127057028 0.073457606 -0.454716627 -0.878460745 -1.010564025 0.350279483 0.320956738 -0.906880213 0.993679221 1.006807574 -0.452852592 0.533668513 1.812399066 0.615247871 0.439628674 -2.067031793 -0.805962514 -0.061597237 -0.067341870 -1.082149429 0.316603585 -0.595415644 1.229316695 1.403309963
23.070056681 -32.132639965 39.718603102 0.742492144 -0.025205582 -0.211333628 -0.635144229 -1.910142730 -0.610598404 -0.788024460 -0.225170398 -0.805539644 1.455216840 1.062973549 0.163435817 -0.311279277 -0.260249256 1.307509564 1.381399622 -0.390393639 2.172599108 -2.329380871 -0.412561289 -0.211888314 1.884672745 0.345555623 1.190740462
13.675578607 -40.869047178 44.016963728 -0.688330643 -0.453835835 0.545749436 -0.149637944 0.086289674 -0.176863284 0.801752804 0.119594157 -0.192626326 0.725688831 1.415144136 -1.824079971 -0.276843760 -0.463599496 0.152759264 -0.566559233 0.046251265 0.209764913 0.827791738 0.179554024 0.791244504 0.595285817 -0.074282247 0.389782840
15.058996000 -31.819446624 38.226988789 0.747845602 -0.618225219 -0.182809523 0.158446243 0.607728804 -0.270910328 0.250694947 -0.234584814 0.197627981 -1.736196651 1.348848469 -0.714428790 0.887273322 -1.205600473 0.790413480 0.010792787 0.513642148 -0.655957240 1.715602461 -0.576843363 0.108994974 -0.223054920 0.196819323 -0.551808026
18.775765410 -33.880976142 34.333946260 0.970323587 -0.052870619 0.084276740 0.220395701 0.164211780 0.796879686 1.014985474 0.111339536 -0.213474372 1.227472653 2.712108818 -0.075156180 -1.181063158 -0.226280249 -0.475203981 -2.539692841 0.068504071 -0.823796078 -0.665719041 -1.604070465 0.023223668 -0.402942047 -0.054790388 0.729528864
18.202562408 -36.820600596 45.843534686 -0.154413723 0.476784490 -0.690508482 0.521565901 -1.379601218 -1.471766783 -0.255216372 -1.232732516 -0.464872459 -1.377046085 1.298882635 0.508014717 -0.288195920 1.389887405 0.712727379 0.653483775 0.111740959 0.108468401 -0.702222488 -0.679776108 0.427401242 -0.273865036 0.961912457 0.740713836
17.668786286 -35.082933900 40.337573059 -0.629165246 -0.258443811 0.554058528 -0.479976081 0.908513404 -0.222122975 -0.179003010 -0.657042979 -0.426742559 -0.723000452 0.288926614 -0.102701959 0.250577228 -0.253680649 -0.351088696 0.157783340 0.566281880 1.509248298 -0.823322944 -1.036499373 0.617958276 1.890039023 0.765232726 0.564813253
22.160020169 -38.232951765 39.359268977 -0.011813962 -0.558986052 0.805201928 0.197597772 -0.837615797 1.668774773 -0.870828101 0.630385420 0.893191348 -1.266027565 -1.029083526 0.772129965 -0.460320792 -0.538141994 -0.745011907 -2.088416368 0.718529255 1.105191967 -1.115168726 -0.325875977 -0.893055596 -1.817496158 -1.523773010 1.611110586
16.287406343 -32.604187269 42.339265459 -0.057540276 -0.450939176 0.086116237 0.886525223 1.631763980 -0.270691245 0.658855797 -1.346166687 0.702990167 1.478757572 -0.240637733 0.651832473 1.218950211 0.080494233 0.750685484 -0.582296685 0.348411800 -2.940959947 -1.552302057 0.410155584 0.224185622 0.943134951 0.530426387 -0.239588753
11.521083177 -36.194603886 38.437278244 -0.668731594 0.715537181 -0.188422929 0.072810695 -0.839118726 0.527900679 -0.803159066 0.851366577 -0.202855619 -1.105088401 -0.353971324 -0.515033264 -0.305589784 -0.876435155 0.836284202 -1.813702358 -0.586240347 0.250057239 -0.766781863 -0.584609099 -0.680050435 -0.015141703 -0.429106194 -0.075830964
15.847969671 -31.778825584 38.963909384 -0.297641729 -0.946494666 0.071556467 0.102161246 0.816455415 0.592075163 1.936551157 -0.359591216 -0.175320744 -0.372868137 -0.938940519 1.293179278 -0.768557661 -0.714282253 -0.251306825 0.527148396 -0.272806665 -1.151297022 -3.394522466 -0.672408425 -0.840715578 -0.887462613 1.485498221 1.202828049
19.623395118 -35.668274986 35.580357854 0.605162636 -0.201519067 0.420006113 0.645571929 1.050052767 1.101049906 -0.150977571 -0.263712805 -0.275077913 -0.052444640 -1.800189514 0.623581052 0.148097348 -0.548939189 -1.594880976 -0.252154174 1.364652427 -1.374975437 0.912367848 -0.299276698 0.981753071 -0.078045355 -1.306298087 0.299352076
22.508159520 -42.006873603 46.408173732 -0.092291352 0.373954212 0.046839085 0.921654303 0.424407262 1.889509826 -0.198054702 -1.876723290 0.231511910 0.375863451 0.547410143 0.406215917 -0.442941308 0.748998785 0.104956925 0.210935349 0.647919326 -0.979947738 1.347598064 1.096871758 -1.637994716 0.579943463 1.568275554 0.733253284
11.869014104 -41.604572998 36.568148392 0.091538583 0.382552560 -0.912933130 0.108753510 -0.855430727 0.099072199 -0.483688424 0.049684470 -0.456364834 0.267380839 1.353671647 -0.384483211 -1.027407569 -0.094508212 -0.095213472 -0.251158179 0.616178931 0.224370791 -1.606047844 -1.091758086 -0.417722950 0.094679394 -0.142943444 0.439651958
26.322730060 -44.087403643 41.174224572 0.039733296 -0.159123231 0.912225614 0.375427080 -0.335680514 -0.284947324 -0.386910922 0.022382126 -1.246117800 0.599237336 -1.266083839 -1.367178351 0.124255094 -2.316832896 -0.140059236 -0.621979952 -0.919040114 -0.911825462 0.004429502 0.647608821 1.635719099 2.706903397 0.140480557 0.564861415
16.120413210 -40.842703940 35.515968718 -0.456207694 0.074041873 0.116644487 0.879082707 -1.815474403 -2.674082568 1.890074387 2.921564808 -0.511056975 -0.746078938 -0.944646726 -1.100393915 -0.976006327 -1.607195748 -0.421274043 -0.945024457 -0.223159704 1.409105139 1.197869934 -0.577612687 2.162007439 0.997133944 -0.248913041 -0.018140693
14.444272945 -38.869632792 39.593892069 -0.681849876 -0.001110241 -0.382710504 -0.623387667 -1.075677555 0.980069501 1.261162738 1.227586316 -0.132441659 -0.184570319 -0.318751481 1.180495556 -0.628039661 -2.764315287 -1.457030466 -0.684270286 0.542713040 -2.030225428 -0.368302833 -0.175317203 -0.344090487 0.206861848 -0.680256785 1.509815307
18.109276688 -41.646910349 47.191279523 0.512274512 0.409879521 0.386920033 0.647971057 0.645466062 1.143917468 -0.451037172 -0.659179223 1.449848350 -0.877556911 -0.536136310 -0.127010805 -1.289634891 0.527468288 -0.467336504 0.779031017 0.391537558 1.394963735 -1.633102544 -0.883143564 0.061113481 0.186974790 -1.104825154 -0.180378238
22.761317722 -43.492105624 33.451455076 0.138116751 0.154678116 -0.918375582 -0.337023345 -0.656105015 -1.017041948 0.587458185 -0.007393917 -0.189940948 -0.550185534 0.249585417 -0.787706660 0.669937137 -1.872239113 -0.147343529 -0.754462179 -1.391532918 0.186797096 -1.407197154 -0.950294236 -0.077682356 0.367366646 2.280847414 -1.032175058
17.671049936 -37.484376880 45.249703577 0.612815575 -0.592461717 0.133046123 -0.505712283 -1.206953079 -1.118004811 0.993304926 -1.441724854 -1.009552485 0.433283953 -0.316819073 -0.709367653 -1.257189518 -0.811657410 -1.371209309 1.046088498 -0.813955416 -1.715244541 -0.587911506 -0.994421224 -1.192194814 1.307581925 -0.089730451 0.460092499
13.320304846 -44.384066310 38.717104773 -0.194481522 -0.514024861 -0.090779985 -0.830490442 1.693753602 -0.402348872 0.327796342 -0.600041025 -2.472623973 -0.241495714 0.795713630 -0.608269900 0.611046004 -0.211669242 -0.582546324 1.245216730 2.017914870 -0.687671300 -0.067157039 -0.888862810 0.567590323 0.030677036 0.953759940 0.725072335
14.418191207 -43.964598937 44.163623323 -0.339413696 0.748200025 -0.568330874 0.044666351 -0.752976260 1.273183658 0.292118847 -1.557658007 -0.859165996 0.055116228 -0.074851111 0.019215131 0.148158161 0.555470638 -1.333346222 -0.303764298 -0.140671246 -0.030388227 1.994555868 0.348172762 -2.327405610 -0.406277333 -0.542930699 0.455809004
20.955101446 -48.031908117 38.737055305 0.868715405 0.057641321 -0.025842999 0.491266895 0.292789560 0.088798720 -1.190264594 0.752202227 -0.231226343 -0.050194012 0.172672435 -0.050587316 0.290780874 0.488286088 -0.350758150 0.421807764 0.323476823 1.702736582 0.595226532 0.630237280 0.154977326 -0.375734843 -0.650564544 0.379364481
23.669156862 -32.620143208 41.440375896 0.183403928 0.901922995 -0.364059543 0.142683425 0.821625157 -0.888192283 0.008928722 -2.279495600 -0.319554045 -1.342790948 -0.278248042 1.550681215 -0.166994189 0.354455751 0.181775259 0.487957554 0.418666649 -0.167925937 0.986955940 -1.572299630 -0.172386755 -1.064837426 0.540185626 -0.184154323
17.322002706 -37.561709784 39.007827756 0.317540340 -0.319107638 -0.862416523 -0.231465308 -1.085092474 2.056098636 -1.778864775 0.458073208 0.732546740 -0.700599505 0.342490789 -0.384946459 -0.827044661 0.638667101 -0.476838961 -0.446782065 -0.475379131 -0.026006663 0.423063369 0.800967417 -0.642168852 0.868970405 0.447874095 0.137708792
26.768386998 -43.195196737 45.444803813 0.363571573 -0.129716309 -0.917594575 0.094918841 -0.624167073 -2.467497413 0.751073053 -0.920398199 -1.508121287 -2.556224376 -0.384111028 0.276402711 -0.674128386 -1.142311547 -0.351641721 0.145157468 -1.378970300 0.578604574 -0.920677263 0.305045821 -1.309949743 1.723401147 -0.584511200 0.183842358
14.196719666 -41.589453475 37.559222686 0.322702738 0.131684778 -0.464977255 -0.813829352 0.937559778 -1.517858086 1.467974549 -1.088959039 -0.335310657 0.630191146 0.288353351 0.565264935 1.072058763 -1.154696285 0.291148913 1.473192290 0.416666676 0.185322944 -0.102279434 -0.211462087 1.925909878 0.325797612 0.594371747 1.492696829
18.816080510 -32.623125751 40.492913197 -0.722264367 -0.337704618 0.603341967 -0.016378180 0.586829834 0.990266925 0.845610939 0.158868219 -0.615437259 -0.805968203 -0.841606926 1.656397811 -1.499991516 0.346506131 0.249832732 0.988994165 -0.679724108 -0.299097593 0.419881252 -1.028634171 -1.457118211 0.114339444 1.107760912 -0.391739936
16.919783616 -37.500104814 37.860160549 -0.690848846 0.300626145 -0.568641169 -0.330149987 -0.174753080 -0.914337801 0.470158482 0.259184829 -2.229141964 1.163901854 0.904404990 -0.352880305 -0.544207911 0.332213645 -1.978590138 -1.687205408 -0.213489292 0.470832310 0.468428486 1.265551978 0.134892152 -0.304632689 0.027548492 0.586201636
16.972451375 -43.121377652 38.880556179 -0.640780940 -0.134003994 -0.001979771 0.755935710 -0.900399069 0.222127088 -0.656657325 0.461581409 -0.310083582 -0.414880328 1.548889049 1.052045242 -1.689876034 -2.050555940 -0.628442194 0.307827774 0.442996585 0.516992424 0.770593431 -0.317745422 -2.474322504 0.314632137 0.396722898 -0.057464242
21.036228392 -43.970209531 44.675447679 0.103784122 -0.742399809 0.201640644 -0.630406559 -0.104015071 -1.334068186 -0.197767410 1.628697676 -0.753069335 -0.949245171 -1.005642307 1.551166967 0.734212278 -2.203019748 -0.078634593 -0.250125902 -0.670880341 1.955992419 -1.201853430 -0.073157754 0.681924108 -0.926601926 1.291476502 0.237956029
21.888172342 -31.338710613 44.497823587 -0.622723738 0.518395111 0.436047410 0.391592021 -0.609210262 -0.665567651 -0.883013533 0.759105486 1.496773508 0.186862640 -0.560843877 0.929272667 -0.432914795 -1.615415760 -1.124352576 -0.737046302 1.914190273 0.703125834 0.229910787 0.144029232 1.874437243 0.413075599 0.945458944 2.546774284
20.076393869 -48.403716988 41.266143513 0.784161540 0.232891460 -0.108137831 0.564941109 0.244863771 -0.392383978 2.246820442 -1.157884907 0.724027962 -0.595163408 -0.803695430 0.747839320 1.124567221 -1.411689013 -0.236155570 -1.135861890 0.126545221 -2.464947814 0.412713679 0.948757754 -0.459267494 -0.966220016 0.023520365 0.135509789
17.836819262 -35.280508445 41.788557219 -0.145868548 0.772476311 0.588600102 0.188554065 -1.939873351 -1.010110146 1.927195394 0.697912562 0.451097924 0.938938111 1.364252106 -0.799496903 0.701262183 0.699967175 0.151242344 -0.051188889 -0.435065459 -0.500993707 0.727738525 -0.107428874 1.125920553 2.314058721 0.757958470 -0.912047321
15.562838272 -33.834305870 41.515058444 0.058568197 0.259936778 -0.192808850 0.944366129 -0.900751388 -1.312252046 -0.054700423 1.208224328 0.507902775 0.953498715 -0.404368557 -0.337900324 0.009554099 0.188493997 0.377486660 1.100086646 -0.384601636 0.290643838 -1.334364882 0.202962241 -0.228645988 0.660050932 0.790538923 -0.235194211
24.511446992 -34.304970687 47.702952327 -0.677632111 -0.224225541 -0.691463385 0.111427181 0.170370022 -0.523266337 -0.328246235 0.212976994 0.224595511 -1.003947952 -0.200994794 -0.051820227 -0.881902734 -0.230991891 1.076274533 0.065374349 0.668685094 -0.353820506 -0.064362968 -1.360554436 -0.207891227 -0.106135604 1.582098568 1.220302167
24.960962894 -41.289892180 45.325046552 -0.650948366 -0.066986159 0.633987927 0.412114532 -0.366576672 -0.791915336 -0.009355606 1.736528386 0.077872656 0.657494536 -0.290056369 -1.326187545 -1.138668232 -0.830377173 1.160612287 2.339648656 -0.817530050 -1.493555154 1.197290248 -0.565709136 -2.126235582 -0.063902845 -0.486100462 -0.787323052
20.429412958 -40.275941552 46.029643458 -0.292085859 0.377991483 0.018257759 0.878336464 -1.220475018 -0.443754407 -2.094226203 -1.118328596 1.469714969 -1.170694714 -0.573144703 0.225949178 0.652343892 0.765873479 0.476385422 -0.971995369 0.624262231 -0.272719875 -1.746795481 0.208622541 -1.030648829 0.602435269 -1.153231823 -1.174920398
18.362498403 -42.153810578 33.838542435 0.238093193 0.388733616 -0.416700722 0.786484784 -0.205977314 1.130075365 0.433571314 -0.678724096 1.302477571 -0.874844766 0.531394139 -0.425763193 1.030031948 1.792395712 -0.627102913 0.931392730 0.214539096 0.084848973 0.640275855 -1.512498024 -0.325445366 2.583246731 0.950544900 1.160454457
25.588145974 -33.678017525 43.307139981 -0.156922684 0.000613743 0.839028990 0.520965688 -0.760456248 -0.032821115 0.105004847 1.360708248 0.516542454 0.269753544 0.426789660 0.253786971 1.130442207 -0.878341602 -0.551623043 -0.197244611 -1.210340014 -0.956680831 -0.826575320 -1.237710598 0.453334672 1.632740767 -0.880328701 -0.794525978
18.001012471 -32.190206984 44.271362388 0.640771222 -0.437724273 0.227976275 0.588078668 -2.878253152 0.323770253 -1.062486123 0.039331149 -0.961206885 0.190571707 1.308437730 0.976197671 -0.295418948 0.266475524 -1.627450101 -0.880865294 1.492861324 -1.153639333 0.201170262 -0.318740612 0.140976338 -0.539701659 0.067645477 0.016599825
17.159609565 -34.427277355 38.077361712 0.882905404 -0.424299165 -0.174382087 -0.100195573 -0.554801658 0.139692439 1.361971830 -0.260293804 -0.302924115 1.128171352 1.392790634 0.377327260 0.092578890 -1.500235659 -1.483586393 0.436056292 0.444905496 -2.667135094 -2.076330046 1.583581077 0.597399608 0.896833050 -0.427246870 0.011068819
22.997303321 -40.963992635 34.319295928 -0.267280517 0.362270700 0.421954595 0.786940522 -0.712969985 -0.432514433 -0.022643812 -0.207076307 1.701051243 -0.329537880 -1.349144209 0.313326943 -2.063314708 1.110487500 -0.612059070 -0.294457351 0.597471457 1.400702364 1.709147096 0.962782387 -1.086067718 -0.418668619 0.445116126 -1.324397866
23.019572269 -34.135033916 41.562494130 0.487842307 -0.529218295 -0.054016504 0.692112778 0.649663143 -1.855276325 -1.017648674 -0.160371659 -1.101911763 0.020757237 1.870704610 -1.247852420 -0.446816310 -0.373150498 -0.457492698 1.007447822 -0.947871250 -0.834090303 -1.358302088 -0.043469102 -1.567376666 1.397265226 1.060575744 0.900066407
20.404812173 -30.648230506 45.001856772 0.535018468 -0.563122251 0.158696796 0.609478380 0.364507634 0.194359253 -0.646468493 -0.518198910 0.337046001 0.548114074 -1.398635993 -1.127145363 0.764362745 0.114782460 -0.541167839 -0.879003617 0.748553504 -0.659385340 -0.486864892 -1.525732176 -1.164181199 2.006904018 0.131766827 -0.954821465
21.608401011 -44.663720488 47.647761625 0.062338090 -0.102523649 0.806925171 0.578337818 0.510630968 0.949187912 1.269699124 0.690325153 -1.872316379 0.487452332 -0.829311258 -1.381249307 -0.592319216 -0.198809388 -1.062461490 -1.395908145 1.035497288 0.694605963 -0.105804911 0.975822098 0.804958075 -0.358045848 -0.689457048 -1.423284503
17.944058406 -37.399212595 38.498321262 -0.495960509 -0.206188477 -0.638556520 -0.551139779 -0.752330097 0.512672322 -0.532603816 1.566462880 0.672413097 0.727057760 1.112918529 0.907350003 -0.368074147 0.858023549 -0.694396438 1.096678437 0.857686908 -0.116089090 1.383306825 -0.303860576 0.182658931 0.150951641 -1.465029595 -0.271734065
22.871972898 -32.952130873 44.354237235 0.606407752 -0.345977333 -0.702896523 0.136036031 2.232573863 -0.017792412 -0.229142742 1.030930930 -0.382721460 -0.845474652 0.632792807 1.552690161 -1.127806423 1.164752273 -0.981257822 1.005252236 -1.210058854 -1.881538604 1.855603404 1.726698215 -0.717224604 -1.948551140 -1.319621832 -0.710264416
22.830270210 -29.659272631 37.514132975 -0.459406330 -0.379234349 -0.388746517 -0.702853668 -0.814825570 0.470395597 1.464443881 -0.503103647 0.488206509 1.761080500 0.355755441 0.001324372 1.158944937 -0.262506564 -0.182554979 1.508006342 -0.526599568 1.017566936 0.977390048 0.611376550 0.473763198 -1.634325692 0.801583395 -0.183037057
19.003394927 -32.649061302 34.396929470 -0.281620813 -0.523258265 -0.679815910 0.429814883 -0.630543417 0.589548555 0.008387021 -0.334346291 0.132629256 -1.079059357 1.121105718 -0.778351541 -1.175987675 0.256283598 0.395533747 0.770512309 -0.551166867 -0.612538476 0.648296762 -0.915665333 -2.238957678 -0.252537285 -0.087151413 -0.965501227
11.230491101 -38.789043059 43.241954647 0.378485102 0.640159590 0.138175754 -0.654104111 0.511093482 0.833639375 0.898106177 0.126268175 -0.375788311 -1.797546614 -0.438960644 0.467473551 0.652484417 2.423880980 2.110537045 0.462433180 -0.473618186 -0.537911869 -0.625606306 -0.187549361 -0.919480346 -0.125215991 -0.890222211 1.059342339
18.342508018 -33.596387290 33.516951549 0.529778039 0.370865553 0.158605971 -0.746081843 -0.852994437 1.240660284 0.464799974 -1.005440649 -0.421533180 1.475744226 0.941079929 0.386562503 0.292331058 -0.082379022 -0.429566563 1.308712301 -1.300622106 -0.109361211 -1.377863733 0.096896995 0.898595469 -0.007814962 -0.351868877 1.276025015
22.705183352 -38.991548983 32.224099293 -0.446067560 0.239056522 -0.601083820 0.618525628 -0.432839744 0.691111222 -0.830352430 0.010654421 -0.662373408 -0.685978589 -0.536316500 0.303127969 0.438857895 0.087044520 1.106295400 0.119216056 -1.252846560 -0.598677194 0.623705995 0.966885411 -1.351269134 -0.391678027 -0.255401976 0.772089039
14.290340771 -31.613930800 39.182477914 0.258999164 -0.355740071 0.888296837 0.131518686 0.109776511 -0.589244694 0.563721482 -0.983899279 -0.285407320 0.621999985 -1.709186046 0.232490090 -0.955594220 0.511182879 -2.615324418 1.678550821 1.091264340 -0.519464416 -0.537235801 -0.727105565 1.002055498 -0.792947989 -2.010555747 2.322529992
24.471039027 -32.177361902 44.407394306 0.377902502 0.810864986 0.398889462 -0.201432050 -1.192967819 0.383929597 -0.360252542 -1.136393395 0.604320258 0.101008703 -0.407440685 -0.814092828 -0.312789913 -1.470838369 1.645914240 -1.314898024 -0.028401068 1.314702633 0.335090670 -0.835997167 -0.332737369 1.423628936 0.856212722 0.714140557
19.525807660 -45.540878946 33.683820124 -0.169593224 0.737170869 -0.418023465 -0.503064242 1.289782144 0.285195694 2.343113107 1.249394042 1.037033645 -0.214181767 -1.589198076 0.943957308 -1.326458500 0.715495380 0.430069609 0.079256274 0.214715654 -0.054963821 -0.077325511 -0.243420161 -1.312063453 -0.261325584 -1.741964251 0.552959780
27.306725631 -34.173478573 37.849290660 0.322360944 0.408447809 -0.605803464 0.601877040 1.463671953 1.499173154 -0.533644212 -1.590287379 1.554348194 0.644077515 0.190840932 -0.238186883 0.204136806 0.029623135 -0.414658738 -1.465058592 -0.568451015 -1.485784853 1.115019913 -2.049225655 -0.176700332 0.727962747 0.732310157 -0.513096198
24.427280658 -39.073175954 47.475260684 -0.557321076 -0.344352270 -0.238307761 -0.716954771 1.261766016 -0.410157496 -0.690922087 0.656247182 -0.662272415 -0.517015248 -1.038972682 -0.622211534 -0.215728704 1.382444190 2.935406871 -0.157798505 0.390491997 0.008640522 0.099150672 0.025491612 -0.160422482 0.138391633 1.442731821 -0.006001663
20.543532999 -40.403723796 49.346574319 0.595865456 -0.392061618 0.594772182 -0.370780391 -0.160879098 -0.204950826 0.623475131 0.565039187 1.298018242 1.382945050 -0.721208591 -0.035087002 -0.582697541 0.739901354 -0.490814858 -0.059828594 0.969023386 -1.273481037 0.737901166 -0.411087315 -1.229567404 1.345432601 0.248192729 0.193683141
17.624371024 -37.689088044 49.282593007 0.125643034 -0.699863785 0.644621150 -0.280834620 -0.894754973 0.455092744 -0.658759944 0.926234970 0.843090138 -1.396726961 0.713743463 0.555153571 0.597131166 0.320426920 -0.112599907 -0.423752014 -1.269406921 1.702565569 0.053878768 -2.502606718 -1.382581672 -0.254086024 0.009534915 1.110442380
22.139309609 -30.924923828 35.258431869 -0.204101425 -0.267481419 0.610900778 -0.716656499 -1.085076463 0.471733598 2.008258345 0.818426204 1.170072918 -1.907151630 0.281886351 -0.123168344 -2.445963749 2.332687409 -1.137715773 0.037430335 -0.416424504 -0.664352959 0.226329171 0.310988555 0.641873238 0.749494756 1.594260184 -0.805615761
19.091132248 -36.933703277 33.235222542 0.554015828 0.431358845 0.505227394 -0.501738268 0.496656513 -0.057975250 -0.661688651 -1.795324651 1.325490765 1.655133900 0.973456289 -0.438066563 0.356330458 -0.234121510 0.282608602 0.506693087 0.472794506 -0.783190402 0.144208345 0.535345616 0.758757113 0.890055826 -1.524812861 0.430460821
20.119744660 -43.829304090 35.525482263 0.871939410 0.477763654 0.072163750 -0.079094554 0.275408273 0.933512408 -0.600310015 -0.086129837 0.402529985 0.371790257 -0.073967545 -0.755548119 -0.985044429 0.210532266 0.908077106 0.981884432 -0.373990351 1.277373992 1.190211491 -0.392990773 0.830519435 0.121472321 1.698492853 0.831800421
13.987723999 -35.981438931 39.143097935 0.712103315 -0.688375655 -0.088779486 0.105669434 -0.615805106 1.348997608 -0.647589858 0.947759534 0.270344784 -1.010892773 -0.605004164 -0.309925157 1.453243266 -0.747144811 1.187988535 0.141593369 -1.271684199 0.311079936 0.750827176 -0.713707740 1.009017219 1.276802809 -1.980152037 -0.642186861
25.791280689 -40.403696944 47.423758463 -0.284442428 0.058745596 -0.304873023 0.907024752 -0.458695370 -0.194748849 0.837541197 0.312286157 -1.293125938 1.063836230 -2.293069089 1.000535733 -0.150178020 -0.138297131 0.139262628 -0.737453468 2.640488533 0.928715571 -0.044672871 1.032115548 -0.017761968 0.492936398 2.425494538 0.058644267
17.586967214 -30.668047645 39.273245209 0.096253424 -0.463849214 0.389683187 -0.789763382 -0.281312689 -1.125977743 1.517060245 -2.118446061 -0.621894098 0.082586442 -1.400285244 -0.309521673 0.566772161 -0.724668724 0.168666210 -1.025681876 -0.240627041 1.731090985 0.009519363 2.014664217 0.468379597 -0.526936657 -0.945198480 1.286737915
16.603867740 -33.724705485 42.296687608 -0.005901738 -0.884340101 0.330103722 -0.330059520 0.384680145 -0.641723193 -0.464279165 3.182345669 0.241485912 -0.646922534 -2.413142849 -0.422056122 -0.809716772 0.123858737 0.610513691 1.896535472 0.193271272 0.688647238 -1.791207573 -0.656266768 0.165724463 -0.431294501 -0.471576955 -0.979776087
22.326638204 -37.399803632 34.294573305 -0.257250283 -0.424321625 0.163054212 -0.852752469 -1.336879944 1.188147214 0.116185878 -0.771572902 -1.187127404 -0.387522140 -0.249138329 -2.284497648 -0.759875368 0.957610566 -0.373141944 -1.124927133 -1.223725407 -0.501032133 0.620915777 -1.200863920 0.917959638 0.006665351 0.172553814 0.009231475
19.816160349 -29.232998532 41.557296935 -0.405516792 0.642269840 0.411237797 0.503913742 -0.082719394 -0.534368782 0.840692473 1.525008601 0.965485942 -1.653712914 1.788661973 -0.006310626 -0.188260372 -0.769559687 1.102570315 1.030724730 1.062973019 -0.845214362 -0.402588618 -0.376520714 1.778931062 -0.909004095 -0.222058504 -0.266140763
24.426440722 -29.698532400 41.264682137 0.504320627 0.859615386 0.061290378 -0.054457164 -1.310262472 1.255459298 0.766005270 -1.208316237 -0.209263138 -0.582218057 -2.522960147 -0.857685509 -0.580739266 0.845695871 -0.254446344 0.124038254 0.636538006 -0.209243097 1.376202322 0.706697989 -0.849741196 -0.036600280 -1.843731526 1.120426568
21.607811313 -29.843386561 35.901910065 0.243784865 -0.770306203 -0.458294612 0.370355697 -1.734724974 0.467829054 -0.521598261 2.070525899 -1.443572647 -0.188037429 -1.170165266 -1.414967275 -0.081990163 -0.652925358 -1.049149969 1.791104036 -0.279400796 1.375985824 0.122417582 -0.014068761 0.831718811 -0.036271578 1.440240827 0.887016849
20.300453336 -46.535028354 35.679434062 0.283796259 0.829201330 -0.378054708 -0.298260751 -0.188461463 0.574309412 0.162293576 0.785888231 -0.082537622 0.892545070 2.360770524 -0.330782272 0.461441761 0.938117071 -0.606317598 -0.999388761 0.181140552 -0.818793387 -0.172127547 0.394043234 0.433379225 1.362847602 1.221067889 0.116911985
22.444391880 -47.034127919 35.623197842 0.360833986 -0.372876880 0.740498849 0.427110199 -0.420439046 0.660885207 1.047043827 -0.219734454 -0.139942538 0.601039588 -1.811737764 -0.213616977 1.087620905 -0.730081782 1.720064290 -0.248318485 0.034957152 0.239101557 -1.822497593 1.798771863 1.035194878 -0.055701539 0.737483212 0.409574356
27.763297656 -33.151983910 42.138387391 -0.769727671 -0.494828476 -0.300580282 -0.268915572 -0.030237307 -0.198709412 -0.358399112 0.974299034 -1.553979252 1.610843936 -0.881993847 -1.059698267 0.135685476 -0.631685474 1.192520080 1.668435801 0.027946567 0.982182396 -1.671491721 -1.566579383 0.443439999 0.078056334 1.310671597 -0.428468054
16.377214107 -41.587970002 48.072566827 -0.529298814 0.439467460 0.665128491 0.290370810 -0.367679759 0.533653205 0.779042694 -0.210149050 0.439456861 0.728962092 -0.032770747 -0.715586084 0.099960681 0.422217215 -1.248655533 -0.237657169 0.202462567 -0.535133550 0.519023449 -0.334915950 0.806657605 -0.971654738 0.319983765 2.223648665
14.786817621 -40.254821954 35.835839483 0.375093607 0.634379928 -0.402819015 -0.542774109 -1.253830072 1.468994883 0.404536200 -1.354942639 0.250270763 0.916972056 0.442251325 0.609126180 0.054160353 0.624178818 0.011375238 0.225724703 0.919274975 0.526417609 -1.262053657 -0.612074606 0.721962327 1.189134333 1.401870453 0.826406955
21.664107700 -36.967649885 46.368378356 0.824990705 -0.152425177 -0.532685224 0.111370348 -0.107512334 0.799967608 0.474177611 -1.579921925 0.184513453 -0.150202741 -0.518299541 -0.403329995 0.453347323 -0.085519525 -1.421569580 -0.248663822 -0.026119615 -0.134912034 1.209999235 -0.539139968 -0.270242419 0.687925879 1.093320415 0.188486287
26.520083132 -37.775862783 46.901933808 0.913921609 -0.319975578 0.233736949 -0.087920196 1.045486928 1.717030225 0.051390948 -0.898843602 -1.572831214 0.330987162 1.320446829 -1.572501940 -0.139065091 0.217598246 -0.626452117 1.062167115 -0.941075140 0.011110350 0.383140625 1.893796960 -1.345607902 -0.015850868 -1.926265797 -0.257729519
13.265962701 -35.315841567 41.757492296 -0.855828048 0.464685658 -0.222732717 0.044896871 -0.291880464 1.294006257 -0.930744521 -2.761231633 -0.278491961 0.890945998 0.668090237 2.022263611 0.473959656 1.762287517 -1.155711977 -1.240868942 -1.496639288 0.567586452 -0.355732399 3.342964536 -0.710266451 0.478413674 1.125533915 1.049013595
28.452092477 -34.876850899 40.503303520 -0.432784637 -0.241872254 0.859590744 0.123689219 0.397026041 -1.125931107 0.790858068 -1.536408441 -1.219100040 -0.573209705 1.534978173 1.426099139 -0.498570184 -1.601058572 0.908510385 1.162800213 0.273103057 2.030203213 0.392098870 0.447325389 -0.667460966 0.086508607 -2.112968420 0.157033599
21.533788899 -38.129847254 47.642911380 -0.756467861 0.299268112 -0.580098447 -0.040997122 -1.531860213 0.476575598 0.562668157 -1.671748652 0.760326111 -0.110068739 0.041515904 1.157895076 -0.368170677 -1.019314832 -0.200371552 0.625165604 -0.226928605 1.573784792 0.977458518 0.690250949 0.900336042 -0.307228959 -0.528757220 1.230307131
17.955630031 -37.094752741 45.908584804 -0.544547725 -0.166170756 -0.714522166 -0.406587174 -0.469689557 -1.885883162 -0.576393098 0.700022737 0.558429397 -1.373281136 -0.477980594 -0.094607478 0.184122137 -0.371548578 -0.097446376 0.387031454 0.784867041 -0.261244424 0.856920610 -0.216145441 -0.438798506 0.653768337 -1.538629135 0.067918817
15.293312304 -30.371188583 42.439800107 0.078757920 0.214886511 -0.422881152 0.876808137 1.374121297 -0.754486304 -1.888138417 1.543974893 -1.428769231 -1.134986102 0.177164507 -1.125488670 -0.698427204 0.294967540 -0.022256803 -0.728559951 1.082265613 0.045016856 0.995524739 -0.480278343 -0.388512776 1.419252440 0.513782490 -1.258646160
18.949468016 -32.104327241 35.147727690 0.588842057 0.408728090 0.646681606 0.260785892 -1.857469420 0.678311690 -1.534566843 -2.329163897 0.275488020 -0.508706416 0.494592480 1.200751417 -0.872131194 -1.251708151 0.131571295 -0.843269137 0.275108865 -0.668797521 0.975594187 0.901444491 -0.567210258 0.688649477 -0.748963952 -1.193905670
17.533418176 -37.422413248 44.426820574 -0.473208086 0.267537119 0.714137648 -0.441027683 -0.427692382 -0.169339132 0.537723415 -1.935831632 -0.533631484 -1.129245352 0.710937955 0.000462215 -0.668560118 0.056019881 -2.032258139 1.489398018 0.406060293 -0.171600896 -0.794816446 0.148118448 0.722302481 0.784645858 -0.119182850 -0.111465284
17.707628311 -43.739733248 46.731478297 -0.077845590 0.005446313 0.891656389 -0.445936414 0.601863295 0.063465614 0.159489066 0.203810586 -0.980914447 0.536567913 1.056426856 -0.046017600 -0.476383862 0.223887591 0.571733325 1.177035341 -0.279517497 0.431293437 0.172656816 0.562773504 -0.747447322 -0.542952126 2.226977940 -1.613070377
21.104047639 -41.165119465 45.214089372 -0.203160923 0.438584921 0.201797942 -0.851848870 1.116221649 -0.559088520 -1.379268652 -2.425172556 -0.609874394 0.912723198 0.181645315 -0.396715247 0.253836244 -0.464335885 0.052420841 0.735736325 -1.824598288 -0.313419875 1.485893758 0.337996142 0.165200091 -0.131192720 -2.069233512 -1.162250450
17.140638821 -38.004569046 37.781409005 -0.758163708 0.524166682 -0.207563988 -0.327649618 -1.155810851 0.046124458 -0.174679134 0.300858587 -0.092580463 0.017387162 -0.724247170 0.351869125 -0.096648925 -0.474503241 0.002838926 0.192627727 0.472188538 0.272745859 -0.738510311 -0.388127625 -1.611441540 -0.149652675 -1.145138703 0.038580625
17.970642219 -36.143505995 49.450685074 0.376383410 -0.084374258 0.916263138 0.108066530 1.299646947 -0.979803188 0.520944031 0.244783557 -0.298334701 0.182776225 0.631041512 -1.226852589 1.134450934 1.100982590 0.376681206 -0.191384385 -0.366567062 -0.859717273 -0.052292928 -0.303841318 0.159652190 -1.821089804 -1.369871094 -2.321808451
23.698598922 -42.259373130 37.611524740 0.486753010 0.130575984 -0.835575039 0.218713908 0.372519154 -2.194545931 -0.181402814 1.032874749 1.123938643 -0.489561102 1.412872778 1.390680955 1.580761528 -0.476181419 0.486215812 -1.243521266 -2.482486435 0.277161552 1.681228162 -0.929176958 -1.262307845 1.938463247 -0.506576337 0.068767329
21.583780100 -39.118983754 34.344965737 -0.274353593 0.223098434 0.915760109 0.190632155 -0.234200382 0.772959434 -0.978031362 -0.565389766 2.219234410 1.060718639 -1.317897444 -1.515902055 0.472988424 1.221384572 0.621612115 2.455519029 0.305632332 -1.609009605 0.570868639 1.486734892 -0.303879131 -1.667089601 1.371257118 1.240904358
20.812184019 -30.506301708 40.210991761 0.553031228 -0.166049564 -0.194474400 0.792946222 -0.637211836 3.005345765 0.467392509 -0.517514829 0.092852023 0.981613323 1.070194973 0.108850911 0.053889785 -2.352563700 0.694695131 1.598225710 1.637009148 0.550723897 0.136169740 -0.254365919 -0.338015666 0.304224129 -0.154909372 -1.273754887
20.309432650 -32.188774350 36.168466980 0.352337489 -0.512087554 0.459540765 -0.634387039 0.476267505 -0.917921377 1.309998298 0.507635495 0.448099260 -0.037315523 -0.385918353 0.269253173 -0.022105222 0.867383034 -0.376639960 1.723379392 -0.838651617 0.653428918 -0.520616006 -0.746471680 -0.734764141 0.760639994 -0.243225184 -0.854348227
19.399511847 -45.562506283 40.927387144 -0.528046785 -0.813973871 -0.065304400 0.233127574 0.845568237 0.306571499 -0.712344748 -1.110829608 0.473914624 -1.379145346 -0.250315694 0.781888715 -0.615370439 -0.469107774 -0.962192725 1.005746876 -0.454434312 0.653063004 -0.270506190 -2.601919355 0.853392511 -0.191810814 -0.414515481 0.375643130
13.285629140 -33.737158166 43.654652265 -0.759563678 0.313304058 -0.218449307 0.526482180 -0.875865373 -0.954136397 0.151590774 -1.060440915 0.347107861 -0.620676998 0.061340446 -0.502835433 -0.510958880 0.698619434 -2.185195205 -1.012868766 0.038996336 1.948237894 -1.394162820 -1.125413906 0.712759192 0.132970930 -0.094087230 -0.645824510
22.507484033 -31.512973078 34.409341880 -0.038426731 -0.009613575 -0.327489560 -0.944024128 0.677876114 -0.596268868 -1.197489269 0.481763562 -0.046748187 -0.624690536 -0.370233712 1.707547466 0.828015968 -0.439165921 -0.582316093 -0.307241964 0.043765227 -0.369702820 -0.624390768 -0.286989466 -0.322034986 -0.135489997 -1.125023656 1.151007697
17.988278506 -35.552628478 37.911146364 -0.296656048 0.559266980 -0.090403238 0.768793138 2.202510265 -1.001304224 0.992743461 -2.331686233 -1.680241679 -0.288766630 -1.506935597 -2.069631576 1.342447328 1.339203176 -0.576086579 -0.288281495 2.365205808 -1.232548824 -1.504551398 -0.132647317 -0.389619748 2.329324473 -0.205707406 1.551761071
27.259230833 -35.308229737 43.418154045 0.144894459 0.844912349 0.495542953 0.139878161 1.567427779 -1.426654977 0.484823072 -0.216373880 1.921522042 -0.494835879 -0.838171480 -0.783383711 0.159932432 0.373239691 0.009329394 0.093466899 0.920810640 0.881834959 -0.350507464 0.691141794 0.096643656 -0.701959941 -0.702275120 -0.503729176
13.960939194 -37.485514378 36.410150179 0.811043510 -0.098505059 -0.320027840 -0.479674223 0.446075965 -1.501498039 0.606166610 -1.080185387 -0.731046364 0.765101677 -1.432116198 0.492153506 0.618014407 -0.427498577 -1.063200795 -1.225008786 -0.190896322 0.445577259 0.466333120 -1.018569252 -0.017750661 -0.407188390 -0.016518947 -2.105663552
11.541726943 -38.230900140 37.857520725 0.003918400 -0.462786384 -0.747162382 -0.477034363 -0.362356041 0.493635120 -0.364739724 0.592432693 -0.266956364 1.247606671 -0.277789986 1.504907042 1.515558949 -0.780967108 -0.640882155 0.590902295 0.648762082 1.215815304 -0.175131426 0.971381881 -0.384780101 -0.641835849 -0.718902265 0.815500989
16.265363669 -40.153101951 37.293972500 -0.184846762 -0.779530770 -0.462933174 0.379283969 -0.317337084 -0.195271997 -0.638109499 -0.442835520 0.809034633 -0.657964391 -0.485916365 -0.765425948 -1.018550301 -0.392953381 -0.791170871 1.286662729 2.225717874 0.044282441 0.408837859 -0.300676409 1.449016070 0.184962304 0.859676250 -1.973513198
16.005866614 -38.010912759 47.575986901 -0.639101546 0.421106624 -0.617899740 0.180050927 -0.571170427 -0.267039003 2.372561206 -1.363393310 1.484013923 1.149169943 -0.838537319 -0.747186183 0.584272458 0.850814306 -0.067361334 0.166810164 -1.863738577 -1.404771319 -1.373138163 1.292127560 0.802145085 -1.364490397 0.378998795 -0.302352559
13.468999403 -42.705871326 34.996217876 0.343544837 -0.504859151 -0.505420894 -0.609626035 -0.734281991 -0.174606682 1.088171107 1.275255949 -1.689251255 1.708550987 -1.738253724 -0.209404950 0.985849996 -1.319884856 1.001987067 -0.109539118 -0.929123990 0.892477447 -0.980150492 0.107727097 -0.206100452 -1.547911034 -0.286317688 2.151979847
14.694466338 -39.161604964 47.764140661 0.599863735 -0.226436788 -0.629329209 -0.439129397 0.513799604 0.408108219 0.494278004 0.359539779 0.161564230 -2.576587714 -1.759281619 -0.813037750 1.469564030 1.046088877 -0.180517142 -1.241649411 -3.567579056 1.384786335 0.252660188 -0.960678801 1.740980194 -1.134718375 -1.212216696 0.214383316
15.427071398 -32.229452430 34.335113008 0.511989455 -0.119009623 0.699964462 -0.483480361 0.184644018 -0.935217379 2.437867069 0.766897104 1.666626947 -0.276819346 1.734942546 0.080149525 0.970195076 0.326127339 0.758742063 0.481496356 -0.439297933 1.451364406 0.559283779 1.011063491 1.621101290 -1.343268668 -0.350442129 -1.420634417
19.729485541 -36.650725130 31.573512669 -0.805215100 -0.400609853 0.126201535 -0.418585189 0.578400763 -1.718900047 0.805190804 0.371999024 0.311149658 0.196247131 -0.029188880 0.424042157 0.681699901 0.535837260 -0.645767838 0.260751470 -1.781614710 0.659467314 -0.289684964 2.608872061 -0.738329115 -2.162970507 0.911617637 0.954655287
14.547159075 -37.140369142 46.300701114 -0.494868287 0.321798203 -0.421752561 0.688241289 0.050519741 1.842345264 -0.102269196 1.492902210 0.355696329 0.073360959 -0.166647926 2.032224046 -2.197659485 1.085896379 0.478769703 0.184221996 0.729520471 -1.083965801 -0.870306817 0.627617058 0.081108103 -0.305367136 -0.274812148 -1.411005238
21.609777601 -33.514401110 46.578133092 -0.696720204 0.170182084 -0.666838718 -0.202349054 2.001830462 -0.522978570 0.307215701 0.144508312 -0.123886236 -0.316874313 1.155937825 -0.032247684 -0.109547279 -0.648559519 0.323829551 0.625887603 0.400858984 0.354269231 -0.408557674 1.647931856 0.112517327 0.034947550 0.024571427 -0.218495167
18.171451898 -35.317205965 31.851418427 0.512673958 0.193646078 0.725865637 0.415674976 0.513929404 -1.277091830 1.553160282 0.801383302 -1.835249681 -1.268636270 -1.849342066 -2.155707634 1.072522988 -0.434544830 0.538723244 0.742028451 0.351873926 2.375269853 1.521991457 0.266464641 -0.447959656 -0.319637957 0.746865751 0.270414419
13.070708537 -37.812560244 42.350139295 -0.542432909 -0.020106981 -0.770168263 -0.334967303 -0.190647928 -1.195663669 -0.852653668 0.368852473 -0.682328140 -0.135924669 -1.474046666 0.808072933 -0.260317101 0.881404898 0.165135138 0.111107652 0.936980191 -0.742865981 0.231547066 1.015185103 0.127533281 -1.294221154 -1.992859205 -0.537924633
17.654271566 -38.901360656 37.811454447 0.369570898 0.740328888 -0.291386599 -0.480025352 0.203820254 -0.720411712 0.714874592 0.223330691 -1.086753694 1.084365777 1.240028987 0.523046899 0.851043002 -1.600664601 2.016205264 0.173784305 0.279948679 1.642362804 -0.008684443 -0.778589514 -0.633076537 0.149933529 0.578177234 -2.184640264
24.476549286 -43.425914172 39.899614455 -0.116964305 -0.872940504 -0.120901973 0.457904947 -1.148659036 -0.303695473 -0.626556405 -0.743599698 1.516556419 0.574938434 0.770957911 -0.047159271 2.328876185 -0.072409279 1.093448033 0.237974803 1.095650929 0.474993194 1.386613991 -0.504208087 0.585872399 0.230480069 0.137878901 -0.388600124
16.283872688 -40.293698463 33.749522498 0.845803893 0.135792777 -0.408906040 0.314598072 1.142325461 -1.558757442 0.641958466 -0.398524936 -0.740120509 0.201609628 -0.340235124 -0.873827659 -0.097425318 1.827775906 -1.977528577 -0.486360902 -1.700353730 -0.744540855 1.863861199 -0.323863864 -0.941265728 -0.405360954 0.620326371 0.527342430
21.731640582 -39.147589936 36.330281595 0.886833510 0.359179854 -0.238268739 -0.166565802 0.793892789 -0.538260752 -0.701098291 -0.205217128 0.111573869 0.873438892 0.253350203 -1.122638158 0.881405603 0.300019858 -0.318460018 -1.242751173 0.469077807 -1.756671854 0.165425735 0.631796152 1.442161341 -0.920604841 1.249060016 1.744189907
15.520625478 -32.967327245 35.481581650 -0.270195890 0.310227532 -0.352255215 -0.840636261 0.175594986 0.290244367 1.518950255 -0.496222056 0.017006060 1.987854931 -1.135055447 -0.603039812 0.413185162 0.090482844 -1.193867359 1.655558653 1.792430007 0.553291054 -1.285663976 0.510558583 0.318080307 0.909460278 0.111647355 1.527254425
14.617838860 -40.562175701 34.221152058 -0.259082815 -0.713851349 -0.309556929 0.572247197 -1.958641317 0.526715869 -0.525353802 1.142376350 -0.369278928 0.638625375 -0.950190751 0.283538973 1.045536838 1.032903271 0.613171004 0.907130439 -0.368604445 -1.279757899 0.908636794 -0.370200233 -1.227514026 -1.542980195 -1.067458777 0.508098489
26.340826825 -31.711825451 38.793469651 0.064690626 -0.933480811 0.269696683 -0.227359622 -0.504177664 -0.487271366 -1.769869932 -1.462937339 1.893746227 0.160232667 -0.673248389 1.228972920 -1.286793427 0.370644395 1.148430313 0.796732712 1.275874532 -1.254212909 -0.489312273 2.196886539 0.136979531 -0.608718479 0.254761054 0.464785648
28.033241668 -36.173528494 37.947322122 -0.297880631 -0.304338582 -0.266843515 -0.864545948 0.298614145 -1.465716200 -0.762028401 0.314192950 0.042769214 0.437519312 -0.288734450 -0.353413235 0.974798894 0.559802021 1.058621472 -0.162404084 -0.011302555 2.012808465 2.003547197 0.261494989 1.008699083 -0.247641086 0.690880859 -1.783143314
23.530714903 -42.686516736 32.972389232 -0.434142734 0.073106942 0.430708691 0.787823257 -1.485080860 0.565714130 -0.147900586 -0.161896741 0.618620292 -0.484038571 -0.328343233 -0.779789778 0.297748013 1.585218653 -0.638000238 -0.313276618 -0.334985042 0.357359311 1.581126948 0.124489580 0.470105715 0.480656713 0.724076863 -0.466010261
13.484471887 -33.957207123 41.082054324 -0.821257506 -0.225981585 0.460400405 -0.249999798 0.169118178 0.299789153 -0.178939148 0.929794536 -0.781621055 1.040263607 -0.172877517 -0.682641158 0.065593261 -1.339281569 -0.617884297 0.243771697 1.894235144 0.260302303 -1.525112808 -0.724459774 2.267464666 -1.071906549 -0.762825044 0.643375752
28.662263438 -40.321315379 42.651203447 0.960761581 0.098799529 0.034485145 0.256878593 0.620779527 0.373043398 -0.057304843 -0.034507831 1.570932536 -0.177483724 0.173859909 -0.525086063 -2.170058096 -0.290094446 1.648336668 1.571963230 1.082145512 -2.254674353 -1.977097895 -2.329208686 -0.087681192 -1.550367926 -0.356196918 -0.139231854
22.667489193 -38.329659607 36.453028567 -0.306171580 -0.652510302 0.304878659 -0.622525720 -1.706129152 0.090816802 -1.050569329 0.641140204 1.377816110 1.177719593 -0.454612359 0.561681231 -0.535283144 -0.468695655 1.022885221 0.189234844 -0.256890160 -2.109672520 -0.325932671 -1.926181432 -0.554138058 -1.236327146 -1.381341382 -1.838501385
24.729367638 -34.277691141 39.616870536 -0.884319295 0.390808389 -0.091758565 -0.238387400 0.792098310 0.524052977 -0.929005288 0.387901392 -0.034364982 0.258736338 0.112215169 1.158711481 -0.659897280 0.331151332 0.646476268 0.608450382 1.512565888 -1.101027919 0.187302533 0.324480598 -1.522941897 0.381091434 -0.905938499 0.426470284
21.505914469 -45.118478925 38.128575420 -0.097003199 -0.914146821 0.292881052 0.262957524 1.059713199 -1.153276122 0.733527459 2.571512539 -0.191335650 -0.294742260 -0.445556834 -0.249945770 0.537494075 0.145218668 -0.315194799 -1.712565039 0.998554436 -0.353731067 0.056147414 0.757084519 1.783462177 0.534943818 -1.195827734 0.313099881
18.718145000 -34.628587398 37.956481337 -0.185445420 0.433409021 -0.874774448 0.111965540 0.528118593 -1.101329856 1.033323160 -0.764684656 1.047093328 -1.480460215 0.136987445 -0.800238899 2.118029155 1.432127451 -0.972100649 -0.999651399 0.993779487 -1.579101895 -0.365346320 0.278669607 -0.131526435 0.114844672 -0.999332061 -0.987578455
24.401618508 -38.066959610 31.089958990 0.627237600 0.653345791 -0.416889230 -0.076913197 -0.872204829 0.565401276 1.807732729 -0.612487649 -0.734571088 -0.367604229 1.077419298 -0.946305467 -0.928512555 -1.507648474 -0.646444942 1.590442512 1.240347110 1.049346690 0.069058545 0.486707973 0.357284126 0.683882466 0.382569184 2.130717443
11.733042254 -37.440066850 43.569399410 -0.213183397 -0.313891245 0.163046545 -0.910736487 -0.203718889 -0.275605512 0.569573229 -1.206928786 -2.624516361 0.262308457 -1.054963950 -0.295910639 0.160680790 -1.622854580 -0.614368511 0.345744087 0.261751397 -1.504632931 1.913846709 -0.260231645 1.141572155 1.235491906 -0.321544050 1.220630941
25.385911099 -45.988288539 41.624127257 0.364967871 -0.783648107 -0.226038525 0.448999647 -1.171458808 2.105555986 0.736010056 1.481413443 0.954867184 -0.985195288 2.263469427 0.826219501 -1.438414634 1.545949889 -0.782228015 -0.217228624 -0.724008534 0.713955465 -1.599891690 -0.284328491 -0.226766851 -0.943253804 -0.729366782 0.229364877
13.477909130 -44.683343531 39.285750495 -0.262578969 0.002021382 0.951161608 0.162295394 -0.387630659 0.836557395 -1.550003089 -0.453041045 1.218675104 -1.491247208 0.006996694 -1.215280206 1.289315112 -1.798953190 -2.772681348 -0.860913372 -0.493589170 -0.463044530 0.504078977 -0.642663362 0.870193332 -0.874590280 1.410918724 -0.382935834
18.374425561 -46.010361030 46.328926012 -0.419254832 -0.493155230 0.762203704 -0.008295653 -0.448056942 0.868961087 -1.551646676 -0.184934306 -1.393644255 1.139700918 -2.571847214 -0.668273361 -0.042768974 -1.209002995 1.054063262 0.215206759 0.714068420 -0.938171701 -0.182004556 -0.945275451 -0.413529143 0.277775505 0.377524704 0.187006542
19.677341803 -37.774614160 33.439878137 0.650613089 -0.646745946 -0.180465223 -0.354759909 -2.937955395 1.019542089 -0.018489655 -0.499249109 0.673264449 -0.718312677 1.901797203 -1.193823883 0.150990859 1.811649037 -0.432195581 1.062892422 -0.697362933 0.790414874 0.596251244 -0.012531598 0.243440787 0.122671957 1.506516879 0.355728653
11.046425217 -37.664649917 40.383532691 -0.464047790 0.700204216 -0.501549167 -0.206935106 1.089481264 -0.735253684 -0.542540248 0.935751015 -0.023800416 1.512341465 -1.044076672 -0.824346171 1.146850388 0.144704509 -1.320898708 -1.835056416 -0.263081518 -1.628150629 -1.022665072 -0.060656142 -0.074212989 0.818755778 -2.900869170 -0.085318716
15.162862949 -32.580452124 34.569126813 -0.343363519 0.509486022 -0.485527071 0.621923588 -0.873170229 1.219777962 1.338621696 -0.638863517 -0.302374667 -0.881824232 -0.137675613 1.040755829 -0.307529053 0.454947532 -2.006091324 0.450012825 -1.539751066 -0.191203082 -1.128139065 0.170514101 -0.789220383 -2.451413864 -1.026416875 -0.111991095
17.021728872 -37.828448870 44.090754409 -0.569330494 -0.182103923 0.771453104 0.218084980 -0.915414478 -1.374987422 0.268571563 0.092622914 -0.392866050 -1.811881289 -1.212718511 1.657732403 2.023352063 -0.374792426 1.529544017 0.282735151 -0.859527044 -0.251160775 1.355399927 -0.488528793 0.229389519 -0.147002907 1.377821505 1.314195510
26.596545901 -33.093408698 45.587052548 0.511013240 -0.680729405 0.487591507 0.194235597 -1.165860329 -1.732839005 -1.199531436 -0.240864705 1.200476962 -0.313952678 1.156781671 0.797801100 1.159572378 0.336502028 -0.002593186 -1.711482667 0.106703065 -0.903433139 1.137883787 0.461715929 0.196776472 0.690659015 -0.520906110 -0.485174787
19.613124576 -32.947293701 32.593601422 0.507154241 -0.777611585 0.347713582 0.131187131 -0.341350647 -1.589307456 -0.048754576 0.052318858 0.378594459 0.062646326 1.306633295 -0.385014985 0.508401335 0.010574723 -1.386028615 -0.223454910 0.874384443 0.846118604 0.772296464 -1.064601094 0.881226615 -0.912572942 0.834600171 -1.190760294
14.863065041 -34.773776276 34.102464215 0.248895957 0.137408259 0.899763369 -0.331052341 -0.121248479 -0.377627596 0.190109177 -1.135383644 1.462419687 -0.437491969 -0.535567029 -0.173619617 -0.350249172 0.328870549 1.432384121 -0.830448836 -0.059128804 -0.931199951 0.910216327 -0.567122442 -1.066951895 -1.223160444 1.174601816 1.609503205
24.081901068 -44.558962603 41.213386767 -0.717765388 0.607552710 -0.023956738 -0.339291360 0.781425356 -0.555344632 0.218521426 -0.337703361 2.186994653 2.325525602 -0.028969383 -0.247756417 -1.494991537 -1.081443027 -0.416683551 1.504574215 -1.306341330 -1.407884650 1.901530878 -0.675800088 -0.525601705 -0.628691394 0.005061894 0.115653969
18.868044781 -34.773088380 43.088743462 -0.784127290 -0.189838459 -0.579968520 0.112881660 -0.523674702 -1.184678334 1.454562360 0.291976303 -1.437759341 -0.789668127 -0.587368309 -1.155430002 1.184089211 -1.950771808 -0.848490135 -0.889817647 -0.131421643 0.682770092 -1.191656763 -1.285602225 0.463491205 0.446477487 -1.419074714 -0.441036654
19.159566725 -31.553076322 40.676012548 -0.254111342 -0.733925496 0.143238241 0.613403292 2.211426944 2.195933180 1.025150553 1.115160870 0.777972027 0.999240657 -1.995337440 0.326446578 -0.619045487 -1.433631476 -0.771964740 0.237275267 1.523118345 -0.787611070 0.515353949 0.991454106 -0.367474569 1.381327258 1.775411315 2.290120058
20.736680921 -32.827159732 46.342651646 -0.100668235 0.804549753 -0.163622116 0.561954984 -0.859633388 0.392958743 -1.284927111 -1.079591952 -0.607158763 -0.911508449 -1.340426291 0.064593740 0.098998195 -0.560549806 -1.045680649 -0.647881051 -0.409304952 1.268599039 -1.472433204 -0.052180533 -0.500318931 1.002550703 0.362061101 -1.274607063
21.235177629 -47.528206054 35.784156876 -0.338267754 -0.930434764 -0.038888864 -0.135475949 -0.111015939 -1.175424319 1.185408915 -0.003889294 -0.585711201 0.793789956 -0.829168761 -0.103059709 0.771670420 0.034435853 0.219423986 2.068962870 -0.443299906 0.302798327 0.024491916 -1.495024814 1.707412744 -0.246348452 -0.055879515 -1.191220320
22.073898401 -37.107660558 43.504648871 0.602844959 -0.422904082 0.177524624 0.652851516 -0.707909063 -0.032454620 0.989337038 1.821343343 -0.394688723 0.249926902 0.315094081 -0.146003158 -0.431355129 -0.339503844 -0.776970044 -1.387547736 -1.629556738 0.931393250 -1.814450416 -1.084640579 -0.390498992 -0.995677182 -0.144653732 0.802767642
29.434211345 -37.399185740 41.350478467 -0.313377339 0.486337956 -0.251107781 0.776025076 2.425577232 0.812100931 1.503225530 0.711722170 -1.029797429 -0.371190857 -2.643148613 0.580445733 -0.072818691 -0.086609066 -0.954406755 0.143570807 0.421764335 -0.351828157 0.041345502 -0.618882478 -0.727676806 0.344843383 -1.396090446 1.809550126
25.077668505 -30.403285044 42.889330079 -0.287343058 -0.412941183 -0.278162572 0.818253707 -0.670195860 0.644647868 1.766461252 -1.403951550 0.956372537 -0.701882076 -0.595134357 1.963556490 0.602080102 0.322547399 -0.271997779 -0.450412332 1.325530449 -0.113232876 1.687325104 -0.651129280 0.356493757 -0.299451605 0.942558520 -0.651784880
28.309402691 -35.117060488 36.339446722 -0.069092977 0.532677321 -0.264386102 0.800987529 1.591390911 0.673953740 0.911077752 -0.489143788 -0.227155547 1.805679313 1.069223525 0.264436807 0.879796001 1.174951218 -1.008900442 -1.911118347 0.695831195 0.428497924 0.087590141 -0.222158409 -0.967903239 -0.129284418 -1.223353282 1.095295163
22.742534115 -48.286652677 39.979423699 -0.621536314 -0.717807192 0.125298750 -0.287655467 -1.522924562 2.778088986 -0.285090813 -1.788195698 -0.759981589 -0.747451862 -1.651874774 -0.184200782 0.192930316 -0.332694813 0.427139649 1.131271857 0.482122073 0.632371440 0.439372190 1.140291795 -0.930306405 1.190608486 0.150575138 -0.825125287
13.491084584 -36.970868514 36.237350385 -0.504610081 0.270963568 -0.550990526 -0.606924090 -0.668592526 0.531978130 -0.613549498 -0.407930216 -1.201528097 0.252793904 -0.737752495 -0.004227113 -0.630810078 1.360350129 0.166789759 -0.700492326 0.388705952 0.315607177 -0.160153964 0.097827299 -0.323997980 -0.068765043 -0.667250305 1.019789910
19.869980215 -36.703052877 32.268848560 -0.009259588 0.960038634 0.100194649 -0.261153429 -0.910556662 -1.204545645 -1.040385860 0.887345391 0.424959572 -0.665672718 -0.122344887 0.909099034 2.352280110 1.240517053 -0.478398846 0.104812323 0.220247043 -1.312485576 -0.940163104 -0.500556965 -1.167989442 -1.251496881 -1.457395728 0.197054626
15.220043913 -38.647776533 42.865957316 -0.943821300 0.328300760 -0.022370460 -0.030323714 -0.361990875 1.207756399 0.125155531 -1.216255742 -1.156052329 -2.050293272 -0.282320630 -0.478696800 -2.384619306 0.436791163 0.741444331 0.461745449 -0.404910900 -0.273606413 1.609581491 -1.617214179 0.300225408 0.175209964 0.383539685 0.702833721
19.868404050 -40.125184413 35.890474400 0.687776220 0.017938427 -0.670125862 0.278520041 -0.088761455 -1.371520467 -0.265678829 -1.340588560 0.616555135 -2.528726971 -0.867122526 -1.522777039 -0.176147392 0.121660254 0.942585308 0.163531878 -0.730793465 0.448955285 1.851752175 0.070269630 -1.406905777 1.886355942 -0.730762035 0.278521632
26.360485995 -33.176501278 40.826473824 0.249023336 0.277696094 0.333714789 -0.865740548 2.021667840 -1.277391873 -1.051205385 0.324727151 0.850552153 1.790318398 0.070206681 -1.119193149 0.420250180 -0.581692399 -0.615369032 -0.036343050 -0.445225107 -0.598742604 0.861542549 -0.377167718 0.091116546 0.663044712 0.393469786 1.110705234
13.846984283 -44.365180601 43.887929543 -0.291974481 -0.570014397 -0.057434370 -0.765856242 1.514609469 -1.111781683 -0.907152180 -1.273531147 -1.453170013 -0.731120305 0.029716534 0.461220020 -0.171736885 -0.632437708 1.005322235 -0.534678815 -0.507949650 -0.033619758 -2.100672795 2.402871484 0.535743545 0.205914065 -0.828616506 0.523397319
28.882275712 -37.654381073 41.663870064 -0.542417123 -0.528633184 -0.652864332 -0.009939104 0.387877377 0.873370792 0.702925964 0.705791316 0.003189349 -0.151079619 0.014438648 0.101893955 0.421806927 0.016061941 -1.456651545 0.448010255 0.361200538 0.735313027 -0.006757575 -0.053557249 -0.393542755 -0.913744413 1.327779382 -1.515206736
19.293819033 -46.873418798 42.396182785 0.545171512 -0.533950146 -0.251681260 -0.595266165 1.062454029 0.355936031 0.476335140 1.317959482 -0.605646646 2.012108046 0.202612947 -1.276696997 -0.123468709 3.822936298 1.148065245 -0.139666072 0.846833379 0.237296478 -1.111119211 -0.815669809 -0.736151899 0.415491539 1.605626950 0.598213422
22.705492094 -37.024852948 31.829735595 -0.647120285 -0.536422216 0.491660652 0.227500211 0.381025815 -0.211725259 0.383972514 0.886727802 -0.295043190 -0.207694978 1.236269316 0.955310604 -0.782998113 -0.117196307 -1.406888496 1.610759451 1.402210334 -0.795494460 0.733903205 1.009510253 -0.323559893 -0.327313852 -0.534389270 0.031548192
18.879935567 -41.672540787 46.584663428 -0.946380817 0.265035104 -0.178766330 0.046500982 0.598287038 0.563005451 -1.624043391 2.290552718 0.569555892 1.754337763 -0.803820753 0.385474588 -0.060369913 -0.460842459 -0.461983826 -1.877411508 -0.475950412 1.168626625 -1.053294345 0.606645378 -0.587740614 1.264350923 -2.042457412 -1.830175901
14.029742661 -36.545964799 43.981692052 0.513865858 0.769096931 0.368696899 0.092164999 0.458527450 0.539117610 0.274885173 -0.936911258 0.666931893 -0.109875900 -0.741726970 0.702282174 1.153048370 -1.625767608 0.148231163 0.247612476 -0.693443452 0.357093699 -0.456719437 0.394223454 0.409968339 0.779794507 0.240184333 -0.562880210
24.839017094 -33.795541069 34.907971325 -0.660900099 0.570208241 0.355391621 0.334320829 -0.043909628 1.161363098 -0.184433776 -0.922661325 -0.300835766 -0.509502645 -1.225588882 0.324557566 -0.790576705 0.737840140 0.085891884 2.149719190 -1.200465241 0.763522142 -0.459208525 2.058040084 -0.528640926 -0.539587101 -0.588432772 -0.783836715
24.582467414 -44.776895255 37.586321029 -0.464846366 0.053309682 0.649753900 0.599079129 -1.471219460 0.576210928 -1.061030601 1.511576636 -2.124770711 -0.372646887 -1.484654012 -0.394385740 0.333486642 -0.786065223 -1.023741424 0.036121418 -0.856020515 1.266420686 -1.734301825 -1.163123369 -0.090852847 -1.483411907 -0.051554085 0.132133814
24.904873521 -35.221219347 33.014389043 -0.186987082 0.649759432 0.313833452 -0.666601137 0.877260562 -0.931666467 1.232908684 2.445342025 -0.907286404 -1.594692183 -0.234732837 -1.197110185 -0.571620161 0.981645179 0.824837580 0.410059174 1.667608586 1.218936590 1.138791263 1.314191021 0.735603102 -0.463931322 -0.537761856 -0.509003991
17.883988453 -46.812511564 40.142814771 -0.319537785 -0.779848216 0.526625545 0.111345854 -1.951852400 0.826163894 -0.847581369 0.473962341 -2.020516921 -2.118716227 -0.989314108 0.624799139 1.809713297 -0.561302913 -0.762284718 0.518248470 0.346926899 0.048801474 -0.762635163 -1.548355942 -0.961098984 0.785644705 2.125971704 -0.695667881
26.882160076 -42.828375804 44.729706582 0.245120086 -0.294768813 0.179489383 0.905986232 -1.217189702 -1.208230330 -0.113092948 -1.077875138 -0.038610869 -0.653896300 -0.248766457 -0.494546853 -0.391478290 0.430024789 0.233819296 -0.516698762 -0.524613437 -1.387319556 2.627018467 -0.851070852 1.631769101 -0.825445607 -2.237025340 -1.430944556
11.020134385 -37.275949996 38.117501669 -0.371189838 0.826304473 -0.095775772 0.412633038 0.580337662 -2.099479958 -0.165177843 -0.550218696 -0.293852225 -1.554696670 -0.307565791 0.122118780 0.722345374 1.809535877 0.335907732 0.417691999 -0.014569588 -0.341466323 -0.920248513 0.400436649 -0.014732199 -1.509042913 0.283677808 -0.460447092
14.962928528 -30.356788744 41.121810070 0.388586590 -0.644811960 0.591013079 0.289692144 0.592853544 -2.204861444 0.227207839 -0.592665814 0.442618656 1.318056936 0.075809608 0.803681036 0.467628087 -0.068433745 1.472703468 -0.080983011 0.776865353 1.526658826 1.102679393 1.636848201 0.898816056 0.835065821 0.265837493 -0.879644136
22.468225103 -42.897381072 46.236608644 -0.591395361 -0.268584952 0.131408041 0.748896240 0.456231467 -0.088094784 -0.142449768 0.630810108 -0.547530046 -1.446739562 -1.893558281 -1.199742144 -0.333474214 1.107744507 1.932021723 0.648977064 1.517732178 -0.256689179 0.534268081 0.512126996 1.842906746 -1.082096360 0.793040220 0.306958713
25.476399858 -34.236211992 38.387240003 -0.502376821 0.499958833 0.700458039 -0.083768909 0.152878244 1.567639011 0.724381739 1.697683193 0.032287111 0.692256760 0.638609359 0.462564034 -2.011856216 -2.259475013 -1.158739965 1.134223786 -1.893599988 0.497963131 -0.301634932 1.374733785 0.359519882 0.289700367 1.106176978 -1.393226286
19.265810448 -30.872841015 44.743430155 -0.268816106 -0.444078634 -0.505613527 0.689120476 -1.276992608 -0.205664924 -0.953047052 1.492533867 0.860698400 -0.123013637 0.581984505 -0.062481669 -0.059722870 0.473506321 -1.037779645 0.961383809 1.466197756 -0.614144931 -0.658182545 -0.622111228 -0.059223670 -0.701383631 -0.886606154 -0.564921924
18.509823349 -29.280533918 41.635519426 -0.591557739 0.265108833 -0.479296918 0.591651259 0.030205208 0.421186220 -1.473982597 -0.903140454 0.406664055 -0.476352822 1.029472357 -1.441366382 -0.089350764 -0.318750449 0.093744817 0.185107097 -0.507494049 -0.683595526 0.310693357 -2.167574239 -1.870632946 0.064128018 -1.054850118 0.923134115
26.872866120 -40.206799554 32.868318380 0.244880562 -0.117017851 -0.961004192 0.053021471 0.979031985 -1.509188952 -0.668560103 -2.721977350 -0.230136042 1.351401054 -0.061029087 0.705161970 1.170980175 0.984577512 0.193197007 0.840668231 -0.807698996 -0.999796905 0.375339996 1.071551451 -0.172007790 -0.332086396 -0.268657689 -0.784186747
17.635814253 -42.111070035 43.714847550 -0.160252443 -0.128120769 0.721945914 0.660831537 -2.399485003 1.363587243 -0.926880306 -1.592685642 1.615849223 -0.374473091 -0.180734436 -0.868920893 0.715675949 -1.111660786 0.046104943 -1.733053732 0.103749968 0.612239625 0.521064795 -1.868547657 -0.157171899 -0.392043820 -0.128315489 -0.259599097
26.290170683 -42.192261892 39.652059871 -0.147917791 0.523295471 -0.182695975 -0.819087515 -1.078001416 -2.059151661 0.564922523 0.808165334 -2.146191774 0.579027666 0.706401103 -0.815593759 -1.094703990 -0.741813266 -1.231636034 -0.515635916 -0.031390916 0.834794516 0.125828347 1.039186528 -1.240486841 -1.143652687 1.725705787 1.190096865
23.626657364 -35.521471207 45.620722905 0.485565767 -0.753781599 0.153024849 0.415478738 0.482831830 -1.165509067 -0.097459403 1.570535878 -0.379977485 -1.667504265 -0.942285561 -1.358272650 1.317720242 -0.298964501 -1.276366042 -0.364083331 -0.114039099 -1.103880810 -1.445046822 -0.930723430 2.397010632 0.703739575 -0.413195444 -0.129083002
19.814500112 -32.433051389 38.404148880 -0.737582938 -0.523593743 0.329475571 -0.270678500 -1.216452639 -0.178085692 0.560304496 -0.191570156 -2.208338387 0.469031419 -1.448931030 1.757052213 0.789930601 -2.120132390 -0.066054733 -0.367015967 1.262420448 0.726358445 0.889384988 -0.105240304 1.020614883 1.379376213 2.076375273 0.613647887
14.973579916 -45.099339381 39.032669332 0.810735987 0.169296966 0.105994725 -0.550282487 0.303683268 0.135447792 0.979654107 0.494118771 1.168173463 0.155443441 -0.562928169 0.925623204 -0.451547030 1.007805166 -0.665601956 1.325238645 0.806586079 -1.344740294 0.889713910 0.456479629 -1.199123644 0.709175126 -0.448469233 -0.079949285
27.830673331 -43.578640312 38.389407345 0.427725698 -0.189904052 -0.162526901 0.868661145 1.457098814 0.549633103 0.469902210 -0.897063629 -0.130615198 0.171300882 0.263589480 0.507724262 -0.215076570 -1.420577366 0.080261918 -0.033036520 -0.076427707 -2.262867798 0.967654963 0.263705684 -0.602250985 -0.677614263 -1.672524038 0.544833675
14.158111423 -39.066971331 34.413074454 0.221331615 0.538258891 -0.442318207 0.682381335 0.438816886 -1.390064409 -0.259296923 -1.440727929 0.822408396 0.539087112 -0.641452284 -0.269185399 -1.764433998 -0.546552212 -1.691973382 -1.478660329 -0.355732108 0.439737689 0.723937360 -1.205226358 0.430484796 -1.697286048 1.332930139 -1.012735892
16.904534221 -40.006611154 43.349560614 0.308860520 0.848700080 0.042544248 0.427204096 -1.170025069 1.255009548 -1.643192667 0.701597138 -0.508231303 -2.108015459 0.918720688 1.418969437 -0.908330790 -0.569542962 0.427256695 1.259493894 -0.640407933 -0.131770952 -2.235428158 0.025155077 0.757468172 -0.463174901 -0.403296585 -0.718891999
23.496255840 -40.784084810 37.709998913 -0.284732057 0.065560991 0.618407166 -0.729521753 -0.087933751 -1.637696714 0.358813562 0.992492959 0.659916574 -0.065793648 -0.763034614 -0.299582918 1.534371795 -0.193585681 -1.403520853 -1.349149067 -1.275657906 0.635106749 -0.344341453 0.527093134 0.544283489 0.418789172 1.116635888 1.224827440
14.383348852 -43.490962264 40.869623154 -0.581356464 0.020111088 -0.799665310 0.148847564 -0.841129145 -0.598451987 0.217535753 1.672561367 -0.272189033 0.081748018 3.040387968 0.069687840 -1.333454660 0.246285162 -0.386625990 -0.452790685 -1.214194813 -0.706846479 -1.187885315 1.110524903 2.267338478 -1.004680829 -1.263364131 2.099677032
15.687903324 -42.995242347 32.817403276 -0.297588596 -0.584460369 0.742488089 -0.136229741 -0.334677993 0.137161279 -0.515235083 -1.608541879 0.143810352 -0.345635694 2.096613585 -0.713038781 -0.193062984 -0.535911191 0.969053757 0.756767236 -0.334438939 0.797882505 -0.734214965 1.719119016 1.401787090 0.542761168 0.653645624 0.675678938
24.303891837 -34.395274754 38.761021218 0.142968533 -0.295439811 -0.487176728 -0.809280021 0.311754696 -2.102813380 -2.489435676 -0.214959560 0.605279695 0.679192050 1.290352306 0.480256432 0.914496622 0.486996507 -0.578365076 2.302619105 -0.924695911 -0.913574964 0.304325206 0.831925824 0.159836314 -0.309604151 -0.419463273 0.418444544
16.339028852 -41.317306134 33.208972738 0.011418086 0.392743241 0.413085196 -0.821573487 -0.529075797 -1.040522814 -0.197683049 -0.143461880 -1.540286362 -1.637691316 0.677644632 0.093720776 0.678337977 0.790718238 0.873115350 -0.888089099 -0.079717099 -0.457285391 -0.030804492 0.152159649 -0.729660381 -0.159783996 1.353406821 0.625767186
25.981084819 -33.055049618 37.835737936 -0.357610224 -0.506785099 0.765712525 0.170200237 -0.188988612 -2.584342668 0.354658392 0.381331345 -0.219287335 1.187685125 -1.925499340 0.010123821 -0.447763097 0.609353496 0.075281258 -1.103323167 -1.859124804 0.294869084 -0.369160542 0.581112621 -0.012020142 -0.704419629 0.206797259 -1.802984741
13.710950342 -43.106758666 35.617010637 0.582699037 0.075151426 -0.342030824 0.733368264 -0.369794619 0.528489345 1.005171778 -1.245696747 0.352274075 -2.676766541 -0.654574871 -0.585797042 -1.585048320 -0.585529831 0.683512675 -0.930125592 -0.404355535 -0.130249716 -1.513200898 -1.790760529 0.182671510 1.175841763 -0.663598260 -1.630572839
23.121742412 -31.142891314 45.982350092 -0.372727178 -0.136750324 -0.769271831 -0.500594297 0.224732061 0.972391807 -0.931400544 1.708861780 -0.348578230 1.559551335 0.478742357 -0.865479965 2.239268444 1.058974039 0.621230771 0.354764274 1.105951314 1.663497905 3.168276276 1.161710087 -0.430198610 1.732163532 -1.216387302 0.072738462
25.597141785 -39.993294077 34.619403455 0.339699012 -0.390686969 -0.387689389 -0.762669791 -0.194974315 0.056949357 -0.464382628 -0.289016411 1.009982551 -1.261193500 0.178808673 -0.350007761 0.202847964 1.469575167 1.094361859 0.180267311 -0.103189822 1.494558970 -1.475833576 0.370221709 -1.222966849 -0.560167103 -0.308717047 0.331560733
24.312967529 -33.469697439 46.376263673 0.207615868 -0.044550074 -0.470243050 -0.856611006 -0.042778131 -2.636978027 -0.718729149 0.232086096 0.132806876 -0.181226263 -1.020065074 -1.383247237 1.284374505 -0.821234590 0.064111996 -0.051451205 -0.603385064 -1.004106728 2.079676188 3.674379951 -1.050280366 -1.129385570 1.495045558 -1.086978316
23.397443185 -34.101889981 36.417332048 0.017733593 0.603301185 -0.742861769 0.289602472 0.621503904 -0.863714040 -1.026239380 -1.561588601 0.942714264 0.588438332 0.613100683 0.019226748 1.549234213 0.160343161 -0.491745464 -0.503482795 -1.006598888 0.416407606 -0.919199994 -1.084009238 0.377926921 -1.961455296 0.963515946 -0.112565449
24.843591720 -32.456022702 38.735275854 0.199619975 -0.835648619 -0.144993723 0.490734217 -0.189714614 -0.191779625 0.257101719 0.400727863 -0.358461865 -0.263114629 -0.958537044 1.341398813 -0.370670857 -1.104121175 1.487413914 0.243460512 -1.099250078 0.167940069 -0.544439727 2.086340080 1.577619451 -1.363659541 -0.814855252 0.039610204
19.774063179 -37.305853174 33.411236489 -0.475211366 -0.404808091 0.216495428 0.750622606 2.456766661 -0.899416371 -0.539893779 0.770332542 0.331950668 -1.284693114 -0.108728275 -0.864324024 -0.683349147 -0.885311528 0.752918393 -1.295152134 -0.146247651 -0.720949028 1.674255200 -0.768708185 -1.512386193 -0.870024639 -0.945603881 0.109513029
17.349163691 -42.387550190 41.613834320 0.965603528 0.239908097 -0.090838070 0.042454399 0.492043945 0.786963259 -0.939038405 -0.156735680 0.653044820 0.484226880 -2.389273555 0.527497898 0.585194522 1.296517344 1.245157158 -0.901311118 0.685929704 -1.550830495 0.514224213 0.076685350 -0.406268670 -1.511561213 -1.994670565 -1.996792254
17.898629162 -45.031800026 37.379801856 0.038601885 -0.907057982 0.229746127 -0.350674249 -0.839161876 1.248675233 -1.267422682 0.510895075 -0.944138808 1.079588793 1.051504632 -0.196961610 -0.345082873 -1.403056830 2.561542137 -1.470318439 -0.455745857 -0.241130857 -0.262989224 2.338485176 1.325892235 0.227600499 0.096898355 -0.863675570
29.218076333 -40.637789524 38.192341930 -0.118422454 0.003680333 0.781421613 -0.612652300 -1.624489149 -0.212878923 0.579030420 -1.812011681 -1.276689909 -1.017938658 0.800184363 0.968689629 -0.418761623 -0.316478974 1.429220563 -0.871551275 -1.459744703 -1.219204540 1.275696736 -0.024454714 -0.763890984 0.559595973 -1.474738177 0.327229242
29.753338325 -39.693147533 38.670327898 0.130933609 -0.108396294 -0.694122186 -0.699500553 0.313317992 -0.124992485 0.703525234 -0.771508549 1.162270654 -0.880393307 0.358510218 1.561508635 0.526679594 -0.138583952 0.878410174 0.819282619 -0.132697940 -2.388206947 0.349139283 -0.265165590 -0.271844237 -0.322539908 -1.210159383 -1.002656108
28.019342694 -32.815724471 41.058455429 -0.547042931 -0.230894059 -0.260098634 0.761433297 1.282110588 1.430065383 0.095892869 1.224979547 -1.756548253 -0.882381027 -1.115482440 0.363914782 0.708627758 0.743213370 0.645365849 -0.161089197 -0.835176558 0.744522911 -1.134345339 -1.085031854 -0.798439612 -0.790277280 0.163133820 -0.142609097
23.310120193 -42.239683436 44.782922556 -0.498313028 0.172243848 0.394689955 -0.752486560 0.354529928 -1.236860870 -0.447984888 -0.999792072 -2.764898454 -1.652927380 -0.981520193 -0.823263228 -0.199244756 0.927949580 -0.076200892 -0.063340516 1.559694494 0.452482386 2.458591526 -0.127852450 -1.308021729 -0.151073887 -1.034244425 0.131833960
16.467948438 -40.516393367 44.649723603 0.907385653 -0.124303376 -0.379473257 0.131148753 -0.468926404 0.940683056 0.438192831 -0.207644666 -2.526837724 0.469252799 0.169068650 0.746688973 -0.452431926 -0.804307357 1.583528965 0.713438215 -1.210146955 -0.222706183 0.097358221 0.587425440 0.663860099 -0.117582881 1.199955002 0.191652017
27.034157384 -34.413083446 41.292291340 0.099098751 -0.918439678 0.047159075 0.380031600 -1.866637576 0.628382558 -0.556242048 -0.257006530 -2.176608527 0.157457449 -0.218295032 0.655862526 -0.566014295 -0.400392265 1.648059347 -1.302595001 -0.003903610 -0.237196407 0.581138989 1.211961046 -0.241925361 0.125224007 0.958351982 0.869990214
