36.021042479 22.680628927 48.994984763 0.419450334 -0.127528275 -0.442316235 0.782402905 -1.138593899 -0.125359123 -0.650589480 -1.314139908 -0.242571606 -0.822441868 -0.954883979 -0.873123701 -0.866549043 0.696493355 0.595816085 -0.235486383 -0.781735541 -0.500080325 -1.087863850 -0.774542193 2.003019107 -0.177314002 -0.344371092 0.190229464
39.892314693 31.674360295 49.774397625 0.135741403 0.551247393 0.823199873 0.006523171 -0.084954135 -1.049379900 -0.444606432 0.270589019 0.167444300 -1.006859602 -1.427641811 -0.519493672 1.231969184 0.740781490 -0.368871860 -0.505682502 0.836852572 0.329231830 -0.300168860 0.175935498 0.836253450 -1.792795595 0.218757526 0.130517138
28.113923194 32.351883365 52.317388186 0.241487181 -0.033147316 0.768612700 -0.591455589 0.578002124 0.700844559 0.904544684 0.082653288 -0.209518864 -0.155988297 0.986881313 2.956342453 -0.439089049 -0.120136610 -0.322138202 0.257198927 -1.104622075 1.020700242 0.672832733 -1.265413862 -0.496686838 -1.016843838 1.973305628 0.547901041
33.194501708 24.025787008 42.043932465 -0.703220160 0.254780889 -0.578102895 0.326136702 -0.174213193 1.302604632 2.083368947 -1.569904698 0.238316937 0.230228073 0.689737081 -0.430925599 0.511892713 0.364998858 1.158807954 0.359273224 0.819446572 0.811685943 0.972419802 0.599312745 0.793750915 -0.126035574 -0.379293930 0.065395195
36.190924834 31.113491149 40.546841511 -0.159933119 0.893720474 -0.278617420 -0.313141254 -0.008191055 0.111493442 1.120009910 0.188894073 -2.534894604 -0.097160581 0.921680357 -0.755149435 -1.017187092 0.791211957 0.992163855 0.260462390 -2.082286733 1.979747980 -1.043893699 0.145697827 -1.904891598 0.856783863 -0.521114087 -0.996878816
33.161301094 23.662160901 54.653376996 0.676926404 -0.251226386 0.580531451 -0.376349812 1.058099220 -0.486352339 -0.280923155 1.326875129 1.093681030 0.995144271 -0.289224464 0.467092676 1.377209349 0.742321844 -0.025243832 0.929051988 0.005745887 -0.026717777 1.200497384 1.647114789 -1.757622559 -0.852874988 2.576025253 -0.969689163
38.930767803 31.546245294 53.023566748 -0.823788661 0.407664630 0.258831855 0.296964413 -0.171079149 -1.362039110 -0.105571450 0.308491869 -0.892446113 0.539879852 -0.327821792 -0.206354607 0.169364800 0.908736499 0.584984703 -0.578147102 1.398066248 1.067055020 -0.028321583 0.790268431 0.915805209 -0.180577333 0.276753389 0.044402220
38.472868647 25.068833523 47.690521224 -0.928826514 0.172499310 -0.319182427 -0.075152336 -0.105989037 -0.201164163 1.570893523 -0.332590575 -0.053850358 -0.316852534 1.428304266 -0.627116448 0.655825612 0.228348490 -0.705658151 0.814057638 0.134063889 -1.119208150 0.330144792 -0.602320027 -1.242884305 -0.773392282 -0.839536251 0.909939917
32.781494868 33.304743348 51.124457328 -0.513363774 -0.002264181 0.250259893 0.820866917 0.375671393 0.804232684 0.648010785 0.328627115 -2.329963568 -0.159807940 0.686439455 1.775065838 -1.543029500 0.817117564 -0.760340414 -0.719556731 1.511299108 -0.231894948 -0.704946998 1.260302577 0.991469165 0.730205886 -0.631327430 0.385634184
28.032912670 29.951236069 41.075552924 0.443970411 0.471790184 0.434647275 -0.625608538 -0.810181171 1.848622918 0.053937420 -1.156579043 0.852943263 1.044028601 -0.210098822 -0.688502717 -0.202307803 -0.542571099 0.777867583 2.198381993 -0.687211159 -0.098469134 1.574202928 -0.369465123 1.121670131 -0.640609375 1.483920263 0.785421188
41.998829861 31.955894814 53.732052536 0.905986956 -0.126834708 -0.403856384 0.000783627 0.744195456 0.184255475 0.937714713 1.170753572 0.386274309 -0.815654799 -0.194360572 -2.584505463 2.175769964 -2.432432927 1.103670681 -1.408009420 -0.193334677 0.538295356 0.384125718 1.584720413 -0.274016303 -0.852391690 0.910742304 -0.650094737
42.395317909 27.576036192 46.502991566 0.919201503 0.243360238 0.275630391 -0.140969072 -0.056694469 -0.642411937 0.841808618 0.080881916 0.860357063 0.191671495 -0.418817012 -1.175323951 0.831169035 -0.782869881 -0.101336360 0.773422752 -1.718371603 2.134157119 1.371686685 -1.037468944 -0.649058038 0.317526983 0.114221856 -0.403858921
36.453733884 31.319559657 41.836103383 0.313964864 0.856377792 0.306284180 0.272457597 0.284861806 0.574548895 0.327679504 0.299297432 -0.305332538 0.315946883 0.828322086 -0.646138922 -0.592080785 -0.425229756 1.763117703 1.518990514 0.393264377 0.543946840 0.481085696 -0.326463068 -0.137705785 1.206469929 -0.375658159 -0.108624330
37.973135968 33.607209347 40.686982918 0.437343900 0.672132270 -0.346869776 0.486466734 -0.014354641 0.500284312 0.511160445 -0.633543697 0.831107723 -0.086587738 1.077511382 1.227200261 -0.403677918 -0.554930689 0.434016399 -0.815323639 -1.027122656 -0.649812069 -1.391140715 -1.715700199 1.222426964 0.392537184 0.918638744 -0.086476220
30.953364256 25.204230741 55.053360325 -0.383408471 0.847385504 -0.361595006 0.064690060 -1.030021001 -0.680634494 0.352513177 -0.431185761 0.100161173 -0.399618665 1.087904241 -1.629063125 -0.701271129 0.230615677 -0.520826089 0.763587184 1.129814398 -1.779318700 0.439317868 -0.300332222 0.994858748 0.000607748 -0.373288547 -1.527748126
36.384879894 32.546744428 48.678586841 -0.775324847 0.601589565 0.150792401 -0.119260338 1.027750903 -0.807165864 -0.549117801 -1.860619973 -0.044245874 2.006265408 0.017205800 0.844066321 0.236287811 3.061434857 -0.757440664 -0.665783386 0.220041654 0.414819857 -0.104898060 -1.760957042 0.615133183 0.845843104 0.264018873 -0.278305112
36.343066653 26.926916552 39.158113679 -0.172257154 0.898649992 -0.401444947 0.039970231 -0.366412845 -0.284554569 1.692058076 0.191783507 0.479574199 -1.103362591 1.416254081 0.347397826 0.067294953 -0.265944302 0.978629082 -0.070091002 0.423200091 1.808083055 1.661108617 -0.643577403 -0.116071330 -0.467713785 -1.016534878 0.085326133
36.330050710 30.746690349 40.713430620 0.579274742 -0.759772884 -0.132118830 -0.264065431 -0.115238168 0.194495248 0.330000277 0.355899733 -0.965259266 0.378925613 1.520229697 -0.466810865 0.114263978 0.374751738 0.432777487 1.157790135 0.304793335 0.244111093 1.340284799 -0.821306867 0.182046338 -1.242920787 -1.642579796 -0.500360748
25.190785296 26.193989489 48.808730881 -0.079952632 0.615520934 -0.436553688 0.651277541 0.516044881 1.271390497 0.557962383 0.931734010 -1.396508736 -0.550967517 -0.935749751 1.654488976 -0.867824074 -0.946643577 -1.511045670 -0.638523766 1.426209331 2.295377673 1.134504480 -0.107412043 -0.275919214 0.571132774 0.258237659 -0.359412414
32.912099393 23.866781654 47.970618118 -0.418126691 0.650511521 -0.467233441 -0.428599746 1.914933451 -1.194776359 -1.990672649 1.071964352 -1.545388665 1.035513122 -1.209058904 -0.752959404 -0.265544402 1.798823957 -1.324071090 -2.089911169 1.766715987 -0.605025705 -0.456554692 -0.352071820 -0.364441658 0.266238047 0.760931665 -0.308059277
39.891609505 32.532527472 47.087226788 0.705690935 0.159995369 0.567280873 0.393184686 0.031764772 1.353610706 0.653588888 0.663245534 0.038994655 2.466604192 -0.248723836 0.092117204 0.429703455 0.666109319 -1.176449067 -0.831027895 -0.179373882 -0.916008820 -1.320121102 0.737745241 0.036634780 0.162204143 -1.597801638 -1.358483183
36.239226334 32.763469130 56.787613201 -0.475024478 -0.844899088 0.228284424 -0.091561441 -0.805184348 0.042786515 -0.780049682 -0.243657857 0.080536825 0.936583712 0.415123717 -1.440252503 -0.546969590 -1.637419227 -0.332509239 -0.287679586 -1.477811323 0.448437532 -2.590214587 2.064667737 0.831755617 -1.771571341 0.096032359 -0.629750119
38.106959899 32.763852877 42.368186517 -0.742663748 -0.096519935 0.024174234 -0.662231127 0.611006126 -0.828600972 0.626500932 0.210942739 0.147624176 0.546322792 -1.186734804 1.651468353 0.635375621 -1.256628882 0.208803284 0.993900840 -0.259795776 -0.334984144 1.340922722 -1.017615166 -1.145526346 -0.099650685 1.553068036 1.074696653
37.839763972 21.730002622 52.401254879 -0.588605028 0.321394750 0.617016590 -0.411752431 1.025715283 0.121504602 -0.037038490 -0.122679819 1.210983723 0.599150914 0.032681031 -1.481523433 1.391401229 -0.523764548 -0.367772673 -1.592439511 1.873268052 0.258702808 0.681221320 1.042823061 1.621545099 -0.359204767 0.708583449 2.014565837
31.372622522 30.857747833 47.542783909 0.763509977 -0.502420426 -0.391914647 0.105019714 -0.506327603 -0.204834863 -0.541094753 1.477867728 0.483922709 0.094997146 -0.966325861 -1.158784801 1.100398886 1.384440567 -0.114751398 -1.000306325 1.053629978 -0.472013639 -0.559157326 1.760307072 0.379696831 -0.108892935 -1.851093857 -0.496987657
40.895430423 32.637193808 53.165402196 -0.363739578 -0.635865479 0.175625615 0.657665762 0.432383852 -0.039093438 0.069753924 -1.673045159 1.422934002 -0.379118579 -1.608328923 -1.296283069 1.125507311 -1.862992171 -0.994889022 -0.014072800 -1.245698968 1.151251013 0.023460167 1.601536843 -0.394630519 0.733486967 0.462128496 0.175305744
31.942649125 24.966288452 55.852425338 0.071557421 0.967810511 0.033533792 -0.238951533 -0.595668758 1.427850489 0.188808439 0.183851646 1.621105245 -0.910015741 1.617044266 -0.422774153 1.495418068 1.364376294 -2.033227637 -0.693447551 -0.425989419 1.970454502 2.121190517 -0.615951260 1.473454802 1.631890331 -0.710729795 1.763912500
38.336416776 20.450609274 50.518792875 0.139078281 0.359748306 -0.629729141 -0.674299338 0.771014340 1.519478025 -0.786610843 2.131425338 0.359440926 0.429435186 -0.120800932 0.656006634 0.679771087 -0.871535766 -0.843015875 0.653361248 0.710102026 -0.970049220 0.419933457 0.272457023 -0.674793010 0.201459875 -0.559090943 1.014879992
42.854697419 28.201444292 45.883169418 0.518405540 0.632639505 0.574456625 -0.031977140 0.372689741 -0.466843322 -1.883863141 -1.333640313 -1.925480843 -0.031320872 0.273893063 -0.251524652 0.568586247 -0.272693735 0.202668577 -0.327833128 -1.544875037 -1.079775473 0.849439245 0.023325203 -0.504334708 -0.536662526 0.588746153 1.641524496
38.132629988 33.100028789 54.581880585 -0.176583442 -0.870371863 -0.285110812 -0.360531459 -1.316088975 1.716463059 0.611374941 0.174382652 0.658370979 0.649057477 0.070117042 -0.578002061 -0.799587257 -0.171517960 3.310502977 -0.713475220 -0.078808334 0.932050742 0.157698126 2.200207354 -1.642276550 0.280421320 0.443987934 -0.451566461
27.238793561 26.970619790 51.007530297 -0.481677871 -0.373398899 0.297762573 0.734776933 -0.424351946 -0.182745035 -1.045950886 0.188730135 -0.765193434 -0.822992261 -0.029605480 -0.630630741 0.099727498 -1.084581124 1.170076468 -1.498383666 -0.282141548 -0.649272486 1.088972089 -0.004929493 -1.337842240 0.391055485 0.805455764 1.365027404
38.941962300 22.085309813 45.664421412 -0.332050752 0.085314688 0.601714369 -0.721389991 0.358974609 0.187358400 0.680253770 -0.239951126 -1.354986292 -2.077446281 -0.714443170 0.384733590 -0.437912542 -2.012917757 1.068883737 -1.118420397 -0.757138932 0.058529839 -1.397714594 0.243792569 0.575508080 0.749574372 -0.192117681 -0.883946397
27.014748110 23.899497405 47.584582796 -0.623956450 0.297096091 0.693742526 -0.202814124 -1.335854001 0.841672616 0.031955034 0.534238352 0.984026993 -0.284996310 -0.595778702 1.019778323 -0.601206286 0.544703180 1.096776526 -1.150443406 0.047142114 -0.640566382 -0.223412892 -1.640234168 0.431124532 -0.157284399 -0.710046310 0.588233796
40.318042678 35.987281474 46.240765269 0.069667110 0.373633207 -0.823616110 -0.420952758 -1.986811082 -0.995842772 0.685723145 0.847648608 0.677596638 1.062934510 1.177200275 0.377302383 0.093908227 2.656342147 -0.372593879 0.720039768 0.907386133 0.613115406 -0.785979225 1.431528004 0.858439480 0.507101526 1.148938748 1.080310810
35.876650862 26.472928252 57.882345497 0.412143503 0.002284010 -0.422292340 0.807342366 0.034472034 -0.698380830 -1.318646285 1.377982301 0.203492857 0.732948575 -0.151923956 -0.237578747 -0.024294942 -0.917574195 -0.883891983 0.384193114 0.774376155 -1.941311207 0.380295673 -0.767782115 0.038503327 -0.070339712 0.438220487 0.456807768
29.815758534 31.035913271 42.983299575 -0.030943735 0.482505083 0.075396491 0.872093286 2.156155030 0.489431930 0.702847553 0.382516412 0.572716827 1.145249754 -0.211121662 1.096433811 1.215165822 0.769841974 0.307990208 1.364562777 -0.628652313 -0.643773908 0.612633982 -0.060615695 0.260482346 -1.081309287 -0.079081085 -1.430105824
30.320621585 22.194180836 48.440052534 -0.734848785 0.230174992 0.470671219 0.430680090 -0.488576694 0.126758331 -0.252477221 0.284898037 -1.380860566 0.852173822 1.854806986 -0.499147299 1.615015023 -1.169820959 -1.945674124 -0.923142579 -1.239888511 0.878916004 -0.137756975 0.395893842 -0.139593539 0.702440347 -0.364282796 -0.174858514
32.077513282 31.037456252 42.167759197 -0.046199641 -0.097034057 -0.954103396 0.279529418 -1.085573829 -0.279979896 -0.204764393 -0.359159566 1.001408580 -1.796752665 -0.263084279 -0.274373697 0.570954530 0.829612122 0.024454146 -0.335136225 0.975584440 -0.621444716 0.015091481 -0.557635809 -0.725641398 0.810475794 0.809386315 1.005561288
33.448903728 19.944674720 51.155356427 0.466234730 0.305748301 -0.774467892 -0.298902388 -0.774810606 0.042695085 0.357759705 0.086886586 2.166585130 0.448656055 0.395221488 1.036063635 -0.157131099 -0.817914052 0.490494081 -0.139922796 0.812530691 -0.259729733 0.387457616 0.129792021 -0.345690662 1.609529650 -0.684055206 1.446807212
30.681634248 30.434624602 52.717262112 0.868351703 -0.221246690 0.019048881 -0.443455028 1.965498703 -1.441888090 -0.347693053 -0.340150027 0.144561507 -2.230656452 -1.747852101 0.265256159 2.161985363 0.885974672 -1.534631481 -0.905266009 -0.200875960 1.708705728 0.242864610 0.429854469 -0.531076419 -0.790427880 -0.143401687 -1.858184639
34.274363723 19.291438007 48.801569738 0.975758292 0.010354840 -0.154270477 -0.154884324 -0.191354415 0.319523690 -0.050870662 -0.197834659 0.566445109 0.769398602 0.926652812 -0.740269173 1.011164996 0.466994153 -0.176465376 -0.056853251 -0.008657061 -0.879663477 -1.747809154 -0.988795404 -0.483025508 -0.986663294 1.029366276 2.313743152
35.646524358 35.021534296 53.906605973 -0.563639259 0.294170261 0.701117845 -0.322813274 0.046597158 0.186302135 0.517924686 1.584994378 -1.988390893 -0.431371087 0.142132413 -0.569389291 -0.575138398 0.672242525 -0.107597350 0.785027651 0.488424187 -0.474326927 -1.723961299 0.634193105 -0.458863112 0.983209324 1.154706032 -0.782802473
37.639843430 35.745983400 47.470526746 0.729088838 0.607411282 0.238703779 0.206158933 -1.390310674 -0.562881029 -0.016350816 0.610003486 0.330473314 -1.935168318 0.890224253 0.331483762 -0.079962974 1.365579345 -0.546097069 -0.598641130 -0.655595650 -0.837375016 1.341936247 0.312914206 -0.615833232 -0.276802187 -0.118747650 -0.262961914
39.093806840 36.286983396 44.944048364 0.356523688 0.133673614 0.834456669 -0.398377073 1.465785522 0.202303601 0.770943122 0.520962671 0.068865567 -0.191805281 0.132820287 1.942458363 -0.385108104 1.914621114 -0.176852184 1.469762717 -0.929539189 -1.139961701 -0.425114286 0.913525624 0.298043840 -1.419390015 -0.465671606 -2.432984040
35.732471547 36.825852400 50.524634279 -0.535508294 0.654133672 0.233658501 -0.480357899 1.413759887 1.964859134 -0.337263361 -0.728989764 0.008986594 1.321203981 -0.323482317 -0.984543645 -0.274774251 -1.349728304 0.515104905 -0.043710349 -0.211578843 0.276285304 -0.041272375 0.522951577 0.915594128 -0.051866205 0.444077174 0.603825121
33.413969896 19.512629581 52.709878972 0.650308665 -0.323627797 -0.587520116 0.356628380 -0.501027738 -1.332798265 -0.974792320 0.594337741 0.338024180 -0.505688286 0.870609315 -0.569891832 -0.337705149 0.436136782 1.124147711 -0.511329761 -0.850319048 0.536081682 0.796055695 -1.051612842 1.274517114 -1.023658489 -1.623670456 2.691968932
40.853187619 23.797319231 43.182897063 0.705710524 0.559339438 0.192683765 0.389852557 -0.077438092 -0.906622959 -0.274586959 -0.530090401 -0.131334751 0.525145517 -0.430321875 -1.492843639 0.939033357 0.375248974 -0.437736324 1.895400747 1.540701960 -0.097341762 -0.625392669 0.739083034 0.727387577 0.993300512 -1.841486591 -0.947009374
43.353576299 25.557279900 48.126654322 -0.739107532 -0.408031768 -0.532772512 0.058168572 1.615366587 -1.155448558 -1.043729479 0.632611266 -1.872797384 -0.223418353 1.149338866 0.346605212 -1.405151300 -0.580899319 0.407652521 1.105660910 -0.253479330 0.192954431 -0.179403793 3.235975843 -0.000476249 -0.708826537 1.014453177 -0.211258597
40.742048788 22.321145028 52.112852481 0.410786756 0.151147175 -0.302003264 0.846878268 1.999084840 -0.157999663 0.884684100 0.492313755 0.603954812 -0.127358963 1.034327061 1.034011421 1.081235002 -0.771680646 0.282231546 0.256003626 -1.662264890 1.874854246 1.757601349 -0.467081688 -0.552592119 -0.345603425 0.141508579 -2.082367004
39.731482329 31.891974165 51.272297249 0.505148071 -0.166794363 -0.141850732 0.834795446 0.134726874 0.708004793 1.215438353 1.760969029 -1.124036571 -0.048703882 2.292639470 1.085019077 0.544579920 0.704081455 -0.741138012 -0.402784071 1.643302486 0.203722528 0.503509202 0.814783343 -0.137665439 0.186288576 -1.787582173 0.304698461
38.319639919 27.355544833 47.215019067 -0.738324580 -0.518640569 -0.406525424 0.143617043 0.637643916 0.388001664 -1.568445626 0.933413397 2.684193501 0.931913929 -1.721310693 0.887836499 -0.812721306 1.214452007 0.345864163 -0.101297149 0.343930382 0.563939221 0.130206395 0.029587529 -2.055416374 0.309852703 -0.982578847 -1.421922284
37.141964454 35.297075577 44.026148706 0.152190893 0.959239653 0.038741399 -0.234938979 -0.444164078 -0.673727144 -0.290637848 1.945291308 0.402712868 0.619911132 0.761006590 1.831681305 -2.244516833 -0.604040534 1.179077633 -0.310054366 -0.470893747 0.524218616 -1.080294068 -0.949643652 -1.562545514 1.456995200 -0.594867078 0.316519266
29.523570554 23.393986532 53.338732967 -0.321480439 -0.679899877 0.476991618 0.454824671 -0.080050348 -1.799762222 0.940960124 -0.754424276 -0.766759074 -0.530118473 1.016944756 0.584909097 -0.588115327 -0.107297335 -0.382882598 0.021256588 -0.223330755 -0.102329733 -0.287253972 -1.608179870 -0.459482859 -0.323747996 -0.145572928 1.072586726
31.211187473 31.128746000 41.187783048 0.169232387 -0.802759202 -0.552120176 0.148665308 0.123506052 0.812283742 -0.481440590 -0.769024649 0.304441347 0.375175723 0.297985775 -0.260473835 -1.165186264 0.298596565 -0.960990491 0.465905262 -0.234640281 -0.527094695 0.362073418 -1.090345132 -0.232830783 -2.000284225 0.068459317 -0.005881671
41.992256424 29.832370197 44.243887181 -0.059543358 0.202747576 0.820800573 -0.530692404 -0.151669704 1.247712354 0.889578798 -0.224116797 -2.260258542 -0.465078154 -0.381526290 1.459701189 0.236336758 1.973584678 -1.879532213 -1.102236471 1.206208854 -1.105545220 -0.444788368 0.218715012 -1.295998341 0.696513060 0.189581060 -2.864099130
35.596093040 25.121347789 57.417637357 -0.177094538 0.546585302 -0.291501635 -0.764793325 -0.196301916 1.010407453 0.049273961 0.086912551 0.359536649 -0.329455291 -1.729673215 -2.008558249 -0.652884823 0.974559454 0.494522200 0.719539004 1.363265714 -0.425902858 0.097408845 0.131000738 -0.540323641 0.178609469 0.798657287 1.860564600
29.677731199 25.149156272 48.898557519 0.261302708 -0.819773257 0.407615917 0.305846310 -1.099052497 2.096054301 -1.178806392 1.309988474 1.455639360 0.008847700 0.179623865 -0.332474743 1.002672479 -1.491056697 0.154613233 1.294162195 0.847328760 0.018251133 -0.146571029 1.863278201 2.069405380 0.516594918 -2.092611101 0.230267442
36.381548994 33.758754698 51.318952226 0.764191061 -0.340748863 0.039474731 0.546208734 0.649164460 -1.140187434 0.207569914 1.551095631 0.128091576 0.636107440 -0.099710662 0.058380697 -0.290490664 -1.704903184 0.076482577 0.572454162 -0.203266067 -0.012394584 -0.412975794 -0.275248430 -0.336809494 0.872572327 -0.704231243 0.269357474
36.905686494 20.847138924 53.922018852 0.874962158 -0.085796617 0.244231394 -0.409183564 0.644953029 -0.513787252 -2.140698553 -0.356958619 1.464770488 -0.485942477 0.814781795 0.446012688 -0.060153320 -0.365681281 -0.390216053 0.560972097 1.541411940 0.174867484 -1.708660042 -0.406850031 0.548288965 0.943792736 1.547445196 0.103979951
39.708302774 26.570873029 50.226862977 0.380667304 0.314117760 0.654843973 0.572365100 -1.274683444 1.100098014 0.533873030 1.093431447 0.207036961 0.433857523 -0.672200978 -1.198241036 -0.172861789 0.329123296 -0.974094868 0.707259935 -0.362742316 -2.077034119 1.169693943 0.471577738 -0.513781785 1.468581542 -0.145932403 -1.081027661
36.561376819 35.964146710 46.036578805 -0.094347080 -0.542771202 -0.459354706 -0.696772061 -0.827721827 0.331958290 -1.076906610 0.549650054 -0.202799881 -0.776254632 -0.854904636 0.174080358 -0.480703992 1.338726645 0.910276754 0.823607172 -0.730108362 0.801419954 1.652013052 1.704295407 0.780638938 -0.235424504 0.243649899 -0.096630499
43.677852754 25.307959071 49.200563535 0.336860681 -0.720255852 -0.463540844 0.391006746 2.578063048 -0.145467810 0.304456206 0.605339456 0.048603594 -0.778189651 -1.359890533 0.354601559 -0.836360441 0.596827633 -0.573086150 1.766325920 -0.815510951 -0.536846991 0.253204266 -0.438202669 0.227437380 0.726068471 0.907135113 0.079162327
33.992411275 21.524353988 47.265452891 -0.514010578 0.604161168 -0.241766896 0.558865973 -1.041197232 1.970577733 1.788946756 1.432161102 1.873114989 -1.345686778 0.458181690 0.617648529 0.758906401 0.061654664 0.435614118 1.225028803 -0.490940219 -1.616689098 0.835587329 -0.742682137 0.220531144 0.006366888 -0.469055223 0.797673699
36.665567286 34.571628461 47.495293683 0.647454032 0.565629446 0.441838640 0.256213236 -1.525647574 0.646010950 -0.281082262 1.588378494 -0.939016362 0.502356663 -0.638300470 -0.354075066 -0.761853990 0.389632100 1.616999200 0.050843011 -1.658251341 0.537071853 0.386231968 -0.875735418 0.155631771 -1.262098484 -1.608795047 0.566467834
32.703816072 20.001620657 53.637744208 0.229416487 -0.059003826 -0.963055437 0.128104835 1.153007782 -1.703426186 0.634499979 -2.475476952 0.310579738 0.711338104 0.777482008 -1.032076011 0.030924358 -0.081814190 -0.189623341 -0.084243482 -0.734868817 -1.478385471 -1.342627312 0.345623053 0.259991931 -0.412532153 -0.540432342 0.205695890
34.633597530 32.910733060 55.104384097 0.530618708 -0.108958362 0.714048071 -0.443516870 1.368658601 0.878437173 1.381021980 0.338196477 1.986708553 0.661845247 -0.488950032 -0.706032871 -0.076853961 -0.710213586 0.895468208 -1.352413469 -0.420858435 0.936063460 1.010956413 -0.443488269 1.151624940 0.294046071 -0.139052316 -0.095436182
36.005757136 32.578305521 51.457888648 -0.951357774 0.289062686 0.091528091 0.054623775 -1.175402072 -0.443809135 -0.075334406 2.401057241 0.516678453 1.794069708 -0.824423375 -0.349887817 -2.618509962 -0.505647886 -1.224241354 -0.179157338 0.170880615 -0.296857988 0.487848498 -1.627876702 -1.753808901 -3.005539123 0.937151244 1.516341926
40.533048956 30.313031866 48.341060959 0.778715822 0.501943959 0.120160656 0.356672606 0.304651419 -0.170962367 0.572715649 0.982869992 -0.663070235 -0.896847067 0.598897396 0.103652304 -0.837552039 1.243516879 0.012441161 -0.095126860 0.581174448 -0.420401662 1.152635023 -0.390195231 0.777255105 0.042382645 -0.519187451 0.976511509
42.435192062 29.819744097 44.203728512 0.388345679 0.903010664 0.014587287 -0.183157268 1.933910910 -1.375539814 0.458682762 1.993693424 1.235177479 -0.273691585 1.358837193 -2.140544668 -2.427146908 0.353170319 -0.878277374 0.512432016 0.792045720 -1.190104557 1.302800129 -1.048642915 -1.107014095 -0.213005375 0.384000351 2.532018697
28.164654619 24.815567946 47.885014880 -0.260945823 -0.909437555 0.150286683 -0.286783062 -0.154803639 0.917405485 -0.352155659 1.017008909 -0.881909547 0.026827217 -0.309126758 -0.735468854 0.853411563 -1.120201207 0.199696529 -1.280889341 1.484640485 0.220878515 -0.817261346 1.179356537 -1.085537327 1.243859841 0.946288555 2.099177760
42.809527096 24.659611243 46.352429478 0.089382795 -0.675768529 0.453420854 -0.574244844 0.615034781 -0.976231208 -1.303953810 -0.203154294 0.998085565 -0.791541945 0.840865248 3.215758966 0.391300648 -1.028917280 -0.216360473 1.020967767 0.820814037 1.325559444 0.809751140 1.059365027 -1.187622115 -2.019960358 -2.033962096 -0.363250138
42.456314957 30.611399165 52.623734545 -0.539249668 0.773702148 -0.103778086 0.315950773 -0.651340899 -1.402695878 0.602826977 -0.924595132 -0.387287387 -1.137127994 -2.078677341 1.076450335 0.465151576 -1.498384763 0.815428074 0.540006710 -0.489278569 -0.455201221 -0.337462658 -1.979288225 1.661043266 -1.565769009 0.383512074 0.759599666
34.715773457 26.985483620 51.317867697 0.371725611 -0.167416620 -0.826649800 -0.387868345 0.874512895 -2.758418077 0.905169206 -1.977798080 1.654288516 -0.364289427 1.596194681 -0.122572608 -0.452186357 -0.144597616 -0.129871342 -0.958151808 0.473909326 -0.404670958 -1.625333714 -0.264179937 0.268163351 0.090874244 1.467658129 1.227369462
32.068926251 32.902926054 43.332873687 0.942875569 -0.140682798 -0.291400110 0.079246374 -0.388746097 -1.488135666 0.821765697 -0.894704024 0.304654860 0.993514932 -0.208250784 -0.135219572 -1.048829078 0.680088099 -0.662776671 -0.246145265 0.182693534 1.785157899 0.139238685 1.345099196 0.706672456 -0.407636324 -0.379505283 -1.005819386
33.128146626 31.078681285 48.034229912 -0.154796373 0.310533433 0.609352628 0.712949117 -1.236785579 -0.639735514 1.167163534 -1.205301954 -1.068976872 1.178365576 0.217706927 1.383117499 -1.122218088 -0.021890840 0.607376385 -1.020268596 -0.603461364 -0.182337924 -0.071392867 -0.536378048 -0.648673267 -2.573627595 -1.001850600 0.359924600
39.403482970 26.921960963 40.030776832 0.574100308 0.426708853 -0.512892571 -0.474625749 0.347197671 0.293317672 0.986400707 -0.110444809 0.344713187 0.015417032 0.979118658 -0.059445710 -0.387859970 0.874111085 0.414713926 -0.015832464 -0.488700189 -3.410312351 1.000525829 -2.150209487 0.548273735 1.740189415 -0.364071836 -0.474935089
28.451229671 22.265297906 51.786450003 0.159767413 -0.142690016 -0.335597808 -0.917326575 0.546184167 1.607113171 -0.521042224 0.250897454 -1.904605970 -0.236852099 -1.364198842 1.587620912 0.221912539 0.296162158 -0.538956100 1.127675461 0.509273382 0.290386264 0.292326129 -0.863128163 -0.018534127 -1.070857766 -1.636643056 0.502950867
29.800635906 24.773825653 44.296080307 -0.929321443 -0.019150716 -0.183567412 -0.319840446 -3.124884426 0.408273633 -1.212091196 -2.156976755 0.450482687 -0.123460564 -0.977847045 0.927085351 1.388728438 -0.288202165 -1.255050333 0.582402129 0.550176713 0.900099074 -0.449598686 -1.833307145 -1.069187303 0.000401979 0.818761852 0.085869253
38.323802278 24.106299233 50.223163381 -0.446722070 -0.315104820 -0.630456237 0.551065584 -0.739523697 1.631289917 1.311640918 0.117710754 0.185014041 1.133439816 -1.096691922 -0.520627670 -0.749114534 0.311428201 1.292410606 0.693995289 -0.249092350 1.167269685 -1.403697316 -0.498610693 -0.667978275 -0.026603950 -0.634256751 1.293315086
37.456120089 25.662027876 40.191261410 -0.323597274 0.911334258 -0.168390071 0.190786419 -0.839187653 -0.119233962 -1.512212121 -0.808513320 0.730971120 1.752202284 0.659373521 0.748566891 1.593652520 1.118051504 1.195627260 -0.086282533 0.193077964 -1.332701320 0.022153419 1.658418527 -1.228402150 0.028591699 0.644614627 -1.197767365
38.150497499 32.285541597 52.695644883 -0.479272718 -0.360534040 -0.397767711 -0.694329689 1.280075762 0.205657697 2.528098802 -0.122247571 -1.241473921 -0.454659691 0.632009023 1.395081453 -0.026345166 1.339588562 0.175412139 0.998903803 1.026077751 1.725953503 0.080674580 -2.768532674 -0.821714350 -1.767780330 0.720989739 -0.337807631
32.838508376 21.585359126 41.550728736 0.321229290 0.164833194 -0.932435493 0.014346182 0.759454346 0.716172763 -0.081654429 0.624640753 -0.460703798 0.745203814 0.450892809 0.748344629 -1.400570028 0.119203547 0.164758563 0.664925145 -0.618264821 -0.397587751 -0.885074830 0.339014161 1.092448062 0.156490100 1.579971935 0.821266043
29.363759707 22.780163609 50.191913219 -0.548526535 -0.549193541 -0.518859295 -0.358176112 -0.228314544 -0.362098128 0.421110929 -1.512509172 -2.071771358 -1.165597300 0.376258050 -0.117197560 -0.229335141 -1.164658693 -0.110926752 -1.122302332 0.757038882 -0.103211732 -0.684577092 -0.518407775 -1.398554305 0.520318177 -1.411583473 1.077312934
38.075660143 31.227474452 56.137050912 -0.246237919 0.498143617 0.542245006 0.630230258 -0.319193509 -0.049150909 1.457293176 -1.010176752 -0.707975082 1.413588627 -0.411613905 -1.520130496 1.641737502 -0.118989483 1.359204001 -0.309702838 -0.475140323 1.112262734 -1.107298549 2.369342654 -0.309048302 -0.232832575 2.162358346 1.191738570
33.042821187 28.587480971 49.632795960 -0.457017275 -0.415485083 0.208068925 -0.758429086 -1.297905015 1.072580975 -1.935831306 -0.556830441 0.661161069 -1.597283702 -1.922594104 0.128618253 1.753239490 -0.701732608 0.105489983 -0.436008879 1.353517842 -0.488141771 0.346220144 -0.413361770 -0.436383128 0.046611296 -0.081505106 1.226796241
38.312544152 23.327906663 42.496236100 -0.291671961 0.876489446 0.095899996 0.370805757 0.688887615 -0.610265938 -0.486858856 1.067351930 0.305570113 -0.492386820 -0.916337853 0.031148125 -1.074490045 0.724036489 0.711165324 1.410576337 0.290621186 -0.659937452 0.874385343 0.768247451 0.301864029 -0.834656773 0.336156651 -0.906917950
29.167961235 34.395385724 46.647898185 -0.035591408 -0.142448272 0.819602687 0.553798859 -0.264717702 0.041959062 -0.473359408 2.200703543 -1.590459553 0.381348055 0.582860949 -1.611638686 -1.257458652 0.805259761 1.392218512 -0.245758968 0.200661912 -0.064358328 0.213085125 -0.048593445 -1.687530103 -0.292383532 -1.014297049 0.448067907
32.333448945 24.728986549 53.221151345 -0.446891567 -0.555999361 0.472833092 0.517282809 0.203339096 0.157468918 -0.440912256 1.688578125 -0.681802145 -1.120412168 -2.051633590 0.281329758 -2.023666683 0.949957274 -0.421333607 1.307955361 0.783190131 0.013437182 -0.103434819 2.143344468 0.132328528 -0.383716032 0.916320328 1.742824688
32.576990452 28.550117794 51.671599982 0.783614715 0.028510392 -0.574082651 0.235720693 -0.485963909 0.410392634 -1.741958813 1.553377609 0.423662623 0.250821053 -0.013740301 -0.203131704 -0.344919826 0.828982647 -0.419786733 -0.826387001 -0.063805070 -0.219557565 -0.393067788 1.200257812 -0.691291603 2.267315565 -1.475158907 -0.573802018
41.183252310 28.503786877 42.842894339 -0.303382510 -0.478377865 0.696760277 -0.440044073 0.480582350 0.399558348 -0.671801076 1.889098920 1.776712585 -1.377475944 -0.929525613 -1.803312322 -1.592385744 -0.520355440 -1.989913703 -0.773944835 -1.448739376 -2.588337811 0.174074716 0.794982579 -1.157479101 1.764673506 -0.108832718 -1.519855960
40.105627775 21.160002435 50.699560517 -0.372613343 -0.732744914 0.516801748 -0.239081871 0.182905756 2.395053227 -1.244103429 -0.282268845 -1.023175822 -0.955288098 -0.781326461 0.639004947 0.138891682 0.089282099 0.008758758 -1.058511784 0.418862305 -1.614221682 -2.083689802 0.617844898 -0.755528006 -1.298259641 1.391454426 -0.603620232
27.410540184 30.171888634 44.032903765 0.702393808 0.326603753 -0.255665033 -0.578453384 0.622094346 -0.242627528 1.571152712 0.524760011 -0.900027300 0.752555855 0.092340907 -1.393617460 0.151941723 -1.528747729 0.110621200 -0.282984683 -0.677463973 0.262195539 -1.155675383 0.641673620 1.141865903 -0.887993492 1.986606618 2.741290730
34.356675994 25.151663193 52.437777892 0.747278779 -0.199976654 0.277555053 -0.569690229 1.383244314 1.656816252 0.192666934 -0.806071852 -0.461132327 -0.550724971 0.104256797 1.808069291 -2.442747957 0.562778576 1.949252558 -0.849331397 0.022274037 -1.523593160 0.087000373 -0.029128402 0.102220484 0.750181833 0.754073304 -0.976776023
39.246637815 26.522814685 39.727822475 0.490992190 -0.628912624 -0.244755674 -0.550899484 -2.337962052 -0.597723477 0.686042190 0.120321418 -1.140285398 -0.458949352 -0.199170659 0.588335862 1.622963874 0.446890122 -0.147316564 1.156802866 0.839210526 0.467955171 -1.041513297 -0.834073438 0.409472078 -1.859501716 -0.619094757 0.977838167
39.565804992 19.841112628 47.138376728 0.196311892 0.486929220 -0.577140557 0.625516070 -1.061195995 2.257352630 1.626679615 1.384746510 -0.317437069 -0.653629558 0.920296201 0.284360695 0.598459895 -1.350022280 -0.165456160 0.360370606 -0.740247060 0.288714121 -0.568787188 -0.211184904 -1.040457607 -0.055779088 1.944921097 1.357159344
37.731884011 25.396129877 47.247381229 -0.527371916 -0.584858994 -0.489790038 0.374064886 1.323341880 0.237956534 -2.285966610 -0.739252688 0.245383565 -0.218118294 0.691115803 2.118594867 -1.374834020 1.028266956 0.393743447 0.876793758 0.538146149 -0.460536422 -0.582796321 1.697027740 -0.132609203 0.150295990 -1.593260039 0.275695942
37.007536548 37.541969867 49.940378217 -0.322951276 0.573294592 -0.496059392 0.566534080 0.065992938 1.507769779 0.524093001 -1.098901512 0.167128322 -0.797190493 -1.163197190 0.693716251 0.594089131 -2.415985866 -1.624378218 -1.348140138 2.474260891 -0.199260723 0.340895618 -0.445183919 -0.236719421 -0.679994623 -0.095568296 0.588745697
37.026242021 23.800148115 56.605452692 0.042270618 0.701755067 -0.084999208 0.706065263 -0.593740968 -1.359432513 0.112555281 -0.864187151 1.958344209 -0.858343346 0.543639712 0.013395777 -0.018300706 0.551816923 0.562246467 0.199231569 0.359326837 1.536340152 0.152942642 -0.720868199 -0.258574367 -0.798970662 0.955126852 -1.387209318
27.777359575 23.698774273 48.721206202 0.144901257 0.703229566 0.534906924 0.445360961 -0.301964189 0.141695500 0.301297591 -0.631600756 -1.233341010 -1.078439668 1.420937612 -0.104264013 0.290477603 -1.926379420 -0.907701267 0.246937073 1.759675817 -1.152096733 0.237709349 -0.711155319 -0.593261426 0.577828790 -0.804671985 0.271111058
34.224079135 35.354253125 46.551100365 -0.743247126 -0.538382517 0.272746499 0.288682045 -0.478243009 0.779215679 1.402008427 0.539487336 -0.625184680 -1.205713906 -1.845763269 -0.472094978 1.824126033 1.897455708 -0.010970945 1.639725799 -0.342028965 -0.086168542 0.874363880 0.182627953 0.951233308 0.392560956 0.023816952 0.627830347
30.482571730 27.690421672 46.474336913 -0.111020120 -0.895927317 -0.127768194 -0.410687307 -1.429722067 1.807337970 -0.766611618 -0.214032125 0.410446343 0.426002564 1.154656776 1.421785117 0.266202948 -0.813516487 0.187278794 0.700989530 -0.561584273 0.590173424 0.255330517 -0.025568338 -1.330830803 -1.324640419 -0.754152131 -0.279967928
36.871137107 25.263680423 53.414118626 -0.139689967 0.785900368 0.309294650 -0.516898582 -0.912299177 1.149982387 1.432415908 0.884400239 -2.282177108 -0.627310928 -2.066884827 0.401730693 -0.415193517 -0.168526743 0.481665583 -0.640126441 -0.703271525 -0.889332910 0.008402901 0.162511007 -2.114935079 0.029834376 -0.710227534 -0.610000209
32.707068970 35.384234493 43.837567650 -0.530353602 0.429418494 -0.217672047 0.697813510 -1.345127323 -1.034908199 0.848601664 -0.492117327 -0.280230704 0.943499953 1.431434604 1.873584338 -0.058031443 -0.489284141 -0.166528416 -0.173702471 1.064056848 -1.341177974 -0.418133016 -0.074348243 -0.139651052 -0.508594849 1.094582256 1.016285712
31.414395309 27.506468105 55.025562413 0.130396373 -0.360022127 0.922004068 -0.057352879 -0.246171831 -0.756302616 -0.038764911 0.226283246 0.332075181 -0.871594503 1.943703518 1.192178259 -0.054805095 0.244527371 -0.407675922 -1.113806985 -0.280393515 -0.485944566 -0.781981018 -0.732167920 -0.848952215 -0.799621058 1.808645897 0.207586628
36.761321309 23.083361805 51.142237013 0.373881829 0.203019151 0.426338059 -0.798267788 -0.522049812 -0.026378196 0.233654359 2.223737203 -0.559437417 -0.274437951 1.390288835 -0.294808887 -0.515305590 0.393469214 0.686156755 1.186073588 0.463549655 -0.243705676 -1.242606507 2.539631948 1.424210891 -0.302514601 0.539646469 0.923823799
34.413211067 28.831154362 53.428233202 0.171343660 0.596944082 -0.728075753 -0.290180654 -0.208618567 0.493045475 -2.436280867 0.472211223 -0.217726061 0.118885805 -0.764988860 1.334730087 1.503494870 0.044375341 0.833844558 -0.028517674 0.827277189 -0.270523916 0.787671114 1.050144941 0.662696882 -2.135341077 0.930718638 -1.765744681
34.308801673 29.617626867 45.271458309 0.361264732 -0.384449961 -0.849374110 0.015800057 -1.091456732 -0.998849653 0.178898848 -0.967859582 0.075121560 -0.514174410 -0.178614259 -0.956688156 -0.622280614 1.714391137 -0.099998926 -1.947236644 0.588018672 0.193810119 -0.123348723 1.067792666 -0.828081447 -1.611239307 -0.888102968 1.011856439
31.786379460 24.737495424 48.098201591 -0.674752762 -0.588645790 -0.008807758 -0.445114893 2.001159626 0.606012835 1.285466768 -0.626647774 1.182811080 0.574543388 -1.072407157 0.186114070 0.492538401 -0.885479150 1.073751011 1.347711957 0.295941334 -0.079971087 -0.518584385 0.660939466 -0.888758499 -2.014452673 -0.487722646 0.278525505
31.127200709 31.278193225 53.000578474 0.902538259 -0.250809773 0.226614401 -0.266767807 -1.423630530 -1.715301885 0.550715771 -0.976753428 -0.104645588 0.911208495 -1.297932532 -1.508303395 -0.982586008 0.158679683 1.720190004 1.127467486 -0.920312338 0.096752680 -0.518675905 -1.061588980 0.925760022 0.804793395 0.758432056 -0.275675783
43.685549942 30.580057391 45.234356176 -0.464625314 -0.167597745 -0.580628037 -0.647229014 0.036278894 -0.773302305 1.715332316 0.260979003 -2.353463868 -0.899522549 -0.702133826 -0.786513578 -1.706096589 -0.672988781 -1.276848620 1.652021024 0.687036560 -2.287670167 -0.942399562 -0.813799651 -0.103728720 1.638701789 -0.215698468 -1.257795352
32.281418960 22.630590695 52.711581973 0.768766803 0.145069361 0.032123129 -0.622029410 0.534028134 2.585657665 1.005875979 -0.749884519 0.503274359 0.845280110 0.736772207 1.602924974 -0.674972654 1.306946712 0.488490742 -0.288295863 -0.518793471 -2.418155513 -0.077116782 1.839148412 -0.115946789 -0.851239912 0.326483958 -1.734085384
26.866782554 34.091899030 50.291881788 0.397027791 -0.170713898 0.810368332 0.395637290 -0.301363747 0.753265829 1.124295937 -0.278059520 0.994589610 0.155832551 0.479162939 0.795560918 -1.802424015 -0.455926883 0.695790036 -0.184281669 -0.293193131 0.548485800 -1.643574418 0.174304667 0.700229551 -1.714580720 -1.606971148 -0.239919383
26.884283670 25.368143444 43.813711463 -0.339031765 -0.586144407 -0.712570303 0.183672970 0.350430955 0.801352442 1.062933408 -1.221955833 -1.633088966 -0.864482239 -2.262116066 0.026121597 -1.058064530 0.116270434 1.547465503 0.995045753 -0.784188748 0.036128952 -0.209644461 2.448594895 -0.248099194 0.702795582 1.307869277 -0.141656226
35.271240223 34.204239115 47.510575921 0.182651704 -0.437266266 -0.520154828 0.710545933 -0.536496961 1.345493318 0.083248940 -1.310769337 -0.441996135 -2.213908450 0.898442092 -0.637456804 -3.171828588 -0.904730218 -0.045797742 -0.026198374 0.606157278 0.567310388 0.727175207 -1.268862457 0.591508185 -0.698450452 0.849125249 -1.291025973
43.555667208 31.949628206 49.194898858 -0.700062668 0.090798955 0.097744120 0.701508302 -0.660423189 -0.100673562 2.085979234 -0.879026278 -0.314146937 0.895050300 -0.615033586 -1.097337391 1.430112597 0.575360560 1.247676549 0.595008791 -1.989335988 0.350008942 0.288718519 -0.333912131 0.781480325 1.182978419 -0.025741774 -1.262626567
31.640846904 35.640707410 53.576255022 0.594894717 -0.702241492 -0.093051713 -0.379866479 0.211364793 -0.230312126 -1.181223845 0.651263027 -1.776275851 0.531720250 1.071731959 -1.791935080 1.031972245 0.007112975 1.195828764 0.112346631 -0.547542559 1.372071010 0.053492507 -0.755449223 1.222018709 0.818639073 -0.154699308 -0.025392537
35.127408913 33.219624369 46.460968241 -0.254321115 0.093049337 0.346283018 -0.898192998 -2.170079724 0.860846382 0.727708714 1.175194163 -1.118417338 0.167121331 -0.720756664 1.062585031 0.651337739 -0.853068175 -1.307316703 -2.648633083 0.331127528 -0.408717823 -1.858887994 -0.293319965 -1.434189816 0.690426975 -0.767101834 -0.958989819
41.890643559 22.580169522 47.891437847 -0.397397486 -0.592214502 0.369449945 0.595704591 0.822511270 0.991423790 1.008929408 1.331643395 0.862585394 0.811329107 -1.132149135 0.267291368 1.010378603 -0.010929006 0.086451943 -0.500702618 -0.231445682 1.137713738 -0.039321789 0.154060255 -0.258349321 -1.264574350 0.755974035 -0.672715473
43.511323142 29.685929117 50.650974112 -0.101489492 -0.340505293 0.146804612 0.923149194 -0.131567016 2.158455643 -1.178679959 0.476344976 -0.916908967 1.198003238 1.336099334 0.835606548 1.401747887 -2.199202541 0.571686373 0.137180109 -0.831199374 -2.219046408 0.649714363 2.641990782 0.302972085 -1.326785178 -0.781182604 0.244648539
31.474698459 21.155095736 46.768517700 -0.671850131 -0.121078974 -0.273974985 0.677417885 0.369660675 0.457687744 -0.022117437 -1.962371879 0.981614687 0.200233815 1.925812344 -0.421809970 0.127011485 1.018449761 0.871583888 -1.240465360 1.207663346 0.361623237 1.869661179 -0.952555749 1.294942139 0.946163592 0.680777557 -0.608064258
27.886235324 31.713990960 52.725332183 -0.680415533 0.641396065 0.326655785 -0.137629172 -0.535920374 -1.273059830 1.177538305 0.653642739 0.777454918 -0.030278962 -1.413436928 -0.071469571 0.423902182 -0.550521430 0.628338366 -1.282568353 -0.050586377 1.185918217 0.459927394 1.033790899 0.117623085 0.680064136 -1.340645314 -1.635301988
41.460659067 33.924013682 48.738276536 0.056040959 -0.692399812 0.719075494 -0.019296242 0.647239685 -0.335153513 -0.496632011 -1.163604912 2.135407495 -2.345585592 -0.095340189 -0.984132292 -1.708005862 -0.574889717 0.693124447 -0.959475316 2.170475884 -0.585423199 -0.552992426 1.158467660 -0.901206876 -0.774937588 -2.045000837 1.229573867
34.431773015 29.296643593 47.924406636 -0.790448959 -0.581129987 -0.056018452 -0.185311400 -1.675895296 2.135233078 0.299325020 -0.481967316 -0.896078707 -0.140530489 0.423100592 -0.395745446 -0.444112088 0.534685264 0.414428772 1.345686088 -0.154818322 -1.696425680 0.076821394 -1.676828824 -1.193058429 0.650203497 -1.820898828 -0.692798262
35.672678368 33.702580882 49.604829068 -0.018035813 -0.724236624 0.521892463 0.450315755 -0.304699470 -2.156583311 0.544886175 -0.064959084 1.617794950 0.512210300 -0.808685180 1.428949236 0.677244646 -0.232892111 -0.096744536 -0.096212169 0.345795291 -0.417067003 -0.940238513 -2.026762009 0.575489202 0.144232474 -0.329062252 1.182830996
32.398241615 30.919288209 39.858600679 0.114037920 -0.163489299 -0.979630160 0.024317721 1.002270138 0.550442316 0.408899388 -1.818345790 -1.097247120 -0.410821256 0.883121408 -0.282341165 0.705579258 0.747562103 -0.465544705 -3.277865058 -2.810131603 -1.034618120 -1.076322373 1.040256375 -0.236915895 -1.509255003 -0.362099436 0.395796824
36.687518450 30.113305668 46.070683927 -0.922517565 -0.285769897 -0.201007538 0.163990479 0.356879416 -0.739426954 0.718275660 0.841815630 1.934753511 1.027176214 -0.274385795 2.351004841 -0.630382509 -0.464148281 -1.192993606 -0.233187067 1.058382150 -0.407132893 -1.097233296 0.888724396 -1.061975055 -0.089536551 -0.011412411 1.049062387
29.750018459 32.704747868 45.919912642 -0.384656122 0.799959007 0.146072183 0.436770160 0.617255023 -0.192099935 0.247524501 0.263974891 1.750718431 -1.111210153 0.377726000 0.146794355 -1.528144338 0.469759980 1.466038905 -1.246278830 -0.343221168 -0.455733237 2.598966288 -1.271812450 1.063865069 1.780003761 -0.608149598 -0.703832425
27.549051753 30.451681858 50.943283187 0.559176805 0.102477047 0.822647992 -0.008368834 0.272863149 -0.481942736 1.610867971 3.007035079 -0.823127617 -1.874474901 -1.721800545 0.753947548 2.307818199 -0.778386706 -1.186834869 1.118062881 -1.450401072 -0.826866784 2.211449411 0.274487108 0.925440795 0.530082026 1.434574491 -0.684341486
26.266208157 27.578739177 47.774529702 0.471308689 -0.154442329 0.739537551 0.455082297 0.577412682 1.046116080 -1.619143452 -1.276989575 0.169943207 0.320080839 0.596362195 -0.069433035 -0.681464595 0.890260635 -1.470327214 0.226260093 -1.147829346 -2.361631094 0.201071243 1.391126472 0.311588801 0.108899414 0.474758793 0.113741595
35.930433832 34.052831769 50.112078581 -0.447774516 0.061119985 0.862999931 0.225817292 -0.739994461 1.118704107 -0.669641347 -0.611573203 0.058505024 0.153113371 0.354846493 -1.875801867 0.777991401 0.502624969 -2.426201699 0.380025831 -0.247304873 -0.657433448 -0.860272926 -0.041998643 -0.324332511 -0.144503205 -1.256791151 -2.025869747
39.012224802 20.859187413 44.801501840 0.092471250 -0.621117958 -0.340942765 -0.699585292 -1.032617003 -0.281541877 -0.771100316 1.650236737 1.449711269 -0.167401663 -1.936888785 0.036446561 -0.153793769 0.243374436 -0.438487108 0.756175371 -1.166707576 0.057727508 0.155902026 1.758686914 0.901498478 -0.594567945 -1.196206718 -0.995976596
38.156002333 24.763863302 55.949693416 -0.811188187 -0.493754050 0.286671137 0.126492381 0.201241343 0.216718871 -1.282204273 0.692833111 -0.624934895 -0.160985822 1.777336914 -0.380790356 0.182883930 1.317680550 1.061293797 1.603158699 0.044408581 1.968569632 0.157053956 0.198752206 0.880259624 -0.848623159 -0.359070070 -0.022331354
38.524806035 33.307141081 41.134242709 0.020741062 -0.762548916 -0.036714019 0.645554831 -1.618673517 -1.262567293 -0.193795597 -0.173875657 0.259255828 -0.957951019 -0.465735633 0.847543154 1.293785831 2.123454586 -1.490172248 2.198486175 -1.589907735 2.088689983 0.661596651 -1.701522452 -1.555430639 0.833291622 1.043774891 -1.160910283
33.663156206 31.064942629 52.999180218 0.812658641 0.335866592 0.390668580 0.272318979 0.716521574 -0.386517431 0.039655696 0.528805955 2.994479222 1.213485023 -1.575342931 -0.602892756 -1.777895098 -0.527123614 1.201286418 0.314110271 -0.898620007 1.557837999 -0.753769751 -0.143038764 1.254485139 -1.907838055 1.971439950 -0.120942089
33.594701509 25.822219879 54.906672889 -0.347007685 0.194249379 -0.333866123 0.854626385 -0.341167293 -0.577761690 -0.702392177 -0.727919648 -0.285117281 -0.244721271 -1.775988168 0.884653720 -1.613584541 0.133130790 -0.839547038 0.784305973 0.412058486 0.689626054 1.759925618 1.403246626 0.524024049 0.136813991 -1.613611693 -1.734698465
31.737873440 33.006384361 41.493385853 0.422761869 0.422775559 -0.718245900 0.355887700 -0.964854338 -0.923556732 -0.144198623 1.001606555 1.612108806 -0.770690362 0.028051279 -0.006739244 3.152975947 0.042327141 0.031672962 -0.275230084 -0.051283875 -0.758854680 1.156187500 1.642756746 -0.074548647 1.186110550 -0.368391859 -0.565388593
40.624256210 33.137216648 49.240598942 -0.679095702 -0.685997523 0.077298181 0.249522378 -1.197441090 0.451827173 0.171142442 1.281863892 -0.410785427 -0.510297450 -0.142381987 -1.801731445 1.194294366 -0.927482845 -0.763959629 0.431048907 0.365745394 -2.496846838 -0.779437340 -0.135885025 -1.373724646 1.470636557 -0.334590384 1.154167592
33.050720694 21.465531907 53.294581285 0.253626903 -0.467539409 0.363681143 0.764732843 -0.857790140 -0.700163681 0.223172149 -0.833239070 -1.559039074 0.726184089 0.206588646 1.153201148 -0.022837862 -2.300048079 0.608014099 0.240371961 0.793175111 0.512018468 1.377885679 -0.150996678 -0.127602713 1.825671959 1.582955635 -2.404105936
34.072195313 33.043508154 53.340654725 0.308430390 0.522327181 0.193103805 -0.771204208 0.275550986 0.450229597 -0.538158926 -0.607762293 0.818816903 -0.620128516 -0.819075838 -2.006184395 -0.898034925 1.594884055 -0.039077433 0.425648235 0.036728170 -0.949836817 1.304580355 -0.772550900 -0.883883379 -1.918698852 0.379465395 -0.923635739
41.991224894 24.615963288 47.276450741 -0.955582685 -0.229646741 -0.094705589 0.158603148 2.104542305 -1.166077607 0.553025843 -0.093564218 -1.932462785 -0.151654868 -0.402703639 0.309937538 0.131461044 0.793355035 -0.677650576 1.498224704 -0.246862402 -1.913073117 -0.434459587 0.348561965 1.140422436 -3.837513882 0.838753474 0.237263737
32.268494377 30.643071064 39.033446796 0.449102100 -0.306962262 0.342423579 -0.766046713 1.535105520 0.183519968 0.234799162 0.339112933 0.049641087 0.398207982 -0.656085505 0.337438921 0.687276273 0.825941824 -0.617181650 -0.486739628 0.992012120 0.907449485 0.248903791 1.235803066 0.028041642 1.031355179 0.977326534 1.439947160
37.190989646 27.253961524 52.465628530 -0.268622015 0.371030272 -0.289544409 0.840442018 0.064694797 -1.545123210 -1.145947965 -1.960996504 -0.128856599 -2.537022682 0.042921890 0.555174255 -0.148049688 0.590193768 0.110345764 -1.721165961 -0.934805490 -1.649937887 0.400846077 1.196267922 -0.450615185 -0.063333637 1.111693742 0.128126289
29.752289506 20.963478123 48.621683382 0.980741811 0.104201577 0.160898405 -0.037406349 0.475408957 -0.519665732 0.259553510 -1.025949709 0.592559097 0.359637459 -0.320483053 -0.001398965 -1.649294849 -1.131485117 -0.904756705 0.621649578 -0.965363219 1.363296426 0.489977515 0.547946459 -1.914850011 0.802478748 1.921446120 -0.344523128
32.231137110 31.664116167 56.358898398 0.290992278 -0.923762637 0.201015294 -0.146897708 0.996677979 -0.383416074 1.041519503 0.090838332 1.849374909 0.035211012 -0.814775122 -1.404938262 0.549051647 2.086830843 -0.463488224 0.547829300 1.079113883 -0.727845295 -1.246316608 -0.702904448 -1.458245385 0.798828560 -0.711973874 -0.186265816
36.304786470 31.601679589 50.305635079 -0.605036523 -0.317494416 -0.528675068 0.503617687 0.231523456 0.990752391 -1.054048363 1.321634775 0.096265973 -0.092279057 0.547896462 -0.421613436 -0.038103459 -2.109678298 -0.811654409 -0.895495703 -0.249722989 1.101133151 1.237564340 0.474882730 0.063743774 0.333512597 1.316217071 0.480710395
29.593945113 24.078509017 54.151292623 0.425412567 -0.591233837 -0.644631239 -0.232200914 -0.495084294 -0.301386324 -0.515162237 -2.135287296 -0.943595297 0.714519723 -0.530417246 -1.346434442 1.804518741 -2.017826620 1.143297654 0.104324676 -1.069411538 2.151476107 1.116027509 0.082310109 0.602358643 3.328459346 -1.838709022 1.537217548
33.318133952 22.636937371 43.759241344 -0.548726183 0.105710391 0.567047564 0.605129696 0.309844557 -0.229907363 0.666538592 -0.451062218 1.396073601 -0.334853234 2.263651551 -1.820851110 -0.297723343 0.833339239 -0.059125259 0.423077578 -1.443960023 -1.239284402 0.469955280 -0.220592586 0.964766328 -1.079135741 -0.085784574 1.695368411
29.281063307 32.035948157 53.091448127 0.134451799 0.207498759 -0.814985579 0.524085378 -2.683146573 1.088477980 -0.062054328 0.991427414 -1.045779884 -0.649982184 -1.218315224 -1.222560674 -0.589636779 -0.944435864 -0.411362243 -0.659381783 -0.596244483 0.894313456 2.519633864 -0.200495582 -2.685946732 -0.682431228 1.857694316 -1.728729365
28.147506378 26.094785738 51.629643192 0.452834623 -0.400341713 -0.680491570 0.414244541 1.264767200 0.856528339 0.963178540 -1.715858387 0.624579522 0.443417798 2.112133583 0.276468881 1.548274826 -0.080485414 -1.062536823 2.362566288 -0.318932195 0.946644021 -0.726332711 2.362553579 -0.364636077 -4.462858578 1.769368779 -1.347000081
41.109856559 24.151211209 45.660095583 0.148918502 0.556034658 -0.343374748 -0.742120287 0.243169675 -0.127650509 0.055028936 -0.829962839 0.095130878 -0.447736863 -0.631085976 -0.169422397 0.512857692 0.092914987 -0.571172575 1.477277668 -1.072450640 1.445994519 1.360811725 0.917795193 -0.059894579 -0.467263295 -1.406376086 -0.343215100
31.623249901 22.257363597 43.843262056 -0.011821748 0.800746760 -0.007581803 -0.598838366 -1.074667473 0.294914733 -0.916892131 -1.049719885 -0.356424720 1.124037500 -0.415820535 -0.035593371 -0.251638009 -1.383331345 0.384729779 -1.132944599 -0.360653007 0.357409118 2.107235174 -0.180526668 -0.120820453 -0.237445450 -0.250793595 -1.203109553
31.126563908 29.708562445 51.005398380 0.942191472 0.025625963 -0.332128152 -0.036186045 -2.399879232 -1.861994177 -0.322982051 0.180693112 0.918673790 -0.722543523 -0.146798497 0.236657444 1.377942031 0.482462791 -0.243252015 -0.465694444 -1.461951427 -0.245742480 0.647964647 1.874632019 -0.247156597 2.078753697 -2.024417440 0.418239035
41.588403399 28.902014727 54.669359252 -0.262339001 0.642913278 -0.718301943 -0.043394510 -2.685698457 0.766628263 -2.583949816 -0.058330909 -1.399611601 -1.759126904 1.518585613 -0.985441086 -1.877059404 -0.314549912 0.083189681 -0.026103564 -1.046878583 -0.217824251 -0.823747415 1.582232557 -1.139198186 0.847442328 -0.253203537 0.115061664
38.151394600 30.105473807 44.886714372 -0.918235111 -0.001650346 -0.098343101 -0.383627673 0.193687325 -0.222148176 1.242065547 1.124096274 1.697460770 0.093284528 0.958911563 1.380087472 -0.093320434 0.304477092 -0.163329843 -1.480982761 1.780410915 -0.667507723 1.086189632 -0.805998118 -0.988765362 -0.198008525 0.921461606 -0.716252223
31.052059510 23.281780178 53.952157153 -0.196213337 -0.374403216 0.122398056 -0.897965074 -0.796018029 0.355452465 -0.325351717 -0.501588751 0.881192191 0.139568359 -1.382310755 0.945352054 -0.456303966 -0.201637408 0.812103175 -0.584714810 -1.776415903 0.487267620 -1.417044663 1.260118308 -0.178192079 -0.712342634 -2.253003156 0.545956247
33.073030902 23.695400583 51.516745152 0.575373269 0.077362002 -0.071854319 -0.811047273 -1.569334145 -0.009762285 1.590746571 0.030178098 1.391526312 0.081290362 0.001416114 -0.140233530 -0.369953909 -0.349302268 -0.286522458 -1.038072566 -1.099306453 -0.061297630 0.841281020 1.163389317 -0.975287580 -2.101344555 1.135624692 0.495711448
26.557702732 33.057618821 45.383238476 -0.746993617 0.589664592 0.242871715 -0.187908318 -0.933071160 1.553831763 0.806849050 -0.914777163 -0.613355317 0.841644301 -1.247019858 0.808475355 -0.007321715 -0.096517367 1.521642380 -1.658879134 -0.924925502 0.845855086 0.162240718 -0.058184272 0.327162284 1.065222866 0.218608159 0.392298467
28.321366857 26.308021251 49.064203247 -0.515106620 -0.285748727 -0.562443661 0.580232680 -0.104715923 0.086918102 -0.234493546 -0.396493096 0.213925799 0.347164853 -1.415386548 -2.047285397 -0.447121966 -1.821620060 0.037106254 -0.429626873 -0.275224083 -0.878209283 0.349936670 1.156440958 -2.407302984 -0.353429346 0.568555927 -1.101220514
34.860144945 32.160047961 42.700000079 0.113754984 0.044086654 -0.928646048 -0.350332254 -0.996611006 -0.639993875 -0.676942150 1.285173134 -0.505027630 0.424318975 1.216089868 -0.093992911 -1.228634056 0.865469285 -0.463030265 0.098111969 -0.983032871 3.607045293 -1.714919405 0.029094168 1.800248946 -0.333452708 0.487252092 1.338050293
30.123351397 24.476032608 51.180141414 0.657819201 -0.675490136 0.063461597 0.327046787 -2.198981839 -0.252131410 -0.360534818 -0.803435330 -1.519594930 2.055151208 0.129810315 0.431661628 0.288944788 0.049646162 0.862577086 -0.898472576 -0.057739874 0.864565207 -0.872941409 0.712923204 0.741280271 -0.560126147 0.224137388 -2.589633447
26.007735171 24.162685297 51.096447125 0.620817203 0.157790187 0.438556719 0.630362009 0.393119030 0.677450154 -0.509459395 0.772748891 1.473107180 0.700514373 -0.742730181 0.115730744 -1.196145943 -0.444592040 1.373971680 -0.522234840 0.209391330 0.282273518 0.325457825 0.596565734 -0.086261264 0.378841956 0.314891973 -0.111217155
28.473895255 30.676813676 43.615832245 -0.017204162 -0.263884330 0.855050981 0.446045846 0.448524813 -0.009236217 -0.070519213 0.572044649 2.024847009 -1.166958907 -1.537219719 -0.291552795 -0.888664966 0.625263560 1.284787323 -0.112062048 -0.664946808 0.445947592 1.209785483 0.871422083 0.840749336 0.525708472 0.889361357 0.123150926
35.115203702 20.193021132 45.430412001 -0.259510113 0.692392318 -0.208823608 0.640031312 1.409861509 0.788396881 0.626458931 -0.699434747 1.456891166 0.993423984 0.075209669 0.037405753 -0.717448525 -3.232578650 -0.276837134 0.179503267 0.266318810 -0.171412896 -0.214949473 0.768345079 -0.338266968 0.648503308 -1.461422980 1.081817971
39.534903807 33.065719171 44.182143307 0.648423039 0.600461343 -0.412196463 -0.221557698 -0.845873562 -2.122708866 0.085485355 0.819126392 -0.256959845 -0.726400077 0.340900423 0.152265736 -1.159353621 1.292387535 0.403945853 -0.305770525 1.017496954 -1.420633545 -1.570129174 0.760869914 0.799821636 -0.242305578 0.925512095 -1.652365073
32.545524000 30.887186135 55.400471813 0.452262887 -0.525023399 0.720969452 0.003429402 0.830732459 0.285254335 0.501732963 1.466165216 0.296887508 -0.717906495 0.147261061 -0.056841749 0.287300348 -0.497514474 0.406240243 -0.032379430 -0.286343907 -0.245669633 0.997130816 1.614328418 -0.139462419 1.335085897 0.020233290 -1.267729467
41.834794732 29.196553191 43.281289548 0.731056378 0.424514871 -0.160232727 0.509577442 -0.005490524 -0.236885866 -0.514371439 -0.054378191 -0.236145124 0.096094925 0.611984992 -0.272962444 -1.298461500 0.499112191 0.735378180 1.106875022 0.412460127 0.902918022 -0.910296037 0.331228998 0.442337232 -0.486287899 -0.889586012 -0.399828808
39.893536604 28.001212146 52.122046473 0.314373086 0.481550445 0.561704427 0.594783043 -1.519444887 0.181065872 -0.252878971 -0.467898491 -0.023702457 0.212490894 -1.133596678 1.653931677 -0.829634545 -0.353089963 -0.830502753 -0.256317846 -0.387842395 -0.612020293 -0.284029085 -0.433445276 0.808112705 -0.624929590 -0.172690900 -1.323419855
33.000647423 34.139519420 44.797590635 -0.388976698 0.458403818 0.237851087 -0.762882644 0.152362495 1.710924924 0.525647886 1.790330039 -1.223400959 -0.366524480 -0.157336386 -1.321879216 0.022685485 -0.767699091 1.116817105 -0.859814572 -0.907052083 0.688800304 0.011731688 0.054497906 0.030056669 -1.166001611 -0.305966399 -0.351459162
34.856620532 34.905210622 47.730810979 0.855605457 -0.152476995 -0.311824471 -0.383999437 -0.250862383 -0.213152728 1.364304182 -1.135715097 -1.283496058 0.458679436 -0.243944655 0.249642950 0.278483218 0.983093479 1.153362265 -0.407413021 -0.390514097 0.593529461 -1.138997846 -1.325867650 -0.604909677 -0.471435923 1.514338232 0.081066343
41.075694403 31.672963045 44.624308697 -0.398305868 0.903955606 -0.141582984 0.064582949 0.758190740 -1.196607213 -0.246092891 1.295672887 -0.154922064 0.320580260 0.457023954 1.502745431 1.168861277 0.522406228 -1.318496003 -1.215460828 0.726664823 -0.492019511 0.119531912 0.986337938 -0.522862259 -2.490224692 0.905153153 1.024677728
37.856656593 31.104892588 55.476787931 -0.804260525 0.464482577 0.279225017 0.243832593 0.855793833 1.265796750 -1.205359127 0.842582438 0.867910382 -0.535797043 0.389284228 0.019512375 -1.303441333 -0.806459983 0.498765351 -0.207984978 0.510990659 -0.151504275 0.560977477 -0.386731155 0.291854507 0.361664890 1.754662030 -1.075952108
39.558477689 23.475963945 52.955056197 -0.776991407 0.350466251 -0.029201157 0.522115939 -0.091643219 -0.249193424 -0.216856217 0.430206549 1.657846042 -1.333406879 1.144391653 0.702888660 -0.263582879 2.495766989 1.131932806 -0.023586318 -1.248190947 -1.476159114 1.835178833 2.012406150 0.335911169 1.995167572 -0.410555328 1.459739056
40.307619955 26.645565155 54.573362210 0.664721069 -0.390155309 0.555260977 0.312425964 0.358892343 -2.609438528 1.344236526 0.129331646 -0.451394527 -0.563306178 -0.711864491 -0.872995569 1.415034233 2.488486845 -0.186655382 0.810528420 1.459512227 -1.701921456 -0.493906251 -1.333882669 -1.429253272 0.780303111 -0.699865590 -0.240192865
27.635683542 29.281600830 52.102886276 0.358546267 0.592430173 -0.290309170 0.660448068 -1.242361467 -1.095047949 -1.898539721 -0.246694861 0.177862730 -1.658762648 -1.552458072 0.064831462 -0.192649713 -0.555533396 0.263588242 0.713292187 0.484045718 -0.015492715 -0.212587317 1.557234283 1.044112912 -0.188468864 0.844700372 -1.510850416
34.125253716 30.226853736 51.509573871 -0.450314487 0.513383123 -0.419119465 -0.598325585 1.885871353 -0.747836580 -0.325769809 -0.258775171 -0.046888679 0.437664238 -0.001227751 -0.333825508 0.269177892 -0.749361521 -0.805086491 -0.008328090 0.311950406 0.842489554 -0.761636445 -1.675034742 -0.285184339 -0.027563271 -0.725254937 0.626036824
26.186003547 27.449955340 46.275765563 0.779402319 0.278821951 0.560674586 -0.020841166 0.329442556 0.592233887 1.110345578 -0.958685245 -0.213524435 1.041562723 -2.125726671 0.108240493 2.314692225 -1.470336637 -0.752376802 0.267436056 -0.588946803 -0.745240052 -1.195164893 -0.605671250 1.667002221 0.561775597 -0.011292527 -0.627336098
34.704036456 27.910867205 49.491823837 -0.511717344 0.527375102 0.133363338 0.665007580 -0.411936894 1.090062161 -1.699448444 0.408873065 -0.535887675 -0.931929870 -0.628373074 -0.359051863 0.130241292 -1.283080186 1.399206995 0.105306271 1.395701631 -0.308308110 -0.370059412 0.565749825 -0.117349555 0.055800841 -0.864241607 -1.796471887
37.639333703 27.304859379 40.466682062 0.763738844 0.469711824 -0.437285499 -0.069679075 -0.686199682 -0.637904134 -0.967649777 0.861734080 2.424725270 0.534632348 -0.167929775 1.471663848 -1.033082644 0.070499615 -0.600189109 0.779496684 -0.338893704 -1.034540157 0.410366858 -0.358843822 0.573285454 0.215861741 -0.679838187 -0.117828868
36.369362826 23.093418175 52.743370706 -0.558640195 0.478888209 -0.181664838 0.652368839 -1.728088502 -0.698991532 0.341793274 0.909683593 0.453565857 -0.679509063 -2.145808862 0.096593096 -0.505604160 -1.456029155 0.314081883 -0.772938069 1.390164036 -3.027394444 0.707991593 -0.059297037 -2.226817067 -0.544861847 0.332893416 0.890875042
32.241012042 28.434619263 40.018374466 0.611778013 -0.367383412 0.613859630 -0.337540288 -0.624247087 -2.540795346 -1.745912913 1.437373465 1.430153112 1.133468699 1.131848661 -0.319521656 -0.576319599 -0.789140936 0.607266687 -0.099327758 0.582039897 -1.934391971 0.215034879 0.270341346 0.865166184 0.797891583 0.001660677 0.618281822
34.258745791 20.200871351 49.682872090 -0.502327272 0.401905140 -0.606154325 -0.467671364 2.324340088 -0.306406123 0.172812709 0.231863421 -0.401437339 2.060483538 2.128981642 -1.228166417 0.526459504 0.281895862 -0.404909426 -0.707312690 -1.550622254 -1.031402428 0.684907098 1.841978054 1.737139890 -0.252931494 -0.160455299 -0.813143542
29.635365201 33.348559176 49.676509399 0.420533379 -0.215039730 -0.175345597 -0.863807567 0.016996331 -0.612191230 -0.708628170 -0.037472738 0.637074859 -1.849188999 0.333694770 -1.036054992 1.752717186 -0.637273791 0.574864881 -0.166848064 0.313880219 -0.063332532 -0.757130171 0.300562674 -0.137258440 -0.165692727 -2.377748607 0.908509836
26.777969435 31.288669156 49.527393998 -0.461009749 0.764528688 -0.442203743 0.086149554 0.714611571 1.249176109 0.428136880 0.648897671 1.117872739 -1.017378482 0.619189407 1.071709243 -0.466783080 -3.371485316 1.151940590 -0.542331393 0.381283009 -0.995099425 0.830019184 -0.154358712 1.408292496 1.245676663 1.393871851 -0.071921914
35.053212966 24.871905193 49.542338885 -0.432946410 0.468933253 -0.017886998 0.769635671 -1.733568987 -0.405593600 -0.216687819 -0.604505730 0.326320907 1.439848175 -0.155509725 0.462987016 -0.757068048 -0.818916177 -0.232076306 -0.864453178 2.053693976 0.697211697 -0.374822350 0.601274331 0.116032579 -1.471766893 0.319458094 -0.171082750
41.593328373 23.375748891 47.142511233 0.073238336 0.728839026 0.673582290 0.098573423 1.158534965 -0.649934785 -1.808798520 -0.515984356 -0.965321590 0.789732978 -0.189257275 -1.241290178 -1.506986370 -0.725819248 0.402886109 1.370316181 0.232365358 0.801850316 0.617649231 1.520271632 -0.002622473 -0.538588548 0.892471003 -0.886088649
25.872158948 24.005953554 49.579720186 -0.828885528 -0.524128212 0.190626594 -0.043587850 1.403039446 -1.307210417 0.617854060 -0.155218735 -0.525546571 -0.255079665 1.236208222 0.242669393 0.804858036 -0.315736363 0.820424661 -1.180959603 -0.611089173 1.404744466 0.049111240 2.217725818 2.391046863 0.647068336 -0.591511475 -1.227659607
38.357697748 22.274980480 46.873906824 0.738976432 -0.030056910 0.399412048 0.541738342 0.719009419 -0.120541788 0.180780487 0.939865960 -0.078628549 0.421482167 0.198921787 -1.015954423 0.458544350 1.592981345 -0.786100699 0.311495639 0.528923318 0.692159794 -0.204121738 2.503707742 -0.276838935 1.048576814 0.805977906 -0.720402236
27.015337541 27.286846322 48.162574160 -0.978462617 0.204410110 -0.028603473 -0.003042249 -0.663759991 -0.521141727 0.158041575 -0.466289679 -0.438607412 2.319186053 0.190916766 -0.122679359 0.333295475 0.552410708 0.927229905 -1.195944017 -0.112392862 -0.275186176 -1.842800054 0.873383414 0.718935762 1.734159172 0.081147906 1.643754622
34.310524241 22.057534292 46.740684572 -0.507739772 -0.421597693 0.032318557 -0.750607234 0.284621896 0.005296247 1.684952943 0.754544875 1.102238696 -0.108302076 0.932289805 0.662897055 -0.811731952 0.022558563 0.709520615 -0.704523206 1.197079993 -0.204748824 1.563185604 1.220065787 0.435452115 0.687959159 0.685565678 -1.134669676
31.197555118 24.469949003 55.073933645 0.118682439 0.140118371 -0.124463327 -0.975084715 0.810412696 0.074621746 -0.279033241 0.260037587 -1.318709768 0.141566832 1.493487681 0.938308301 0.753542823 -0.491421097 -0.173862804 -0.808620145 -0.379449609 1.476840664 -0.128463017 0.822562925 -0.566342671 -0.052475468 0.557872605 -0.195874036
39.525307911 30.477297506 44.928884223 -0.184708106 0.301834134 -0.431384878 0.829871170 0.466384433 -0.562459578 2.029640061 -0.660362006 0.266115020 -1.376342657 -0.958664553 -0.335718022 -0.995619117 -1.839618710 -1.335573824 -0.196165619 0.662523458 0.594884290 -0.329820626 -0.777794137 -0.160222947 -0.609442862 -0.775836936 -0.512213017
32.449764765 35.726992998 51.036284700 -0.519907692 -0.582255251 0.341143950 -0.523732393 -0.117449875 0.283800476 0.008431057 -2.334242704 0.668148492 0.677769296 1.499783208 -0.346064998 -2.136477536 2.160739198 -0.068457586 -3.586190623 -0.300044343 -0.537956777 -0.111955749 -0.408579939 0.412449593 -1.134223178 -0.350462452 -0.577026020
26.973508717 32.209421738 52.699621132 -0.230954782 -0.789138234 0.020915888 -0.568755889 -0.699672144 -2.627229910 0.438600920 0.816932733 1.039168899 -0.448705310 0.641062238 0.223041479 -0.380562020 0.444564021 -0.807570608 1.240806465 1.519697072 -0.266581912 -0.575915704 -2.588792044 0.439271959 -0.992392874 0.103599580 -0.529470426
30.698635417 29.895463990 41.528514612 -0.624069148 0.290014224 -0.285878226 0.666860621 0.870019402 1.145714576 1.022169388 -0.013823450 -0.196244076 -0.111695848 -0.188607172 0.903574516 -1.104870489 -0.706818714 0.927875203 -0.964769090 0.145258309 -0.646976692 -1.006097279 0.543092115 -0.202059215 -0.940370143 -0.969998919 -0.130978783
31.261975364 24.409809439 45.879783423 0.346034616 -0.038811207 -0.597075486 0.722671848 0.257871328 -0.845910738 -0.167021400 -1.041076929 -0.316170595 0.938838457 0.665615120 -0.584467162 0.619208421 0.179758055 0.418654711 0.550577821 -0.475124507 0.400779677 -1.464349133 -1.057017906 -0.083508159 0.390800622 -1.054933511 0.943878610
27.946410571 33.770072858 50.126838369 0.313591661 -0.193312864 -0.218724438 -0.903576243 1.393755220 -1.075618555 1.495006755 -0.888287066 -0.288390654 -1.577298006 1.492192927 -1.836812145 0.791532226 2.024847386 -0.795122226 1.737818471 0.403140219 -1.825006629 0.184168316 -1.188000354 1.107412296 1.125205901 2.260313172 -0.973843658
33.941248411 30.227496924 56.778895733 -0.523539202 0.209256080 -0.815079798 -0.133279857 -0.378081156 0.164512508 1.389162648 -0.282915048 1.457724254 -0.479889253 0.696592514 0.572271990 0.433422889 0.381870078 -0.516067863 0.595786076 1.800072921 0.620348967 1.341991447 -0.501010708 -0.460859525 0.673732725 -1.104965084 -1.700326398
34.396145733 28.777141630 41.540810047 -0.356294978 -0.444850873 0.644015532 -0.510299505 3.223603642 -0.168522480 0.855669073 0.141019747 0.104023243 -0.007916160 0.965950801 -0.835520481 0.999360356 0.748446154 0.940625019 -0.892202040 -1.315936093 -0.047560763 0.489296633 1.777111055 -0.689124445 -1.095030195 -0.009431348 -0.870556737
37.814651363 35.512158768 42.795691201 -0.047316208 -0.017327079 0.996884984 0.060673536 0.816252287 0.705711344 1.012664715 -1.309438908 -1.963044762 0.747216621 0.477796829 -0.746418167 1.622016196 0.673466611 0.703434358 -0.759218550 0.729616691 2.106453180 -0.322477755 -0.138940666 -0.378017296 0.972733113 -2.053301475 1.442480572
29.281472965 24.018664398 54.725013655 -0.416504067 0.585031833 -0.663557127 -0.209652225 -1.386800803 -1.120038802 0.451371721 -0.361666854 -1.176931128 0.029747538 -0.350821622 1.910164452 1.930137866 -0.059189596 0.021363511 0.430832472 1.363454917 2.708353064 0.188762807 0.300116590 -0.963819182 0.062405195 1.437051378 2.603290868
