-29.725461855 -37.737131935 61.847187343 0.153130487 -0.014168575 -0.726761866 0.669453132 0.620062069 -1.379177576 -1.414917979 -0.307885659 1.584937264 1.030914577 -1.385466893 0.537886710 0.781469188 -0.362425005 -0.807231139 -0.588506250 1.265218750 -1.082910876 0.628359289 0.036542279 -1.242046992 -0.152118698 -1.124230289 -0.754626691
-26.519199739 -42.802237680 62.320350022 -0.525267578 0.407245260 -0.646609097 0.374355374 -1.733586369 0.396044930 -0.655768830 0.126808403 1.238365224 -0.588987633 -0.008090271 -0.310425755 -0.765955424 0.313802279 0.139716054 1.372627998 -1.852227300 2.500060737 0.528619885 0.441758098 -0.422379099 0.161193089 -0.859760218 -0.133435436
-30.748696018 -32.018101966 55.973700299 -0.903030457 0.288874472 -0.090144630 0.304895850 1.444168607 0.244557942 -0.741886246 0.778020476 -0.415648289 -0.122440871 -0.282812711 0.476407963 0.611138132 0.173207087 -1.545298019 -0.481467238 0.558558993 0.219926107 -1.005020945 0.278988072 0.895547318 -1.214949961 -0.498899978 -1.607300244
-31.074739202 -39.263743144 51.139824189 -0.388331393 -0.445147756 0.449299827 -0.670202857 -1.271132079 0.702847366 -0.617311382 2.483489306 -0.395941174 0.078059417 0.531127753 2.320051972 1.751784829 -0.110331738 1.283902958 0.912918009 1.328040602 0.757687870 1.256778923 -0.715358149 -0.451255692 0.995862460 1.069652995 0.237859740
-29.142302264 -48.529905251 60.664786382 0.827864640 0.356806085 0.194920686 -0.386439493 0.770315606 -0.864078467 -0.751197450 -0.365310060 -1.498193797 -0.903163963 -2.213711417 -0.045666102 -0.724849976 -0.677548374 -1.130644715 0.243541266 0.582181285 -1.184388500 -1.672326656 -0.360996423 1.063348872 -0.040434775 0.681437294 0.427023306
-28.140093865 -42.026180686 48.094740063 -0.147827445 0.509184274 0.829062954 -0.177575446 -0.849048638 -0.157364917 -0.080649331 -0.584920435 -0.140572242 -0.415263966 -0.916814995 1.366755343 1.770085657 -0.783513192 -1.264328238 -0.719987570 1.350994033 -0.356165764 -0.018005781 -1.925438875 0.916809544 -1.597755978 1.108647460 -0.788026207
-25.490670578 -31.441148349 59.490919932 -0.583671327 0.347362945 0.733531470 -0.024461170 -0.459523930 -1.893461410 -0.240774064 -0.122550049 -0.302941638 -0.593176620 0.673818054 -0.141425192 0.469073877 -1.717098980 1.761707395 -1.457577053 -1.638329462 0.915036118 -0.526254793 0.188075598 -0.849619191 1.123499377 -0.717382568 0.724864190
-25.003362547 -41.858305229 58.627812522 -0.235074720 -0.718333927 0.598925277 0.264621916 -0.807390182 -1.564464828 -0.617871147 0.523444072 -0.028234756 1.071632876 1.478284493 0.601722426 -0.645791920 -0.711245960 -0.195458992 -0.796137356 -0.071196255 0.869944533 0.809212577 0.277972307 0.578600375 1.128789590 0.956859211 -0.378146470
-23.729477542 -44.104184395 59.376752692 0.086562072 0.481861793 0.871461427 -0.029516116 1.343068793 1.197148622 -1.526105835 -0.470371034 -0.713658396 -1.226700313 0.431155708 -0.647690439 1.122190019 0.474269244 -1.008628428 -1.654927905 -0.121501019 0.593982119 -1.157083253 -0.111145548 1.229821873 1.883400706 1.290008151 -0.789615298
-25.651213639 -39.140551441 61.533977433 0.177687676 -0.910302327 -0.149412545 0.342713663 1.881131252 0.473140172 0.903500047 0.980735713 0.117292839 -2.262662529 1.298524368 -0.591196831 0.747146520 -0.180776423 -1.956314305 0.142625883 1.100961901 3.661178777 -2.457278391 -1.748396599 0.281218468 -0.706394735 -0.801636236 1.496432942
-34.451671749 -38.775762952 55.865676162 -0.596811720 -0.219646210 0.191250388 0.747659416 -0.522156253 0.094857846 0.089090593 -0.309927985 -0.794449614 2.040418000 -1.254394801 0.088301522 -0.562982350 -1.337926225 0.210769841 0.433209243 -0.067692335 3.131285837 1.085565320 -0.348883355 -1.650265347 0.400239259 -0.278544031 1.746084644
-16.825435311 -37.052317997 60.389368514 -0.805981572 -0.272736420 0.332389554 0.406848541 0.401735302 1.909805649 -0.001407955 -1.258907211 1.669400606 1.495143207 -1.100821428 -0.775547817 2.018246275 -1.066012164 1.754129711 -0.686925652 1.771596330 0.996643155 -0.433439584 -0.667352432 2.137776102 -0.571173013 -0.767985015 0.446630564
-21.700671803 -37.618361281 50.849790789 -0.554825281 -0.716768443 0.089807920 -0.412730475 1.148281519 1.362073067 3.785160163 0.069971413 1.345223661 -0.520860501 0.202208752 -1.546737409 0.334825328 0.430632636 0.134415170 -0.945701771 -0.404675178 -0.927243345 0.212193868 0.965853702 -1.638321620 -1.434121353 -0.872100146 1.627897202
-21.787533873 -42.485804836 56.976646196 0.431040373 0.770292982 0.418480553 -0.213838595 0.311802991 -0.732030790 0.044661700 -0.023820445 -0.427212301 -1.578613879 0.251404245 -1.518823301 -0.362035236 -0.002224850 -0.157176219 -1.103552168 1.438896735 0.985150820 -0.163600384 0.729603557 0.618326538 0.273895105 0.327298923 0.781528137
-25.498675168 -41.570237442 48.710984385 -0.925211847 -0.369669049 0.043371630 0.073801987 -1.151707863 0.354777507 -1.580763761 0.743801980 0.586607950 0.111539998 0.885348935 0.927529277 0.282249326 -0.823458870 0.555218920 -1.352161972 -0.330278536 -0.113704079 0.190876761 1.311835073 0.403123136 -0.173641440 1.362498665 -0.391296322
-24.266494109 -45.731255741 62.788188905 0.355703333 0.607886406 -0.686173348 -0.181976354 0.122710722 0.847868800 1.069031984 0.560545123 -0.308253923 -1.823019380 -0.925699220 0.108961796 0.192712384 0.884008091 0.612367395 -0.223226866 0.507555722 0.932426644 0.546163300 -1.021313921 -0.497859991 -0.684634070 -0.099535919 -0.908983566
-31.826856400 -36.591897423 60.637175283 -0.163037763 -0.043323869 0.485287618 -0.857926371 1.330650121 0.222812931 1.318724078 1.595106374 -0.464659819 -0.297672531 -0.213386698 0.039377678 -0.125440632 0.314679388 0.038211099 -1.427665837 0.349824182 -1.463261475 0.904800168 -1.135797092 1.017929210 0.560842543 0.182578645 -0.503482035
-26.499548730 -36.167272989 50.370735141 0.596811633 -0.670015589 -0.111301795 -0.427208258 0.909273629 -0.723208894 -0.865358810 -0.605927298 -0.511301634 0.903174258 -0.434754956 -0.929091077 0.028858187 -2.628917252 1.657944615 0.920782115 -1.167548722 0.024523627 0.246658378 0.604729255 0.761066146 1.926031950 -0.018251852 1.408408144
-30.354990579 -43.734298136 58.252643320 -0.544616536 -0.168161139 -0.698807800 0.432183201 -1.703542803 0.989317232 -2.060606581 -0.357700393 0.007913309 -0.709679961 -0.610331328 0.434297361 -0.452478331 1.266040677 0.789710065 -0.164212124 0.110733126 0.352435392 0.202726118 0.829551397 0.191302674 -0.641432277 -1.522286019 -0.127820453
-22.811253129 -36.558586549 60.414448594 -0.874111371 0.265737626 -0.330039576 0.237458847 -0.977495371 0.054959649 -0.410585038 1.036437959 -0.719727601 -1.468889140 -0.814703578 1.222792806 3.309733594 1.330020389 -0.714312174 -0.786318451 -0.225479933 0.474977264 0.407495723 1.014534747 -0.098712849 -0.113354695 -0.363734860 0.322696022
-26.954124062 -38.673095175 65.934994213 -0.581516905 0.189548962 -0.232387586 -0.756244200 0.319147441 0.044239801 -0.001533762 -0.230388327 2.616655628 -0.895517281 -0.921204906 0.071945102 0.764047355 -0.521940088 0.344609574 -1.400682695 0.685715309 1.352694640 1.377138876 -0.524715627 0.253598929 0.092961698 0.976248079 1.244555878
-21.765019437 -34.692020623 60.730008858 0.721030730 0.681492507 0.081966475 -0.094679178 0.699815996 -0.405502126 1.953399775 -0.134883687 -1.474828704 -0.814247912 0.007144617 0.233817467 -0.226126037 0.064843731 -1.277705757 -0.321086154 0.266493961 0.333419047 -0.651441314 -1.136160472 0.177272518 -0.740451778 2.086132683 2.167513023
-23.724680740 -36.108723175 66.052985558 -0.649089615 -0.255819656 0.716005955 0.023967642 2.081443291 1.072549880 -0.635491084 -1.242236055 -0.775734052 0.316635468 0.559289907 -0.219187141 0.694976532 -1.134440738 0.670665608 0.723633333 -0.054059766 -1.079611181 0.034514209 -0.810839392 -3.008976586 -0.665749209 -0.044122225 1.442595451
-25.963447507 -37.592168457 63.621496380 -0.544780225 -0.246343258 0.761404060 0.250586040 0.190618068 0.337036180 0.469143499 -0.141867224 0.103001880 -0.324357301 -0.661190526 1.930549888 -0.455563636 -0.736039370 -0.452554967 0.128009872 -0.691985250 1.098228652 0.351534256 -1.892704750 -0.116122265 1.619954404 -1.345313820 -1.132248606
-24.040477906 -45.018721771 61.752323162 0.809756047 -0.178350842 -0.463664399 -0.312252215 -0.523225596 -0.610697786 0.789054364 0.517169951 0.007644541 -0.839645083 -1.598110722 -2.306679160 0.868421713 -0.115900065 -0.718133272 0.486945602 1.092303094 0.470876009 0.331463394 1.698561712 0.058079514 0.558439843 1.432707748 1.555369682
-27.622732770 -45.262077948 50.897539369 0.794216781 -0.136656441 0.098092044 -0.583885838 1.308486886 -0.010614174 -0.001471649 1.047100720 -0.236392150 0.715129112 0.179802194 -1.512939004 -1.702274141 0.129093496 -0.767808298 -0.202837051 -1.049954908 0.548332192 -0.593050467 0.658985651 0.526645870 -2.313489414 0.054556736 2.129957265
-32.347502575 -36.141916000 55.564520178 -0.770188999 0.004277962 0.311677308 0.556460116 0.196002200 0.656034403 -0.016554940 -1.482578162 2.574171784 -0.791428336 -0.689760384 -0.348205628 -0.243368819 -0.135058941 0.173030773 0.625837373 1.019489774 0.613920054 1.248476317 0.552398636 0.863729556 -0.478110271 0.240846803 1.105057158
-25.015886843 -47.185093220 51.593504704 0.173070693 0.471247746 0.597023226 -0.625727868 0.094900211 -0.293016094 -0.287540642 -0.391482978 -0.313994417 0.745359806 0.026897690 -0.334298046 -0.753834448 -1.617648588 -0.006659239 0.107147682 -1.380088694 -0.048666259 0.432951924 -1.816812206 -0.979433401 0.101214179 0.596276169 -1.252993069
-28.176966262 -43.961251883 63.818341252 -0.098683054 0.420561144 0.563544009 0.704136442 -1.308762568 -0.638790542 -1.656085530 1.290323346 -0.656461712 1.781268918 -1.785885228 -0.392764394 -1.633489125 -0.691052201 0.315799224 -0.285070243 1.326906986 0.202761583 -0.859365848 0.427405066 -0.247878968 -0.704229090 -1.325548481 0.897012443
-23.830609123 -41.961614052 53.171762530 -0.198965982 0.490571185 -0.236680314 -0.814699257 -0.157146132 0.839683039 0.227107723 0.497417660 0.299463374 0.224144865 0.212915110 0.787879897 2.019322165 -0.255666279 -0.154800215 0.327457710 -0.349590367 0.835192858 0.192568746 0.646105804 0.274057377 0.452680678 0.586530345 -0.904489991
-27.350065760 -34.627433161 63.375397081 -0.568312990 -0.698124862 -0.434017844 -0.035644541 3.139139531 1.047810444 0.410671188 0.431917330 1.270824119 0.852466373 0.560116511 0.571377678 0.259720367 -0.835675036 0.159868545 -0.622164799 0.109835405 1.137462669 -0.915851005 -0.961329402 -0.695855259 -2.066441847 -0.398351535 -0.277728930
-31.947717615 -40.118357745 52.608890139 0.280717901 -0.526824217 -0.796391708 0.097025522 0.032752802 -1.081060513 -0.730000344 -0.053850343 0.404678424 -0.245276708 -1.079215867 1.089107937 -0.343798768 0.191684560 -1.216322593 0.618752333 0.117324102 1.343757978 -0.445193870 0.957691676 0.781627305 0.203761183 -0.315490628 -0.749446881
-18.656144136 -41.833995476 52.309532011 -0.429597368 0.732199953 -0.491701787 -0.193800628 -0.183923290 0.062315125 -1.278644291 1.669411922 0.064886789 1.406196597 0.052816284 0.244315367 1.569985624 -0.041364851 -0.656605728 -1.546389205 1.834658893 -0.020988283 -0.140883431 0.646129486 -0.574422482 -1.081281032 0.585118591 0.920558510
-24.147015829 -41.807491931 47.816894671 -0.430560050 0.762993885 0.144985988 -0.459823268 1.946662216 -0.093175549 0.300084024 -0.884333677 1.029225858 1.125577300 -0.810227589 -0.351849959 -1.138065878 -0.394296370 -0.678949706 0.493869178 0.214948846 -0.941310710 -0.021869259 -1.206882642 -1.400138183 -1.768535618 -0.585952999 -1.753622204
-30.014900185 -44.722726090 57.072666366 -0.548408818 -0.622690210 -0.279407392 -0.483152337 -0.368193966 0.776213164 -0.668450616 -0.900527189 1.818285485 0.085558698 0.218700160 0.075413045 -0.135827884 0.829842405 0.862178143 -0.741914209 1.068768660 -1.148174959 1.030752018 0.448757878 -0.347407385 -1.027533609 -1.113806515 2.156629128
-22.218691123 -43.517727858 59.988087034 -0.832584759 0.245061672 0.153460631 -0.472437541 0.601768326 1.511701291 -0.439131888 0.528781172 1.757135713 -1.860780701 -0.418946210 0.099065848 1.042399048 -0.456721104 -0.525819117 -0.188004090 0.225108572 -1.257814000 0.346366775 -0.266318561 0.200139701 0.070094646 -0.577970304 -0.629192818
-15.395250574 -40.690562695 57.197869253 0.551379090 0.719531033 0.419677165 -0.046122326 -1.271973168 -1.049834660 -0.104453061 1.118366869 0.127526147 1.717114753 -0.472525538 2.467690671 -0.339085810 -0.750221096 0.005338494 0.682312771 0.436129751 0.332635491 -0.780998709 0.943951066 0.106036019 -0.054104057 0.579745411 -0.492470262
-28.300289049 -47.328010340 54.996247937 -0.362113665 0.162463385 0.892626324 -0.213769941 -0.336917420 -0.069579141 -1.260559236 -2.479391679 0.415345279 0.886519492 0.158448271 0.830444101 -2.412973211 -1.006283939 -0.607047136 0.988761810 0.191284437 0.148896044 0.365537928 0.008539723 -1.452622964 -0.208955581 1.065902048 0.120931583
-24.573892797 -44.336884554 48.690975383 -0.755114735 -0.633069878 0.026218391 -0.168335565 0.471841225 -0.768271368 -0.949567064 -2.358182181 -1.462540565 -0.082507233 1.027797355 2.382022284 -1.176577107 0.596223476 0.647986804 0.158883189 -0.534257067 -1.202864501 -0.718359555 0.620439073 -0.513224222 1.151613412 0.793528124 -0.445750746
-27.609916696 -35.384803977 63.358152200 0.062882326 0.519122776 -0.752673738 0.400049498 -0.008380655 -0.893935478 -1.491278334 -0.923527417 0.416466232 0.379949822 -0.115396720 0.470708002 -0.850000500 -0.860545697 -1.018773718 -0.985077842 1.214085333 0.280921434 -0.733574980 -0.934296547 0.634097726 0.172611153 0.074008025 0.653739871
-25.464932182 -42.880788735 65.034848825 0.480680612 -0.415580924 0.598035118 -0.488459459 -0.835475913 -0.331383847 -0.985148349 0.015555873 -0.979784226 0.523902092 -0.181525595 -0.136766340 0.079521383 -1.300772759 -0.185201125 -1.550161007 -0.410632367 0.310405441 2.369320519 -0.023606443 0.796685072 -0.355081139 0.727649703 1.826081531
-18.722577639 -38.917137764 57.016554315 -0.141923005 -0.583267817 0.357014287 -0.715679617 0.289645010 1.131954043 1.311854638 -0.936259371 0.443746338 -1.285891277 0.676294244 -0.741358933 -1.612924939 -0.224251660 -2.030274837 1.010747330 -0.343069290 0.708089710 -1.082664273 -0.367441915 -0.790494858 0.107431714 -0.234188769 -0.132438516
-23.573976351 -44.669653430 49.525192551 -0.350410584 -0.277883605 -0.849663282 -0.279401917 0.954146186 -0.335311070 -0.942464249 -0.271392076 -0.148107109 -1.280408108 -0.258254671 0.775097276 0.347568417 -1.133681566 0.699309778 0.114883417 -0.646336787 -1.491620333 -1.381800681 1.837463453 0.112215049 -0.721773610 0.438403775 -1.815381975
-26.389857603 -35.434217606 50.570980759 0.714857383 0.574391944 0.167925734 0.361737148 0.976787141 -0.561670472 -1.283767202 0.871807771 -1.056314005 1.143974304 2.245082456 0.749251862 0.342249152 0.084421017 -1.429113385 0.395937132 0.141756276 -1.138639303 1.197250335 1.902181998 0.545778629 -2.054574020 -0.884976514 -0.651608664
-29.547211521 -35.301387345 62.970012009 -0.061633889 0.525843297 0.842262024 -0.101413867 -0.800721379 1.231011095 -1.914858623 -1.388958852 -0.702009526 -0.559892042 0.323953048 0.283227546 1.347299340 0.894337625 0.815504457 0.442440846 -0.875319382 0.067315800 -0.518160282 -1.394592507 1.798720283 1.171288227 0.774409959 -2.206273730
-24.338071775 -31.620783597 60.492049387 0.190720017 0.817738172 -0.222729117 0.495299806 -2.710102860 -1.596460820 -1.813257832 -0.043743185 -1.016032485 -1.151582925 -1.585198793 -1.675254877 1.561316499 -0.209597624 -0.346872780 0.338941084 0.526974798 0.537021697 -1.214384613 -1.270900442 1.818301978 -0.095209708 0.846522170 -1.358880618
-24.910152902 -40.431754433 53.165529749 0.497821022 0.040375240 -0.557815742 0.662861726 -2.064417893 1.971601069 -0.180071330 -1.360698038 0.119855885 -1.035743045 0.556920132 1.222920557 0.319309927 -0.840363995 0.633226136 0.180841346 -1.791357778 0.964809252 -2.157603841 1.014484482 0.422774036 -1.528778464 -1.692759054 -0.439124270
-18.610152512 -35.742465868 59.151043185 0.503643104 -0.071743452 -0.765036168 0.394862207 -0.302521745 0.148846927 0.931779194 1.160979332 0.853587816 1.864148473 -0.897139992 1.305247622 0.673156423 -1.386835536 1.504721140 -0.556774300 0.467420129 -2.186224982 0.843063151 0.252265728 0.813388938 0.242368077 0.458618936 -0.797575301
-27.901301890 -42.463976212 63.522582717 -0.292030657 -0.621424441 0.271904013 0.674253637 -1.628953859 0.025705367 -2.022557144 -1.816995252 -0.047635747 0.328533877 1.553861043 -0.432534941 -0.298519131 1.251938068 1.368646983 -0.040744128 -0.212019451 1.138765160 0.443620534 0.180908920 1.893361701 0.180532378 -0.189404445 1.224793778
-26.025873443 -37.978567293 52.803071103 0.654465695 -0.061137544 -0.304758870 0.689245156 -0.979014071 -0.444754537 1.873156261 0.328836799 1.195045471 0.551235301 -0.821622284 1.190950485 -0.974191767 1.737895863 -0.372687411 -1.756009251 0.765826610 -0.243529877 -0.296910273 0.167032120 -0.709588986 1.293929325 -1.831977970 0.217876418
-24.039026679 -45.275926227 61.592147238 0.515246145 -0.089486210 -0.811143251 -0.261840133 -1.703419274 -1.078400338 1.389823795 0.754637016 -1.157538624 2.453081223 -1.005100033 0.443564992 0.274735411 -0.542233538 -0.641487736 1.025585070 0.022331788 -1.752212876 -0.570506925 -0.077314974 0.269649643 1.036231107 -0.634887851 -0.219320496
-23.274858127 -42.470577468 63.142641176 -0.375356754 0.255889064 -0.392920007 0.799526086 2.640793386 -0.434261819 -0.590572721 0.269636400 -1.989064253 0.048534956 0.365354306 0.508050175 0.518987720 1.953829788 -1.591693353 2.097757330 0.567928842 1.205887421 -0.521136276 0.709269086 -0.782019898 -0.169825689 0.030531264 -0.603746580
-20.170214878 -32.711607757 61.793978056 -0.616362331 0.252405397 -0.174426677 0.725233981 -1.028110059 0.266749594 -0.050130161 2.396509087 1.251206163 1.230224064 1.682371260 -0.235815239 -0.509139904 0.300658685 -0.847606065 -1.057167443 -0.328867246 0.460707247 -0.048249456 -0.366556337 0.117404838 -0.197350347 -1.714579766 -0.915587462
-27.025462096 -40.950087450 65.048867460 0.016929235 0.850507280 -0.506457408 -0.140895922 -0.285137572 0.844781413 0.377596685 1.256901097 -0.422619081 -1.737876992 -1.007615667 0.821478898 -0.797863900 -0.684623019 1.120825470 -0.831908735 0.079382597 0.929997075 -1.090447292 -0.146926429 -0.873828760 -0.156193980 -1.624224437 -0.247611752
-29.135448140 -48.981093770 55.585801348 -0.352779553 0.502317443 -0.597774104 -0.515645124 -1.118132588 0.077324502 -1.423937715 -0.267110584 1.398227440 2.296577639 0.877038357 0.999004848 0.279788963 1.010759838 -0.226971845 -0.671982130 -0.848265936 0.282800599 2.635535379 -1.414319178 0.411166303 0.994249994 0.632294539 -0.125132606
-21.237457790 -33.147885559 51.640035928 -0.642948114 0.579814288 0.045389788 0.498370224 1.071879932 1.594655453 1.060725420 0.137429521 0.593522477 -0.063318905 -0.508739536 -1.531456136 -2.136066652 -0.713695465 -0.905638307 0.420287094 1.371502950 1.109437998 -1.330558615 0.624709952 -0.094574672 -1.236445674 -0.871885815 -0.740173581
-19.504039438 -43.414585845 59.833432517 0.618304113 -0.440786112 -0.114059129 -0.640623245 2.185987331 -0.978722704 0.517769900 -0.334893117 0.560657680 1.968123795 1.360233822 0.591272726 -0.457577325 0.218622464 0.192816217 -0.229519275 -0.789300937 -1.785037207 -0.048673902 -0.848048529 1.871216041 1.159565264 -1.156923288 0.360408572
-21.765424163 -44.961067720 50.961368036 0.302316199 0.178386266 0.850354219 0.392021630 2.853623373 -0.022323775 -0.857809687 0.842051459 0.410053414 0.122714813 0.682046194 -0.141334916 -0.123304514 1.289297127 0.990962672 -0.576379838 0.357843098 0.275637148 -0.827628369 0.398466935 0.253931569 0.456079598 -0.938211257 0.370427416
-21.463169124 -42.751506354 61.594056084 0.562115351 -0.145863868 0.290568897 0.760473392 -0.010740592 -0.291535255 0.740026783 0.831200692 0.397845895 0.214638695 1.769997997 1.206926182 0.436957705 1.384083496 0.045160447 -0.646001723 1.148866947 1.434854416 1.099354788 0.321218063 -0.400900421 -1.222016372 1.029684208 -0.015037230
-22.375087016 -39.237580481 63.306236968 0.204186356 0.098153408 -0.167691098 -0.959454812 0.166380424 0.784633331 -1.585292106 1.270315156 1.504574295 0.386634151 0.961577509 0.790996781 -1.189419641 -0.334481329 0.414617954 -0.166767456 0.281515298 0.667435831 0.037391371 0.109167986 1.230605200 0.294044668 0.136689882 0.741329571
-27.851130598 -35.794809194 65.319280543 -0.183569937 -0.877214303 0.254388632 0.363433032 -0.096103651 0.192555586 0.225302553 0.493473118 -1.294744111 -0.155265620 -1.549880404 1.515280081 -0.162500213 -0.792430367 -0.425314376 2.522590108 -0.173232776 -0.019620447 0.217500674 -0.788620851 0.655978944 1.103439656 -0.441805230 0.404925172
-25.845389790 -33.270384299 60.217048618 -0.423724856 0.285963201 0.839454736 -0.184385577 0.797810273 0.792127028 -2.160584047 2.347711667 -0.302285553 -1.024691831 -0.076220586 -0.309846000 -0.377594972 -0.339194361 0.121985002 1.563808285 -1.192351110 0.607590020 -0.260967901 0.363067107 1.608506936 0.284384101 0.521945023 1.174387485
-20.135044963 -38.256514033 59.763431481 -0.552142867 -0.485333514 0.641322853 -0.219760397 2.212526004 0.081886661 -1.627473633 -0.659590943 0.202849388 -0.277053627 -0.638986091 0.107126336 1.394024940 -0.674734378 1.206272714 -1.379295967 -0.812272182 -1.810385975 0.992417824 -0.102010266 1.330699698 -0.387110241 0.323423108 2.688778189
-28.238155632 -41.337169348 60.606392537 -0.360783044 -0.531476543 0.721476718 -0.258533606 -1.004647622 -1.152994374 -1.499923235 -0.026073115 -0.296038598 0.436331191 0.048190031 0.168938812 1.420791740 -0.971459046 0.587979322 0.567016995 -0.425675987 -0.745891586 1.319127093 1.581855699 0.149580862 -0.456647561 -1.273338590 -1.476492862
-28.350962590 -42.882222251 50.207902216 0.251884938 -0.405888382 0.270963140 -0.835695863 -1.551040196 -0.993324262 1.135329653 1.080400479 1.665311031 0.980860596 1.129813521 -0.900620623 0.719560397 -1.225396939 0.453738087 0.004890903 -1.162241100 -0.111077798 -0.173549933 0.696264852 -0.163198764 -1.025617266 0.835927839 -1.614471332
-29.180270124 -35.813736402 55.970649695 -0.320572102 0.819538456 0.048955230 0.472433733 -0.758698030 -1.268387378 -0.443898796 1.133777786 1.579941533 -1.008243141 -2.085345674 0.207234065 1.947151967 0.571798128 -0.802952229 0.981275417 1.087501251 -1.151956025 -0.931620970 0.796967965 0.176990994 1.245898284 -1.276942896 -3.479720645
-26.229873951 -38.986920548 61.636316123 -0.024380418 -0.906939809 0.223595318 -0.356189432 1.739008716 -0.059766105 -0.008930185 -0.370139759 -0.012751180 -1.449175572 1.105633246 -0.876003110 0.234516515 -2.036953523 -1.417315944 -0.633128004 -0.016731537 1.356529720 -0.504746411 -2.151903894 2.159681311 0.254156635 -2.223733924 -1.450323607
-26.802630524 -43.777856839 65.213255905 -0.462103783 0.471886795 0.657689794 -0.362252787 0.264887069 -0.446807513 -2.011469824 0.389735155 0.319897433 -0.310648383 1.116254228 -0.380903671 -0.213071030 1.541950370 1.554615165 -1.074707413 1.260296545 2.411317215 2.356980472 -0.416886447 -0.407109910 0.870036223 -1.042066589 0.145573957
-28.695435962 -42.600149778 54.175432235 -0.441395398 -0.097503273 0.190952366 -0.871321071 1.118664569 -0.768005873 -1.633070917 -1.391157777 -0.760313440 -2.457738638 0.272666836 -0.580647556 -0.921333977 0.406766198 -0.251246405 1.233650802 0.801751667 -1.332741876 0.068351728 -0.835537104 -0.136556421 -0.625654081 0.440418086 -0.516677159
-24.622458008 -41.358384320 66.857051010 0.829133042 0.472747963 0.095318272 -0.282775863 0.275983772 0.802921800 0.152637977 0.353000706 1.496327941 0.577660448 0.662768035 2.419642592 0.525067006 0.656049188 0.557431605 -0.592498588 0.343622725 0.574482771 0.179284458 0.734919167 -0.014124214 0.092536072 0.813724773 0.957084014
-27.237750476 -44.561747190 48.732777583 -0.719228791 0.296274486 -0.614782682 -0.130282882 0.106879951 1.439099623 -0.049535918 1.269927576 1.426521710 3.100891327 -1.342224274 -0.951476845 -0.348904772 -0.141846660 -0.061071017 -0.908672869 0.159282999 0.174015601 -0.291585343 -1.275545820 -1.251543597 0.842987245 -0.210781131 -1.085495214
-19.149728748 -41.097374820 58.788988698 -0.202147951 0.507538510 -0.062052078 -0.835278640 -0.417436804 -0.864616023 1.192246015 -0.700663671 -0.905402011 -0.507292139 -1.621514001 -0.319878010 -0.419605302 -1.563119858 0.599123071 1.455901894 -0.625168844 -0.444362608 -0.603766984 0.216039237 -1.522276858 -0.392149541 0.307792996 0.545334746
-25.646737585 -44.658446221 64.878331148 0.953565624 -0.298266905 -0.001279932 -0.041806900 0.479998567 0.178747116 -0.156831137 -0.195549029 -0.932970058 1.050153893 -1.964601953 -0.481179593 0.233998561 -0.228086786 0.622907294 0.213700278 1.629977814 2.155344299 -0.833553912 -0.268955763 1.948516677 -2.699640629 -0.709760201 0.792452256
-28.305033837 -39.882669764 48.790857406 -0.161015773 0.183461697 0.223068753 -0.943745759 -1.158074811 -0.416225027 -1.140402467 2.006944180 1.134741685 3.319614444 1.278562505 1.581290155 -1.464243200 1.328266203 -0.578503219 0.527351396 1.482888139 0.931797038 -0.663234188 0.674547712 -0.168532145 -2.244536911 -0.469754210 -0.365691204
-19.430685265 -40.938374429 50.814397151 0.021891985 -0.137464079 -0.322270400 0.936357921 0.491760019 -1.937410804 0.722668300 1.792001399 -0.374901429 0.802006158 0.005990405 -0.904318106 -1.536491711 -0.243380474 0.212480805 -0.844393472 -0.201777416 -1.487908962 -0.771512604 0.934340340 0.413457357 -0.873357581 -0.687256705 -0.732460553
-17.323978459 -44.812818496 60.297135862 0.001912010 -0.342268235 -0.287246983 0.894616102 -1.685110237 0.148624461 0.162619887 0.258891086 -0.083430432 -0.460570730 0.738752289 0.098358989 -0.648821354 -1.449917572 -0.053649279 -0.358594543 1.625940661 -0.800563313 2.636052792 -0.837731194 -2.165317922 -0.522350821 0.151410271 -0.322761827
-25.553415402 -34.233392691 52.765805109 -0.838832190 -0.057886634 0.522057384 -0.143058664 0.083010960 -0.079571621 0.559146953 0.259790618 0.469973914 -1.695643369 -0.725258011 -1.719779660 -0.323061015 0.048147498 0.103704602 -1.956844357 1.239170302 -0.562576633 0.550056295 0.558253991 2.000707180 1.070663704 0.580683382 -0.591234259
-27.666328789 -41.620438371 48.336449882 0.142198894 -0.948814310 -0.169774832 -0.225183005 -0.186980515 0.595789844 0.648114902 -0.737040225 0.752510798 0.584572793 -1.171323195 -0.397114111 -1.061322039 0.068424224 -1.974652777 -0.138422875 -0.650708820 0.664316215 -1.007605009 0.523806804 1.516770124 -0.953524171 -0.527199185 1.378809099
-23.799537844 -33.423290583 56.956064386 -0.260234201 -0.364410941 0.893896128 -0.020797557 -0.305098719 0.035877043 0.552538885 0.381625740 0.155497087 -0.032686198 0.660401199 -0.040956173 -0.382170223 0.892888750 -0.803825201 0.048839690 0.743093448 -0.185093235 -2.136586283 -0.312112376 -2.971701357 0.908054696 0.102156727 -0.332346290
-21.287180845 -45.629158907 58.976823236 -0.833190928 0.416484742 -0.328684205 0.155884671 1.074963777 -2.385830832 0.874340071 0.381896566 -0.778723719 0.773028398 -0.957606869 0.953941321 -2.017204565 -0.130257110 1.319133581 -0.888021218 0.843225428 -0.954760164 1.035840450 0.144400438 1.109951597 -1.044361874 1.180176269 -0.732288176
-29.950132153 -40.819133768 52.193426537 -0.283043163 -0.070684709 0.877701688 0.380170997 -0.435273991 -0.049691880 0.590692364 0.059909060 0.421449909 0.748547265 0.760541803 0.069743021 0.202590468 1.242478151 -0.954708891 0.090819165 -1.189401959 -0.683268034 -0.128864315 -1.282616795 0.271396028 -0.447973068 0.294013923 -0.054578550
-22.145003393 -36.986204978 56.861614451 0.184632434 0.215774504 0.405125247 0.869037262 -0.940723235 2.805999953 -0.504119550 1.243690496 -1.685990705 -0.067049248 0.973201227 -1.657098439 0.821961215 0.560054814 0.211101940 -0.118269179 0.846859610 -2.086306895 -0.011258047 1.233757594 0.626490426 0.216667328 1.651271769 0.261589113
-28.067009581 -43.138427943 49.629653470 0.532753541 -0.179232135 -0.653086802 -0.507471315 -0.521668751 -0.410380005 0.701054318 -0.565264898 1.991524518 -0.688113106 -1.463487930 -1.431152111 0.283346466 -0.811599797 1.296175941 0.474018483 -0.419281900 0.293581223 2.184509215 1.142987816 -0.672725586 0.526508169 0.625297816 0.748706840
-28.714253810 -41.614271217 49.753638778 0.239827674 -0.377587422 0.504853532 -0.738263731 -1.014594089 0.233622492 -0.114124476 1.859616778 -0.670348042 0.431131942 -0.875532125 -0.960282335 0.143013559 0.150611198 0.807593036 0.572570062 1.096902208 -0.234144103 -1.874940124 -0.619613024 -0.409592719 -0.968144146 -0.168253754 -1.542459747
-27.610729882 -48.800589966 61.215748916 -0.943460715 -0.165947716 -0.223726481 -0.179693340 -0.988013277 -0.482753442 1.746367898 -1.579768745 -1.720540978 0.755564429 -0.271592897 -1.169941356 0.056742854 -2.490317093 0.110839111 -1.100777782 0.759354547 -0.383861597 0.538488422 -0.560965278 -0.120187153 -0.056274525 -1.187281328 0.986857062
-26.348474137 -41.944465777 48.964323496 -0.403694195 -0.204756290 -0.678772595 -0.578250485 -0.479809760 1.001191172 -1.347903517 1.824575794 -0.770323988 -0.287175478 -0.418496401 1.216433205 -1.153309923 0.607307848 -0.204120211 -0.932829957 -0.182265751 0.040418148 -0.330141205 0.841798389 0.990312048 0.742786783 0.373076695 -0.504670185
-22.493954478 -42.937700574 53.433958062 0.208500656 0.899943524 -0.000412490 0.382921611 0.621116814 0.325298212 -0.305752218 -1.148467595 0.134726800 -1.003554016 -0.557407260 -1.324872802 1.421076795 -0.468586346 -0.086824648 0.647770405 1.241174175 0.661545745 1.492375074 -1.641412220 -0.149325041 0.023884076 0.922823000 0.992830566
-21.530253552 -35.087794260 62.920879049 -0.930779968 -0.261601915 0.095167324 -0.236973140 1.480866200 -0.500317547 -0.142282462 -0.537201578 -0.878498467 0.048656906 0.319407128 0.028486141 -1.259188646 0.139088139 -1.790195429 0.112686654 -1.880309995 -0.160392997 -0.403483924 -0.070455389 -1.360402034 1.030270663 -1.101538234 -1.091119304
-27.420160393 -37.918537026 51.496863307 -0.738883459 -0.649702230 -0.178711176 0.000749367 -2.509449775 -0.292138404 0.473722813 1.508640222 -0.186378597 -0.543502417 -1.101331217 -0.622294731 0.208451439 0.229833132 -0.173532424 -0.417842685 1.589408805 0.416659379 -0.850646630 -0.134266474 1.828769598 -0.494044718 -0.780146342 -0.100218604
-26.224576011 -41.338829131 55.414477955 0.524692493 -0.592149274 -0.331464487 -0.513992529 -0.544613556 -0.409902474 1.085641518 0.176254142 -0.767655521 0.638794977 0.400314345 0.339054860 0.328360237 -0.132606201 -0.790368102 2.191044543 0.688314943 0.345631670 -0.038805144 -0.231433758 1.038526702 0.481627343 0.023982978 -1.329516140
-21.308516639 -47.206317340 60.636576409 0.713675375 0.112567633 -0.101923222 -0.683818429 -1.220052231 -0.847213825 0.151380198 -0.774524644 -0.071434303 0.466332371 -0.277666473 -0.367736287 -0.555776654 2.133136580 0.117231492 -1.574966329 0.276129010 -1.751779309 -0.865874936 1.670340289 -0.988442798 1.516434268 -1.357636882 0.076338614
-33.149653661 -39.696918562 61.983542065 -0.223599820 0.945898063 0.203463336 0.117824637 1.048828886 -1.635119783 -0.263898220 -0.196590383 0.981810417 0.109949060 -0.653182898 -0.842701423 1.339178669 -1.948812144 -0.338597505 -0.440843219 -1.731460279 1.617955730 -0.952246255 -0.438371312 1.741668245 -1.942812521 -1.018089098 -0.450373520
-21.507189386 -47.792398946 58.846242019 0.062320878 -0.271040321 0.165399587 0.946200945 -0.224481368 -0.491925015 0.634432218 -0.425094360 -0.602939161 0.237313486 -0.191132747 0.981451113 -0.416227066 -0.495135135 0.355704054 1.048732108 -0.500131344 -0.961572319 -0.269587225 -0.879430357 0.463785244 0.111848451 0.933289935 -1.201388471
-20.922977604 -44.974727768 56.582617848 -0.663451600 -0.227858993 -0.227116627 0.675522237 0.302634164 1.915327642 1.613496230 -0.668658705 0.217323499 -1.365179852 1.172118298 1.453579049 -0.357475748 -0.593605190 0.281787333 1.415906103 -1.146702061 0.371890029 -0.257800926 -0.363907642 -0.914851228 -2.393366557 -0.641934386 1.494249742
-24.695464936 -35.732523596 56.256105273 -0.323649873 -0.202431720 -0.681062922 -0.624840343 0.955174527 0.602287261 -0.620194270 0.349056552 -0.272591903 0.927590872 1.692949112 1.415136453 0.504873689 -0.486134863 -0.155860140 0.468450358 -0.953220471 -0.815662983 -1.158375140 1.541166221 0.391357929 0.131626118 -0.534273427 1.120993314
-29.000912739 -40.182174060 48.534841856 -0.591195129 -0.407904847 -0.318125855 -0.618787440 -0.713911685 1.531635835 -2.572153147 -0.959746324 0.604773053 1.013284556 -1.872367975 -1.678648782 0.489226698 -0.618095555 1.327658469 1.006720796 0.234880505 0.219189993 -0.323004891 -2.755749342 0.113019059 0.364406075 -0.686546484 -0.121190364
-20.233259133 -35.595813015 58.977778949 -0.796452156 -0.070387312 -0.548052879 -0.245657548 1.569509490 -2.170874950 1.082256067 -2.037500959 -0.748269829 -1.109343743 0.551726432 -1.411657966 0.976686884 -2.199493244 -1.403831665 -0.672334364 -1.110717892 0.720694603 -1.964578220 -0.092796814 -0.171510841 -0.961144424 -0.588448230 0.701714509
-25.920446705 -44.519090774 53.251261576 0.185336831 -0.799102703 0.087884544 -0.565120727 -0.470607752 0.875286585 0.117842385 -1.146634205 0.973374322 1.111237878 0.613838642 1.591304412 0.012222108 -0.067603178 1.768748437 2.050509041 0.194885089 -0.131201169 0.117381915 0.614259700 0.930222654 -0.022896830 -0.112326113 -0.623667521
-24.304892262 -42.458907258 62.741356770 0.381893408 -0.151879581 -0.493314597 -0.766635980 -0.210045761 -1.176658120 -0.427805831 -0.419793120 0.656297239 -0.411469732 0.387809122 2.474235317 1.596460307 1.706844227 0.035588580 -0.573563190 -0.787467673 -0.075016210 -0.383599363 -0.121583877 1.115618830 -0.320569042 1.172568168 -1.358920142
-28.581523396 -41.903227763 62.161345640 -0.163589182 0.695569807 0.359075945 0.600404605 -1.594030675 0.954772677 -0.214319190 -0.415998377 -0.486397211 -1.629144842 -1.556596538 -0.356575154 -1.924280509 0.852014568 0.318422181 0.288989870 -0.700042403 -1.312111129 -0.596562941 -0.804705935 -1.661674080 0.210954793 1.240157407 1.794667706
-16.345035865 -39.014453228 57.019884966 0.067962367 0.019421629 -0.788358328 0.611142424 0.661678079 -0.492791055 1.280678986 1.913269638 0.033483327 -1.109309224 0.459780982 -0.470168826 0.476845267 -0.467457372 -0.286908096 0.364308860 0.557897755 0.771955592 -1.547861195 0.937522765 -1.841937434 -0.067511899 0.810632512 0.227964299
-21.542351089 -33.081541521 60.764988861 -0.456770288 0.707069087 -0.538454372 0.038485052 -1.350015074 -0.636251611 0.664361637 0.257001627 -0.222014204 0.021684408 -0.057810933 -0.100893923 -0.085556902 -0.845621209 -0.772727651 -0.386388042 0.095427828 0.106623656 -0.249711032 -1.453989890 0.494289931 0.271152033 0.600853655 1.780183076
-29.491137625 -38.364595447 54.988997207 0.857218155 0.269153751 -0.411730483 0.152352558 0.203778407 0.074698688 0.491571722 -0.867179692 -0.477816103 1.175955097 -0.094958891 -0.525597533 -0.055148165 0.924032172 0.080970573 0.159336159 -2.037306107 -0.380271885 0.465894648 -0.114935517 0.766702215 -0.405600954 1.316126421 0.229657838
-21.722213857 -38.492684153 55.416407258 0.243968365 -0.298969263 -0.109329038 -0.916048022 -2.799016429 -1.613421217 0.873541755 0.152132646 -1.229578902 -0.117148453 -1.730783161 0.250781194 0.196208247 0.079503395 0.187173009 -0.459822430 -0.582539508 -0.380011980 0.213588530 0.199371940 -0.171380666 1.406368825 0.554106234 0.306561218
-18.638443622 -32.952370083 59.991201138 -0.434801472 0.526409885 -0.717616426 -0.137357118 1.107146291 -0.924329768 1.438973800 -0.011659440 -0.174471552 0.742004991 0.712153465 0.715916749 -0.592718598 -1.573621795 -1.226097721 0.763867498 -0.386684609 -1.292135119 0.250806852 -0.093012874 0.933631282 0.857142955 0.980994399 -0.616882790
-18.488633303 -37.543788313 51.668737803 0.563297476 -0.280190640 -0.482784061 0.609186925 -1.130732350 -1.877618072 0.615348904 -0.614221226 0.127659318 -1.098966316 0.878667843 1.369930188 -0.452844308 -1.050023590 -0.508108449 -0.720746492 -0.098328424 0.727640491 0.772122352 -1.782826370 0.191901719 0.197000556 -0.182122484 1.111545952
-28.556945327 -37.867899352 50.303084837 0.269717851 -0.342566177 0.163502329 -0.884967617 -0.677305355 1.065753682 -0.581029280 0.259713263 0.129419176 0.778129305 0.552703946 -0.825050989 -0.287847031 0.724419536 0.372425484 -0.944669659 -0.075824996 -0.856046093 -0.383855836 0.217459045 -1.228922350 -0.913261094 0.934228860 -0.494901424
-19.056752197 -38.707095732 63.606090720 0.250500923 -0.765029106 0.356421828 0.474281810 0.065339734 -0.574794762 0.932061694 -1.517233785 0.018609025 0.916028601 1.287789339 -1.053983489 -1.264394827 0.877421867 -0.201168559 -0.678322095 -0.859949691 -1.341224830 -0.545548517 -0.310529753 -1.309192984 -0.555858181 1.594257111 0.211764712
-25.372505963 -41.642274178 62.952611483 -0.187025101 -0.139361562 0.916226652 -0.325773985 1.133113725 0.023524463 0.696954663 -0.831123186 -0.375553817 0.628955904 0.800914861 -0.586471338 2.327533443 0.902084716 -1.132170042 0.390177881 -0.357657510 0.610847960 0.411531532 -1.150994584 0.752384192 -0.349296380 0.695081763 1.216195560
-24.186651560 -33.885531006 53.073004236 0.255859202 0.875359152 -0.286849722 -0.293256987 -0.974768820 1.638810615 0.142557562 -0.913018423 0.856064884 1.004424303 2.820572242 -0.644054710 0.446289104 -1.587970240 0.263371734 1.066387944 -0.095246003 -0.564052663 0.485912870 0.635031733 -0.474163201 -0.200430467 2.051925256 0.412171063
-23.775329091 -42.688810586 54.849078701 -0.815145108 -0.238868156 0.136322441 0.509800597 0.317033014 0.415314884 -0.148759265 0.543289016 1.186586609 0.617388008 0.099156343 -0.284116052 0.779184491 -0.593231583 -0.738610408 0.181034242 -0.033471562 -0.817845054 1.843047359 1.334903314 0.553914486 -0.545372514 -0.921673127 -0.904157852
-26.959651782 -45.463189709 65.221651113 0.246869903 -0.797259700 -0.404455606 0.373962411 -0.956831671 -0.379078689 -0.237935645 -0.873241098 -0.368316664 -0.862855380 2.488576500 0.012681210 0.984435159 -2.031671220 -1.345508565 -1.026740351 -0.237639654 -2.292907796 2.128767677 -0.117398521 -0.263294097 -1.560568049 -0.208551232 -0.852536875
-17.366617410 -40.656219866 52.302359444 0.415825049 -0.776110543 -0.444545291 0.164685877 1.367666016 -0.578828400 1.500727141 -1.179244001 0.106991527 -1.690968312 1.279639076 -2.852323649 -1.300211496 -0.714843534 1.246727573 1.057266694 1.366430072 -0.391437941 1.197946553 1.980827720 0.996678915 0.421996665 1.426022594 0.977205728
-21.742227701 -37.447649374 51.635038649 -0.025819215 -0.721598223 -0.539135181 -0.433546572 0.735243829 -1.323634053 3.228457313 0.091417762 0.325013580 0.090859635 0.606035530 -1.004959544 -0.516648294 1.940574532 0.365371033 -0.831939681 0.617985805 0.370240051 -1.225739749 0.350849129 -1.352431858 1.056571056 -0.352719613 2.569823579
-24.676066255 -39.723813622 49.480552184 0.102361264 -0.655090193 -0.724799154 -0.187203625 -1.075584911 1.270382731 -0.776920500 -0.755941083 -0.458453601 -0.199265470 -0.698733865 1.839888110 0.607965720 0.597653396 0.446168202 -0.276975411 1.078903633 -0.043941572 -0.538774778 0.680658344 1.027656502 1.046737930 -0.003654537 -0.458911636
-32.101718901 -34.174471163 57.212175668 -0.746413681 -0.008683142 0.477594766 -0.463351335 -0.381087641 -1.051489543 0.166312806 -1.817844288 -0.411199919 -1.203721083 -0.421158289 -0.574818066 0.610960423 -0.036439915 -1.921881994 -0.812680972 0.085660613 -0.193913400 -2.720054300 1.064871452 0.375001775 -2.290024586 -0.231184059 -1.414398105
-30.097339907 -41.883883054 60.475344755 -0.385602147 0.636623136 -0.527544378 0.409534977 1.644642353 -0.933308230 -1.014931928 0.557770932 -0.359625845 -1.197402110 -0.284520707 -1.301737061 -0.098335031 -0.849003701 0.892302012 0.781181955 0.347029419 -0.676939291 -1.722989084 0.043402134 -0.688602565 0.854294033 -0.543004252 -1.826321301
-30.213250762 -39.310163293 65.789689471 -0.463172819 -0.411548642 0.765226999 0.174717758 2.117035789 0.449059529 -0.950339440 1.994307138 -0.976028126 1.009466161 -1.606018694 1.334650337 0.557859225 -0.240407423 -0.444174358 0.834071232 1.034001731 -0.977901564 0.799014101 0.231812637 -0.297086637 0.147814423 1.374420647 0.544507222
-19.410406237 -32.677377162 56.938978293 -0.032442366 -0.906343485 0.241792306 0.345000668 -0.933984924 -0.374293611 -2.952374661 0.723098558 1.399005202 1.639609462 0.055183042 0.439320545 -0.574221153 0.000710969 -0.587906820 0.801266722 1.133326643 0.031544497 -1.097868759 0.703844793 0.875868586 0.185903124 -0.586035514 1.443194278
-20.456570481 -35.464295177 64.024194337 0.073523508 0.046218964 0.808324740 -0.582296501 0.383305352 1.625107163 0.594020096 -1.024469468 1.384122517 0.617982980 0.876217699 1.097964502 -0.414654212 0.029827986 1.004430959 -0.159390985 1.122322402 1.218183158 -0.522084746 1.041902196 -0.795278624 0.431226443 -1.251765639 1.179562293
-25.815024629 -40.835381369 49.891241299 -0.339774531 0.678302732 -0.478960958 -0.441650396 -0.388322036 0.070519394 0.755895383 -1.067298998 -0.338354701 -1.657260853 1.304468450 0.213633728 -0.231480340 -1.018384440 0.651630677 0.416903953 -1.128550474 1.917551053 2.028819996 0.253565084 -1.661583360 0.061351729 0.059209662 -0.401611803
-26.732610473 -35.575545500 57.521554737 0.634144119 -0.222353034 0.066498573 0.737562407 -0.090762970 1.251172968 0.282064435 0.095887049 1.357873957 0.866845832 0.685810113 1.260961008 -0.306891497 0.146065550 -0.553695099 -0.753591787 0.986735903 -0.549514178 0.093492276 0.174069413 0.199886426 0.633240094 1.633516344 -1.219956888
-34.105374920 -41.339117532 55.831560566 -0.159736327 0.083539721 0.011545676 -0.983550771 -2.150209340 -0.241985857 -0.724001077 -1.015454407 -0.160940538 -0.424466122 -0.463768925 0.840102950 0.288438692 -1.212209110 -0.492767643 -3.139495439 -0.192450687 0.526007499 -0.511576510 -0.276906877 -0.230304036 -0.244215733 1.190140789 -0.826330685
-21.116055832 -42.587273223 66.120633971 0.414188382 0.628423516 -0.386257202 -0.533232822 0.359460109 -2.292320539 0.946203526 0.277957435 -0.849927286 -0.879701164 0.861817157 1.924397437 -1.138303628 0.312351033 1.850842614 1.660278544 -0.038340312 1.273500355 0.457861976 1.360219485 0.442601394 -0.942599213 -0.574773796 -0.432191469
-28.637871756 -35.466405968 57.850318416 0.497970983 0.020558755 0.821856928 0.275959104 0.086339592 0.924703802 0.580079438 -1.532359422 0.841295282 -0.303531014 1.169888964 0.272639414 0.661468258 0.029707082 -0.697735006 0.156239391 -0.585769264 -0.692748043 -0.226795602 -0.241445644 1.011356891 0.642954599 0.171167758 2.082675454
-25.690852139 -40.323273753 63.413840157 0.788556844 0.413001383 -0.271879735 0.365635572 0.807680486 -0.318265135 0.940692076 -0.340427266 -0.805519170 1.083535837 -0.503502892 0.177167963 -0.437126344 1.104134148 -2.212916735 -0.424135231 1.292753823 0.737028304 0.216044392 1.593371030 1.671795223 -0.763724458 0.079891608 -0.704665338
-23.608971212 -33.601157885 61.189110513 -0.711324111 0.255152059 -0.647142201 -0.100610177 0.236886246 1.955014537 0.343664518 0.198318169 0.415429821 1.491569660 0.709600865 0.581300397 0.771734053 0.239168992 -0.832182312 0.713168450 0.941133436 -0.830051432 -0.748919886 0.502667720 0.831686628 0.137550444 -0.831240620 -0.418051522
-26.881586097 -48.349207202 59.984125050 -0.152805880 -0.240235037 0.860531638 0.422401219 -0.252433079 -0.315222384 -0.043385589 -0.113027087 -1.431863985 1.867765728 2.270989112 -0.394191119 -0.688477010 -1.258436644 0.754766782 0.227361300 1.175050313 -0.862852944 -0.618776213 0.814389342 0.206984188 -0.133484172 1.135040037 1.383094044
-27.662766753 -42.577881716 55.940191402 -0.037627010 -0.256254960 0.953855003 -0.151915228 -1.293094056 -1.571953218 -1.783999001 -0.520758905 0.877363084 0.252209286 -1.228524723 0.481143936 0.093523061 1.172338189 0.366278596 -0.240623491 0.104238304 0.472676683 -0.070858417 -1.539283699 0.666145910 2.005857957 0.804990584 -0.790301325
-17.423311134 -37.734658089 60.714066348 0.338489340 -0.154117249 0.469159902 -0.800975547 -0.471344772 0.931893222 0.163119327 -0.574988931 0.253309245 -0.879723736 0.950041055 1.484951799 -2.661761620 -0.285447351 -2.291259828 -0.308552114 0.304073123 -0.815092085 0.443897482 -0.825364032 0.333303665 0.932316095 1.030996483 0.580367650
-24.980790156 -36.245807564 50.859528689 0.460084250 0.575500673 -0.382527953 -0.557488855 -1.051838498 1.247565791 -0.763046314 -0.663754590 0.254756108 1.719112228 -1.097705918 0.047484444 -0.553126418 -0.923817792 -0.830973698 -0.972780325 1.247037347 0.823903048 -1.462370265 -0.779627850 -0.988025049 -0.623957870 0.735217336 -1.013247994
-21.871543242 -40.407945531 60.494200079 0.267095691 -0.559211110 -0.372093681 -0.691005875 0.307713173 -0.068554539 0.419598044 -1.035411183 0.752906654 -0.201039991 0.274337492 -0.361387081 -0.943848641 -1.016703398 1.461601052 -1.644420436 -0.779571262 0.153084245 -0.866188920 -0.253487255 -0.911697725 0.504672563 -0.229535603 -1.179215844
-19.572792083 -35.474969113 54.318198025 0.886157530 -0.346261908 0.014348000 0.307606336 -0.189498528 0.213702522 -0.525092346 0.672228144 0.762086020 -1.575152464 -0.686852112 1.777817900 0.330827678 2.597076470 -0.073879569 -0.377395483 -0.734798643 -0.736936037 1.060575147 -0.560836617 -0.202692422 0.115256258 -0.715789534 -0.926365043
-19.818431260 -34.413463680 61.617715012 0.123125634 -0.871008557 0.220793163 0.421229808 1.496652549 0.547890716 0.684610849 1.432001998 -1.028772773 -1.335200964 0.732686771 -0.455837279 0.531397006 1.515187660 0.219322875 0.916839306 -0.650905137 -0.442515244 0.737076058 0.392806754 -0.259997053 -0.008458428 -0.339805845 0.483932386
-27.489566842 -40.842716446 53.866223567 0.741626697 0.632927625 -0.191617426 -0.112584302 -1.243050393 0.110217387 0.227878214 0.474617913 0.226986785 -0.170123164 1.145306469 -0.415797195 0.314449487 -0.446834736 -0.983207134 -0.332133286 -2.682992863 0.011948466 0.403366448 0.175361710 -0.114826487 -0.569814833 0.531660638 0.673398825
-30.432279735 -37.802218847 60.295318962 0.631027776 -0.116692403 0.035075305 -0.766130898 0.280806006 2.078156778 -0.456059594 0.216617239 0.551812404 0.208260178 0.376939534 0.688209720 0.461000448 -2.739202506 0.212233754 1.128536022 1.139395780 -0.493171385 0.944047804 -0.495371254 0.041016404 0.436466972 0.481295419 0.359411310
-20.759553675 -38.797436302 59.301761610 0.155626485 -0.045095080 0.420175277 -0.892860329 0.364860457 0.584218446 1.594492825 0.999393881 0.928930284 0.832943780 0.086588715 -0.850374258 -1.310418624 -0.487027789 1.666264971 2.073802247 -0.234011968 -0.575964941 -0.505868484 -0.032688014 0.013177519 2.059744245 1.766135625 0.302382444
-18.843424150 -45.287348890 56.089541022 -0.860207363 -0.140760081 0.076230737 -0.484168118 -0.363946196 -1.737968699 -0.490709835 0.504125032 -1.364368400 1.417691487 0.490038730 0.126218929 1.389531490 -2.005466980 0.290856021 0.728461538 1.158320853 0.615735934 0.088368214 0.820621145 0.617474018 0.896354006 0.602507688 -1.801772026
-31.880296338 -40.684740723 53.013664674 -0.143277173 -0.786836817 -0.552244668 0.235340820 -1.968002734 1.159142786 -0.740295841 0.150443794 1.779994871 0.102071869 -1.875176973 1.481404285 0.163522689 -0.150497581 1.634282552 -1.750876828 0.109961758 -0.994114293 0.931731130 -1.202364662 0.652658753 -1.076568972 0.885523984 -0.584325676
-23.893476030 -38.066894333 56.996257860 0.467054381 -0.151881386 0.498955211 -0.714027974 0.146869885 -0.153131902 -0.210974620 1.410726261 0.147770302 0.340132951 0.130111856 0.020535743 1.353554805 0.738863902 0.694187320 -0.516243000 -0.534086396 0.513731375 2.515103869 2.875105155 -1.481027697 -0.917456784 0.081933748 -0.011708473
-16.764550346 -35.908295938 60.450713219 -0.291616380 -0.148262071 0.096566778 -0.940028246 -0.914048575 -0.109967389 1.443518734 1.436741968 0.928692583 2.629487252 0.253637777 0.477274227 0.072881014 0.637436086 0.464561088 0.139763311 -0.312922796 0.042101189 -1.357724315 -1.129291109 0.601337431 -0.279054903 -0.957232552 1.021563692
-26.589144094 -44.077771174 61.919573790 -0.155175074 -0.451703587 -0.408410811 0.777872210 -1.295439271 -2.052741230 -0.118505552 0.456433825 -0.326393413 0.931561435 -0.793202808 0.773956512 -0.503764678 1.086867634 0.500004934 1.140114820 -0.571793348 1.960321808 -1.319938814 -0.190803170 -0.766809249 0.641111258 0.514524361 -0.385476100
-17.265461162 -40.885879929 55.684416618 0.972077824 -0.063459462 0.070278981 -0.214705533 -0.499123441 1.019057329 -0.051808126 -0.223207525 0.044458223 -1.540163267 -0.184858688 1.386360261 -1.880352754 -1.784236609 -1.457940401 -0.441451890 1.180880588 -0.908478457 -0.474040813 -0.792795799 0.401753676 -0.791722212 1.391187405 -1.176361511
-34.587985012 -39.198049740 57.921445705 0.149143912 0.682056491 -0.683373223 0.213438691 -0.448624749 1.548759154 0.706939428 0.003826894 -0.157633843 -0.523382838 -0.520720693 -0.179790643 -0.154370389 0.104908690 -0.608943855 -0.051778799 0.296555633 1.974068306 1.098846098 0.478539729 1.874109519 0.126177816 0.056614569 0.441257690
-30.500854025 -41.270527073 55.456717603 0.007965681 -0.420090849 0.722055496 -0.549632685 -0.769325524 -0.394003644 -0.895494428 -0.941433364 0.419379003 0.423877711 -0.493368386 1.798635840 -2.414212250 -0.125338537 -1.384073068 -0.178826589 1.719978248 -0.501865886 -0.668666434 0.075009040 1.222106242 -0.620818551 -0.700424045 -0.568984971
-24.195015427 -45.218219548 58.706076376 -0.368493111 0.603627792 -0.351827643 -0.613240267 -0.147413994 -1.633947840 -0.443422364 1.074325694 -0.423314480 0.605176754 0.645902062 1.361746136 0.238465516 -1.101052441 -0.969958769 1.128616797 -0.078340079 -1.540195527 0.648293594 -1.992901223 -1.038511647 -0.946230692 -0.056946544 0.741303450
-19.360878512 -36.668687281 53.089876595 -0.293722439 -0.549249113 0.780235896 0.057310448 -0.775189975 -0.433282840 0.143042667 0.169741376 -0.335164466 2.277258130 0.666101501 -0.374383300 0.670091553 -0.435446055 -0.392039965 1.863402928 0.250243196 1.145881191 0.587755418 0.947065836 -1.676022243 -0.958803449 -1.435961768 -0.098801537
-22.670986975 -42.230787706 50.282383243 -0.923359589 -0.248671270 -0.179580446 -0.230912391 -0.593907751 -1.456755950 -0.816047009 -0.839467403 -0.583676715 -1.637530528 0.210464249 -2.793554437 -1.464279482 -0.087486510 0.834574304 1.031699670 0.453398898 -1.035521569 0.783108013 0.707480589 -0.572517046 -1.962432326 0.102231564 0.092743386
-17.328169428 -38.520618892 52.292293124 -0.632358414 -0.623243559 -0.303861660 -0.345482840 1.102883186 -0.356423473 -0.277840311 -0.301002768 -1.327048182 -1.196343295 -1.209075224 2.274214792 0.703447627 0.369119300 -1.398372521 -0.264030477 0.605874054 0.164632078 -0.330325611 -1.712431103 -0.060822712 0.259698566 -0.255280972 1.538823508
-31.218982600 -40.824972898 58.040792562 0.129943945 0.851899123 -0.160850146 0.481154534 3.160259073 0.098307006 2.742134876 -0.046666753 -1.448551251 1.303327157 0.277616490 0.384506134 -0.070065841 -1.185019005 0.537961323 2.709363190 1.464174995 -0.362217869 0.751903647 -0.346883770 -0.168985606 0.518163855 -0.455506838 1.310742898
-24.543547457 -39.179607079 48.812125933 0.215672254 -0.637580169 0.424823332 0.605394205 -0.142422247 0.528556190 -0.864819465 1.672208573 0.511257545 1.206252870 0.332751904 -0.625565403 0.166335843 0.207738884 1.821569415 -1.294437779 -0.247394653 0.066684655 -0.268267854 -0.481772478 0.674673750 1.103905917 -0.278691801 1.377063342
-24.363694074 -43.484869455 50.566264976 -0.920019920 0.122886928 -0.366656977 -0.063441392 -1.562935040 0.617991178 0.328644494 -1.308556690 -0.531414187 -1.399934189 -1.082514162 0.390666712 1.667074769 0.251330686 -0.110629761 -1.770124867 -1.334920788 1.369590128 -1.588366417 0.019983865 2.115974542 -1.750374589 0.300788547 0.035539219
-29.520548840 -40.491902920 65.185740714 -0.064077206 0.088832279 0.990052529 0.088311532 0.477922427 -0.330098063 -1.148999486 -0.095856028 -2.449196038 0.283128444 1.498544353 -0.368020198 -0.887827498 1.111071179 -1.963255131 -1.144426653 -1.933926196 -1.464211533 0.213704546 -0.551462161 -0.264351224 0.920387748 1.112547265 -0.641482621
-24.972013617 -42.579822236 57.677566301 0.040160077 -0.689122004 0.587330203 0.422541435 0.891455644 1.609039042 -2.245845689 -0.412825973 1.481145345 -0.630983508 -0.937427913 -0.641738112 -1.600742505 0.208246784 -1.125881891 0.234934504 0.894775243 -0.782432464 -0.933289708 -1.069878591 2.688438125 -0.471292358 0.607360014 0.726530263
-32.760467731 -39.174916118 62.940159752 -0.970735331 -0.054051643 0.230637795 -0.039465741 1.265661100 -1.141976935 -0.494913249 -0.882479829 -1.333964749 0.337652338 0.102219750 -0.488691059 0.365898966 -0.179163302 0.715318024 2.759956812 0.134835990 -1.794554483 0.782318876 -0.520183416 -1.120092499 0.259490894 -0.893276121 0.509619444
-30.431476180 -46.270693082 54.306120276 -0.621215238 -0.588303875 0.509056960 0.094080766 0.403579564 -0.663181960 -0.268522877 -0.859864988 -0.320383580 -0.483618571 1.357507744 -0.829488081 -1.877144122 -0.073684199 0.722105161 -0.491067770 0.023921585 0.603750835 0.737628582 -0.135661194 -0.280733040 -1.573631983 2.427049679 0.181332945
-31.264442888 -36.487723704 63.917386538 -0.013269819 -0.355830378 0.378533324 0.854354245 0.928005738 0.558114520 0.405019194 -0.600179978 -0.405700562 0.477925279 1.537794825 2.259451317 -0.500047291 0.094915035 -1.651154393 -0.988182639 0.048545042 1.746154829 -0.345162615 2.212864194 0.464974731 -0.776746934 -1.279128998 0.407114729
-21.117064915 -38.620545896 55.861726214 -0.344820203 -0.836326703 -0.408164122 0.122713990 0.090885846 0.829986644 0.358842875 -0.317745034 -1.175335803 1.654017136 0.770571631 -0.727733326 -0.164534137 -0.593111963 1.518600620 1.993027255 -0.329843998 -1.018084107 -0.939120792 0.457502310 -0.430595694 0.231843982 -0.699495619 0.905692462
-22.446868355 -33.175880491 52.625922785 0.538844412 0.751907529 0.367357513 0.096593093 0.172620756 -1.029295346 -0.434284495 0.027114596 2.671685187 0.607548944 -0.814057042 -0.913242525 -0.004480445 0.805969914 0.262740042 -0.051935545 -1.037981190 -1.410824939 -0.361596613 0.888976744 0.286847035 -0.117210489 -0.520617680 -0.464206796
-30.324901896 -36.456177439 57.953787596 -0.018210889 -0.374967962 0.926523271 -0.024940304 -0.040368001 0.778817583 1.570054351 -0.400625001 -1.650108277 -0.549899037 -1.866114265 -0.575822438 -0.890494983 0.096448542 -0.172323613 -0.532388547 1.226226191 -0.845338096 0.248854660 0.040839044 -0.470427265 0.088531378 1.776137805 0.416114320
-24.764045147 -44.716650329 56.293974000 0.193843208 0.341570368 0.566571130 -0.724397439 -2.046907865 1.125282276 0.895987245 0.151185831 1.529388067 -0.146858455 -0.894072895 0.434102537 -0.125820074 -0.617245386 0.994210166 -0.641513927 1.628977473 0.395796301 -1.839292402 0.094691622 -0.085362374 0.160989286 -0.015323712 -2.931468032
-28.803105792 -42.803314378 65.421876836 0.707676549 0.615990579 -0.008474224 0.345944644 -0.530542658 -0.541208140 -0.250317953 0.294798675 0.357452233 -0.209324257 0.286835937 -0.915512101 0.244479257 1.490306364 0.536859904 -1.092775091 -0.115285315 0.692166933 1.077866407 1.273060343 0.574145760 0.042710130 -0.874437682 -1.602305788
-24.999716984 -41.544280646 59.564102067 -0.562240090 -0.514425304 -0.582633149 -0.282473542 0.395552039 0.596279394 0.783133782 1.440419556 -0.296106540 -0.428041731 -1.567763651 0.774881564 0.464863668 1.712306532 1.288819604 -2.416862096 0.873996628 -0.814412069 -0.950370322 0.188261449 -0.468734589 1.504461230 0.096169541 0.838493398
-25.852778679 -46.538057047 61.874779423 0.498787168 0.054725221 -0.343965529 -0.793665059 -1.354557779 -0.255150859 -1.082152398 0.905301927 0.139409737 -1.072633452 -0.700585989 0.514735344 -0.077738759 -1.234946708 0.464135846 0.650232641 0.575705103 1.480740541 -0.745362918 -0.800789199 0.433706680 0.084861658 0.540403283 0.729247734
-30.865546713 -41.548926360 55.921867575 -0.424395991 0.711720172 0.484415123 0.280507447 1.716956480 -0.738380957 1.175119639 0.497203205 0.188945526 1.329949208 -0.739879376 -0.013319407 -0.782122168 1.282164106 -0.452143649 1.431905200 0.157530901 -0.884745364 -1.490376463 0.561420684 -1.560367522 -2.019734057 2.539420970 -1.264802326
-17.747313118 -45.379435638 55.052682140 0.614901790 -0.607505032 -0.322466334 0.385809393 0.201392702 0.106582338 1.422825006 1.163373798 1.100223441 -1.339377658 -1.150687344 1.378177038 -1.311319206 -1.772260892 -0.695302643 1.476893039 0.493997363 -0.460214956 0.004597579 -0.201352009 -0.499433030 2.279934466 0.806192921 0.061038089
-22.633273359 -42.719791778 56.219406925 0.353575549 0.274927881 0.864673904 0.227459955 -0.610383400 -1.127099809 1.314748526 0.706036966 0.055445746 0.507330482 2.041800820 -0.147151515 1.061442766 1.369507313 -0.482551390 -0.596378797 0.524396275 0.996259537 0.231031236 -0.975672798 -0.015517486 -0.384685488 1.033576260 -0.728067895
-21.126557312 -38.055133226 56.652226886 -0.676514004 0.479518940 -0.550570759 -0.096240469 -1.577986677 -0.382146803 -0.009224256 0.019977603 2.112185287 -0.806277827 1.717845035 0.462186565 0.422106493 0.663969972 0.832819927 0.143243449 0.912279593 2.513710321 -1.891405781 1.565898087 -1.038970079 0.853123136 0.164033602 -0.343943401
-19.721487348 -33.197181276 59.618172195 -0.280966432 0.354153265 -0.875665614 -0.169832455 0.784725289 -1.354030823 0.727799482 -1.011524247 0.806365238 0.630405980 -1.086385028 -0.059712880 1.200003966 0.453031140 1.062579556 0.129034649 1.783428334 -1.260092813 -0.018706114 0.624979455 -0.706476738 -0.047878666 -0.433917098 0.748852093
-30.230668232 -41.133042388 62.772691275 -0.717591691 -0.563126104 0.371835161 0.172307196 -0.263251474 -0.430270444 -0.067801503 2.367705349 -0.424744428 0.523974327 0.082502977 1.149219632 0.831747821 0.841712448 0.525483195 -1.395705918 0.592501708 -1.720303851 0.463232262 -0.048160903 0.711084304 1.303323756 -0.461709821 -0.291509464
-20.564122399 -43.743834887 61.196104060 -0.422685923 -0.403370578 0.216195463 -0.782232899 0.363724515 1.225926265 1.004093940 -0.424430727 1.164835029 -1.189314007 0.510399204 -0.754366065 -1.509752943 1.711089324 0.224966289 0.381541374 -1.465194250 -0.020895609 0.543215634 -0.601686307 1.434030520 -0.539000215 1.019956399 -0.580578929
-23.188777905 -33.552856408 53.411562074 -0.416946647 0.137681707 -0.450192944 -0.777512414 0.413222642 0.832496766 1.096153226 -1.044731723 0.818843160 -0.356231244 -1.363589913 0.915984593 1.899437544 0.391286961 0.533534144 -0.441504061 -0.525677683 -0.158033846 -0.100170182 0.406077609 -0.946932575 -0.315648391 0.756805263 0.656585458
-27.157534481 -31.116415802 53.896692547 0.654874988 -0.327005897 0.671993280 -0.112387383 2.185495533 0.690273910 2.048518265 0.302429584 -1.666562232 -0.077094332 0.212752064 1.117240230 0.704012183 -0.912003233 1.325470266 1.518518778 -0.609353801 -1.268159521 1.877003969 0.736499182 -0.742277877 0.468060064 0.742044984 -0.394923396
-27.174116942 -45.821788103 52.425139714 -0.677346175 0.695597368 0.238939440 0.015950047 -1.346248735 -0.416962676 0.079201072 -0.545010074 2.052747333 0.158909602 0.040031588 0.431075877 1.020115745 -0.026123802 0.653751880 0.109574562 0.025432669 0.103319811 1.485429660 -1.065989297 -1.089928052 -0.582731853 -0.761380706 0.798619107
-26.200628165 -37.833950096 52.592315344 0.501531572 0.454918808 0.390444903 -0.623752946 0.913473677 -0.124713468 0.460619966 1.034302967 -0.864325474 0.290385076 1.053726999 -0.725324915 1.103804333 -3.059621290 -0.407788985 -0.151877549 -1.069999512 -1.364969351 0.617385317 -0.480688399 1.976791013 -2.141311907 0.505102097 -0.377943121
-32.878751208 -39.124388856 61.331644479 -0.142456909 -0.263341992 0.805250222 0.511790097 0.818174043 -0.748152139 -0.183177167 -0.101073046 -0.532117309 0.916438405 1.093961135 -0.041754582 -1.069831440 1.322266295 -1.010735092 0.225763251 -0.063741577 0.920633259 -0.433555976 -0.259876448 2.213849417 -1.553378832 -0.179431729 -0.267901860
-25.723458947 -40.779392617 54.285258769 -0.081050876 -0.859501564 -0.499854358 -0.069522926 1.112808356 -0.662757936 0.222678829 0.662824664 1.489693416 -0.114284714 1.622283046 2.611639007 -0.251349768 0.806169754 1.883957600 1.401074441 -2.872019537 -1.197274027 0.042982628 -1.128931806 1.486587349 0.932496252 -1.149322752 -0.490557385
-20.910292454 -47.533006381 60.155939280 -0.060740747 -0.533274229 -0.803730316 -0.256800968 0.069119945 1.729942661 -0.150232593 -0.878432111 2.100891612 1.082179213 -0.122748283 0.086854118 -0.427406893 1.365048467 1.692826986 -0.095093459 0.293825932 0.156242865 0.765459096 -0.018649899 -0.347359785 1.525994643 -1.040564079 -1.074554411
-18.811312996 -41.870880133 54.588348800 0.399652894 0.054046286 0.857404572 -0.319709184 0.471749827 -0.603666994 0.679387282 -0.632313711 2.710564015 -0.742315933 0.676626128 -1.443673328 -0.354805392 -2.141316769 1.167736106 0.069173571 -0.459991163 0.142512925 0.102186684 1.223419958 -1.655429513 1.267194195 -0.539917899 0.445070464
-26.693619957 -44.422717744 59.294691617 0.325337894 0.108065366 0.136774794 -0.929392160 -0.679555216 -1.210377428 1.159228068 -0.916058060 -1.317432364 -0.142186672 0.553934321 -0.771142386 0.593977390 -0.859326775 -0.465644021 0.159383250 -1.580540103 -0.574289507 1.265101660 0.743328748 0.908203835 -0.339953911 -0.912213586 0.052683897
-32.677232709 -38.516004810 53.333071241 -0.018484309 0.671159360 -0.134880163 -0.728704869 0.122224213 -2.217835670 -0.232709219 -0.011352154 -0.044158359 0.367161060 -0.072561548 -0.331644356 1.607355291 -0.202357488 0.824794106 -1.851393563 1.631953055 1.595331323 -0.427404361 0.755652785 0.015678118 -0.065770041 -0.850002954 -1.606483163
-25.434535004 -41.558184086 60.555600506 0.618677692 -0.398834947 -0.584400727 0.341532413 -2.109764913 -0.795109058 2.105894138 0.702127919 1.092020916 0.104773641 0.980555766 -0.806433653 0.078098879 0.439443249 -0.237894169 -1.425118826 -0.552342011 -0.053759243 2.432182343 0.387112418 2.135118176 0.710874771 -0.411050248 1.225865782
-25.744115992 -47.098268687 56.341433871 -0.121252684 -0.064318633 0.733466129 -0.665723920 -0.986701076 -1.517557512 0.782954210 0.912197600 0.096545266 -0.703170577 0.389870469 0.443347044 -0.228127254 1.013117499 -1.006789677 1.656561716 1.522480547 0.648680641 0.162848889 -0.738052663 0.169395606 1.247764819 0.043570347 0.755621067
-24.666928210 -37.963078686 61.127995260 0.344259535 0.767339218 -0.284835489 -0.459939824 -0.661354258 0.695318946 -1.019978020 -0.428709467 1.907774004 -1.082068124 -0.678143207 0.360957063 0.068138595 1.372948258 -1.443977797 1.424839820 -0.695188156 -0.440726036 -0.158894763 0.442355470 0.298979790 1.614168791 1.286972869 0.997929757
-20.822107896 -45.814706936 58.088130941 -0.078919381 -0.527075459 -0.296240018 -0.792593870 -1.755926269 0.496916968 -0.567933846 -0.041166369 1.102493537 1.241156229 -0.717548343 -0.671142985 -0.653494375 -0.940903277 -0.080113098 0.005178818 -0.007414129 0.227447179 1.146622292 1.596251240 -1.375904403 1.773535347 -0.372933201 -1.613029572
-32.521205368 -39.129819156 55.323533239 -0.672057014 0.270613761 0.315518515 0.612825937 -1.285526040 1.624430536 1.273070195 0.155804135 0.316744485 -1.755590998 -0.701288627 0.999914895 0.023100199 -1.203999972 -0.042053009 1.270879018 -2.637136541 -0.495369786 1.162906843 -0.189685571 0.514866743 -0.185932901 -1.481017328 -0.776287995
-28.769514532 -36.292699402 51.797498925 -0.233066259 -0.826889046 0.398844614 -0.320714200 -0.897848829 -0.217710830 -1.744093499 2.377948305 0.866749315 0.748398347 1.403173545 -1.032433197 -0.669486457 1.071715831 -0.659425850 2.847649126 0.808304656 -0.224052274 0.371666695 0.598294530 -1.333715390 0.923241562 -0.533414182 -0.276850645
-25.170901168 -36.572403496 59.856095893 -0.029872821 -0.977514047 0.190770844 0.084737168 -0.212453282 -1.322726213 0.635532095 0.119185562 -0.753862150 0.231437629 -0.277562732 0.631489376 0.273452353 -1.142807457 1.292526337 0.784841693 -0.725913277 -1.223010474 -0.969331558 1.410385584 0.365841394 0.012910040 0.865219156 -1.163986956
-31.674286863 -36.836611117 58.660013603 -0.795561853 0.567866725 0.070130459 -0.199224593 1.289963528 -0.582395719 -1.421532582 2.707608880 0.210220594 0.364812337 0.227773101 1.171211437 1.156080886 0.881444335 -0.107439157 0.588908110 -0.398979611 1.204803631 -0.204768047 -0.053034824 0.100772563 0.089193883 1.295508255 1.981980659
-23.045965464 -42.782690245 58.214056759 0.000210733 0.037115723 -0.138016670 -0.989734195 -0.283423295 -0.849615769 -1.376841082 -1.991292337 1.133735417 -0.076754150 -0.661806383 0.335102636 0.795852381 -0.818519651 1.580831800 0.242254217 1.060299659 -0.162600168 0.109772561 1.027678641 1.152084744 1.459908971 -1.898295722 -1.733046618
-27.105599154 -38.540419629 54.062490493 -0.732579966 -0.356530343 0.567755574 -0.117755326 -0.949816384 -1.678230794 -1.391993633 -0.907635596 0.352716341 0.081787377 0.555625318 0.980951713 -1.272767564 -0.106136175 0.135554383 -0.013150583 0.975165754 -0.694112067 -0.272859302 0.319046116 -1.230373717 1.747343645 -0.113926551 -1.677051550
-31.505356964 -44.191591072 62.399437012 -0.805559211 0.355952688 -0.396591482 0.259012043 0.790555453 -0.379383037 0.547141438 0.489228127 -0.573858580 -1.023980492 0.046052818 0.024802807 -1.301808304 0.926817735 -1.149251355 1.964091260 0.124239443 0.672886601 1.276553311 -0.706936975 -0.616812268 0.006540086 0.227407868 -1.145548349
-31.274864663 -38.371255232 55.217647695 -0.324636668 0.003015245 -0.890074441 -0.319952233 -0.176827056 -1.123503430 2.665757259 -0.641445555 -1.241954281 0.676490427 -1.061233265 1.389546688 -0.306944104 -0.734282866 1.369164519 0.311148730 0.333791836 -0.379478754 -0.742595607 -1.233897142 -0.095988210 -0.617073587 -1.042146552 0.845486205
-24.797520690 -36.685808170 52.432420358 -0.285711783 0.102663105 -0.802206073 -0.514095789 1.045720031 0.056188476 -1.123400945 -1.393286958 0.390948142 0.783284210 0.102259072 -0.842772072 -2.717776555 -0.152019908 -0.335998234 -1.167280561 1.481423993 0.701266176 -2.409449178 0.027451491 -0.048335961 0.649489033 -1.476758817 -0.098195133
-24.975266632 -35.349733086 62.760150228 0.792090070 -0.529850843 -0.302870212 0.011001829 0.135670138 -0.454948745 2.114590077 0.257711733 1.027718031 0.778093089 0.194766737 -0.370282420 -1.656858870 -1.526767705 0.170352301 1.560974666 0.792276344 0.579509136 -1.456532230 -1.512069956 0.234418598 1.323566849 0.256763793 1.517551165
-20.564380190 -33.025265321 52.361161280 -0.759317056 -0.382471399 0.504612913 -0.150063471 -1.001282619 2.377355961 0.502443729 0.450124363 0.985126829 -0.007833216 0.026468064 0.148118024 -3.332257541 0.783291250 1.385864941 0.076582567 0.271077972 0.223814846 -0.511128271 -1.008910857 -0.372836724 -1.850153991 0.303150857 -0.964797969
-25.505007835 -39.556456108 64.904957568 -0.277307440 0.253578807 -0.850319805 -0.368448914 -1.219016060 0.942642479 -1.108687625 -0.389661309 -1.522961001 0.721002929 -0.748062622 1.364574452 0.610454667 -1.172160374 0.809299282 -0.659919501 -1.387112678 0.203609796 0.337774223 -2.292339951 0.854318889 0.997428189 -0.298142202 -0.037582275
-23.191275958 -31.540703431 52.873974151 -0.490160838 -0.457419468 -0.306907241 0.675512938 0.400450062 0.331358737 -1.575828965 0.292246639 2.706543746 -0.780036667 -0.540916696 -0.080497726 -1.008356274 2.296011549 -0.053682830 -0.086908490 -0.474224261 -0.815754138 0.309794866 -0.410633183 0.684974259 0.074655418 0.003709970 -0.983714232
-28.728250019 -40.664802840 64.136580467 0.384820036 -0.182165608 0.857407752 0.289104094 -0.340803507 -0.686850249 1.375572576 -0.747315592 -1.188101479 0.078170687 2.017669249 -0.366028628 -0.694388941 0.275894077 1.316746632 0.942993553 1.361922788 2.015834350 -0.116113177 1.314192328 -0.255367357 -1.571484122 -1.074157999 1.880000512
-26.292602817 -46.652131714 62.021039288 -0.639760236 0.632579599 -0.417043948 0.128935008 -0.034067521 -0.582089303 1.505690679 -0.022306548 0.319904562 -0.654434581 0.449252065 -0.471226372 2.229143155 0.375218150 1.203956606 0.332683319 -0.559700762 1.474044570 0.962729280 -1.429800118 -0.853957275 0.531861705 -0.882481897 0.659468021
