16.590813776 10.762244691 38.561386285 0.120377034 -0.279444577 0.529066957 0.792154185 -0.047241989 0.210888538 0.888250144 -0.610776366 -0.953720609 -1.804872597 0.450886462 -0.114403122 1.015599869 -0.398696119 -0.118896318 -2.531847608 -0.772080822 1.192694402 -0.590187684 0.482914037 -0.095161916 0.209813423 -2.047199461 -1.960140439
30.138423477 15.757987171 40.675528288 -0.451885443 0.686056002 -0.146013025 -0.551186815 -0.562800524 0.831647241 2.015666510 0.774063270 1.073213811 0.005479854 2.204589325 0.978501592 -1.097355631 -0.177670077 1.004440258 -0.311036782 -1.097053124 -0.078715900 -2.174821295 0.683967300 0.786399282 -0.283376360 0.361577920 0.787320254
28.311363098 11.193940336 46.247098950 0.758545095 -0.473873753 -0.186086513 -0.406724496 -0.350638511 -0.766162616 0.561541369 1.119593738 0.075024647 1.070777860 -2.824022050 -0.190816575 0.711572098 0.019687157 -1.352398884 -0.882939220 1.729237593 -0.150805130 0.044038160 -1.048479764 -0.406175155 -1.247252529 -0.626371105 1.043044693
27.219124605 13.505838775 30.673217918 0.471393411 0.872909361 0.114115828 0.052868500 1.346327097 1.760119808 -0.784113951 -1.333892158 -0.746749005 -1.348257396 0.472166199 2.565002015 0.358447004 -1.657429085 -1.146465292 -1.016302387 -0.776463162 0.168185920 -0.265523755 -0.955728076 0.980131478 -0.506448300 -0.491785274 1.510194371
23.160933475 10.215153468 46.600872487 -0.023380773 -0.388649489 0.170023293 -0.905260733 -0.125376624 -0.318128386 -1.089326879 -0.615082702 -0.595241180 -0.210629781 -0.981699303 1.255125577 1.085904329 0.032151458 1.212605406 0.047163599 0.951755247 -0.572463674 -1.132583712 0.626247535 0.129175832 0.041771065 0.061757937 -0.462143834
26.065815725 10.584626133 42.135626707 0.635452377 0.336472201 0.044829798 -0.693525071 1.014068063 1.113038306 1.306048172 -0.383616688 0.672290948 -0.005435447 0.122350814 -0.187050594 -0.682408512 -1.335466350 1.125773838 0.343735649 -0.959796811 1.499377122 -0.082699730 2.714918819 -1.813496992 -0.131366047 -0.430063764 2.907728070
18.947231332 11.343117216 39.828214790 0.477227926 0.822635328 -0.183481605 0.248714946 -0.749423245 0.714083514 1.257011501 1.757653274 -1.341933778 -1.100068759 2.229502403 -1.159932818 0.032951588 -1.285882992 1.564609241 -0.106035736 -0.077481453 -0.117677716 -1.946721400 0.874251630 0.909503399 0.184061593 0.355544610 0.011830733
20.346011879 19.114447997 35.373611455 -0.353387402 -0.069353900 -0.199146100 -0.911399041 -1.468444125 -0.647096711 -0.170780483 2.695148772 1.153777784 -0.334011169 -0.485826891 1.512148633 -0.164229620 1.056912482 -0.249850410 1.416784348 -0.011979575 -1.093853023 -2.092093109 -1.044608717 0.918176567 2.972686727 -0.361173825 -0.265114818
25.480098622 11.907547390 39.124953880 -0.511328995 0.751116428 0.341226554 -0.240689029 -1.401853235 1.112816060 -0.006563974 0.324526181 -0.748748607 -0.046182536 -0.570361824 1.929523139 -0.286640614 0.033182201 -1.353177571 0.241796004 -0.852205366 -0.128560972 2.988016820 -0.809691415 -0.932703052 0.929092904 -2.311626669 -0.346029931
27.140391643 15.254124775 40.551945009 0.454881770 0.086934944 -0.650307868 0.602183167 -0.161269370 0.021927572 0.713071519 -0.778393071 -1.236175471 -1.345998166 -0.643283960 0.637965717 -1.241253720 0.482162662 1.061856968 -0.877160207 -0.919087499 1.159615140 0.396441586 -0.149085770 0.104099056 0.030065201 0.103210317 1.270360640
24.891539325 2.566905920 35.188435788 -0.308945255 0.904435427 0.246349734 -0.160814167 -0.782831882 -0.027588556 1.872258438 0.064504818 1.803223643 -0.120899957 -0.094162111 0.840938050 -0.452536246 0.036300434 -0.039739714 -1.233849488 -0.787594414 -0.296591343 0.948661818 -1.146322803 -0.396895726 -1.726270913 0.244572008 0.125583565
24.941133091 11.292393306 31.189611627 -0.479342675 -0.733829257 0.380070961 -0.295417139 -0.132890378 0.912626909 0.078993280 -0.304299247 -1.077082484 1.550958975 -2.232126287 0.681164818 1.437742496 -0.490807150 -0.895814920 0.534071160 -1.699594149 -0.274271303 0.153079382 -0.988559076 -2.134273268 -0.441054542 0.050762982 -1.344910159
24.311089973 3.639775092 36.006024290 -0.174149361 -0.023241828 -0.720438068 -0.670895526 -1.086815188 0.069506768 0.893562357 1.133825424 -0.316639486 -0.403299116 -0.048039296 -0.110276890 -0.463415919 -1.607773019 -0.850664541 0.740303150 -0.808870400 2.713224519 -0.218061677 0.046247248 -0.320876485 -0.810646702 -0.584132456 -0.925896802
30.986458084 13.214934724 39.756973027 0.010204441 -0.977324694 0.014041086 0.211033550 -0.456070517 -1.515000503 -0.813009605 1.452820816 -1.411433227 0.571440214 -0.049112146 0.434610265 -0.420852463 -0.027613801 0.176411939 -0.966748901 -0.053565692 -1.955800237 -0.039108249 0.739076636 -1.014555562 -1.634078651 -0.125329431 0.084414371
28.089745680 17.015753188 40.432682361 0.486744068 0.168879209 0.142671204 0.845106474 -1.052353879 -0.479600981 0.504685637 0.120630548 0.862435689 0.938117943 2.318921786 -0.274133153 1.166889400 0.951308453 -0.984824754 -0.383173070 1.157147907 -1.136670659 0.549814847 1.314928541 -1.003529333 -0.091219815 -2.498647563 1.837650983
30.162217590 18.792113495 36.654613929 0.399765987 0.793318503 0.288896216 0.356891980 0.697624109 -0.196369119 0.335077314 0.325038271 -1.023591295 0.512523255 -0.164666705 -0.303695074 0.968153028 1.222902785 0.141366387 -0.663157808 0.750101059 0.787497503 0.054038362 -0.642566030 0.592539678 2.174639070 1.416316112 -0.998010511
27.200040330 2.784430614 33.552481058 0.807702427 -0.138579504 -0.326902933 -0.470687776 -0.459760112 0.561023689 0.945570923 0.148727807 -0.287568122 -0.661872008 -0.721087930 -0.192125776 -0.523585872 0.945210595 0.106797218 0.619125893 -0.127613299 -2.890358399 -0.696043877 0.651039540 -1.638072344 1.147918787 1.584171157 -0.146072276
19.864202439 11.007680210 33.389133331 0.030131586 0.951411881 -0.258628267 0.164374387 -0.904223047 2.297717012 0.817825146 0.457359759 0.240155419 0.936559245 -0.591598920 0.557333269 -1.685821236 0.744803919 -0.012620693 -0.000195446 -0.230856074 -1.404238552 0.012679725 -0.749332921 1.804827948 0.534751979 -0.837284780 -2.364623682
16.547413666 7.777341455 41.140615523 -0.189785965 -0.272985894 -0.919956889 -0.207700052 1.127881681 -0.039532794 1.031407618 0.260299316 0.119098391 -0.391497071 -0.567450357 -0.370432108 1.420059362 -2.108537832 -0.103547199 1.417939895 0.007930032 -2.022800528 -1.181894113 -2.185892689 -0.640187449 -0.702121788 0.301133110 0.060090601
33.829096901 12.981019252 35.624310975 -0.659715987 0.709930902 -0.228716787 -0.091986751 0.152880081 -0.622493176 -0.508586415 -0.142253601 -0.844222473 -0.367628866 0.345224195 1.209188383 0.211627510 1.257450201 1.990003641 -2.076459919 -0.007750982 -0.834273976 0.292711969 -0.109742536 0.009144079 0.335397038 0.086872123 0.509494839
28.591607158 16.292719872 41.812624367 0.582479080 -0.289430582 0.759004461 -0.029330659 0.393203600 0.594533533 0.482150778 1.305581947 -0.021375572 -0.967714774 -1.680471596 1.224845628 0.145358975 -0.854399833 -0.391260396 -0.363062711 0.113152985 -0.406149050 -0.350483695 0.512204009 0.042355327 0.990106249 0.164393196 -0.422099846
24.180768129 3.711798734 41.644188993 -0.811254558 -0.121783409 0.444386689 -0.359937931 0.739508168 0.456178477 -1.214630063 0.082151263 -0.444589413 1.722025905 -0.555773004 -0.070322270 1.606495553 -0.282976196 -0.134428428 1.339775147 2.426676851 0.882776653 -0.278523900 -0.315469108 0.158756088 1.254051826 -0.622125657 -0.667176650
23.235622916 3.172882447 39.095518522 0.202237282 0.189230321 -0.617885040 0.735873661 -0.555359697 1.220374263 1.422931292 0.352156099 -0.625337482 1.530461212 -0.448720584 -1.952032784 -1.048922508 -1.801362172 1.812816399 0.903083268 0.866314330 1.131930241 -0.379757533 1.367924247 -0.774916760 0.720397284 -0.148728360 0.056699172
21.589429997 10.560908046 38.293367895 0.460847119 -0.587828976 -0.654668003 0.116132828 0.203751311 0.040844001 2.086835903 -1.130409460 -0.502590038 -0.928175315 -1.099435866 0.508015957 0.387800171 -0.477733170 -0.278651305 0.883754107 -0.475040596 -0.263335618 -0.978493994 -1.186816135 0.629141926 -0.314932451 1.329631341 1.020811779
22.255693708 13.261699311 46.199509614 -0.663230929 -0.074271239 0.710562293 0.222956825 0.776009149 0.471446447 0.280334849 0.101934604 0.743031922 0.739923484 -1.665889869 0.859898398 1.201176788 -0.329608107 -0.321666142 -0.447671626 -0.592291497 0.403952729 0.103419322 -1.516489410 -0.278213354 0.530628690 0.209144429 -0.861170864
24.787746620 19.046856803 38.969312282 -0.657055304 -0.397896021 -0.202201727 0.607512589 -0.131123310 0.362518769 -0.448685444 0.157740170 0.625801842 -1.530098053 -2.209374413 1.146976186 -0.209185430 -0.154140281 -0.538683802 0.132939085 0.867619681 0.618697586 -1.238462140 0.924708037 -0.264601813 0.743528669 0.186320293 0.019904209
21.257427187 8.861942351 44.326961029 0.876647435 -0.160242417 -0.426965271 -0.153337209 -1.563361233 1.686242013 0.948051508 -1.029525089 -0.812753146 -0.708380980 -1.200264176 -0.347518827 -3.025176005 1.568366258 0.206337453 0.233904828 -1.541565999 -0.171636321 0.639159863 -0.990065288 0.923231583 -0.355341054 1.620715919 0.332351707
23.565715975 7.867402223 45.675768411 0.795757362 -0.332160961 0.431638208 0.264816491 -0.644465679 0.044846509 -0.128699099 -0.258608885 -0.263146952 0.289543220 -0.059837645 -0.758764184 -1.865021511 1.685308644 -0.792715261 0.296375403 -0.738088854 1.464365116 -0.460859087 -0.451910274 0.409899987 -0.078138586 -0.699418728 -0.727786931
22.609598452 13.696191475 33.389753631 -0.705831087 -0.124120241 -0.685979274 0.125813660 0.509652343 -1.128570529 -1.376907621 0.644074309 -0.803893415 -0.331057435 -1.245232990 -0.424179443 0.281498291 1.520221592 0.115215844 0.336503944 0.215991026 -0.897109580 -1.005894848 0.935451558 -0.308796347 -0.215795720 1.023422822 -1.168978256
23.444530153 13.417422124 37.196383121 0.759758083 0.382006460 0.503486536 0.152774433 -2.434181245 -0.622237683 1.019830429 -0.371520598 -0.597840131 -1.132134825 0.714625158 0.952989869 0.349064326 -0.434077623 0.096852413 0.186576362 -0.024493599 0.540160836 -0.277217508 0.875008459 -0.338620013 -0.698597333 2.220372611 -0.056720772
34.393895635 13.295615183 38.807228029 -0.611749269 0.420516830 0.591278985 0.315146934 0.365672180 -0.479577645 0.405623836 0.056162902 0.483882239 -0.459315600 1.607575459 1.356344546 1.745481692 2.360196455 -0.253095907 -0.502063663 2.293021990 -1.346109036 -0.974976441 1.500631319 -0.127308626 -1.674145415 -1.158431425 -0.680559520
17.329427278 4.692184404 38.613278084 -0.507875848 -0.427271610 -0.365290606 0.652735679 -0.704948021 -0.885418574 -0.118075359 -0.451633852 0.057290930 0.116283086 0.701452015 -0.800484136 -0.905756929 -1.637348002 1.327946901 0.428742087 0.424592443 -0.834213318 0.327182627 -1.744096469 0.503796106 -0.777773253 -1.116303314 0.049658825
23.459426524 13.287651118 43.799603111 -0.249936648 0.062699853 0.534344170 -0.805032117 -0.875975364 -1.030866721 0.148424897 0.144582890 0.395129569 -0.005399510 -0.534278965 1.235050841 -0.595668782 0.393885903 1.569982924 -1.567272087 0.462386680 0.315134419 0.377595130 0.096344736 0.854002249 -0.706525858 -1.546819918 0.816827549
22.382314580 17.786579395 42.792583000 -0.392638893 -0.012972214 0.204434710 -0.896589577 -1.485195322 1.264512393 -0.938603917 1.365606278 0.188704106 -0.491360189 -2.047194428 -1.098266840 -1.683197875 0.324477537 0.335102250 1.438908628 -0.292590817 -0.628900140 0.394901309 -1.184146383 0.107412391 0.456706365 0.910105094 -0.432781314
26.005992914 2.027419719 39.688737855 0.421380922 0.709791882 0.531495220 0.190122156 -0.931038767 -0.742784656 -0.654326245 1.432256590 -0.205742089 -0.703599141 0.889380058 0.542870492 -0.415333246 -0.159708173 1.402512971 -0.886403874 1.507020307 -1.404074908 -1.067359115 -0.042026448 -0.933742311 0.519440207 -1.615407789 0.626291484
22.617261756 11.088503889 43.120983527 0.473068972 0.814734596 0.311585205 0.123806080 1.317776603 -1.111535991 -1.203844451 -0.798046520 0.122049658 -0.129004199 -0.360332569 0.029245722 -0.545293395 -0.048557854 -0.556095065 -0.334946003 -1.002611876 -0.114631558 0.051476532 0.357280544 -0.927446890 0.888453917 -0.486800879 -0.327628149
18.254956521 9.236283078 39.678007221 -0.454672184 -0.213427525 0.568884239 -0.651223940 1.369542560 -0.919388178 -0.260930459 1.484198862 0.524257555 0.388995284 -0.221995362 -1.488083736 -0.065591586 0.771252891 0.687383665 1.270623202 -0.750289885 -1.381741317 -0.378181383 0.097644101 -0.142527517 -0.881499182 -0.271777196 2.076646640
27.127980584 15.263718632 34.215108691 0.663782830 -0.193956660 0.669537845 0.271094526 -1.188559340 1.127984892 -0.280583923 0.449085732 0.701463549 -0.185052810 -0.401043700 -0.373348887 -0.304776801 -0.202623828 -0.208046347 -0.283964966 -1.303735816 -1.443432119 -1.055756342 -1.494414407 -2.610930169 1.077840907 1.927148834 1.039941535
16.660883461 11.882813444 39.104332202 0.634732834 -0.049245083 0.074065792 -0.767595864 -1.316977479 0.632279909 -0.656400417 2.048133846 -0.523385977 -0.686477004 -1.571718903 -0.318413521 -0.290768084 -0.337458232 -0.600156893 0.600114782 0.375819017 -0.198201263 0.252228766 0.615411663 0.623532639 -0.837981595 -1.234807346 0.862717669
25.356759395 12.406312619 29.686928969 -0.805571969 0.442530330 0.266249088 0.290399954 1.446758674 0.251937139 -0.803418198 1.729336977 -0.875809171 0.708290290 0.438384746 -0.081850124 -0.041016861 1.136273355 -0.659878754 2.199124568 -0.078787724 -1.708328391 -0.243718618 0.281110017 -1.318717607 1.695403183 0.653133083 0.430037579
19.028509613 11.143406401 30.903824210 0.870935342 0.133970484 0.366952962 -0.298109147 0.471296738 -0.499206329 0.726807000 0.864618235 -0.953219960 -1.283256683 -1.222509422 0.710364906 -0.095743257 2.000921829 0.200000587 0.317550378 0.383438117 0.584037442 0.940745655 0.349480463 -1.325714457 -0.869576928 0.022407265 0.572357412
19.506616602 9.216542283 46.224248820 0.780534496 0.344195549 -0.008630903 -0.521747862 1.106505754 1.633782494 -0.571324463 0.721102372 -1.036092333 0.724118580 -0.961058287 0.323605059 0.980681490 -1.794102838 -0.466440559 -1.115702783 0.929727728 0.159223402 -0.575443049 1.945346537 0.751804163 0.793897078 -0.680412536 -0.389102252
19.927900738 18.256165780 42.457877121 -0.214598030 0.640984310 0.596657695 -0.432534848 -0.163232062 0.382810400 -0.131915589 -1.069278506 0.189175389 1.045350759 -0.451014120 1.297195272 0.886760682 0.404703946 0.433269754 0.883937935 -1.559955333 -0.056670225 -1.156094861 0.697240518 -1.293747045 -0.131227662 -0.301182016 0.356680101
28.498531275 7.713321077 37.568740465 -0.123417711 -0.192800201 0.607902367 0.760296563 0.178115137 0.161364569 0.125485131 -1.420018982 -0.707210829 1.205758299 -0.649174463 0.994221842 1.113094602 -0.483303371 -2.244315191 -0.304894435 -1.465571043 -0.914075679 0.252127768 -0.807309551 0.049745360 -0.346570478 0.517714038 -0.883554144
23.830883439 9.553897336 40.754568405 0.223455143 0.548027161 0.715259028 0.371669952 -0.485008196 -0.741148213 0.743467775 -0.666746238 0.956313841 -1.230310503 -0.129996028 -0.159132401 1.522505140 0.132449442 0.652874478 -1.634161292 -1.244085875 -0.077866168 0.408276750 -1.329120984 0.283630175 -0.822621367 0.499052900 -1.269903914
25.465179933 10.214035790 28.524333987 0.498347407 -0.132439283 0.659170127 -0.547361344 -1.425569567 0.252879202 -1.064873232 -1.184241805 -0.717661260 1.476130693 -0.317781335 1.311288062 0.519340122 -0.869466331 0.094115246 -1.072422998 1.554430068 -1.091071415 0.824334290 1.291625705 -0.440385734 -0.113226017 -1.010152859 1.196282377
28.815559277 14.099924609 42.286665388 -0.634583370 -0.125638842 -0.590028916 0.483099064 -1.175767428 -0.886145997 0.418830610 -0.763570596 -0.071913911 0.149310053 0.670064442 -1.794332936 0.709355975 -0.060076596 3.042749543 0.245418921 0.505391381 0.979852503 0.063324722 0.180145860 0.029166877 -0.233647525 1.201447408 1.459129432
20.873037115 15.218315497 31.066586651 0.268186068 -0.395008542 -0.697483218 0.534379683 0.681666365 1.425583385 -0.669538692 -1.227547917 -1.286894003 0.075861803 -0.070864694 0.779822264 2.097574111 0.350116074 -0.100906166 1.933099298 0.385014273 -0.845349209 -0.442536397 -1.869060121 -1.456679543 -2.657053309 0.492144093 -0.041892621
27.842337870 12.214026570 45.198859842 -0.300294058 -0.723523633 -0.415731694 0.462065135 -1.668297846 0.199737475 0.978910322 -1.356606651 -0.134919859 0.851677840 1.474092197 0.052956287 -1.315213509 -0.525421055 0.984487717 0.044550645 0.424438521 0.241049732 -0.484377474 0.014278168 1.554808906 -0.104475203 -0.746988672 -0.078023370
17.073469138 10.349563060 34.415481095 0.177231589 0.880268937 0.390424724 -0.203184883 -1.145156338 0.506735349 -0.614045321 -0.249203495 0.136371564 -0.513000653 -0.440227538 -0.962636112 0.617101834 -0.382019387 -0.484107034 -1.216652306 -0.955846332 -0.661109093 0.169309396 -1.492515140 0.315600537 1.547904773 1.064046417 -0.075711732
20.847295081 16.479712623 34.140123400 0.370420793 0.754235092 0.206651329 -0.501211622 -0.671256510 -0.598021276 1.607392461 -2.262129396 0.535404497 0.256630087 -1.283078688 0.169401787 0.049712810 -1.725939158 0.293034982 -1.669263108 1.988761524 0.404089211 0.255865530 1.523014624 0.530344662 1.072097440 -1.938578667 0.650279067
17.262590270 7.495608440 42.703677925 0.213335553 -0.837240281 -0.317550086 0.390741086 -1.235135967 -1.673287498 0.086008668 -1.176062074 -0.930540355 1.742468905 0.726670814 -0.747377083 0.279020335 -0.461294513 -0.755550769 -0.871204440 0.965759924 0.002157582 -0.214502596 -1.205576073 -0.477393101 0.009310468 -1.172720434 -1.429631281
28.898529800 3.174122363 40.805643365 0.897424462 0.363721123 -0.189825816 -0.162180270 1.379902370 -1.013583927 -1.188349510 0.345223906 -2.752781208 2.431002678 0.165716468 1.313244760 -0.340731284 -0.308167597 0.341470196 0.089192384 -1.525092121 -0.082440142 -1.048851484 -1.823375701 -1.006692476 0.965963858 -0.240204829 -1.224371004
28.665030642 9.658200365 39.533873195 0.742290528 0.445235745 -0.060547628 0.497095452 -0.215411173 -1.792880635 -0.616608889 -0.274184197 0.190078641 -0.381993525 0.719269712 1.505637026 0.531903672 0.526724660 0.836996143 -0.159868432 -0.392606581 -0.895454851 -0.071045447 1.010766414 0.309594222 -0.003304022 -0.408977875 2.069677731
28.897232082 10.080480844 35.837085467 0.060349353 0.877083860 -0.462588189 -0.114429131 -1.741409691 0.066430282 -2.344232469 -0.516458903 0.939531399 0.130111345 0.255711294 -0.196530922 -0.906236215 -0.234041722 -0.207178194 0.635317692 -0.121506474 -0.193364619 -0.739380055 1.153792155 -1.036234180 0.262494625 0.923968007 1.545980177
19.055540663 3.036366245 38.861116926 0.525921304 0.439447408 0.389105604 -0.615540077 -0.775375560 -0.041586002 0.713522570 -0.789450879 -1.942310585 1.329816718 1.366757677 0.302835954 -1.250762816 -0.223997617 0.318264334 0.049367739 -2.952339837 -1.185318197 -1.366974751 -0.984753376 -0.548204406 -0.027723522 1.847961035 -1.363230460
28.473665851 15.139478203 39.691641018 -0.309362598 0.116690446 -0.935100139 0.127537656 0.252114968 -0.131283756 0.042750475 -0.949053230 0.175703428 1.416600833 0.415884507 0.329169699 -0.650024507 0.915640967 -0.389363930 1.181709663 -0.925890070 -0.759638945 -0.980053112 -0.056199152 0.657893631 1.401535235 -1.320900105 -1.377623063
31.015855681 10.896566723 42.334756891 -0.098300331 0.277211043 0.416471893 -0.860257080 0.543889859 0.272896486 -0.715551819 0.072658613 0.023079298 -0.466059286 -1.382030229 -1.540817444 -0.995182696 -0.142374186 0.345989460 -0.310011115 1.088836676 -0.996573209 -0.288189411 2.506687458 -0.198559083 1.870372788 0.852470677 2.097999905
29.855698280 7.112832444 45.109968008 0.530905950 -0.368157622 -0.377373008 0.663466992 0.620020444 -1.623088698 -0.824158396 1.061982492 0.836604402 -1.270059468 -0.163654622 2.357767980 0.747919374 -0.733289341 0.048940869 -1.480712748 0.721513324 -1.051976374 2.521826118 -0.291630294 -1.230840930 0.625260484 -0.089856022 -1.160233445
27.648831548 10.575239421 39.965206545 0.481389625 0.533041158 0.613162456 0.328881369 1.269817675 -1.368044551 -0.104624952 0.948521694 -0.181705833 -0.213941085 0.486301349 -0.000255102 -2.240205484 -2.200968384 1.551738858 1.060895550 2.005717400 -0.003072887 1.240205062 -0.555699580 0.942187554 -1.711500014 -1.608853189 0.990068908
17.560243540 11.271857581 40.751629203 -0.851442920 0.319886224 0.281720159 0.305534794 1.298578779 -1.228790304 -0.523633473 0.449395644 0.659683980 -0.439900670 -2.373687514 -0.265568986 -1.749800020 0.704706457 0.991387145 2.791591303 -0.490101683 0.967851465 0.387586325 1.186265118 0.555692966 0.162093091 0.659818259 -0.224710828
20.378114153 6.650700037 44.992616067 -0.064857419 -0.961584053 0.229800804 -0.135429742 1.080675483 1.016818362 0.944543815 0.318973693 -1.511768748 0.772315983 0.392846410 -0.239204267 -1.075124359 0.519931371 -1.178812433 0.251747546 -0.186645318 0.338584487 0.501031741 -0.997200122 0.342791148 0.891359949 -0.038566886 0.708173930
31.878849375 12.821450418 43.790433111 -0.359672283 -0.787944976 0.365662340 0.340689913 -0.066692359 0.560694062 0.680062485 -0.209739622 -1.869408206 -0.052901894 0.194590540 -0.580367751 -2.268423126 0.730679622 -0.230968029 -0.461984133 0.331909669 0.583600559 0.483885667 -0.302662618 1.629774036 2.088990335 0.860346084 1.209918547
18.855684318 14.011833473 33.109167652 0.676464128 0.218184104 0.477041657 -0.516936396 0.309136899 -1.370363913 0.027463251 -0.555262523 -1.348443363 -0.227252514 -0.521880235 0.537680446 -1.168313334 -0.393233676 0.696109348 -0.809247263 1.973323141 -0.646878792 -1.028291654 -0.121099207 0.359274367 0.167353329 0.120954336 -0.100197519
25.330617854 12.406871771 31.217777137 -0.052573996 -0.004291621 -0.723044123 0.688784983 0.908461046 0.927972322 -1.160247820 -0.770965839 2.069844410 -0.294287192 -1.716542335 0.208304394 0.103391737 1.862691472 1.936730696 0.595019453 -1.574966320 -2.280625681 0.976245168 0.585783232 1.343830357 0.876009232 0.125461231 2.009085452
25.519234163 12.310578516 41.126435693 -0.261607069 0.192923334 -0.857693450 0.398377051 0.065332416 0.372939605 -0.608560170 -0.093651011 -0.449421020 -0.395116241 -0.994061846 0.486847610 -0.332447849 -1.482889373 0.231543244 -1.624929451 0.582396183 -0.906530622 -0.873308915 -0.995718584 -1.619603163 0.265381324 -0.431994184 -0.566121531
24.098151068 12.931335741 47.867653061 0.532143688 0.433077361 -0.648164124 -0.330379120 -1.342639947 0.477005444 1.785855480 1.950136557 -0.011922154 0.004038514 -0.595422154 -0.539592341 0.027174934 -0.427797377 -1.665104536 -1.555287664 1.893049650 0.938472144 1.074244603 -1.638778447 -0.721249055 -0.642915336 -0.806343981 -0.157812141
21.008860625 9.484901807 35.297973478 -0.300682955 0.845942652 0.411800568 -0.156176442 -0.849917983 0.039042095 -0.294512087 -1.720156788 0.330181208 -0.988771661 -2.343488079 0.503685974 0.316665400 1.674234099 1.908236066 1.378839382 -0.360795053 -0.246057735 0.281367509 0.313365792 -1.559771533 0.630319238 1.596915845 -0.156601184
16.426798948 8.859559078 39.228739356 0.381835853 0.859492576 -0.339060332 -0.022627059 0.269687597 -0.348822977 1.019695969 -0.529380637 -0.298234185 1.896703113 -0.425086095 -0.537372320 -1.077084464 0.846500373 2.796351458 -0.303359542 -0.456406765 -0.666243799 0.396639490 0.093298970 1.592352416 -0.101596487 -0.396322123 0.204487722
21.535260198 7.122205802 34.487763261 -0.128489819 -0.510327491 -0.640991325 0.558736377 0.159752174 -1.437872418 0.508484652 -0.655917685 0.585302135 -1.207470680 -1.527831456 -2.255732395 0.376865222 0.633415511 -0.256733123 1.318129829 -1.140991262 0.558584463 0.921948160 -0.616189356 -0.445400370 -0.516685381 0.846072488 0.767135396
34.469176759 9.693774553 40.242119692 -0.756845769 0.136027423 -0.608233047 0.196808493 -0.525913777 0.998318205 -0.319414040 2.243744383 -0.696424277 2.659594142 0.272516502 -0.913105258 2.501653807 -0.650049324 -0.193900300 -0.335888131 -0.428161619 -0.476520096 -0.776107129 0.325753082 -0.227091019 -0.153831974 0.282044315 -1.713973599
22.655846086 5.239015459 38.750676716 -0.145132574 0.054404793 -0.367720243 -0.916928829 -0.568754218 0.373464581 -1.191167646 -0.976454373 -1.035288539 0.749235026 0.414580996 0.509117123 0.230390683 -0.656726762 0.158835057 -0.094317952 0.008505351 -0.184168907 0.835324303 0.850709801 0.163979265 -0.501044700 1.595125460 -0.058100831
19.908134306 6.286819539 42.841819842 0.024550902 0.909421569 0.064410698 0.410123060 -1.816490211 1.962808373 -1.004545948 0.623299157 0.531851656 -2.568806708 1.377690410 1.446503151 0.521443015 -0.681080206 0.711307877 0.804012021 0.083087961 0.790438570 -0.101752106 0.945923552 0.332857009 -2.623440807 1.994524332 -1.212065085
23.537513260 12.228380928 33.122061028 -0.475407683 -0.208176346 0.787307821 -0.332861140 0.108275038 1.902375052 -1.802283369 -1.331221036 0.838159170 -0.173127027 -0.084070748 0.527178646 1.868914446 -0.827162789 0.827381827 0.486213053 -0.362016963 0.784419224 0.322963578 -0.028325947 1.865016698 0.773721004 1.448002282 -0.131049550
24.246417465 5.677126642 41.112395134 0.534469727 0.521746654 -0.539744659 0.388327495 0.157776465 1.351861092 -0.625039322 0.031061334 0.185434745 1.317901857 -0.034153564 -0.087584786 -2.044355221 -0.410615112 0.037010418 0.180698948 -1.426449724 -0.981453512 0.192353994 0.672618421 -0.464945582 -1.204635357 1.489102974 -0.525126489
27.414320868 4.187764945 34.468822807 0.253648303 0.209608608 -0.752742438 -0.570180316 1.467807555 0.526360491 0.484301246 1.131696638 -1.324043607 -1.682603356 -0.619119061 -0.341585300 0.990606400 -1.619142678 1.141024332 0.450591946 -0.333062988 -2.403516357 0.624980981 -1.251029621 0.817938287 0.333420266 1.458283472 -1.455759449
21.339907743 9.882176969 38.636859388 -0.451925057 -0.490653462 -0.037638434 -0.744047224 -0.170652241 0.423912308 0.537673559 -0.767920984 0.590396191 -1.509987036 0.941557788 0.560628238 0.516036596 -1.748501932 0.967113449 1.528409124 -0.298248126 -0.814074438 0.042874019 -2.112527081 -0.125398179 -0.006727597 0.258135228 -0.140465680
19.086242395 12.099746634 46.347252445 0.335186277 0.917932860 0.001512814 0.212243105 0.725250035 -1.103012866 -0.506428642 -0.151447877 2.911998356 2.431461267 0.812321305 0.488302775 1.005002518 0.098563637 0.010147584 0.037161712 -2.671009447 -1.057965221 0.657812941 0.706442091 -0.663940759 1.318277187 -1.179313454 -0.731916788
34.925295424 9.996406383 38.806468565 -0.936253569 -0.158928408 0.270572208 0.157992706 0.431808790 -0.434669196 -0.795669265 0.191268711 0.061798339 1.280836627 -0.324195746 -0.163513012 -0.319095563 -1.348551809 -0.034048043 0.192776837 0.261024786 0.947819976 -1.764964843 -0.061330998 0.779024280 -1.101345631 0.534109525 -0.126634453
33.037999423 12.293457223 36.543227339 0.651935315 0.118094843 -0.326952372 0.673896208 1.266993488 2.194223634 0.937526097 0.747555004 -0.120103967 1.030065076 2.221798460 0.126165619 -0.798467876 0.350908999 0.690072898 -0.562569426 0.024262121 -0.742998339 -0.010911644 0.509622041 -1.623689915 -0.595585713 1.028804479 0.212153528
25.381190478 16.033575670 44.069194325 -0.763965612 0.060080659 -0.621535811 -0.162604103 0.826305430 -0.156394631 0.380907276 -1.522559980 1.771859377 2.615929155 -0.973749464 -0.886032194 -1.648226302 0.120789599 -0.713247011 -0.417410695 1.616332166 -0.779946243 -1.817054353 1.070667655 0.618123281 1.226535044 2.111015806 -1.046640948
22.945567047 18.580584832 39.510477434 -0.647583675 -0.106926829 0.605574941 0.449978919 1.120980535 0.694387556 0.706797573 -0.673820677 -1.613780089 -0.632538635 0.001274406 -0.317859106 0.636137787 -0.113668642 -0.752693387 -0.316790654 1.319115275 1.940449976 1.022849132 -1.054069457 0.219396832 0.526989805 0.204667685 -0.193612879
24.042570432 20.770370505 39.932087919 -0.303323709 0.172902447 -0.657485480 0.667691781 0.100892864 0.789224856 -1.638747446 0.443968647 0.580303780 -0.141830846 0.204427255 -0.407913267 -0.036575124 -0.528713638 0.979255159 -1.127275404 0.665023168 -1.129292073 -0.688643847 0.657042783 -1.458477166 0.696578992 -0.076787301 0.003504010
25.784954595 3.525166287 40.986326650 0.325594301 0.071177653 0.911396910 -0.241407884 -0.096450171 -0.711146273 0.114871870 1.891930204 0.023573618 0.323534622 -1.529295467 -0.347410655 2.131127572 1.639172578 1.533993298 0.586671822 -0.005169541 1.202176024 0.041460844 -0.830384368 -0.373977707 0.285996820 -0.941981924 -0.558576086
31.798514145 12.762568263 43.943645565 0.400093390 -0.210043704 0.213511583 0.866152253 -0.334222022 -0.587927914 0.707086426 1.993915960 -1.434318462 0.432730490 -0.953841419 0.133780946 -1.366432987 1.738010060 -0.744957938 1.120879618 0.031872005 0.378906030 0.096796143 -0.699108740 -0.722304237 -1.216925106 0.618469720 -2.139593986
27.875858353 16.210682953 44.652739989 -0.178393030 0.266553854 0.638623640 -0.699488967 0.576324199 -0.656623229 0.659009720 3.173490935 -1.184655260 -0.634935205 1.949325391 -0.626300727 1.281425942 -1.376352005 2.121242568 -2.066215671 -0.661748787 -1.631444477 1.125722467 0.117255511 -0.164142444 2.650528059 -0.221760563 -0.842738507
22.065981079 11.597934005 43.162572002 0.429932796 0.740061625 -0.170781442 -0.488160098 0.631248050 -0.191115403 0.940832529 1.370178862 -0.440797711 0.890935091 0.056608324 0.353188846 -0.175968109 -0.346431937 1.512227705 0.346003103 1.237180115 -0.048143360 -0.783680150 0.354776180 0.085930636 -0.804119682 -1.024691693 0.459395240
24.680610205 14.912935522 41.611524688 -0.600256153 0.527524690 0.380316830 0.465584967 0.030748198 -0.252931703 -0.630704148 0.947024297 -0.449579214 0.993587478 0.133289792 -0.716371311 1.140870657 -1.017848544 -1.476687573 -0.907559840 -1.045448354 1.257945262 0.072800176 -0.797806561 -0.046924584 1.040254518 0.714877718 2.144377597
19.431658626 14.047738441 39.213833547 0.243826743 0.802676879 -0.380849829 0.388859557 1.191031384 -1.118559862 1.203450551 -0.472740137 0.636611303 2.704406976 -0.995922414 0.926379643 0.824728343 -0.801712777 -1.424448455 -0.975932583 -1.148564283 -0.599499914 -0.128222813 -1.213488636 -1.146381055 -0.160187530 0.353098304 -1.553729602
25.303977149 10.353732015 47.508844325 -0.366227554 0.319231095 -0.564844759 -0.667022702 -0.300618505 -1.410941615 -1.730415953 -0.229791758 1.226442336 1.441030954 0.270413873 -0.287754862 1.847337029 -0.748878512 -0.250026499 0.964643577 0.025678370 -0.960304755 -1.079434241 -0.389723145 -0.326567084 -0.391806308 1.084814787 -2.354725617
27.987488801 11.816430429 39.503525000 -0.546407407 0.769737625 -0.327221660 -0.043230996 1.322446543 1.293046347 -0.534251168 1.280881334 1.849691711 -1.368479975 2.404561714 -1.221928181 -0.128695719 -1.439802938 1.536707510 -0.252919868 0.739693818 0.803667953 -1.653142558 -1.674446536 -0.019916357 -0.313028671 -1.141508785 -1.287905858
26.562058606 13.188362990 47.957654560 -0.099219549 -0.560966124 -0.730083452 -0.377426340 -0.304257279 0.727284776 -1.117473802 -0.282973780 -0.339128676 2.688077812 -1.776839744 0.543406600 0.805502020 0.549633380 -0.946100544 -0.441527198 -0.022608505 -0.112225381 0.489304286 0.294403338 -0.802785461 0.006214937 0.128197764 -0.739950443
26.020909817 14.367364844 30.122899559 0.104483994 0.560714439 0.804465367 0.165885158 0.196549631 1.271758653 -0.952076909 0.730523875 -0.681547596 -1.400583752 0.062161350 0.280484347 0.076139241 0.297268311 -0.205262083 -0.892229361 1.332197420 -2.177097932 0.259928807 0.417279905 0.083322912 0.002014440 0.884138824 -0.835191558
23.256682610 11.868718714 38.197250336 0.411075645 0.632962247 -0.258359026 -0.603014280 -1.487068296 -0.779909108 1.704919803 -0.212397136 2.172598815 -0.276135134 0.781467547 -0.233564702 -1.483100459 -0.669623999 0.652942394 -1.640906445 -0.030393807 1.388980139 -1.010364903 -0.163996523 0.121646888 -1.542869562 0.744087350 -1.476945673
22.126396837 14.677925295 42.499102926 -0.047232844 -0.008654926 0.025364695 0.998524303 -0.250786968 -0.400926426 -0.547772727 -1.159648257 -0.678889960 0.381186087 -0.697217699 -0.518651182 -0.014247498 -1.065958653 0.484877910 -0.242033054 -0.936600252 1.528689748 -2.634700604 0.267998495 2.187477984 -2.274546180 0.601501922 -0.753915442
20.994166598 3.940611938 41.790730031 -0.494796223 -0.477605143 -0.717720553 0.109303396 0.149399842 -0.367121277 -1.167438627 -1.040168172 0.259636766 1.170214830 0.189718803 0.927995584 0.398787696 1.749893255 0.154799188 -1.617479590 -2.178602382 0.026151154 0.143316251 1.486791559 0.063519935 -1.168758619 -0.596936982 0.498904689
28.042359363 20.373253183 38.843222138 0.381202062 -0.585395431 0.378774402 -0.607064353 0.305784366 -1.262234217 -0.639777814 0.793690028 -1.411501426 -0.348065605 1.087758704 -1.064951945 -1.505213142 -2.225724001 0.304810453 -0.091101287 -0.166667657 -0.333823130 1.852164790 -0.633613956 0.439972498 -0.801836122 -0.361238982 -0.863895400
21.001251847 6.951489863 44.914946758 -0.268546040 0.270362681 0.587520466 0.713867457 -0.279005748 1.452357850 -0.507337879 -1.191117258 -1.774760706 0.457376549 2.450890839 -0.853604316 -0.719034903 0.965870038 0.331490191 1.334631632 -0.322196897 0.844820426 -0.172411247 -1.965527840 0.540510459 2.102915805 1.626659953 2.144746230
34.405889470 12.938900176 37.268998305 -0.291135115 0.165842611 0.930074124 0.150660869 -1.671852912 1.140652607 2.583739860 0.675530924 -2.157686241 -0.975937622 -0.511717125 -0.291897357 -0.635750771 -1.159845232 -0.071701374 -0.789765555 -0.475431306 0.525684857 0.771985232 1.067050174 -0.732052209 -0.746871325 0.451161820 0.699322191
22.580394301 20.719506400 38.157380269 0.752308436 0.636157920 0.121825423 0.120389721 0.448082210 0.100519755 -0.652702250 0.067972830 -0.655347222 -0.064248636 0.961520322 -1.350750144 0.224292304 0.796845791 -0.176467059 -0.273077136 -0.180211328 0.502771321 -1.847529934 2.716825724 -0.941758239 0.907023148 -1.212508285 -0.834592065
26.996819086 10.861732352 33.164486490 0.203939529 0.427913818 -0.812157763 0.340144382 0.910992890 -0.983554710 -0.203088793 -0.661119475 -0.826834314 0.775626682 0.674009900 1.340627538 0.159621407 -0.494362841 -1.223697326 -0.780192946 -0.199125968 0.088440624 -0.770948327 -0.251586133 -0.377208917 0.522360581 2.393302463 0.437078248
20.827131833 11.272205094 37.721029553 0.051291182 0.655124185 0.489791903 0.572961961 0.529691395 -0.965931032 -0.307693776 0.490171219 1.228273633 -1.412632314 -0.448835594 0.990658780 0.742642846 -1.639582316 1.902484944 -0.008991843 1.508687653 0.089769187 0.217084703 -0.300273860 1.271099322 -1.371030011 -0.725254125 1.199356145
28.754319741 6.367983569 34.920442964 -0.140856950 -0.722673477 -0.435232785 -0.518145527 1.075894666 -0.223891790 -1.571356978 0.769787029 -1.124244650 1.031726883 0.546297026 -2.293726797 -1.059036172 1.059126362 1.377466274 0.298646349 -1.383107351 1.090955104 0.434562775 0.206202893 0.229037254 0.007622371 0.260145839 2.028344556
27.049104737 9.087798414 46.328070829 0.160389214 0.556758180 -0.629412455 0.517818106 -0.533249445 0.751178394 0.410631704 -0.795625007 -0.405088266 2.034730187 0.411359307 1.024239155 -1.694858231 0.374095159 -0.895352808 -0.462185105 -1.513964175 -0.348439400 0.532806007 1.850545170 -0.098510001 -1.023120740 1.075787802 -0.157208141
20.449275916 9.362686007 38.033622978 0.911497308 0.326342478 0.193237784 -0.159161564 -0.128811754 0.031339253 -1.197305654 -1.274131624 0.502993327 -2.651993261 1.012417834 0.194528606 -1.330016001 -0.715877890 -1.096293401 0.436919988 0.452796482 1.205911227 -0.628094553 -0.660609466 -0.732362537 0.215157298 -0.158048985 0.777035018
28.490557956 13.203490961 44.959783067 -0.416946976 -0.372194567 -0.464968404 -0.686608190 -0.930309548 0.676597487 -1.101077163 -0.623756722 -1.496970032 0.764994383 -0.045105050 0.082170671 0.644930283 1.574737637 0.489503494 1.445615872 0.878542810 0.363547244 -0.008717520 0.424710811 0.218815052 -1.072047589 1.461561201 1.365357215
29.464469740 11.258829781 32.694045401 0.332458309 -0.449072928 0.685127944 -0.467337863 0.195175966 1.007164436 0.146871411 0.595918000 -0.432496965 0.171773398 1.932189018 1.075351441 1.163123041 0.153292655 -0.733176880 0.406140247 0.699031996 -0.893294798 1.679634716 -0.375800848 0.775428856 0.050757691 -0.330875380 0.610105574
26.916106154 9.077811343 33.719956552 0.293280365 -0.174445001 -0.022065746 -0.939717336 0.334894944 -1.472746939 0.204523502 0.544340209 0.266587089 0.883957804 1.143595803 1.167600134 -1.187707158 -1.123934815 -0.015924352 0.407713049 -1.528911836 -0.807522891 0.084883737 -1.264645089 -0.683501007 1.496864705 -0.743438784 0.974996507
17.714030190 14.200158611 37.296535193 0.679740253 0.697357266 0.225166140 0.030761031 -0.548037315 -0.417200814 -0.657951517 -0.031944708 1.319022586 0.660053288 -0.207034117 0.612840915 0.755404416 0.178225300 -0.204747177 -0.904288387 -0.764162602 0.367132766 -0.472721871 -0.060354675 0.970377553 1.638442588 1.216565913 -0.605960911
34.557184033 9.808726778 39.061011205 0.317404649 -0.913103332 0.186277132 0.175491947 -0.119873949 1.971918922 -1.106451894 -0.829960056 -0.081883690 0.424852095 1.303106870 -1.575514013 1.365082371 0.476370483 0.611545439 0.410240487 0.937825667 0.388016290 0.673680198 0.428707818 -2.233633098 0.627774962 -1.086272155 1.303313113
23.811860716 10.735664887 42.917819835 -0.096904720 0.931498762 0.139232871 -0.321766590 -0.185239458 2.328957799 -0.575169900 0.504620183 -0.784368313 0.631531296 -0.168940580 0.980478260 1.644217913 -0.372454985 -0.318503524 0.561197218 -0.283429956 0.579858194 0.128571345 -0.042563669 0.874253738 -0.365338437 -0.221564994 1.477314593
25.757468969 14.018011015 38.533947406 0.133693577 -0.902751714 -0.065432782 0.403588803 -0.616077762 -0.563898322 0.218128163 0.796550948 -2.157651880 -0.524615627 -2.090913936 -0.622550147 0.881958891 -0.097541209 -0.607660428 -0.002226318 0.452402539 -1.048958641 -0.583490730 -0.488330424 -0.076244696 -1.917238643 -2.583301513 -1.841027395
18.492029459 13.710199854 42.812868341 -0.140400057 0.290897990 0.893083374 0.313158539 1.263714824 0.550538576 0.376490684 -0.279976162 0.328518128 1.147278275 -2.079233974 -0.974459555 0.395841590 1.154829010 -0.004560038 -0.613436610 -0.800531800 -0.817107821 1.464291471 -1.849760046 -1.245349169 0.607664473 0.706438918 2.381017770
19.133180228 13.410411327 42.273591561 0.576614247 -0.308149303 -0.367835128 0.661254365 -2.011664455 -1.125923559 0.819721704 -0.296570616 1.389654399 -0.659484057 -0.898719083 0.480752971 0.092170429 0.476529608 1.385254460 -0.312890761 -0.204604941 0.517857444 -0.498480672 1.549210836 2.350927599 -0.157083404 2.726842428 -0.116611708
27.901736953 2.712320771 39.242513599 0.787185090 -0.079786639 0.156720377 -0.591111199 -0.296774309 -0.952244721 -0.710499572 -0.501303202 0.157232266 -0.059691260 -2.175006287 -0.501966312 -0.564623666 -0.770307100 0.874182249 -0.999136394 -0.808407712 0.580999663 0.858909577 -0.194474979 -0.429110462 -0.334295122 0.199497287 -1.895061814
33.129817014 11.897877283 38.069202666 0.792643253 -0.118680332 0.519721844 -0.295839244 -1.823771008 0.043507888 -0.723603361 -0.931365924 -0.072815002 -1.651877639 0.266664643 0.402770363 1.217750979 0.955348190 0.821307433 -0.281040569 0.689636558 1.006791198 1.059652335 0.645772538 -0.839622904 0.357126803 0.101212432 2.036822632
23.677159024 15.686058933 42.915432606 0.237282774 -0.057027078 -0.901687570 -0.356937422 -0.222468390 -1.221506355 -1.441589093 0.607617502 -1.260645472 -0.209549530 -0.213204891 -1.225410634 -1.106981258 0.943313306 -0.843997210 -0.980413524 1.083499425 -0.596420431 0.551885074 -0.811385241 -1.619865452 0.463064154 1.031103268 -0.073830644
23.749367988 5.439651230 32.800660313 -0.788152966 0.528651081 0.004120653 0.315160209 -0.272585672 0.469496032 0.030299339 -0.240572167 0.691775787 2.150234793 0.427167637 -0.523789471 0.495872447 -0.664352968 -0.248892531 -0.945933347 -2.586993251 0.145247452 2.357974904 1.527520379 -0.317137591 0.413119880 0.080715801 -1.116518647
30.931946255 7.771091458 40.006801542 -0.800006713 0.433360884 -0.398990963 -0.113990418 -2.027645896 -2.287166054 -1.161118398 -0.609021367 1.242644484 0.156764818 1.943869129 -0.325154001 0.745829628 1.000565457 -0.473530923 0.375998494 0.502442230 0.154562148 1.367063446 1.570000462 -1.226205905 0.397011743 0.004839403 -1.515558071
33.381926914 15.866914274 36.962765022 -0.700992377 -0.549747807 -0.395021989 -0.224376166 -0.260761547 -0.966426513 -0.660263241 -0.062527006 0.347363197 -0.030939301 1.755912935 0.547473669 0.808864873 -1.077556707 0.728516434 -0.916828126 1.837912003 0.134323236 0.199519447 1.250060213 -0.015860186 1.670483660 -1.057535854 -0.617403387
18.548408372 9.901140437 33.286431418 0.476664456 -0.771821369 0.058366545 -0.416744667 -0.850861427 -0.321138854 -1.278554180 0.737840179 1.251574062 -0.791916298 0.346851256 -0.577274947 -1.937345663 0.036217468 0.567672871 0.224019058 0.997829440 0.076039537 -1.947552792 0.352932594 -1.374048799 -1.218190440 -0.341937932 0.672028981
25.330947777 8.933622889 29.880300295 -0.470129692 0.477777282 -0.337948702 -0.660679662 -0.446306779 1.072848898 -0.776374809 2.369227035 -1.551886314 -1.115408231 1.404723543 -1.498667002 0.021235188 -0.110869113 0.110642178 -0.121328564 0.494716181 0.996930333 0.816101357 -1.109401997 -1.582645055 -0.629785992 0.214167646 -0.492343884
27.713231439 8.107675653 42.265035570 -0.797353294 -0.587596153 0.125219240 -0.057259306 -0.368100310 -2.482272833 0.173085451 0.246297625 -0.636037164 -1.113018236 0.455715608 -0.381823486 0.864982942 0.197398450 0.075928064 -0.237237376 -1.695547710 -0.157897325 0.769732469 0.196934729 0.752226424 -0.346681149 0.333640904 0.721241265
22.540489719 19.387948472 34.420258929 -0.472509887 0.469069771 -0.664573528 -0.339190187 0.638039312 0.081943209 0.577907699 -0.278097752 -0.048817544 -1.088152061 -0.290232807 0.772995629 1.999268305 -1.905747897 -0.174384550 0.632272973 -0.663279721 -0.818443299 -2.160786870 0.085368849 0.676101764 1.639500878 -1.429620120 -0.202673226
25.923560553 12.667846025 37.341060216 -0.657081826 -0.531579975 0.528880917 0.077143894 1.737262171 0.515201946 -0.256771121 1.094467573 -0.244074272 -0.725698060 0.491073373 0.804787661 -0.084711634 -1.765329956 0.266363227 -1.584549350 0.345550310 -0.484883339 -0.327691764 -0.826436098 1.003804256 -0.147287769 -0.554825272 -0.629406745
21.393811944 3.949203057 42.845979536 -0.373060901 -0.541914635 -0.099357494 0.746513350 -0.060937792 -0.863274193 -0.448692163 0.133436187 0.073121450 1.328673933 -0.911829544 0.547475609 -0.978740207 -0.782806042 0.727417345 0.601170958 1.396288508 -0.786220519 -0.186374107 1.330410144 -1.023337680 0.394423683 1.796520745 2.668837225
28.414292843 5.982001359 35.042380333 -0.429748877 -0.112661109 -0.875047598 -0.192132974 0.399692898 1.178548464 -0.877586336 -0.948186144 1.594165714 -1.803332640 0.392367071 0.688917119 -1.002617541 1.357896832 0.398129888 1.709223376 -0.987716398 0.737304290 -0.589505268 -0.356930525 -0.543432269 -0.699286316 -0.399284249 1.111527343
29.972318259 16.449214389 34.165719242 -0.487199074 -0.124345396 0.797658218 0.333041517 1.402479937 0.806718455 0.204639261 0.785747568 2.218408738 0.391411269 1.400410269 1.625074924 0.024373808 -0.351833216 1.755672457 0.148719665 -1.470158051 -0.687384595 -1.249684176 -0.858729147 -1.025126898 -0.759362697 -0.503363034 -0.943055936
20.715054425 18.983489678 38.154272571 0.585459075 0.347432116 0.684395590 0.261019679 -1.246388857 -1.068985449 -0.061986406 -0.481475596 -0.556358474 0.866193501 1.067595226 -0.211895392 -0.016414144 0.444034292 1.277044236 -1.545401246 -1.866419387 0.177275451 0.025765895 0.932978587 -0.915497445 0.513880621 0.800666262 -0.219621540
26.839771330 10.558933651 46.015663249 0.066445518 0.508366397 -0.292616671 -0.807170418 -0.321786642 0.719087666 0.198128236 0.490993300 -0.644399023 -2.007288451 -1.238845743 -0.763578111 -0.917351365 -0.795352357 -0.787558078 -1.735280496 0.063002204 0.010354110 -0.344635336 -1.033674486 1.150452248 -0.396983909 1.246975784 -0.775290911
20.355365627 10.653315913 41.417311200 -0.175079190 0.422353211 0.638601128 -0.618994056 -0.529623196 -0.388611320 -0.062257516 0.049985626 -1.695235217 -0.788161782 0.296224398 -2.116664084 -0.760373262 -1.690695957 -0.697508989 0.051416074 -0.109676350 1.741155084 0.057173481 -1.874508478 -0.660216524 1.817632706 -1.311343060 0.745416388
27.911902804 17.912869531 36.879233755 -0.056801758 0.427124130 -0.238230794 0.870393375 -1.336165905 1.718020556 -0.240463329 -0.715444602 -0.788596495 -0.764212500 0.979753082 1.112654375 -0.291426105 -0.774677989 1.011809062 1.366794161 1.308198482 -1.202829726 0.360345773 1.545227017 0.794268600 -0.525955303 2.483337317 1.718167885
24.177937629 13.038225215 34.019393755 -0.324731179 -0.612793353 -0.161590959 0.702084275 0.980394462 -0.199611633 -1.487811515 -0.321999085 -1.132141968 -0.118644357 1.087132388 -0.097379309 -1.463343252 0.080182364 -1.461327703 2.110636230 1.014778673 -2.135600407 0.316001965 1.496187866 -0.499462111 -0.224496068 1.260819959 -0.231348656
23.444445654 5.209682385 44.782544998 0.222960163 -0.962213943 -0.065205968 0.142060815 -0.990084503 0.005147003 -0.528073884 0.294559109 -0.084626492 0.346194644 0.965580250 0.495264065 0.593925278 -0.752966001 0.417772622 0.610945734 -1.782101696 -0.458254715 -1.199242973 1.466151631 1.148595768 -1.143489794 -1.748563079 -0.570962542
18.206430541 8.410510329 33.461113108 0.161125518 0.650143326 -0.113494296 -0.733806015 0.120005957 0.129927834 -0.426696173 -1.232776709 -0.330681400 1.911593769 -2.311091224 -0.716695379 1.492735117 0.614015531 -0.846838266 1.994928112 1.644872088 1.296448671 0.024491431 -0.360820525 0.495356395 1.295529328 -0.928839661 -1.291725635
21.736732462 10.444251258 42.381744037 0.790769964 -0.185358987 -0.419817314 0.405065838 -0.238866155 -0.361654771 1.534070983 0.013173807 -0.935577557 0.293889437 -0.031255081 0.418177705 -0.717127016 2.424384101 -1.592302360 0.631251282 0.140303385 -1.173091423 -0.413915265 -0.522396838 -1.217440865 0.378917611 0.057296673 0.056672716
26.684737554 7.935904965 42.021575753 0.137836696 -0.571017236 0.637229332 -0.498877881 0.746911578 0.249031064 -0.051684619 -1.222036494 -0.765246816 0.218492242 -0.184529876 -0.074411201 1.035257646 1.016977427 1.536396982 0.018217838 0.751681366 -0.508469671 -2.180746193 -0.438464127 -0.595312192 -0.063087610 0.362286204 -0.086388682
28.356297601 15.110478041 34.845039853 0.357534925 -0.131023152 -0.160641704 -0.910601973 1.365304746 -0.480341146 1.692828137 0.226894560 0.503576288 -0.803974032 0.102142911 0.209650267 0.322141145 -1.590783199 0.221971683 -0.736654514 0.750725440 -1.181264369 0.222510820 -0.336587970 0.710278568 1.053129967 -0.420375354 -0.783982558
24.797311516 6.926203759 34.338617523 -0.843428002 0.482262580 -0.017046229 0.236138593 1.078450281 0.967072100 0.714355098 1.134064111 -1.740515856 -0.865653020 0.307863655 -0.324058904 -1.156145685 1.007597805 -0.387724066 -0.953974230 -2.173602113 -0.596188277 -0.268894593 -0.079223667 -1.891152366 0.006287028 0.386176152 0.192987750
33.010094230 5.523368650 38.298266348 -0.400744728 0.186334103 0.619561050 -0.648712086 1.096078875 0.403575857 -0.346381859 -0.522219502 0.097676496 0.520201524 1.387395299 -0.822120413 -0.667697337 0.263079122 0.974923243 -1.578797384 0.011076032 -1.237087377 0.962326115 1.057245867 0.901081386 -1.211588301 -0.932317913 1.286524119
28.655536212 14.868500685 31.878475822 0.389311100 -0.099406272 0.409040004 0.819293315 0.602981458 -0.270631379 -1.766091352 -1.003409604 -0.264361974 0.441245497 0.210290525 1.220036932 -0.676223280 -0.203519146 -0.331044101 -2.717193297 1.351603009 -1.275648444 -0.024794095 -1.562764398 1.753285584 0.732350954 -1.091103896 -0.962797010
22.672682334 12.722154199 37.149240397 -0.017667174 -0.324177099 -0.599717549 0.731393151 0.529396868 -1.101521714 -0.793378624 -0.158135967 -0.802043298 -1.174040424 0.889312632 0.488941722 -0.959812022 0.095718602 -0.923960013 -0.551946072 -0.585123457 0.396814174 -0.340954239 -1.182599931 -1.451500861 -1.412536471 0.305771297 -0.175708750
23.189337676 9.171562598 44.437012009 -0.311496594 0.690075528 0.601651933 0.254520311 0.509942725 -0.954099025 0.108249869 0.067375423 -0.929009029 -0.152911579 -0.860765814 0.246681121 -0.435975106 -0.009323354 0.747821445 -0.560245122 -0.595167573 0.907843742 -0.795891503 1.333910310 1.156848125 0.273301113 -0.338545872 0.647855976
25.853132447 1.746766600 35.902849450 0.431965077 0.652823634 0.464423363 0.414171963 -0.249861376 -0.216510885 -0.822794927 -0.601354993 -0.163655172 -0.822439441 -1.238821343 0.576238691 0.135504231 -0.659172130 0.378082775 0.578591129 1.034387515 0.054926005 0.496699148 -0.399097717 2.901290962 -0.531280349 0.682016405 -0.428375260
29.529532920 12.774370299 43.302144656 -0.448790095 0.761775109 -0.428792022 0.185535806 -2.259272247 -0.516579411 -0.298539915 -0.458316444 2.018959719 -0.502549909 -0.496147608 0.349714465 1.354785723 -1.352677170 0.828739659 -1.254627792 -2.088628726 -1.063158731 2.152502944 -0.929975766 0.214002122 -1.308950172 1.299147598 0.707731897
26.668710400 6.140485109 30.035583689 0.263712157 0.080682872 0.940600074 0.198034526 -1.025687055 -0.016524441 -0.179569304 0.540770939 0.675797337 -0.433184971 -0.974827757 -1.899323752 0.690707630 0.254107935 0.163309420 0.290148868 0.880517631 -1.260130816 0.120527613 0.910654264 -1.170947017 -0.131674192 -0.429539280 0.817397579
24.785665426 15.706884049 29.817528094 -0.275378162 -0.010334012 -0.350366531 -0.895155500 -1.831813295 -0.583556333 -0.187019225 -0.575896926 0.127274002 0.918054624 1.365137133 -1.228525033 -2.443722813 -0.558339467 2.047905530 -1.122763762 -1.172972812 -0.073215538 -0.409378774 -0.052532147 0.291488563 -1.269571356 -1.540039800 0.076616009
27.515882193 7.795500058 34.018550876 0.254230091 0.648128913 0.656739337 0.289809276 -0.804538446 -0.456400598 1.726344633 -0.922068921 0.244783436 0.121699037 -0.414603844 0.714304589 0.125127078 -1.685503532 -0.702385297 0.133287027 -0.595078651 -0.224458541 1.971365406 0.242009842 -0.510929831 0.326853320 0.455416171 -0.568916997
23.585099696 13.409172811 35.954886179 0.694457354 -0.269933946 -0.458600631 0.484303737 -0.068735572 0.459433332 0.980237313 -1.004041325 1.012119935 -0.537227581 -1.611054635 0.065335880 -0.383145780 1.161508607 -1.253934349 1.493727976 0.071517105 -0.098121030 -0.689682065 0.385423304 0.147573291 -2.717100117 0.973678070 0.061993898
23.243523092 18.160165106 41.727210137 -0.379603320 0.067544834 -0.909190442 -0.157199732 -0.230633331 0.161143586 -0.499885378 -0.328723001 0.559394167 0.304626018 -0.469215424 -0.117583625 1.876480726 0.065031331 -0.045215030 -2.703394993 -0.051940740 -0.546421592 -0.109270842 -0.932102645 0.149608775 1.123806535 -0.313909853 -0.161617732
22.017085309 15.644455107 39.248940231 0.131845244 -0.095680156 -0.983744520 -0.075556991 0.780395197 -0.861889829 -1.567403145 -1.495212728 -0.873459976 0.011780375 0.391180683 -0.439694244 -1.774105886 -0.466762385 2.339898946 -1.219845760 0.001474750 -1.178409649 -0.288476108 -1.422766564 0.519292941 -0.449800955 0.450091986 -2.287153344
20.660337107 4.900630272 39.952215743 -0.667813896 0.713875217 -0.196054800 -0.077261182 -0.622407709 -1.152810250 -1.184015829 0.959836847 0.639257938 0.499151138 -0.944660634 0.917849241 -0.077647041 -0.920214374 0.087387123 0.339241202 -0.458808525 -0.035606547 -0.223216130 -1.175998236 0.899950816 1.403999890 0.992701602 0.275122790
26.419433767 17.668611764 33.060940349 -0.517539200 -0.439824574 -0.418386193 0.603042713 -1.449385957 -0.888677850 0.655677415 0.190626809 1.249996743 0.729486292 -0.414175196 -0.670407679 1.461043075 -0.561941681 -0.804447361 -1.388215547 -1.005608339 -1.780717615 1.481481101 -2.878851115 -0.340795536 -0.161479435 0.156452962 -1.333405722
33.100339029 11.918502768 33.625498946 -0.299556231 0.836441866 0.352873022 0.293447951 -0.718817682 0.488366529 1.284685071 0.268512238 0.555028002 0.296633696 -1.613266085 -0.550813764 2.236276073 1.243671959 -0.377432511 0.640843642 -0.138229679 0.263308550 -1.406313124 0.371480828 1.092722033 0.020957100 -0.981536857 -1.069454937
24.232156710 5.066843550 31.003595440 -0.101520477 0.351487265 0.186007780 -0.911894402 -0.419331034 -0.324266893 -1.248496631 1.234344523 -1.651423659 0.616334258 -0.192361949 1.218438053 1.936641240 0.081882308 1.443580674 0.190701070 2.016567269 0.793045034 -0.331676165 0.324754274 0.890089203 -0.292122053 0.718640854 -0.768699734
24.350431832 14.095318567 30.715606657 -0.281532495 -0.260785528 0.049208132 0.922121967 0.268385912 -1.017078329 -0.039745203 0.557407790 -0.727762588 -0.183218691 -0.254381983 -0.120661124 -0.282908665 -0.778866534 1.607312064 -1.843920296 -2.407581731 -0.912262017 -0.575156091 0.532731985 0.248809533 1.867014658 -2.485565647 0.852880945
32.128919124 14.536111412 39.210223564 -0.708364599 -0.489740170 0.135999549 -0.489773707 -0.016357117 0.000268693 -0.617422943 -0.850301734 1.293407284 -1.853790629 0.191103761 0.793848610 -0.212220046 -0.844106488 0.443169968 -0.643202401 -0.181717892 -1.785364083 -1.865695715 1.593385844 -0.905847945 1.096598547 -1.996954241 1.262775381
29.844397515 13.374308222 37.126492874 -0.204079728 0.705194026 -0.295393293 -0.611388299 0.121993525 -0.469364574 -0.443686251 -1.100668721 -0.807141259 1.106392579 0.087792542 -1.625570239 -0.501440578 -1.295643447 0.962162726 1.034268407 1.221520094 2.009530599 0.990410671 0.034671775 0.531750355 2.152568646 0.304586866 0.753349452
32.897284575 14.929783436 40.504382106 0.638370261 -0.218406249 -0.729968546 -0.109215576 0.115585071 0.670935216 -1.031571780 -0.828509998 1.442117101 0.568769370 -1.361365540 1.004928684 1.464077108 -0.790659026 -0.341673213 -0.117441292 -1.175983537 1.317178609 0.653693985 -0.183755221 -0.301909869 0.402629169 -0.449262087 2.288590435
28.908714790 10.977919789 37.920212124 0.292826097 -0.754688503 -0.063524460 -0.583663245 1.181863566 0.003026893 -0.813549240 -0.902308163 1.428579723 -1.294664672 0.251730575 0.518105421 0.180319457 0.145195429 0.130329641 1.527939548 -1.592399074 0.687239538 0.092743605 -0.013241126 -0.135062695 -0.304565994 -0.399393010 1.760634835
32.038953941 8.112228486 33.662468001 -0.811699896 -0.338729286 -0.150247813 0.451476849 -1.464943481 1.976481782 -1.632294423 -0.725485309 0.675571570 -0.393753712 0.676916124 -0.256036807 0.329856889 -1.029393974 -0.139925378 -2.992500815 0.297427113 -0.126577463 0.521300248 0.317961036 1.007670354 -1.363548563 0.996112280 2.258867402
21.512443286 13.102366167 32.359790127 -0.580238598 -0.313890458 0.358643324 -0.660432370 -0.084222959 -0.276751485 -0.812252608 0.681042658 -0.966857074 0.183642848 0.711685629 0.992516511 -1.629389992 -1.753197531 -0.292054628 -0.312042396 1.174424167 1.758436083 0.158195505 1.744911888 1.171527866 1.427364235 -0.987413546 -1.405328473
21.895837028 16.450301275 41.006317447 -0.216222385 -0.159110879 0.873957834 -0.405128760 0.527078576 0.335919241 -0.828254056 -0.003432837 -1.019444525 1.604193867 -0.455462290 -0.612223741 -1.671702425 1.643228494 1.084256093 0.101709858 -1.270464186 0.712647103 1.165380622 0.130423595 0.018872020 0.321996959 -1.059729350 -1.416064754
19.764161812 8.096126966 46.441443122 -0.967225805 0.197952100 0.128862637 -0.093185989 0.328441073 -0.758907605 -0.972844902 -0.467739423 -0.142827493 0.467053942 -1.365723622 1.010882775 0.954954764 0.477962985 -0.172392814 -1.525351108 0.309294724 0.764279341 -0.238948223 -1.268777503 -1.962556052 0.499887037 0.814778857 0.966354422
22.476747574 16.187209256 37.028667523 -0.717817303 -0.660714843 -0.209169502 0.066650850 -0.744423732 -0.884681733 -0.747967971 0.657317287 -0.619435302 0.045746386 0.758063368 -1.736270825 -0.373474922 1.135699147 -0.054367978 -1.168032983 1.189246138 2.283256607 -0.596022298 0.749157071 -1.496075202 -1.478071365 0.468543322 -0.480928432
26.291988691 17.640425837 44.142124860 -0.323302576 0.053084024 -0.699092587 0.635552583 -0.029582074 0.482450288 -0.768777184 -0.858758856 -0.904278789 -0.853538178 -0.201077702 0.605040563 0.269405526 1.134940770 1.418534495 -0.839310177 -0.221205407 0.995581403 0.334047064 0.300292367 -0.425556649 -0.311106080 0.844516085 1.680373696
26.012852794 11.170212192 35.021564706 0.840489135 0.220565015 -0.394643073 0.298640138 2.067622853 0.020384566 0.097425811 1.057546570 0.343867516 -0.409199257 -1.761659332 0.493740328 -0.677523268 1.033506834 1.636586629 0.838282726 0.379146866 0.084543438 -0.128760883 1.075706809 -0.016366851 1.325649990 1.578434224 -0.056092608
27.308786955 15.847844098 42.250361761 0.845377916 0.227299449 0.241387462 0.418811691 -0.834925346 -0.823959274 -1.156976675 0.454560450 -0.979804932 0.813929324 -1.204331977 -2.089760442 -0.778343430 0.105544217 -1.143498360 -0.446718571 0.358576071 0.320478281 -0.281775906 -1.086080687 -0.377991492 -0.685997838 -0.305645078 0.050054188
20.050643214 7.782168359 40.419672742 -0.537138213 -0.444957207 0.303521831 -0.649130281 0.418159662 1.412619382 -0.294705616 -0.361191835 0.783847005 -0.881520623 -0.064774711 -0.956913982 1.317083689 0.263619155 -1.244404396 -0.752509469 -0.392704491 -0.163295129 -0.553595237 0.768386542 -1.003128580 1.040190650 0.768920466 0.768088206
20.866837296 10.851474141 41.709089848 0.189324621 0.513417598 -0.058266756 -0.834963199 -0.428297119 -1.297240414 -1.134347641 0.106769956 1.695986919 -1.159398775 0.101281867 -0.548860023 0.003127826 -1.020926845 -0.859037676 0.664222237 1.901221106 0.718526742 -0.001559249 0.605911261 -0.011943549 -0.855744128 0.595239643 1.540817286
21.793754428 13.809501927 46.505408558 -0.664805743 0.744660731 0.000549548 0.059274086 0.430507079 0.330482928 0.994173830 -1.882313744 -1.483610796 -1.042705007 0.388945945 0.788281938 -1.772038677 1.394696055 -1.600327240 -0.300392329 0.171652063 0.058979977 0.205022584 -0.413538002 0.709896796 -1.211503467 -0.102015002 -0.158366697
27.493357992 19.317687089 34.521725748 0.206741842 0.379620939 -0.330177167 -0.839123824 0.163494560 0.531909345 0.861974626 -0.871415742 -0.738140494 -1.068478765 1.419873678 -0.665676342 -0.552128759 1.738617171 -0.352473256 1.268548076 1.856793816 -0.161702994 0.914273638 0.552634661 -1.409777816 1.735522756 -0.713778732 -0.233108541
32.238942890 11.352635701 32.032936976 0.378525992 0.785197579 -0.079966627 0.483516467 0.056002584 0.128630891 1.543525189 -0.099324722 -0.498524597 -0.018137723 0.340967410 -1.294543536 -0.222684447 -0.363465843 0.159490308 0.108807965 -1.341778079 0.043314580 -0.370381254 -0.424373159 0.969817486 0.252526111 0.588094841 0.432466280
24.138102525 5.556007571 40.082836757 -0.290621054 0.775298244 0.398969962 -0.394049496 -0.334713466 -1.464453610 0.831444274 -0.707473723 -0.062236099 0.472726532 -0.359892794 -1.226674999 -0.312060431 -0.448785417 0.095970311 -0.658743287 1.792505893 -0.317465367 0.983626526 1.173408031 -1.215271496 -0.148970622 0.083374098 0.209405536
23.666657662 7.584845777 31.771432971 -0.117047972 -0.006613882 0.316116865 0.941448966 0.107491410 -0.319910104 -0.014672462 -0.504191830 -0.750809424 -0.568551430 0.886969195 0.337660082 0.354886473 -0.790007129 -1.565909974 0.676818686 0.626131707 -0.194767780 0.769726747 -1.220351996 -0.088587486 0.082802812 0.501646370 -1.052838499
23.465721311 18.401556247 43.958430940 0.517414431 -0.518546931 -0.342058410 0.588546881 0.864529016 2.040796719 -0.750046910 -2.592565607 -0.603104313 -0.791554601 0.160256797 1.301890328 2.021673680 -1.307339470 1.215285844 -1.327991269 -0.566991257 1.570157465 0.731654866 -0.318623435 -0.165442624 -0.391490885 -0.928967990 0.132557555
24.925241964 12.387769376 35.967711486 -0.674304316 -0.580557316 -0.016482224 -0.456064938 -0.509552980 1.939517397 -0.617206392 -0.865633565 1.131122428 -0.362683501 1.271479548 0.457597684 1.252640583 0.134842501 0.359419826 0.030472796 -0.178072713 -1.952501499 -1.343541975 0.816048921 -0.915996133 1.245431655 -0.698536979 0.326684969
18.594724409 11.822196449 36.095047911 0.314417469 -0.945775354 -0.062155424 0.052795253 -0.071199856 -0.348852332 0.616863139 -0.168405094 -0.337680174 0.557405887 1.350883101 -0.225641236 -0.089896776 0.516230735 -0.751336575 -1.308460975 0.734368168 1.035460221 0.263584694 0.038689791 0.936291532 -0.132053889 0.955523332 0.309614732
23.949328504 2.324441157 41.540864286 0.305854159 0.169619021 0.678694113 0.645799444 0.925916546 1.171513068 0.357796637 1.458768062 1.813716748 0.355633555 -1.138954528 1.106578951 -0.897348288 -1.352481706 -0.638014737 -0.108408315 -1.509832341 0.989186653 1.617498316 1.579073585 0.752410830 -0.924327432 1.452733550 0.856441515
22.438978538 12.368285949 33.500023373 0.674456555 -0.388538171 0.347819155 -0.522655030 -1.603646340 -0.468086708 1.913514069 0.168900718 0.139589672 -0.226636517 0.594468432 -0.932370776 -0.661627545 -1.318057746 -2.086947544 -0.216158958 0.133911671 -0.429509149 1.735646855 -0.382324337 1.090888022 -0.464258070 -0.573599928 0.168337630
29.078592493 13.651269395 30.597352711 -0.397800024 0.247721886 -0.429830713 -0.771773650 -0.759029479 1.200538709 -1.490542574 -0.513961076 1.284204939 0.529147052 0.157705167 0.707590762 -0.444829075 2.224117359 -1.308358851 0.737846660 -0.148185909 0.599408688 -0.926124906 -0.764504804 -0.028155571 0.740942473 2.618012296 -0.129721762
19.890170950 10.768300788 43.925696424 -0.511733330 0.777549169 0.340624772 0.132367116 0.074343874 0.629563812 -0.520984853 1.414394579 -0.377966686 0.875846259 -0.089397624 -0.047177758 -0.153149023 0.243287853 -1.674992012 -1.031195051 -0.639728899 1.565617141 -1.476346157 0.415150062 1.785320092 0.766691330 0.553239055 0.263774617
30.891852775 17.866211901 40.803789372 0.678610800 0.625480576 -0.354680670 0.149876796 -0.656624460 0.523845431 -0.603854219 -0.961121585 -0.591832404 0.085620044 0.436195595 0.827447053 -1.023734253 -0.155622419 -0.647988246 -0.653284339 0.159058025 -0.005465333 1.228968615 0.694705455 0.797531933 0.059141730 0.269006771 2.127143007
21.143298898 8.023046574 33.084243341 -0.518011122 -0.250981244 -0.009151704 -0.817673002 0.744940233 0.387411054 -0.189036689 0.567833746 0.026803933 -1.165365322 0.296992343 1.011198546 -1.170678147 -0.203514369 -0.356716260 0.784700065 1.192138638 -0.140871206 -0.248608295 0.476807442 1.656286633 0.362465932 -2.319724124 -1.206230676
22.455997323 8.936941756 37.748746227 0.118867294 -0.740625026 0.324304714 -0.576343291 -2.597371065 -0.117580008 -1.381148323 -1.624005211 0.620817922 -0.295749896 0.516803885 -1.191012016 -1.207653825 -0.854341282 0.449328250 0.612212574 0.940750357 1.371540160 0.294896064 -0.833434692 0.751029123 -0.181453113 -1.525932911 -1.008900974
16.692895350 15.099731599 37.167074894 0.672403587 0.668879525 -0.316973429 -0.001201277 0.220363114 0.074704002 -2.265501156 -0.426260217 1.028413406 -1.167893813 -0.148589800 0.960303285 0.777620716 0.334834567 0.264395855 0.211232475 0.651815922 3.003924810 -0.285953116 1.235112332 1.216546943 0.775808642 1.256580614 -0.589909899
21.900809137 11.325903630 35.814672081 0.165983537 0.523710697 -0.835427753 -0.015396129 -1.147600026 -0.821293747 -0.102087746 -0.948902881 -0.345239924 -0.505053143 -2.019417089 1.449772829 0.619453426 -1.106038115 0.843226344 -0.711997865 0.030440309 0.364466746 1.242891869 0.549059976 0.794407453 1.226277031 -0.605240983 0.774398206
31.442262361 17.306406980 42.194232386 -0.126203839 0.398953305 0.907997777 0.021186999 0.813921849 1.237393872 1.365690939 -0.447567037 0.569186598 -0.290914450 0.402776610 -0.739044937 0.339766662 1.271142785 -0.571817896 -0.599583377 0.495792131 1.360597192 0.893692710 -0.367900611 0.635180711 1.512935284 -1.203351684 0.641712280
24.213877774 3.984275105 37.138233574 -0.192246759 -0.539572791 0.694282458 -0.435745632 0.362326697 3.161665440 0.764347325 0.265840516 -0.528241523 -1.599468829 1.048432958 0.921315863 0.992770829 -0.336397206 -1.487525012 0.335528264 -0.788558995 0.020808194 -1.051397119 -1.161611385 0.150096026 1.228748382 -0.099311772 1.097068822
28.650701958 8.103362506 41.981764260 0.127084345 -0.827063598 -0.078682454 0.541871244 1.089795581 1.042579421 -1.861888444 -0.320575426 -0.103439945 -0.488331390 0.396385077 0.397550804 0.626375824 -0.543283765 0.654535529 0.596866655 -0.546336620 -1.528094900 1.483227509 0.376540900 -0.346660626 -0.042906019 -1.171699528 2.037733930
31.431649058 13.756877598 41.554848207 0.944111849 -0.076166029 0.304147071 -0.101715840 0.074543208 -0.514230212 0.274236089 -0.850416818 -0.890780787 0.206542109 0.186590418 -0.450443735 -0.721992718 0.983664524 0.547719101 -0.495606597 -0.381604222 0.669775239 -0.375499668 0.606422990 0.796205083 0.882975964 -1.111677079 -1.513229099
25.818456092 17.635901124 34.431508823 0.920861263 0.132384234 0.340426093 -0.136378240 0.435205661 2.400130391 -0.072847869 -0.231164906 -0.761681456 0.474605952 0.839299620 1.014402057 1.358077017 -0.159009243 -0.343040484 1.430843521 -0.123372675 0.841453793 1.657306599 -0.113931696 -0.670936673 -1.095270026 0.672896847 -1.140551752
18.251609176 10.860755191 44.481658866 0.191618014 0.529674508 -0.678678683 -0.471298948 -0.544247901 0.649444103 -2.336659539 1.075866668 0.358443105 -1.808892204 -1.262563038 -1.752874409 1.893578432 0.703912024 -0.202417475 0.411145710 -0.600905999 -1.367140070 -0.368133273 -0.022191903 -1.132626193 -0.562786672 1.527610753 1.993697687
26.273684463 13.602909577 34.851909894 -0.074565449 0.571784314 -0.749279593 0.325703520 -0.699330588 0.808931342 0.695301279 0.616538243 -0.533894170 0.191443735 -0.057420768 -0.028589380 0.522463188 -0.756656795 -1.103436628 -0.631768957 -0.315857097 -1.207286978 0.414643153 1.007780285 0.563429999 -0.756222965 0.073657483 0.233610307
24.079090130 8.301212303 40.055361140 0.081055635 -0.349645591 0.915041861 0.184055258 0.847844577 0.910976933 -0.929774230 -0.888236758 -1.582201375 -0.683362974 -0.154121073 -0.071889331 -1.462027842 1.162742673 1.082285778 0.606384253 -2.446806569 0.190639492 -2.046940510 0.990682666 0.057578360 -0.587084684 -2.277608224 0.010879401
25.333998347 7.304215089 43.476533617 -0.735485966 0.428372500 -0.043445059 0.523134708 0.276478780 -0.393150359 -0.700200535 0.020742186 0.097472116 0.428291079 -0.051742099 0.714390561 0.129219530 -0.475008024 -1.285432218 1.168596946 -1.678251456 1.340536521 0.109630303 0.363343535 0.053996417 -0.516588360 -1.168689198 -0.863228346
23.398361290 6.126367832 43.000486247 0.322344927 -0.015270084 -0.944331195 -0.064024741 -1.316069196 0.629635769 -1.068732619 -0.919714948 0.958368443 -0.073607749 1.462986537 1.704618840 0.150197813 1.101028932 -0.697397854 -0.770215704 -0.816496775 0.333483548 0.961046932 0.498425378 1.002854652 0.402802947 2.052427680 0.816495701
24.022076940 15.158861408 31.688440041 0.460085939 -0.188555020 -0.861602497 0.102024851 1.259039643 1.035608908 -0.842500956 0.088271668 1.368613912 -0.409824583 1.450314575 0.340917110 0.516817762 1.444480444 -0.397034921 -0.260511008 -0.444046032 -1.115591198 1.172339972 -1.161354269 1.186762587 0.002947335 -1.472681832 1.539519767
21.094640841 16.134354374 36.092084450 0.481486053 -0.450709214 0.068330605 0.748574187 1.040619343 0.095328438 0.795295868 -0.830675768 0.484408912 -1.221133040 1.638590504 -0.037383143 0.117203022 -1.114259596 0.572033145 0.730211189 -1.225582896 1.086185469 0.667659364 0.387996342 0.438524387 -1.044133782 0.164374936 0.024784017
29.990190750 16.568728412 34.278175421 0.303100076 -0.561459886 -0.753022110 0.160781971 1.182477942 -1.203844557 0.766214961 -0.472345940 -0.927146441 -0.321849286 -0.456458851 -1.015784012 1.235554865 0.979902898 2.752135886 -2.491521134 1.875411564 -0.320297520 0.132425224 -0.583429952 -1.341574280 0.539432488 1.761107687 -1.032239490
