15.355029373 -39.792822245 6.696891561 0.232890117 0.379949890 0.392843864 0.804409084 -0.163583172 -1.030689181 -0.492491290 -0.925061082 -1.882370227 -0.504251441 -0.189068010 0.427046490 0.352244029 0.202198624 0.364121068 -0.882647565 0.412230475 1.135589075 -0.790652080 1.180980524 -0.717062421 0.821868314 -1.830352147 -0.188586461
18.576352572 -33.747856550 15.850029021 -0.304298814 -0.720765329 -0.447711788 -0.432959269 0.170009524 0.802768117 1.837288814 0.011772263 -0.232378823 -0.345865791 -0.278908476 -1.381519977 0.222483226 -0.816785630 -1.725430384 0.162845377 -0.393128647 0.815414670 0.123511093 -0.530560839 -1.957191013 -0.509196938 -0.564068379 0.795070280
19.877647851 -30.318276474 4.396732281 0.482241006 -0.206772790 -0.508107693 0.683019178 -0.743007001 -0.682658600 -0.190520156 0.261444914 0.235437312 1.767876530 0.338839227 -0.262404390 2.392849557 -0.894484317 -0.784254447 1.283167837 1.058021525 -0.988005047 1.426777500 2.222615592 1.200274549 -2.549265524 2.150808141 0.264284711
20.020602183 -37.735526671 6.489815401 0.033564465 -0.131264312 0.932740844 0.334122171 0.999224288 -0.049121209 0.268933658 0.566932761 2.500468254 0.118844987 0.683000388 -0.445360622 0.045036859 0.249467428 -0.096284551 -0.110280122 -0.049486927 0.248164731 3.006624674 -0.160270985 -0.546010853 0.574879794 0.911696750 -0.451365481
6.866449969 -29.946779197 4.051375948 0.086890212 0.173859390 0.740094867 -0.643803224 0.340913028 0.380670626 -1.629039830 2.025718718 -0.182589224 1.465739726 0.821006519 -2.411583834 -1.665031120 -0.762366128 0.684910818 -0.506567283 2.213291951 -0.102667286 0.747088690 0.687236116 0.931694721 0.792342569 -1.170347275 -0.582467750
21.133624739 -34.485676788 5.880535721 -0.725680354 0.596598968 -0.276404399 0.202628487 -0.700162955 0.965581327 -0.823263200 -0.920213843 -0.191941113 -0.646293028 -0.115731236 -0.361761213 0.875208722 -0.783128112 -0.943144352 0.660980742 -0.948939628 -1.032667771 -0.215973379 0.400886624 -0.138449260 -0.663249580 0.892678301 -1.677195857
19.245987491 -37.707639400 13.086702977 0.681813102 -0.266741107 -0.521940544 -0.437673559 -0.186808518 0.664187825 0.158476328 -0.563608329 0.703480462 -0.149508095 -0.144153995 -1.103474464 0.235493232 -0.974737366 -0.299315438 0.483505967 0.410312286 1.276493861 0.436991859 -1.219752928 -0.517448450 -1.448597296 0.458622032 0.134586361
14.899397651 -28.060227221 3.499127724 -0.907420542 -0.317749394 -0.085317487 0.261427253 1.423029095 1.744894483 -0.199926159 -0.938046192 -0.483273782 -0.899051924 0.153780301 -1.500620372 0.912818845 2.287068519 -0.270555965 1.086026498 0.153694305 0.134844765 0.266046906 1.913254934 -1.258244761 1.516101513 0.819895731 -1.180972424
16.472711247 -26.743292195 14.013306749 -0.296948815 0.885180662 0.046271452 -0.355155669 -1.667135527 1.083150116 -0.014303765 -0.190511847 -0.293823715 0.746980167 -0.115661021 0.385982428 -0.126072809 0.721774335 -0.506858164 -0.276722651 -0.948436312 -0.286211002 -0.084047620 -0.339461753 -1.549826972 1.188857699 -0.198195392 1.532048534
20.310106705 -35.680900115 3.779565168 -0.553689224 0.683756793 0.056886522 0.471877966 -0.181109143 -0.306770686 0.251686389 -1.051386579 -0.071545944 -1.293607762 0.220062872 -0.992037474 0.802300692 0.061102728 -0.517023802 -0.277749652 -0.812939877 -0.374544207 0.086058570 0.446520920 -0.546578258 -1.479734598 0.068618821 0.597287407
18.803374196 -33.212326452 7.890883992 -0.351901937 0.192549992 -0.533639590 0.744525564 -0.250988077 0.139360536 -0.240540046 0.506900903 0.056182714 0.224812414 -0.530404553 -0.879948896 -0.673817346 1.627836142 0.719210138 -0.128081889 -0.333989510 0.557254033 -0.494872854 0.362639126 0.128134881 -0.630422481 1.382258940 0.830570410
10.798887143 -32.783172941 16.760057635 -0.781376855 -0.063276724 -0.494068229 0.375955917 2.577588430 0.733059035 0.075237521 0.218452536 -0.603334762 0.730940952 2.720649792 -1.025417865 0.234026099 0.963477478 -0.286160028 -0.746091029 -0.968494393 1.271263367 0.632776962 -1.529739251 0.559153367 -0.195862632 -0.143327293 0.411426648
11.917665204 -33.678364349 2.725610810 -0.222952773 -0.928971537 0.121104294 0.269513811 0.174176083 0.693746485 -0.017574540 0.668519713 -0.601815239 -1.362173830 0.461537061 1.882203891 -0.018022228 -0.850851404 -0.391542668 1.208292713 0.644449386 -0.881837566 -0.944293944 -1.376713927 -1.577055052 1.887160434 -0.191350898 0.145838465
15.457502073 -33.104200801 0.423255055 -0.536353758 -0.372088252 0.284541114 -0.702076444 -2.159830388 -0.956457672 -1.392812014 -0.519479014 0.806513280 -0.208743126 -0.106081845 0.335646169 3.260739551 -0.292768422 -0.787062548 -1.520240450 0.370507787 0.760997459 -0.971540949 -0.512565945 -0.676566829 1.240054665 1.255049437 0.048318212
9.726323229 -40.323561235 13.374887954 -0.031960103 -0.751114139 0.219981136 -0.621622394 0.643674489 0.970017870 -0.551140258 1.724387983 -0.933109282 -0.019634106 2.260834949 0.493538095 -0.215468293 -0.982101725 1.591220247 0.352836446 1.063122131 -1.636508715 -0.987685390 -1.610123645 1.501798170 1.428841841 -1.678719694 -1.016567312
13.686620853 -26.884861903 5.928136132 0.890531587 -0.370981822 0.205824384 -0.164202019 0.968000476 -1.010708137 -2.012525663 -0.876380009 -0.830766685 -0.280499961 -0.550617895 -0.819447299 0.169361940 -0.533831711 -0.771712324 -0.125339414 0.069202402 -0.081032649 0.135082716 0.164089535 -0.836771904 -0.580142110 -0.979282236 -1.302732955
14.763204815 -30.333940954 4.357827985 0.534990480 -0.190211120 -0.821808906 -0.047276188 1.615298632 -1.767866610 0.020592390 0.752363946 2.380778696 -1.561572607 -0.071600041 0.022167969 -0.660046368 0.971234513 -1.224278286 1.596461150 1.026127871 -0.220969148 -0.124585593 0.187923074 -0.816221952 0.264237951 -0.746813652 -0.785196610
17.538001528 -32.848626587 3.895018274 0.400115193 -0.452479386 -0.584111413 -0.542203002 0.129089921 0.253666428 -0.052063169 -0.621336139 0.707147739 1.026542043 0.421432654 1.662038411 0.218103862 -0.104831925 0.740253572 -0.931247937 -0.031899232 0.924078931 -0.288657068 0.052577565 -1.709616969 -0.642982854 0.174320013 -0.063478366
4.281903134 -30.714372137 10.903347105 -0.358576299 -0.776063405 -0.506747575 0.111155403 -0.232369888 -0.169320744 -0.059019881 -1.020169098 -0.348764751 -1.269042911 -1.044444649 0.399838258 -0.761242796 0.314089901 -1.063783646 -1.065064722 -0.201577300 -0.092881470 0.064041315 -1.507783746 0.202506404 -0.709045779 -2.285406653 -1.587854318
18.118478275 -36.597560566 5.126571939 -0.372737456 -0.918722840 -0.008677103 -0.130153143 0.854837915 0.785090632 -0.791669667 -0.822965996 -0.413906696 -1.294093854 -0.135913320 -1.398026760 -0.545999961 0.026891882 0.783369315 -0.855275887 -0.903973912 1.615995735 0.027019295 0.770169999 0.052984421 -0.462001402 -2.227402579 -1.870684187
4.628787412 -33.014417736 10.230249410 0.154415097 0.793922791 -0.585624818 0.053722921 1.196711550 1.348376041 -0.294462584 0.221062208 -1.235824705 1.251819354 -0.317868067 0.877493002 1.070154330 -1.487173043 -0.667271090 1.061526849 -0.974053721 0.189829817 0.146486822 0.225572462 -0.409210352 -0.471573082 -0.889062649 0.069195601
10.562455210 -33.779985575 3.617671132 -0.239172464 0.821078746 0.416098637 0.309011569 -0.579517456 0.270500214 -1.324885512 0.464725706 -0.087808405 -0.256344659 0.795410909 0.261998223 0.279274892 -0.460947805 1.612195937 0.438408242 -1.002293029 -0.633512024 -0.500891961 0.366416713 0.601110989 -0.079519822 0.822514991 0.927492732
12.410355810 -32.662770478 13.204674792 0.009620695 0.136878189 0.854607271 -0.500817547 -0.216720471 -0.870810612 0.987651846 0.273141341 -0.368244638 -0.322838733 -0.508131413 -1.146209170 0.510220318 0.902066504 -1.820609261 -0.097030527 0.104229638 0.494638041 -0.604763627 1.214400261 -1.507547549 0.262372277 -0.140707085 -0.598947902
12.927825269 -38.989347075 16.179522533 0.035239745 -0.287484788 0.468879756 0.834423413 -2.487914902 -0.669852861 -0.981852556 0.132006416 -0.158958661 0.090061947 0.466346909 0.548331111 -0.836072946 -0.610387653 0.482285137 -0.370854271 -1.425129407 0.463284859 -0.141853500 -1.027032660 0.495664858 -0.605362214 1.727246437 0.086295173
14.348002314 -23.243213840 7.067685792 0.501662224 -0.707618565 0.374283733 -0.327906490 0.438677971 2.762250544 -0.333797020 0.656929355 1.365080232 0.040158868 0.284893502 -1.429514026 -1.152959939 0.659017445 -0.527436208 0.413145362 0.762259840 0.036560100 0.065132307 -0.758901431 0.781199318 -0.014566653 -0.764097892 0.074623598
10.136046884 -37.003166712 15.515791406 0.373862670 0.794363439 0.011012781 -0.478635716 0.505333590 -0.258128059 -0.690141753 -1.191872609 1.272436176 0.035544405 0.091117604 0.930037050 0.201146660 -0.787341576 0.219519686 0.686483249 -0.276009476 -0.030309736 -1.215921520 0.918472091 -1.296011454 -0.597195404 -0.339463318 0.564299386
10.432498023 -28.037578190 13.542319677 0.130381878 0.573769710 -0.053951085 -0.806770206 0.483385490 -0.318987290 1.195450443 0.201951326 -1.576538498 -0.161033890 0.408801532 -1.014371676 -0.270162965 -0.244875042 -0.586460089 -0.897245486 0.401506187 0.162967214 0.169653791 -0.118563453 -1.274856071 1.307234258 1.566924353 1.242938193
18.115547425 -34.714358623 8.291726745 0.366421800 -0.444145236 0.815762168 0.054791960 -0.058124717 -0.815578165 0.654941302 -0.368293173 -0.889622049 0.696215202 0.259776630 0.986460209 1.063174303 -1.422141184 -0.040483266 -0.450519458 0.480130664 0.626368645 -0.810174407 0.556540504 1.322268220 -0.855587315 0.311202879 -0.105536882
13.092938019 -27.663891550 7.163258139 -0.627498057 0.425977842 -0.202582211 -0.619475192 0.905165088 0.127551086 0.920692731 -0.526860300 0.228475725 1.917285483 1.334656880 -0.440356193 0.650191529 -0.784232040 1.419079771 -0.921220897 0.992260466 0.736325690 -0.588616262 -0.694143737 1.588200025 -3.296013735 -0.143351550 -0.706264544
19.658363868 -31.707289270 6.608102778 0.889871428 -0.130535398 0.344148772 0.269538446 0.638725734 -2.404847707 0.329135643 1.436202886 -0.621541680 0.880514311 0.408367610 1.448017824 -0.819864006 1.529585441 -0.589537148 -0.779579250 -0.320456176 -0.903106050 -0.712519872 -1.740431430 -0.250348936 2.931033338 -0.748175173 -0.676547686
10.207303220 -24.989256734 13.290968124 0.524959619 0.360015645 0.741534793 0.211972367 0.302202483 -0.368024288 0.631708592 0.577114910 0.347607383 -0.506754403 -1.260524848 2.727822654 0.332274901 -0.243674483 -1.237529583 -0.290096680 -1.609717425 -1.263272601 1.783763254 0.347499043 -0.729253127 0.904170922 -0.415328759 -0.432287886
14.760665301 -29.654621598 17.148582637 0.730129393 -0.236849983 -0.558309588 -0.314807176 -1.299424609 -0.700951730 -1.095441526 1.333464563 -1.851514205 1.174861793 0.147720188 -0.220598268 -0.603279072 0.316364377 -0.226639741 -0.796752697 -0.391629702 1.251113758 -0.736565652 -0.038053209 -1.040670914 -0.677450691 0.685265391 1.245883205
14.628080191 -27.066529223 15.613426428 0.208434914 -0.053592161 -0.477849243 -0.851670633 -1.972030026 0.898590427 0.927733236 1.394246314 -1.362339503 1.140928288 -2.104299675 -0.142279867 0.996972447 0.541082369 0.549755995 -0.586442584 -2.387480270 1.468635869 -2.509577093 -0.360708262 -0.894782127 -0.672491027 1.020867277 -0.974982958
15.724507262 -36.547582111 3.434290077 -0.837172272 -0.180967548 0.334820328 0.392795978 -0.405759523 -1.865020465 -1.201813859 0.760425827 -0.379612512 0.932844892 0.429709180 -2.582236228 -0.064716224 1.296036887 1.163009998 0.591486436 0.629175349 0.881899158 -0.158814571 -0.331893181 -0.302769165 -0.682475414 1.945999812 -0.628677426
7.117542039 -35.410798599 12.182407149 -0.268993812 -0.211334689 -0.796075973 -0.499242449 -0.279478359 -0.719116536 0.315893820 -0.522729519 -1.676790009 0.876174185 1.266302925 -0.668873811 1.444079499 -0.106441547 -0.589551758 -0.405419109 0.318983750 -2.517272116 0.016263582 2.343052225 0.546011214 -0.724966824 0.742696095 -0.102139697
13.370288440 -25.256429596 9.978694022 0.907325245 -0.213181511 -0.096546664 0.349275370 0.624354270 0.906156703 -0.188499782 -0.098754856 0.466153570 0.074022569 0.975551269 -0.045953731 -0.961773386 -0.098985460 0.237009534 0.564821430 -0.191998454 -2.146312799 0.935268795 -1.864899391 0.362767840 -1.032704974 -0.714594479 0.046361603
11.358690932 -30.029365492 0.812609659 -0.330378368 0.407827955 0.840374325 -0.135268200 1.543491274 -1.549154214 -0.321378726 1.783799161 0.709738390 1.079659398 0.427404894 -0.490006660 1.660430223 0.465233051 -0.963915518 -1.251036937 -0.157225641 -0.380761568 -0.131889477 1.633911755 1.500900261 -1.348106247 -0.513210975 0.821823571
12.229259999 -40.332151559 13.436189144 0.672848868 -0.363120184 0.627210817 0.148407290 -0.517228726 -0.448474914 0.037532486 -0.013804850 0.843444415 -0.370350665 -0.989398213 1.666027585 0.807221355 1.903027919 0.360688485 -0.169441245 -0.482335281 -0.188652101 0.073227302 0.019620041 0.043217949 0.593564141 0.477802758 1.060651507
13.509185542 -31.569727185 17.122673873 -0.647337032 -0.042913081 0.011425373 0.760909124 0.730786360 0.503561761 1.865278421 -0.327251115 -0.678024333 1.121945535 0.104171745 -0.295833166 1.863332444 -0.537441463 -0.904732150 0.371392774 -1.351252682 0.870794534 1.571357022 -0.115400930 1.262795957 -1.805988066 0.104168404 -0.094499418
8.847805182 -30.775310564 8.009968688 0.260022979 0.647044737 0.328842071 -0.636854811 1.393551385 0.293508438 0.067547692 -0.756173570 -0.860194502 -0.080945364 0.843921006 0.619240056 0.027216699 -1.987759537 -0.659559937 -0.557415448 -1.353176492 1.261046785 0.248682370 -1.385775080 1.103291030 0.125065254 -1.491170199 -1.513358797
12.254232295 -25.216252308 3.029565584 0.213209402 0.575137953 -0.435808269 0.658657148 0.059339085 0.192785475 -0.772948799 -0.144926234 -0.141722735 -0.502645505 1.876238494 0.818238324 -0.286215242 -0.018609721 -0.665216879 1.595127210 0.675623645 -2.126072855 -1.388581499 2.080550112 0.940017132 -0.273546821 0.243160858 -0.254625297
21.729723847 -31.516599811 4.684868891 0.386797416 -0.316427868 0.414807397 -0.760391995 -0.296229302 0.310294264 1.115516254 -0.090884430 -2.009929084 -0.441490186 -0.614976050 0.691197088 0.042803125 0.255671531 -0.711363336 0.805444108 0.663296878 0.146877002 0.476065768 0.547373497 -0.271222367 -1.143727893 1.640258797 -1.296568659
6.280815938 -32.661344681 12.580015115 0.612303186 0.604921011 -0.315836873 -0.399252361 -0.902485956 0.181374011 0.185585190 1.404448014 -2.841008591 0.102005735 -1.037301967 0.543058931 1.091974024 -0.364757456 -2.407550076 -1.358579802 -1.079075448 0.939893400 2.471851818 -0.803297605 0.345684229 -0.336288548 -1.345883098 0.751665206
5.457403969 -33.681396697 4.162306867 0.506631963 -0.484742480 -0.650566177 -0.291740349 0.093630122 0.759138146 -1.260565421 -0.694582242 0.457533813 -1.962966335 -0.007781366 -1.184989324 1.577662023 -0.688240708 0.573688925 0.319402194 2.337333839 -0.913566239 0.480228153 0.142880213 -0.844160704 1.126376031 0.579253991 -0.280259665
7.262601931 -29.639878568 2.348792197 0.726148494 -0.127193166 0.662812956 -0.131184030 -0.317860470 -0.016324735 -0.598268153 0.167193856 1.206123723 -0.096104265 0.495212806 1.338927922 -0.900686864 0.707645602 -1.014726873 -0.402476689 -0.230040988 1.501823868 -0.600339387 0.977596004 0.284486800 0.162704192 -0.820156459 0.675647944
9.163355375 -29.111868368 14.370064369 -0.136642444 0.142795923 -0.434187969 0.878873696 0.535847703 0.947082103 -0.380766857 0.605704446 -0.561715294 0.323738624 0.374875701 -0.338722203 0.559984520 2.078647283 0.083965557 -2.695570232 -0.750129743 1.156531456 1.634691264 0.776003694 0.086670561 -0.595316714 1.105446300 -1.548105369
13.317439400 -40.018350682 14.451884275 0.176882895 -0.506553938 -0.018822971 0.843659436 0.012110891 0.836848884 -0.355242980 -1.511812833 0.254965210 -1.270397526 1.218376726 -0.261654161 0.874797184 -0.362846307 0.995053316 -0.963001343 -0.427805422 -0.961083266 0.066681152 0.253467631 0.813469120 -1.563926788 -0.833537442 -1.230860954
7.463376809 -35.259591852 6.900745401 0.450684677 0.578330148 -0.532618639 0.422770560 0.549375287 -0.509962144 -0.327061839 -0.736613170 -0.436655015 1.709625543 -0.389891350 -0.462297193 -0.197780799 0.998476888 0.591639410 0.899629311 0.105822259 1.186252550 -0.368875321 0.410860060 0.270981216 -0.141024707 -0.638409837 -0.697882312
17.728455508 -36.395316682 13.935347288 -0.625937049 0.082404475 -0.773953027 0.049081830 -0.944247534 -0.380851823 -0.261861698 -0.206980497 -0.515003745 0.384320597 -0.358210829 0.230645393 -0.721150175 -0.311310310 0.144754271 0.241121960 2.250180539 -0.888250202 -1.068250762 -0.715807573 0.579293034 -0.070573773 -1.265763933 0.570208664
17.164080443 -36.607242552 2.155774869 0.638392821 0.751581666 0.040065496 0.161165631 1.388668984 -0.457870257 1.085484744 0.311762662 0.398652856 -0.652293158 -1.554092036 1.525416579 -0.466517993 0.609113482 -0.772179958 -1.013055314 -1.661072919 -1.480210793 1.103453297 -0.291581301 1.898581560 0.850954619 0.177241029 -0.080407290
8.246024171 -33.504327587 13.081021717 0.515388694 0.590290841 0.232433211 -0.576112853 -0.800332907 -0.542044056 -0.203360250 2.653970986 -0.549326051 -1.890037354 -0.009079336 -0.173522092 0.307496059 -0.827961656 0.535160802 0.620418504 0.963921337 1.182361395 1.936451855 -0.880078245 -0.035592229 0.531424318 1.497087103 1.084164650
8.104718011 -32.031249159 5.081119637 -0.583627801 -0.622739517 -0.019488568 -0.520763170 -0.265709652 0.454743683 -1.771095897 0.987637777 0.864731275 -0.463634601 0.803611259 -1.443717527 -0.100713139 -0.854948875 -0.780246276 0.580045333 -0.937711130 0.185267181 0.810610105 0.910244934 0.378330224 -0.990113740 0.557557407 -0.723664398
11.713461678 -26.632455208 13.486355004 -0.735701205 0.228646519 -0.299554324 0.562789227 0.786344707 0.738007462 0.312799554 0.600331780 -0.246200807 2.343801618 -0.026159332 -0.656349634 -1.090986703 0.345649052 -0.720185160 -1.509650840 1.225080714 0.762648016 -0.053065766 -2.847491079 -0.146324908 -0.591818532 -0.073321396 0.940391836
13.562642164 -35.081035218 3.274197950 0.077748325 -0.395129607 -0.892042119 0.205155186 -0.085300963 -2.018050171 2.114509727 -0.280497944 0.168920904 0.907572869 -0.613227166 0.036751035 0.207043984 1.609684959 0.455802508 -0.188335799 -1.316814298 0.750189670 2.509546831 -1.478488567 1.033460004 0.106141293 -1.179407326 -0.299254858
18.969113589 -41.120714930 8.167037662 -0.883521701 0.173413509 0.432592941 -0.046695891 -0.731223505 -0.398115675 0.869763226 -0.161959738 -1.853309227 0.401248266 -0.124023115 -0.602658510 1.376784093 -1.048245207 0.780556919 -0.013316516 -2.180004895 -0.642424406 -0.504212059 0.069276824 0.156209938 -1.648522527 -1.283131081 2.568459741
19.203817139 -37.400597275 5.338647720 -0.095900822 0.134430369 0.789450096 0.591185296 -1.621160508 -0.364658923 0.892669293 -0.296035718 2.467019555 -1.295938179 0.529490660 0.841865634 0.221026707 -0.147375149 -2.206397458 1.248662208 0.071379475 -0.643802568 -0.887199174 -1.127518919 1.917943857 0.044855437 1.582329098 1.453517423
17.454214734 -31.973203715 6.462028662 0.448838400 0.505124007 -0.109099090 -0.729034441 -0.175910762 -0.244949846 -0.653095076 -0.187074075 -2.100909419 -1.322306541 0.335776542 -0.083964458 -3.806366583 1.081957186 -0.189917379 0.343131776 -0.818293372 2.149710566 1.266992146 0.402174340 0.012037085 -0.122555139 1.402682823 -1.461956375
11.794062473 -31.401117365 8.920622789 0.379128309 -0.505774534 0.774797706 0.011931501 -0.348574797 1.424151105 -0.701952259 0.102008183 0.269300938 -0.592238414 -0.192406065 1.104359774 0.465097003 0.714646803 -0.365001443 0.471258872 0.481092041 -0.071524801 0.505806888 -0.550369734 -0.236313598 1.410557375 -0.659486866 0.998323660
8.316843790 -28.843559806 16.308365280 0.727885662 -0.431303306 0.499661342 0.185737622 0.547971414 -1.185194190 0.343518133 1.072898932 1.757633481 -0.106165802 -0.481322138 -2.096539628 -0.846857533 -0.151473272 0.921084777 -1.009513995 -0.142074562 0.156410293 -1.446331722 -2.232512256 1.182288910 -0.045373185 -0.896131849 1.027849385
16.621850028 -34.478926143 15.255576402 0.088583703 -0.551848074 -0.143225039 0.816763870 1.103835933 0.108962953 0.258516808 0.901064671 0.680039486 -1.265013364 0.674645290 1.985031423 0.154343344 1.004029811 0.790696080 0.824718154 0.459883840 -0.477978474 -0.598813239 -1.130301899 0.080702580 0.932174887 -1.138931411 0.248265399
18.171903595 -32.696746018 3.260041758 -0.918527278 -0.392833023 -0.015138434 0.041960496 -2.105271781 0.693753478 -0.636500879 2.127008848 0.218241176 -0.530031890 0.004187885 -1.416141571 -0.388899347 -0.808491240 -0.481354345 0.788324865 -0.436983147 1.576563060 0.934907498 -0.374986412 1.445802698 0.891243912 0.740847055 0.019736027
21.272451048 -34.572260603 5.915201128 0.569026191 0.356602177 0.710249541 -0.211162664 1.218485138 -1.650375736 -0.235796606 1.279976811 -0.351563175 1.029459424 0.008187039 -1.269756106 0.406567899 -0.234372566 0.703312871 0.111325441 -0.963285671 0.821573513 -1.085742101 2.138296623 -1.148543368 -1.101511585 -1.288782016 -0.596674320
13.185855131 -41.500198236 12.287031084 -0.295315161 -0.744490284 -0.551023669 0.234299143 1.475903602 1.275407831 1.513377454 -0.841740410 -0.781108521 0.769576541 0.703816463 2.182880100 -2.228492639 -0.593941375 -0.056453159 0.043378440 -0.345110848 0.475181159 -0.344342750 -1.060386133 1.386779090 0.195149798 0.288621584 -1.137302106
8.272600442 -40.878633959 10.231867773 -0.507809798 0.262672118 -0.721308393 0.390956225 0.868740988 0.352818768 0.792089705 1.104996044 0.446131319 0.352740613 0.320522966 0.468261751 -0.932861445 1.998299346 1.134442103 -0.457202787 0.558431148 1.689890516 -1.255286472 0.827659087 -0.434617710 -0.062208858 0.861785687 -0.239357752
9.743087062 -36.119650501 15.899793739 0.200580147 -0.256989366 0.941100983 0.089738567 -2.515886700 2.187373331 -2.130170035 -1.052191207 0.487900868 -1.108425970 -0.708258306 -0.146019240 0.216237835 0.247048334 0.345043942 0.615262359 0.765372235 1.530637194 1.072623164 1.903337040 0.839092636 -0.240393327 0.032983442 0.714048466
7.877716845 -36.933776051 7.884506319 0.610434412 -0.140005336 0.777651782 -0.055009465 0.576736280 1.099480830 -0.466927261 -0.510200954 0.156096808 -0.163123717 -0.121948990 0.547161272 0.914274348 -0.488343731 -0.161427424 0.247026013 -0.609882410 0.583804948 -0.638415400 0.454248977 0.593623816 -0.025305877 1.740399632 2.886396456
9.205692001 -33.441445389 9.244651626 -0.712009107 -0.074665777 0.016404563 0.697996378 -1.750575636 -1.419227427 -1.320276965 -0.234657932 -2.509216236 0.657502190 0.905283174 0.970683897 -0.929621792 1.440371138 -0.183687786 0.276822075 0.883628408 -1.050349717 -0.334950247 -0.481446615 -1.222810544 -0.795182178 -1.357504458 -1.062203823
22.230778139 -31.159329735 13.613210755 -0.350709866 -0.092267507 -0.142348656 -0.920991942 0.674014822 0.447217501 2.265383985 0.978164655 2.048243253 -0.726819021 1.671791401 -0.414508645 0.711239497 1.041195526 -0.187955220 3.625450888 0.757215823 0.169576309 0.294864682 0.417627593 0.040828972 0.978415127 -1.806260674 1.049670994
4.328570819 -30.137059952 11.231224052 -0.050451546 -0.653995743 0.254046219 0.710777552 0.437974791 -0.905151431 -0.462542219 -0.804817139 -0.199276567 -1.331725463 0.652428064 -0.897367361 -0.694302140 -0.713190898 0.021914379 0.374387194 -0.239769218 0.273977434 -0.879133573 -0.392196982 0.201615771 -1.430223139 0.193574198 0.186087330
21.308826594 -36.372943753 12.540336048 0.429700341 -0.555896354 0.089653426 -0.705903056 -0.060745569 0.195834511 -0.133590034 0.800593301 0.458239749 -0.178787353 0.354376941 2.374145663 0.166158694 -0.393093882 -0.642062711 1.068051281 0.546669100 -1.331951340 -1.884027501 -0.410134244 -1.099482197 -1.410731518 -0.878977123 -0.731669082
4.761167668 -35.857455222 10.218952861 0.655547666 0.067822357 -0.404529208 -0.634045349 -0.259959747 1.105735521 -0.573216221 -0.771070539 -0.271117109 1.377463470 -0.505474079 0.772694530 -1.573072678 -0.676468399 -0.257060388 1.316016406 -2.302863707 0.257642968 0.209079612 0.139032478 -1.828143514 0.417645907 -0.717504165 0.458497038
9.865209189 -29.265028972 10.337715884 -0.399130024 -0.373849255 0.031351723 -0.836629564 1.053257722 -1.309091666 0.551695753 -0.111556327 1.758898547 -0.552998629 0.669044491 1.689863003 -0.585754922 -0.927724819 0.578368233 0.956930588 0.122340417 0.286403796 -1.047382902 -1.738903695 0.609387082 0.624717152 -0.216546890 -0.391598685
11.059051041 -37.282151717 14.423722861 0.193895221 -0.964585882 0.159045878 -0.081750398 -0.678685109 -2.314255854 -0.431539538 -1.443888586 -1.262525705 -0.209964668 -1.296984793 0.473774847 0.236404603 0.736821909 -0.151776573 -0.216758100 1.022218052 0.232421526 -0.233682840 -1.200498945 0.275099146 -0.697904958 0.690323090 -0.377471632
10.227788185 -28.740309077 6.485951951 -0.890615420 -0.142981680 -0.305687827 -0.304820220 -0.615597556 0.103373459 0.613318846 0.200577431 -1.032348459 0.958270413 -0.677573778 -1.208777497 0.756363600 1.036202555 -1.071893988 0.011455716 -1.018424489 -0.141317447 0.313475141 1.231148372 -0.852151035 -1.374761895 -0.290749527 1.168472800
13.664317085 -29.738045918 2.624571844 -0.109367983 0.684196018 -0.232856432 0.682416541 -2.183297887 0.023578912 -1.362372201 0.429355556 -0.150313210 0.764520940 -0.351723597 0.200196021 0.446650522 -0.606816605 -0.290774954 0.465552044 0.935295841 2.030080013 0.479110623 0.869567736 -0.386706612 0.788183411 1.163203565 -0.836251710
14.418426508 -26.314635322 5.885907762 -0.786822938 0.458445624 -0.410100130 -0.050548560 0.733843613 0.056309768 0.301459802 1.109347313 -0.488325055 1.232243948 0.243811029 1.749405668 0.522926242 1.530301802 2.955172748 1.192996424 -1.345259353 1.093429618 -1.044697186 -0.587970876 -0.258545091 0.855118453 1.201526802 1.212367877
3.910329627 -34.639712132 7.091898320 0.360422613 0.024044422 0.799953685 -0.479157079 -0.066628792 1.219307318 1.449362940 0.393825964 -0.392104782 -0.020165715 -0.719070292 1.813001553 -0.835786007 0.795417894 0.554055978 0.597597020 1.456919903 0.630971059 -0.643804104 -0.704098792 0.169178358 -0.275188555 0.070043443 -1.050857275
23.270869335 -34.334124184 9.272784961 0.396657571 -0.263229141 -0.433415215 0.765195689 1.406106999 0.191148503 0.176240992 0.302241654 -0.939512024 0.358512081 -1.924486697 -2.173591446 2.016418416 0.745331630 1.948398855 -0.999564969 0.889359756 1.685401361 0.158268603 1.635451808 -0.972988822 1.841651853 1.914334509 0.810958605
16.336173991 -23.886031133 7.242696770 0.048312680 0.527616711 -0.649867798 0.544938837 -1.415287419 -0.103646786 -1.256927796 0.273156858 -0.171206000 -1.188622433 1.417879011 -0.831561342 -0.468951145 -0.527767802 -1.155761040 -0.307591882 1.074575366 0.693124432 -1.143340392 0.279697660 0.242187795 0.070734244 0.783833429 -1.240970794
10.743706000 -35.913323546 15.841884056 -0.268544663 -0.901045080 0.130456076 -0.314615227 1.699005830 0.576046734 -0.402409195 0.894630358 0.270829839 -0.529166789 0.808338680 0.603396619 2.763719265 -0.164455690 -1.216002963 -0.524306460 -1.174246941 0.967287101 2.396981452 0.001799672 -0.373713989 -0.360004330 0.078163309 0.148987459
12.960109908 -36.060697875 9.912587383 -0.312988146 -0.937852627 -0.149375272 0.012565751 0.904422615 0.679565287 0.389922131 -1.836901768 -1.121991969 0.304792393 0.360382005 1.883021457 0.192299350 -1.211098117 -0.011210228 0.066167733 0.154280245 1.064570575 0.327773425 1.349327800 0.232442040 1.347276687 0.294684039 -0.312256844
17.261601754 -29.909073743 8.101517329 -0.492487185 0.126860098 0.536955508 -0.673083703 -0.497567734 -0.182669820 -0.021481445 0.141199124 -1.550090525 0.197401095 1.129569640 -0.999996639 0.801816104 2.094643899 0.482996568 0.968894454 -1.023855655 -0.332205028 -0.643483698 1.565878011 0.211528984 0.081857093 1.750141324 -0.113618705
19.178311105 -30.308548959 7.013846843 -0.788751435 -0.077131039 -0.056528753 -0.607228521 1.138965297 0.119705618 -1.566270725 0.287677678 -0.855784733 -1.383830316 -0.711023960 1.122322250 -0.551288641 -0.334259351 -0.630811470 -1.283879084 0.230486143 0.132257965 1.341764067 0.559149177 -0.685905829 -1.849839179 1.080903123 0.877204583
17.744753312 -24.900246082 11.379782768 -0.447606618 -0.145048690 0.306251092 0.827538193 -0.456075128 0.277012987 -0.193616509 -0.075549630 0.287478619 1.054366268 0.337752360 0.132658979 0.110573630 1.766241159 -1.505339937 0.169077705 -0.532082818 -1.851022336 -0.993233709 -0.533352973 -0.725651092 -0.998080873 0.872274762 0.079043850
16.851091638 -28.977572373 11.574676644 -0.285086278 -0.302689105 0.449530841 -0.790586582 0.269025240 0.360051015 -0.604341415 -1.062705039 -0.044002242 0.535925291 -0.864020156 -0.737933293 0.315338710 0.990869844 -0.277582335 -0.462270947 -0.252818542 0.757840416 0.247216427 0.594638422 1.963563942 -0.476393870 -1.635274293 1.092417681
5.471590192 -34.667323628 10.475239219 -0.534077604 0.827638112 0.078671818 0.153580640 0.414239329 -0.028477492 -0.162104086 -0.280772233 -0.387073454 -0.438600930 0.622479730 -1.619582761 0.494418710 1.113412271 -0.799699460 -0.942453810 0.932331978 1.462989278 -0.810040687 0.427384113 -1.879284275 -0.503592241 0.434617581 -0.476860373
9.338128349 -38.593615659 9.509200375 0.620231701 0.665219972 0.403932896 0.098149078 -0.104686998 0.698138003 -0.112482544 -0.024181540 -0.367265032 0.436604968 -0.988599724 2.496994748 1.096974756 -0.060146616 -0.264594497 -2.492332632 -1.897591010 -0.071833499 -0.610847342 -0.399242133 0.136477103 -1.216850691 0.431835181 0.909608251
17.045090966 -35.306295704 7.107343645 0.044881992 -0.567493335 0.015891232 -0.822000237 -0.337661464 0.045898274 0.852422899 -0.536062018 1.104554645 0.415961751 0.081779929 0.105666802 -0.146948020 1.319941346 0.902307071 -0.168053915 -0.669593414 0.696758724 -0.310556102 1.748105337 0.485852524 -0.043981065 0.528864734 -1.147806238
19.270518592 -34.141829623 13.825353207 -0.780808212 0.418698306 -0.442953720 -0.137194265 -0.012038082 -0.574620388 1.680653095 0.840540624 -1.183953467 -0.290093798 -0.015423012 1.279227235 0.726137140 -1.981188441 1.061510822 1.018241847 1.120932682 -0.796138915 1.496001844 0.423976270 0.389702263 0.487613338 1.426214808 1.126526346
6.231697161 -28.895029364 9.253000422 0.886525552 -0.276180563 0.367356178 0.053349606 -0.921757271 0.535588954 0.544485084 -0.105696978 -0.271606988 0.571885994 -0.770789733 -0.595670969 1.491955442 -0.418312896 1.187656342 -0.326966408 0.080105809 0.049258559 -0.515811013 -0.135479879 -0.225372526 1.365794840 0.727689298 -1.514168966
20.776822393 -33.120597963 8.223780016 0.354681412 -0.349840444 0.866447409 -0.032888415 1.152357484 0.904161138 -1.356172593 -0.295292921 -0.017096450 -0.846770455 -0.272869467 -0.100266350 -1.262109378 0.455008690 -1.497088341 -0.917065861 0.053283107 0.804604153 1.075382257 1.278333973 0.226479012 0.694764578 -1.399613402 1.146121664
11.064333274 -32.690245531 6.193585496 0.293790225 0.095431346 -0.914977627 -0.259607595 1.363044943 1.317324903 1.233721005 1.523670650 -1.302341358 0.787872263 -1.279533796 0.119231761 0.266141479 0.146936751 0.452260217 -0.598485988 0.684111009 -0.058418941 -0.808033315 0.894621259 -0.444628061 -1.298374960 0.611091286 0.746091064
17.205859742 -34.162194911 10.487032978 -0.453861612 0.343685201 0.203963478 -0.796422639 -0.936414296 0.942961110 -1.385367805 -0.625771400 -0.861735701 -0.681709581 0.523194765 0.396839582 -0.429040929 -1.842844601 0.494301246 -1.962112483 -2.488870971 -0.358460115 -0.132915626 -0.498621539 2.287092348 -1.338282494 -0.363029974 0.841268430
9.498947370 -23.941142612 9.112529025 -0.126231877 -0.134684777 -0.627280420 0.756600819 0.213547780 0.403326803 1.033169243 -0.238373960 -0.354681893 -0.367720226 0.422400717 0.632359351 -0.963351595 0.168540917 -1.354332840 0.602075145 -0.804239869 0.000959046 0.150832621 0.342719058 -0.813229229 -0.418923400 -0.144624909 -1.164856991
15.980944576 -28.928926633 10.029573336 -0.546410057 0.491205437 0.433080454 -0.522105917 1.561297637 0.006922032 -0.396533838 -0.411232571 1.179508883 -0.973063458 0.351112419 -0.607833566 -1.406267834 0.855036453 0.926872992 0.166362207 0.276805234 0.907148939 -1.701682436 -1.471589389 -0.562906047 -0.826264683 -0.435519807 1.007419791
13.018933514 -38.234100649 6.370774520 -0.126575361 -0.768481792 -0.206771750 -0.592165396 0.236629568 -1.510770594 -0.312363874 -0.361646632 0.365462640 -0.590732073 -1.247764068 1.663565982 0.838770883 -0.006043971 0.314442311 -0.674286025 -0.269512464 1.574653636 0.980192808 0.009415853 -2.077502282 0.979068041 0.068480469 0.502600343
8.403458696 -28.329717940 3.262754973 -0.286053732 -0.367685746 -0.217031081 -0.857833297 1.293593080 0.352449387 0.332486732 0.334513008 -0.162605009 0.240122055 0.167185962 -1.482015560 2.376239229 0.027626659 -0.559420147 -1.170699257 0.768470547 -1.474899717 -1.460236096 0.382242507 -1.750958475 -0.196268034 -0.725489420 -1.460954883
9.374107627 -37.064347796 5.330125265 -0.084620813 0.036469281 0.867872465 -0.488166667 0.490755525 -0.750985126 -0.695780095 -0.287393393 0.113714458 -0.083735174 0.383507052 -0.428693038 0.202831562 -1.687733796 -1.201134774 0.779194075 1.721945693 -1.324401929 -0.075375759 0.959120278 -0.903691898 2.303244357 -0.841857868 0.208985879
8.550773714 -40.335091228 11.242541349 -0.275803356 -0.926418374 -0.005610968 0.256222603 -0.210233172 -0.797559285 -0.794509575 0.371090220 -0.610748060 -0.177155992 -0.640938823 0.281100503 0.654594103 -1.348874159 -1.460400783 -0.513880859 -1.118644082 -0.391645273 -1.141799279 1.086472996 -0.428980332 1.166244694 0.384987231 1.917404163
20.327297919 -27.098523910 8.423035893 0.229216113 -0.089849473 -0.945456549 0.213304852 0.675070044 0.266534281 0.402046948 0.868362551 0.409906156 1.957218637 0.554401420 -1.441695313 0.847075586 -0.811916864 -2.164801706 1.657169108 -1.295873276 1.685248310 0.769116870 -0.720094276 1.252843536 -0.918182110 0.090573250 -1.219332892
12.563004240 -30.194892733 4.413804606 0.473066415 -0.213695430 -0.831131098 -0.199407946 1.242210873 0.129695124 -0.423258214 -1.451586504 1.479341169 -1.423259229 2.027774706 -0.800007448 0.100478731 1.202606669 1.529034030 0.092004018 2.001605101 -1.228476231 2.088375777 -0.069318195 0.323627770 -1.912667911 0.323918649 1.097279638
16.560601730 -38.756575639 14.056728791 -0.687609622 -0.437474119 -0.453314569 0.360992112 -0.261892668 1.223288017 1.398125857 -0.236743372 -0.193755879 1.028119020 -0.527039614 -1.801139392 -0.799345272 -0.566894828 -0.455944937 0.672790628 -0.534375280 -0.521097369 1.902340323 0.163730138 -0.472989346 -3.004184158 1.027260489 -0.002737174
16.188374363 -31.682262213 3.216648375 -0.430279768 0.666309588 0.459173144 0.400063591 -1.426067675 -0.548826943 0.084503852 -0.372242556 1.940807494 0.425191418 2.728863990 1.834358714 0.084140141 0.107521982 1.198885676 -1.207048751 -2.706073714 -0.184564479 -0.246391291 -0.678864839 0.338240861 1.724704569 -0.336785086 0.395978012
15.725960559 -27.648196203 9.297987057 -0.627218802 -0.154376660 0.760297298 0.068647212 1.780922875 -0.632694102 0.572964127 -0.865398641 0.587326960 0.616454525 -1.558520161 -0.663103160 -2.188144789 -0.418050520 -0.712626476 1.656698958 1.328576933 0.270399633 -1.448789081 -1.193527000 -1.172924027 -1.710621171 -0.575129508 -0.528103118
18.968390743 -29.300745981 3.266607254 0.756699696 -0.610972726 -0.232358777 -0.011282637 -1.238982427 0.139387740 0.551082079 0.052100787 0.099949903 -1.122959615 0.568985107 -1.887526253 -0.796271979 -0.397240308 1.347494104 1.373299062 -0.922557849 1.377073137 0.935688531 -1.308866515 0.913330366 -0.900061487 0.779618940 -1.141003420
7.636227700 -27.191144712 4.303428598 0.121091024 0.925456230 0.279981120 -0.224673769 -0.225054087 0.815377931 -0.846380335 -0.002030676 0.781016156 0.001095407 1.354144441 0.353860544 0.411867641 2.049984018 1.695406581 1.038706898 0.741868570 0.315605776 0.325701837 -1.346818238 -0.001336176 2.058927115 2.105810642 0.675344542
17.127886711 -33.271237764 5.869565259 -0.589963610 0.575654170 -0.422918866 -0.376437044 -0.841159683 0.156179731 0.512066548 -0.594162063 2.721696568 0.640795438 1.203963245 0.253944635 0.048846598 -1.144731382 0.340895883 -0.981745384 -0.158184970 -0.895892916 -0.770927288 0.136109766 -1.158661633 -1.436159168 0.089007618 0.733517443
21.036072127 -34.271315886 11.861921473 -0.553349593 0.231417360 -0.686446488 -0.411146510 -0.056902231 0.062196867 0.891449592 1.356334130 1.106276139 2.265392266 0.574536002 -0.089964481 -0.191854821 1.757774210 -0.725244766 0.408970568 -0.248720460 -0.889411514 0.206688558 -1.097253950 0.006201615 0.405723081 -1.054733532 -0.157707371
17.996829006 -33.406263517 17.910134781 0.308112799 -0.012937844 -0.264500628 0.913749710 0.439279356 0.802349117 -2.040608492 1.036423773 -0.815665337 -0.208573669 0.286706397 -1.287567496 -0.352954839 1.173501379 -0.479278413 1.502932562 -0.070984460 -1.264267217 -1.385719180 0.016136664 -0.454253287 -0.250336306 -0.476107051 -0.454649453
17.547846929 -29.961742803 14.275500017 -0.753194372 0.407383182 -0.372301567 0.357950728 0.872909460 0.323285829 0.203672422 -1.299176003 -0.627783688 0.305073926 0.620188661 1.319173145 -1.100776176 -0.345273534 -1.814925594 1.139731103 0.958005696 -1.870820185 0.212825505 0.052272621 -2.005957102 0.244193712 1.844493338 -0.960211132
12.755657868 -32.924267099 6.111036212 -0.689073574 -0.498717638 0.093266064 -0.517455088 0.118249605 -0.563056871 0.020193162 -0.823486888 0.072015585 0.956915549 -1.387414251 0.756912318 0.469632687 -0.564293197 1.507690053 -0.899890355 -0.459779344 1.216296562 0.633546198 1.149702542 -0.319201377 0.060394314 0.034895579 -1.269033503
14.599890420 -35.395065124 15.356450273 -0.170516547 -0.276131951 0.741247735 -0.587560251 0.914821939 0.625170741 -1.174201478 0.064513509 -2.108951500 0.632192459 0.287973627 -0.017379431 -0.238119494 -1.351548007 1.090880804 -0.296038002 0.076833502 1.763194934 0.261593400 1.984182480 0.858419473 0.585498803 1.334661165 1.857496103
17.614569351 -32.693934937 5.128716773 0.708725115 -0.542866364 0.082097207 -0.443017912 -0.917171802 1.045567984 0.009892515 0.803193888 1.748184419 -0.830434185 1.603292990 0.072768193 0.519258755 -0.498626487 -0.508154065 -2.112445559 0.923681892 0.617477976 -0.034662117 -0.760378240 -2.153143231 -1.708686694 0.475736513 -0.188592356
20.399940093 -29.878339129 13.746140430 -0.134161552 -0.900413175 0.401677941 -0.099557137 0.524135078 -1.075120862 -0.753990638 0.617695841 0.749496630 0.260496432 0.221112260 0.265636357 2.199550840 -0.328391674 0.688404889 -0.490562015 1.937948232 -1.712592159 -0.049323260 1.815045894 -1.514088540 0.987645487 1.400975357 -0.296230583
17.719902940 -37.558003386 16.923495537 0.685694809 0.672525859 0.082202297 -0.266034546 0.982882504 -2.060103512 0.436569614 1.032723837 -1.134505965 -0.974000660 -2.008018708 0.045331598 1.105966683 1.174136465 1.220937149 1.299022240 0.661447873 0.213359473 1.161689412 0.508479371 0.230342691 -1.547572054 -0.210221839 -1.664958740
12.588515718 -36.253159752 15.610746606 -0.139191349 -0.458477755 0.065910258 -0.875259821 1.080789413 -0.244184609 -1.082639493 -0.557591661 1.340608450 -0.453272349 0.175383729 0.948946855 -1.258879674 0.224637648 -0.544644699 -0.602825509 0.813520923 0.320356180 0.826156419 -0.288835532 1.108215828 -0.793608098 -0.261943007 1.201002206
13.890453503 -25.566224273 11.708643925 -0.676148782 -0.031187195 0.431351109 -0.596478335 1.292508204 0.870674750 1.223454350 -0.060559598 0.526379361 0.437542080 1.205323369 -1.313736906 -1.102508481 -1.089209422 -0.145792585 -1.946513876 -0.279418123 -0.161330046 0.080320222 -0.056096989 1.093503479 -2.089244663 -1.088555322 0.337639916
9.692725469 -31.389868461 11.675358367 -0.660084171 -0.650460265 -0.370760410 -0.061049562 1.457281690 -1.864467120 -0.015208683 -1.725510453 0.042607032 -0.105582466 0.752289447 -0.331533972 1.720780158 0.339830429 0.867519346 0.387729426 -1.965791986 -0.532410842 -1.441317182 1.363933716 0.452289467 0.627538282 0.513539958 0.466518630
17.541830232 -32.011643421 9.816957382 0.212483423 -0.632799713 -0.035500708 -0.743743919 -1.295116381 -0.204635810 0.891885482 0.037318619 -0.623628522 -0.181091231 1.235406555 1.154923034 0.065857256 -0.404949855 0.308455685 -0.235499960 -0.346449597 0.713453224 1.091916914 -1.318862160 -0.384768686 -1.523802550 -0.032744111 -1.351926320
10.391380197 -33.538495584 2.730725256 -0.250241923 -0.416762561 0.565441020 -0.666306537 0.481676887 -0.880368205 1.407182047 -0.038128397 -0.639564010 -1.812820745 0.559150393 -1.126726214 1.087937012 1.011945918 0.360685418 -0.224622068 0.159773361 0.085532580 0.620666048 -0.171987552 0.360865556 0.656708627 -0.749995949 -0.215904332
14.991746413 -29.258361275 13.592462829 -0.760344141 0.124832006 -0.319411447 -0.551606821 -0.571167545 0.258739030 -0.076286436 0.297010307 -1.359543372 0.032999479 -0.151009192 0.312119778 0.307659877 0.598365711 -1.313279804 -0.068442924 0.848853776 -1.232359565 1.131555948 -1.597879276 1.437576812 0.453408918 0.634557563 0.660402988
6.704566246 -34.881515020 12.070756749 -0.049065710 0.581792364 0.590966980 -0.556658090 0.940901896 0.613654332 0.252263878 1.029472068 -0.639593662 0.666332766 -2.176413887 -1.414162797 -1.400741431 0.047777346 0.386797199 -1.512821498 1.763990113 1.481747304 0.031611508 0.019976767 0.143958486 0.777165096 -0.649104537 0.144454100
20.188931993 -27.998909418 9.446567223 0.526629443 -0.193997669 0.651791423 -0.510092418 1.131851965 1.272415988 -0.647922053 -0.449660149 -0.913548797 -0.372148409 -1.557305318 0.602359011 0.264387619 -0.427326966 1.404899213 -0.179822471 0.116846355 0.657930984 -0.799849220 1.435833029 1.576995916 -0.365480229 1.071432667 -1.279239341
17.271689022 -39.535524631 15.325377113 -0.139698271 -0.915148357 -0.047634881 0.375125039 -0.020540358 0.595564207 0.812597492 0.152022429 0.521687641 1.461816990 -0.953894334 -0.043224560 -1.233426033 0.891298117 0.422435487 -0.636431345 0.122992190 0.082939092 -1.081818376 -1.065672088 0.342462185 0.627754513 0.139695895 -0.586491777
13.978756942 -30.176086711 8.051989754 -0.310762441 0.437736784 -0.577257355 0.615294368 -0.157273608 -1.590557574 -0.314452237 -0.668655525 0.747917292 1.142564616 -0.490635342 -0.310510218 1.308129885 -2.023639604 -1.503432212 0.220285868 -0.694722204 0.661333134 0.283453227 -0.770499924 0.033087136 -0.187994459 1.331986075 -0.204858324
8.698145568 -28.344046357 8.769446201 -0.153016304 0.285481461 0.946083669 -0.003469576 1.155783599 -1.153811151 0.846499261 0.069411075 -1.003914415 -1.060164390 1.457669331 -0.016701676 -1.695716275 1.708805508 -0.572445582 -0.842834543 1.382970398 -1.116948669 -1.755587467 -1.303684583 0.008233425 0.761798100 0.971738515 -1.127798563
14.292431742 -30.623670239 11.316418233 -0.459793129 -0.633975009 -0.418570390 0.459853015 -1.350528084 -1.038350884 -1.507007205 -0.254798507 -0.103189279 1.023810051 0.113894761 -0.515654990 2.082941495 -0.548171514 3.361527111 1.572975279 -0.052555035 -1.066740213 1.848024220 -0.755949760 0.398410511 -1.259712328 -0.830153363 0.310661279
6.936460860 -35.585687146 15.951196324 0.615885720 -0.115635904 -0.776261283 -0.068786178 0.185493326 -0.734697015 1.028468525 1.211466245 -0.899976053 0.347003767 -0.363287710 0.998552052 -0.179539005 1.622166407 -0.010097592 0.390274176 -0.283115703 -0.012062330 -0.358502472 1.845482246 -0.429744916 0.129732619 -0.513675372 1.451116624
11.446205555 -34.246350127 15.404987020 -0.694526019 -0.097115775 0.032690980 -0.712133018 0.308243576 0.324421299 0.472820249 -0.424640518 -0.281046448 0.651106961 -1.135268867 -2.234840847 0.556921470 -2.063914409 -1.172706141 3.213163208 1.473200835 0.753067088 0.740475528 0.560895212 0.502707302 1.006995365 -1.694340852 0.531502864
16.087668959 -30.184929950 10.545863464 -0.723844273 0.332004818 0.157297638 0.584020310 -1.072794892 1.056123219 0.103886582 0.766370915 0.191024030 1.161445186 0.601220815 0.657246722 -0.445293550 -0.372686453 0.283927434 -0.954287228 0.411013201 2.191155110 -0.896822575 1.413161841 -1.161824849 -1.041295584 -1.107366377 -0.644130168
20.534107314 -29.619183469 11.390360615 0.003247213 -0.491118850 0.870222753 0.038782617 -2.034896189 -0.322886969 -0.511304850 0.772241664 1.572801890 1.682090595 1.727354469 2.325026523 0.522767747 1.574470950 -0.118925254 -0.079781329 -0.713571312 -0.030250112 0.049297404 1.025144742 1.025685099 0.381141544 -0.367534093 -0.198453460
16.341745668 -37.640611723 8.550343647 0.059154040 -0.477007362 -0.575632793 -0.661522232 -0.358375991 -1.001982366 0.586740856 -0.677798695 -1.156545219 -0.071542962 0.895801566 0.120312427 0.857438185 1.613892995 -1.003826513 -0.645508957 -0.581106693 -1.621640101 0.363024324 -0.336611119 -0.387364122 -0.332608844 1.768217631 0.189309242
20.914404224 -27.443460527 8.119493034 -0.487241986 -0.603678321 -0.569129456 0.272505769 0.764332625 0.167983719 2.221380372 -1.474849291 1.775909502 2.036867166 -0.007603819 0.944628107 -0.708528557 -0.405655478 1.095525477 -0.236824507 0.130034096 -0.902596624 0.165108551 1.669580994 -0.926317195 0.551613478 -0.814419646 0.346488850
15.447174128 -33.864662156 15.936507177 0.523177520 0.336271270 0.064586624 0.780407255 1.401246866 -0.722707719 -1.531717088 -1.874970791 1.198582030 -0.241646278 0.465767332 0.359435700 2.245794516 0.443297383 0.893335215 1.538737683 1.049298030 -1.139290241 -1.221755810 -0.108404531 0.424299593 -0.203215633 0.155821229 -1.376283162
19.339746524 -34.255081125 15.402874037 -0.825481694 0.139871790 0.509657848 0.198153310 -1.457387628 2.269277948 0.324714922 -0.483123062 -0.071648264 1.104994585 0.062047994 -1.600850292 -0.404954614 -0.492758919 -0.328711679 -1.263145646 -0.004565916 1.948012917 0.606785011 -0.077300606 0.102681447 -2.588970315 0.675030341 -0.613532971
14.623166141 -36.286421756 9.403610648 -0.669397663 0.380748180 0.462597566 0.439250593 0.460909931 -0.227720116 -1.705222902 -0.937071785 0.072235261 0.891181021 1.212072183 -0.227625224 0.496806373 0.683774213 -2.388443056 1.021487680 -0.318615964 0.754688629 -0.732586977 -0.210288652 0.266691097 -0.992497944 0.729491175 -2.123151800
8.572097491 -35.318158672 3.083413844 -0.407390220 -0.538972817 0.541054759 0.500800617 0.699096790 -1.123235059 -0.499341245 -1.031960442 -0.334509077 -0.429294702 -1.045150791 -0.204750574 -1.687964157 0.719994105 0.909613599 0.984729962 0.142072936 0.635574852 -0.596223240 0.707415730 1.893403573 0.380032503 -0.854051835 -0.017462487
11.520788093 -42.481358498 7.640044102 0.239964759 -0.483916993 -0.807813575 0.235962893 0.402808010 0.777304603 -2.248170928 1.363979456 0.294835300 -2.572941100 0.051839739 -0.564151071 -0.162652630 0.499529309 0.657424748 -0.156183477 0.040952472 0.333479836 0.753133261 -1.145753012 1.222194364 -0.610515071 1.474179911 1.980241375
9.463224210 -28.782882606 1.521614416 -0.107354212 -0.955611185 -0.065396002 0.266468945 -0.218676046 -2.124392566 -1.023756050 -0.938888449 0.945081571 0.143646500 0.817314107 -0.753459764 0.565689985 2.078250593 -0.295441439 1.535009815 0.850969043 1.020238096 -0.922933182 -1.275987391 -2.289663164 -0.955012501 0.350561424 -0.574947071
8.060335934 -37.246309904 3.732083756 -0.528151141 -0.215668720 0.198882107 -0.796862148 -0.925929824 -0.853866896 0.904528941 -0.617624108 -0.918536189 0.656636505 1.238500212 -1.220324935 0.639623908 1.170609544 -0.288573821 0.776113549 1.694263244 0.146450681 2.340819700 0.102904004 1.089784473 -1.468427971 -0.467960312 1.133187196
21.781942557 -31.379500539 14.068450490 0.013021941 0.893002613 0.059777595 0.445873750 -0.107389270 0.965608630 -1.258714939 -0.682685538 0.648613170 0.192279472 0.319064473 1.066033312 -0.069450754 -2.086258776 0.476267586 -0.025100297 -0.232256615 0.311926246 -0.125554653 0.068296288 1.864295675 0.707963365 1.313093014 1.269714268
7.133177233 -31.482358577 11.160593500 0.322481779 0.859786864 0.129684442 0.374104258 -0.537418797 -0.954873147 -0.288076280 -1.862851499 -0.157610558 0.455401003 -0.439558023 -1.962303106 0.327709898 -0.598983875 -0.590119759 0.533450172 1.620465593 -0.465843292 -0.276315371 -0.256220312 -1.002377145 0.394435438 -0.045465019 0.114627335
19.480348705 -36.909407735 2.256744719 -0.163640939 -0.814932378 -0.159230965 0.532684111 0.513557347 1.456453309 -0.352151179 0.094508347 -2.518026107 -1.984003853 -1.495625239 -1.694085102 -1.343731594 0.226883208 0.841992471 1.040425129 1.243727136 -0.212435549 1.568734817 -2.079759941 0.272110029 1.448757277 1.495709310 1.188250388
9.894463800 -31.990443697 18.369743679 0.944830764 -0.132459643 -0.293435720 -0.060371755 0.444072682 -0.406359138 0.676678403 0.762169435 1.372231868 -1.937943659 1.054444159 -0.586969338 0.418032817 0.085450294 0.245789626 -0.139018720 0.048522703 -0.517286841 0.291401781 -1.026307355 -0.668513824 -2.195915239 0.022295809 -0.913444290
13.004013206 -31.112720704 5.897666671 -0.057857584 -0.356940580 -0.105294805 -0.926368677 -1.622763747 0.295066687 0.015476535 0.014865909 0.138526461 1.104002170 -0.707043953 0.801659221 -1.067358345 1.037749750 0.529796679 0.012405993 -0.711753007 -1.552283679 -0.469479455 -1.201487372 -2.772264014 0.446599289 0.749831981 0.510253285
18.496265385 -40.660392003 12.336284218 0.556767736 -0.605162712 -0.520076061 0.230886705 0.984713418 -1.182540892 -1.230990760 -2.525360548 0.005301483 -1.032650592 1.139335286 -0.280645032 -1.352228532 0.324872039 -0.004397554 -1.605703613 0.426721387 -0.441581248 -1.602550444 1.653599203 1.038013223 -1.564198649 -0.407844664 -0.142361951
15.566440567 -31.216670175 -0.089318952 0.288795149 -0.641755700 -0.047776536 0.708847223 1.958565199 -1.767568471 -1.261102499 0.301074821 0.180730933 0.674087193 -0.243652336 0.700278451 -0.030501339 1.399736991 0.453725431 -0.350106057 0.960900698 -0.677145595 1.777934180 -0.629006630 -1.492735224 -0.012219363 0.555894755 0.281073838
12.445604407 -38.764429846 1.471782926 -0.062586191 0.742007357 -0.638727040 0.193741632 -1.799441774 0.890444858 0.824570311 0.001290612 0.550912364 0.694662316 -0.295964586 0.192133403 -0.504584327 0.321876721 1.646302286 -1.628999237 -0.465989296 -0.494197939 0.602694344 2.053820064 -0.643767963 -0.434504279 1.003913944 1.142968836
10.329884419 -32.215362948 6.730738864 0.280104762 0.877157671 -0.058722392 0.385600082 -0.093627921 -0.939124643 0.408745366 -0.032642758 -0.374866822 -0.318815237 -1.120188826 -0.745767562 0.582311738 1.237234460 0.188484733 -1.685237255 -0.181352528 -0.014488594 0.024076352 -0.184989539 0.179845294 0.672708050 1.560664601 -1.388057012
16.598876136 -41.177082637 11.987842849 0.598124263 0.197450349 -0.151202992 0.761838816 -0.002221067 0.316344026 1.273235631 0.979091170 -0.719010144 0.507524738 -1.392060566 -1.877545289 -0.428494562 -0.739845253 -1.111458064 0.999902298 -0.226010050 0.756339167 0.482051830 0.446884019 0.677007875 1.262926346 1.537894262 2.101411334
18.748669635 -39.662637261 6.210659843 -0.633782592 0.723086250 -0.163082308 -0.221065740 -0.320563471 -1.343307377 0.820538122 -0.187675682 0.692920291 -0.628784006 0.754214944 1.880005035 1.536010588 -0.329695101 0.265905267 -0.319545742 -1.013335379 0.430821673 0.677902167 -0.521684293 0.378929256 -1.316720491 -1.017202340 -1.572717943
15.974559991 -41.919304220 6.111261295 -0.342540961 0.222615447 0.329465648 0.851211160 0.005602235 0.441539747 -1.126626208 1.010763065 -1.028627235 0.294916776 0.552700864 -0.733996752 0.518378915 -2.121032961 0.928430142 1.971918105 0.061282358 -1.605490825 0.762854579 0.101567134 -1.422277178 -1.243200440 -0.738521416 -0.793871639
11.831976403 -25.638996081 15.096327011 -0.118067104 0.881355791 -0.434134434 -0.144220044 0.148510441 1.221711166 -0.100225491 -0.677457435 0.280401398 -0.405923424 -0.573543843 -1.180855608 1.070534511 -0.421910471 -0.387899624 -0.645954130 0.275472137 -0.403017805 0.470439722 -1.459315286 0.000016138 0.074162925 0.136681009 0.151682913
19.625899906 -36.630763261 12.200127055 -0.406930096 0.908810281 -0.017018103 0.090455258 1.816486436 1.032684110 -0.964645489 -0.159514077 1.806689636 0.366127015 -0.296246193 -0.052889644 0.983596287 0.466435374 -0.149901230 1.086024702 0.401687300 1.200684795 -0.681458446 0.041847415 -1.298709045 1.450853951 -0.972450699 1.500185271
21.068752788 -35.458858624 3.558737164 -0.294570436 0.600061333 -0.116526205 0.734558574 -0.080954650 -1.419974981 0.312593462 0.128722111 0.142733886 0.078998156 -0.322243371 -1.771350751 1.736716130 1.022104829 -0.988644496 -0.283498593 1.918249475 -0.632683329 0.454233052 -1.427584638 1.270893067 0.089578510 0.564210483 -0.231855535
10.053837844 -36.342369234 14.838601280 0.833851123 -0.133516474 0.041114809 0.534018004 -0.598584284 -1.266680194 -0.215188883 -0.748827855 -0.161355997 -0.797577929 -1.403836942 -0.263489348 0.385813993 0.896876699 -0.377541328 -0.381164290 1.032677510 -0.818532779 0.283579447 -0.562386574 1.337939816 0.478749821 0.790991166 0.817956744
8.815147165 -32.035024388 15.591333815 0.181828385 -0.132151637 -0.915122751 -0.334700961 0.744762491 0.805086590 0.517189686 -0.252414404 1.641170955 1.103084893 1.069839816 -0.448870483 1.116968687 -0.998644550 -0.100178852 1.440873398 0.462760901 -0.758153715 1.459969165 0.114887923 -0.517863441 0.806377924 0.280044179 0.358498383
17.365424016 -34.769783642 2.166730888 -0.811591200 0.464406278 0.286983948 0.208054675 0.956163505 1.500899750 1.285273931 0.852498605 -0.009287677 0.099745309 0.556361167 0.188334201 -0.602489934 -0.015743860 -0.755840041 0.037933119 0.290949253 1.146638225 0.380134227 -1.258308621 -0.807804125 1.552797114 -0.833508387 1.160569072
6.340046359 -28.613753578 9.455856829 0.861470193 -0.414609388 -0.166447703 -0.241377969 -0.258648470 -0.357735342 0.960990576 -0.070495076 0.038218503 -1.816018801 0.816281284 1.570844949 -1.234953661 0.190644271 -1.572150272 0.701179732 0.727759865 -0.123362474 -1.901751637 0.059763715 0.797899529 -0.966606961 2.522811505 -1.067996419
20.163491926 -31.329685353 4.944726016 -0.205703602 -0.941071280 -0.030523523 -0.266719307 -0.950405282 0.693315058 0.301301087 1.075622815 1.696982199 -0.981655058 0.091334378 0.836046845 -1.301276951 -1.393567495 -0.562627749 1.327151575 1.461889054 0.252249046 -0.539497330 -0.301274980 -0.380597966 0.011445084 2.185407933 -0.979329034
9.726463504 -34.147029444 14.716383399 0.303044287 0.751358600 -0.249189657 -0.530592998 0.397972923 -1.282696622 1.370591758 -1.465697411 -1.008037620 1.705435011 -0.437291502 0.305748246 -0.268931967 -0.601585416 -0.493229078 -0.679665387 -0.551459671 -0.880112983 -1.076413285 -0.342895352 -0.371706358 0.460390704 1.534378842 1.732445920
20.752668505 -32.717070522 12.560925734 -0.003003506 -0.727678693 -0.027781367 -0.685348739 0.457589339 0.104559925 0.325001058 -1.753179218 -0.602013858 1.616345316 -0.893257297 -0.276071351 0.871528675 -2.239012718 1.107821908 -0.638100715 0.351560161 1.347208651 -1.147750100 -1.086171379 -0.420680883 2.099847707 -2.263851709 1.837717793
15.417311348 -36.992400088 15.427627982 0.536759621 0.250228785 -0.671853487 0.444845542 0.220851805 -0.876084113 1.815718393 1.815912289 -0.638327365 1.141600949 -0.276708660 0.067054337 -0.210390818 -0.189403572 -0.588367570 -0.520698252 -0.175728814 -0.684469108 0.075570758 0.791810953 -0.032991215 -0.067734675 0.394899014 1.493542450
19.507891413 -28.777837043 11.871238433 -0.852463579 -0.151683184 -0.462082443 0.191775581 0.785287632 -0.316705686 0.730559869 0.440899593 -1.587657750 0.795607578 0.953993561 0.086629761 2.143331395 -0.200403243 -0.354241324 1.177040821 -0.297582282 -1.243036245 0.693686175 0.190817782 -1.861105624 1.501136748 1.346343602 1.436003287
5.195649179 -36.376290058 10.061537294 -0.476717147 0.435983835 -0.312079661 0.696609749 -1.077278130 1.525031696 -1.571797119 0.313690446 1.311231992 0.312753136 -0.254377655 0.401993581 -0.947050541 0.395125971 -0.353860913 0.580240241 0.081707743 1.311157329 0.773582523 0.534835010 -1.830940704 -0.437437533 -0.599491152 0.223906598
11.614034832 -39.396429544 3.814256483 0.543128504 -0.664855166 0.510149252 -0.052218549 -1.582550728 0.200275962 -0.931936667 0.107471758 -0.584926281 0.545688961 -0.037758791 0.473464351 0.718795665 -0.000784196 -0.703073578 -1.212084579 0.004551277 -0.517848542 1.090114622 -0.575145968 0.588049734 -0.047820084 0.944022661 0.142212360
12.273553252 -28.349276029 6.988754448 0.110085178 -0.624046216 0.773243246 -0.023290716 -0.703646644 -1.532824935 -0.400515027 1.144835712 -0.761246161 -1.170650166 0.573856849 1.786845297 -0.939743953 0.578020881 0.296190869 -2.179418579 -0.190931238 1.813702916 1.304532203 -0.394302798 -0.519807156 -0.585149306 0.491481750 -0.285636863
15.472452751 -41.488551138 6.997244822 0.053755556 0.760308662 0.018840344 0.647059596 1.658200416 -2.258431074 -0.820033271 -2.559621704 -0.371573092 0.029118608 -0.997196925 -0.021278089 0.446820718 1.188186839 -0.619921881 1.598366715 -0.956966432 -0.990314657 -0.664868767 0.567427562 0.433232856 -1.409463297 1.461945405 0.979910189
15.475401345 -35.561035072 10.757354944 -0.254771259 -0.699489392 -0.636397613 -0.202000678 -0.033090201 -0.993721409 -0.088026569 0.017981126 0.424927331 1.253943466 -0.303127060 0.424197981 -0.074193970 0.584201913 -2.176382994 -0.667321104 2.547575894 0.031144961 -0.427415514 0.239293424 0.485926555 0.636033326 1.853342275 0.169883339
7.673867723 -28.348337130 13.699861874 0.707510065 -0.619811490 -0.304347462 -0.150452142 -1.028226733 -1.087925548 -0.732547791 -0.516809411 -0.172039247 -0.947238516 -0.098983255 0.408942359 -0.135102583 0.620495493 0.305573265 1.596441336 -0.729856735 0.728467328 -0.226266739 -1.260078363 -0.989189622 0.802727525 -1.697507883 -0.584229641
11.477938960 -40.036411481 11.084244223 -0.519974010 0.818921809 0.024177191 0.241680706 1.791909909 0.651189538 0.021813369 -0.014952381 0.985790431 0.711401748 -0.184069221 -0.188376551 0.360692950 -0.626685629 0.924648641 -0.412904128 -2.711847014 -1.163026997 -0.113008458 -0.719615050 1.030363481 1.158210322 -2.046043912 -0.189780065
16.203926207 -34.128196765 16.591518067 -0.964960081 0.010123430 -0.262149487 -0.005215888 -0.211434029 -0.526360440 -0.820249925 -0.410539114 0.664853285 2.384480328 0.047459393 -0.022852282 -0.603884841 -0.867372709 0.785889571 0.183045537 1.156863656 1.482214893 0.531631962 1.218039758 1.156543287 0.815770956 1.050784613 -0.001091022
12.279105576 -34.719222378 8.043843819 -0.398455217 0.418238765 0.027660159 0.815809225 1.170011262 -1.186093286 -0.550492917 -0.520299838 0.356880299 -1.362095935 -0.545263865 1.060526166 -0.964543229 1.414055833 -0.699699534 -1.411977880 -1.082646262 0.380671977 -0.542042444 -0.246878458 -0.132224961 1.090265819 -0.022445061 0.532429875
16.942197229 -33.322675117 8.192188580 0.197063689 -0.182826657 0.222259852 -0.937198418 0.695290247 -0.948522229 2.587928648 -0.182665947 0.154891390 -0.805213251 0.865414718 0.217044395 0.394296701 0.524527356 0.105134444 0.023114477 -0.112562941 -0.114632433 0.247870041 -1.047366227 0.524442473 0.759985808 0.322595322 0.692148677
18.267586068 -33.309465608 14.554402699 0.849494737 0.397054469 -0.243233813 0.248080134 1.741190504 -0.375066931 -0.125321479 0.231865775 -0.377860926 0.014162791 -0.038004249 -1.235288579 -1.323230159 1.345722552 0.163286964 0.296504867 -0.639159134 -1.031140900 -0.079265592 -1.819986687 -0.218551271 1.075533795 0.824831826 0.990501024
15.897008676 -41.672304225 12.825850221 0.414580075 -0.814657759 0.017924588 -0.405135540 0.351284164 1.214809514 -1.010286729 -0.600486486 0.168120750 0.839230641 0.802695209 -0.777388671 0.041802744 1.055068401 -1.269140097 0.752465347 -1.036252261 -1.790480926 -1.962800281 -0.764424532 -0.315775610 0.498445328 -1.194459281 -0.302183312
12.452699648 -23.250064215 11.213931330 0.608071014 0.546650480 0.153630059 -0.554815916 0.683569215 1.253924066 1.710597901 0.586227383 1.352024383 -0.637315106 1.448304293 -0.910723601 1.062047818 -0.711029465 1.271177699 -0.497642391 -2.731029361 -0.919306144 0.249538633 -0.563817539 -0.471887735 -0.786541286 -2.615374281 0.980443743
9.558566695 -30.226282244 10.766891840 0.489843500 -0.307213641 -0.232245351 0.782135041 0.194364639 0.792007441 -0.250931716 -1.316084992 1.313479549 -0.622734138 -0.255858880 -0.683071988 1.490736572 0.109613104 -0.008766664 -0.367578235 -1.023438778 -0.325128909 -0.719295247 0.365735008 -0.680583667 -0.553324171 0.474190585 -0.401642087
22.776658711 -35.971380699 7.083048145 0.056406983 0.856151573 -0.040990571 0.511998545 -0.395061414 0.880356787 0.450753154 -0.887094979 -1.863987673 0.143514419 -0.351631651 -0.108023276 -0.750230326 0.071956103 0.005759118 -1.289122698 0.183875152 0.494248808 0.585386134 -0.868407847 -0.702009055 -0.442729277 -0.274671233 -1.012468037
12.860728526 -24.241723140 10.985294688 -0.927626240 -0.056744223 0.316372032 -0.190258742 -1.901957204 -0.294900115 0.469849543 -0.442571006 -1.617017553 1.001903555 0.151777529 -0.599634958 1.658009388 1.272206532 -0.030448272 1.579699577 -0.093554358 0.776851272 0.729543650 -0.660991354 -0.545575539 0.687533713 -0.923856244 0.621123243
8.874372053 -28.752734016 15.365211752 -0.662426914 -0.340270191 0.177056002 -0.643473351 0.413536948 -0.072093349 0.160639594 -0.807762130 0.777575337 -0.356397233 0.097865932 -1.543477441 -1.098069905 0.093636738 -0.468025340 0.583655095 0.305127916 -1.014886202 -0.207014386 -0.937258248 0.355610572 -0.886139954 0.898833720 1.688844615
16.366169697 -40.017899480 4.262501488 -0.305760667 -0.904959224 -0.261655833 0.138186261 0.230023643 -0.013537310 0.918992621 -0.479077145 1.109843987 1.078540658 -0.001811959 -0.168044261 1.808913527 0.575701780 -1.202617649 0.074073007 -0.186559533 0.391126454 0.607594050 -1.253565438 -0.126999760 -1.377669561 0.241489951 -1.195691863
15.320041291 -32.734495425 14.349834739 0.816955114 -0.122136912 -0.258870303 -0.500652657 0.032497483 1.348923469 -2.114777251 -0.929445529 1.113426936 -0.995374333 -0.142789424 0.080761011 -0.022236067 -0.034498550 -0.275378537 -1.508157523 0.036117551 -0.635557304 -1.021691174 1.773405341 -0.586396598 -0.813031082 -1.302660346 0.162297357
19.094319869 -29.709421883 12.767153998 -0.488191786 -0.747602972 0.327346971 0.309196599 0.622339162 1.586463643 -0.683157858 1.592651403 0.994153571 0.775285930 0.998525270 -1.055811326 -0.158794397 0.268645709 0.345839220 -0.005839934 1.574347709 0.082458094 0.573343446 0.907070863 -1.907156543 -0.186392229 0.073606093 -1.004004963
15.907518590 -41.081768324 9.118607082 0.162183147 -0.891089114 0.365080854 0.215343417 0.375187879 -1.794076136 2.053380108 2.369171710 0.196412060 -0.325908622 0.979294449 0.460031312 0.218947514 -0.544024618 1.206490019 1.587443160 0.426983374 -0.650135604 0.609212943 1.745551531 0.486131389 -1.213592344 1.409497028 0.494665512
9.194497565 -27.830856377 8.959638170 -0.529432282 -0.617761935 -0.525649973 -0.248523149 0.476852346 -0.581506801 -1.254807626 0.021399300 0.567190748 0.142386191 0.295444691 -0.335320929 -0.975476645 1.098280581 -1.117446407 1.610192337 0.768689324 0.323324082 0.378447609 1.511576307 0.297272424 0.994875094 -0.639208881 0.598126675
15.624632307 -24.675209862 6.590987423 -0.100088883 0.611360803 -0.130927390 -0.774001423 0.812913865 0.165791845 2.056462038 -0.250162595 0.312700124 0.231160805 -0.485866562 0.081893844 -0.903687477 -0.970594334 1.264889159 0.429692196 -0.993404615 -0.099552051 2.644961188 -0.240803041 -0.275445880 0.120292073 -1.318074922 -0.482290090
8.944822388 -28.349441422 15.740496161 0.500053165 0.045247267 0.244128437 0.829638972 1.278450626 1.861132822 -0.449746993 1.870213954 1.374872321 -0.125500532 0.502295368 1.017208762 -0.991412885 -0.861331676 0.927263899 0.261282610 1.284849749 0.981018139 0.303839159 -1.337425754 0.602795544 -1.485011814 1.544005956 0.776665172
15.034265428 -27.362050875 16.065476943 -0.655337652 -0.469496339 -0.386729038 0.447824074 -0.474796462 -1.632870799 0.962365916 0.237134066 0.017195581 -1.008872725 -0.432231963 0.288952539 0.793190164 -0.661878584 -0.280109264 0.950693184 -0.243266386 1.547807686 1.167429343 -0.049951323 0.730621233 -0.952177701 -1.079009221 1.748147519
21.649648433 -33.461589120 6.210737557 -0.880877920 0.138877518 -0.090204490 0.443430124 -0.646563364 -0.292238336 -0.666554490 -0.138612886 -1.845324445 0.594813285 -0.338566958 1.845405383 -0.835829460 -0.357799581 -1.402250691 0.267477451 1.402757859 -0.698437081 -0.557581130 -1.430294636 -0.438477160 0.527530956 -1.572758083 -0.451232933
17.573638095 -36.995223010 8.589817019 -0.808400434 -0.431118319 -0.400758052 0.004326369 0.519986025 -1.179743524 -0.303761297 -0.055666959 0.670283023 -1.423463891 -0.265996265 -0.867085861 1.288852070 0.603348934 0.720716132 0.103966639 0.883345379 -1.011170352 -0.538289490 2.373177768 1.385258183 -0.461975732 -1.140042424 -0.214232712
17.040580556 -34.305087841 13.855341892 -0.693238106 0.452862670 0.192284220 -0.526652740 1.092493211 1.171189525 -0.368462105 -0.831116356 -0.969722350 -0.295756045 -0.493324818 0.175487585 -1.303533858 -1.562663641 -0.416537827 -0.663640445 1.928591057 -0.260389509 -1.902434975 1.040255514 -0.904897032 2.504166544 0.510570358 -0.526793612
12.729779018 -38.685301122 9.415975733 0.653462082 0.576847138 0.045287447 -0.488040710 -0.810058797 0.632323270 0.623438304 -0.141400532 -0.111760393 -0.804789656 1.563000002 -0.109787280 0.449127295 0.161747941 -0.617422670 1.061301338 -0.141471115 -2.361892005 1.087992740 0.124650954 0.514229112 0.367852371 -1.161129342 -0.821755773
20.564700448 -34.102514259 12.542446033 -0.147840513 -0.051704609 -0.678704613 0.717516456 -2.240799934 -1.616741610 -0.933548035 0.604603037 -1.885793633 1.809090388 0.206202044 0.663271375 0.853230380 -0.124381509 -0.373153699 -0.642985516 -0.122829042 0.439522200 0.276605013 1.812136016 -1.749231970 -1.185366837 -0.386709100 -0.230147486
8.334540107 -38.467719142 11.884157693 0.037642994 0.970075691 0.170416997 0.168802267 1.993255253 0.119897531 1.286752739 0.465782642 2.131875852 -1.712284584 1.385689155 0.803482055 0.161055955 -0.950631865 0.479370506 0.264484832 -2.208893237 -2.120675148 1.684866592 -0.533670649 0.968454384 1.089446625 0.437615749 -0.430205332
21.010065252 -28.427876817 10.883465474 -0.235258986 -0.782529844 0.242057716 0.523171400 0.578036037 0.104553532 0.730212554 1.215085678 -0.968244075 0.704202997 -1.245456180 -1.409915850 0.466302431 0.321690114 -0.099580252 0.714660734 -1.589873296 0.669378597 0.058913350 0.159302321 -0.739338404 -0.765554333 -0.928943389 -0.708534478
15.515897238 -36.232707616 13.433130243 -0.399130580 -0.806185612 0.011822964 -0.436600225 -0.542724231 -0.140920739 -0.834639536 1.089497715 -0.346966319 -1.179467291 0.461879924 0.300709975 -0.155037280 1.004511631 -1.038812237 2.180120687 -0.578753951 -0.135937250 -0.029690115 2.376006201 2.048066736 -0.233414399 -0.209712622 -0.506901059
11.005953267 -28.147812868 17.333313647 0.355036896 -0.278369333 -0.779313486 0.434890571 -0.750737866 -0.101581874 -1.085150325 -0.210129788 -1.377499175 1.710719514 -0.288488854 -0.150565224 0.579158505 -0.091124957 -1.430212489 -1.696470656 0.180254401 -1.466692490 0.545432073 0.649410171 0.213375781 -0.150475054 0.392623634 -1.244784081
4.103262149 -34.239388913 10.281941420 0.557849848 0.822485405 0.031137381 0.106544680 0.115012944 -0.912545886 -1.028653718 0.044082227 2.003373524 0.014194657 -0.050936980 0.660980110 -0.055040167 0.581931045 0.467508641 -1.461679223 0.931423182 1.244357108 0.578800365 -0.690519347 0.593413029 -0.673044148 0.114854320 0.510918010
16.747784108 -32.614867973 5.392611605 -0.480550920 0.481071611 -0.650366537 -0.338621155 -1.207310835 1.870705411 1.073362206 -0.132932073 -1.534819506 -1.496013098 0.460958299 2.558626827 0.526753650 1.994023861 -0.782824369 -0.883883977 -0.258140521 0.366416462 -2.164980056 -0.321864964 0.394259190 1.176713249 -0.090791875 -1.316092138
