22.535819189 28.132318381 38.660851070 0.179739286 -0.058335961 -0.856457601 0.480386388 -0.690211288 -0.838550722 0.605083859 2.004225991 -0.752767734 -0.735125173 -0.395091340 0.719353806 0.860562577 0.054292017 0.242288357 -0.658545736 -0.107569227 -3.518731908 -0.962412577 -2.543745158 -1.025659613 1.261868980 0.379648547 0.961456779
17.342429388 18.514870947 31.904567482 -0.200067917 0.472567097 0.292758480 -0.806812022 2.113067438 -0.693935564 -0.130593090 -0.559835491 -0.222354641 -0.037195946 -0.957289899 0.830761653 -1.885024586 -0.850765635 0.686739862 -1.747379317 -0.008465877 0.196204749 0.574075689 -1.590988077 -0.824836252 2.004670867 0.377186754 0.873125339
11.605602971 18.677219078 33.916090282 -0.119642045 -0.679203831 -0.723689229 -0.025334490 -0.720194919 -0.928197939 0.663776230 -0.694566417 -2.592545328 -0.389375015 -1.413182085 -1.663352009 -1.375891195 1.196488748 0.874546756 -1.336973603 -1.462715533 -2.212074584 -0.139355391 -0.968846612 -2.286497579 -0.856842143 -0.556097030 -1.169890782
13.144220822 20.969402141 32.299033638 -0.373447088 -0.784487717 0.252790454 0.425691533 -0.197102034 0.581871439 0.002199573 -0.289689969 1.785537120 -2.189088717 1.614803004 0.858350520 0.170678098 1.768351497 -1.043077193 -0.191216012 -0.354581364 0.441822589 -0.833019401 0.491705135 -0.636829609 0.922306719 1.267052420 0.036790150
17.109072090 20.872828197 34.849999801 0.842575046 0.525308419 -0.110159623 -0.044533293 1.315103139 1.085305412 -0.486885940 -0.034953815 -0.605136836 0.211794616 -1.997326792 -1.303680888 -0.009884755 -0.785054068 0.776570207 0.115825153 0.051393651 -0.562910621 1.822850618 1.049851256 1.047849718 0.228897466 1.102550210 0.556384755
17.233624662 18.018015048 32.127505141 -0.563197613 0.575713465 0.495460862 0.325393592 -0.874017695 -0.699643311 -0.479166205 0.019943738 -0.308943555 0.665963142 0.493610293 0.539419110 1.163740782 -1.248940260 -0.168925662 0.463247755 0.913453401 0.225923000 0.727205809 0.370590181 0.838324784 -2.518674305 0.169815600 1.928578906
26.480058611 18.381401240 36.797508840 0.706121743 -0.297481161 0.629991531 -0.126521596 2.073595989 0.560863577 2.060982183 -0.635823508 -1.840472136 -2.104539442 -0.033595441 -0.076410329 -0.490331220 -0.069384655 -0.317405453 -0.143267500 1.086365914 -1.980994468 0.348769621 0.610707936 0.310333217 0.327797972 0.666283330 1.391206225
23.771409838 17.322294160 39.281552161 0.678696736 -0.304153409 0.657324805 -0.121595822 2.427585804 -0.600430738 -0.112273576 -0.146219315 -1.329514801 -1.623724719 -0.314898018 1.047270898 0.356505240 1.291738414 -0.174576953 0.739293871 -0.839245146 1.696137716 -0.951732976 1.551405844 0.379542403 1.466105524 0.359686484 -0.263685260
18.285837874 27.369276966 35.435414731 -0.158068977 -0.927361953 0.307185062 -0.143705760 -0.353087872 0.209099782 -0.490327981 1.300884658 1.214499557 0.206254030 0.972857787 0.543155378 2.587725965 -1.081740578 0.281357553 1.406642184 0.935521862 1.175064129 -1.119041114 0.632026794 0.616792946 -0.238336856 1.537901956 -1.228473978
14.735597358 21.311102899 38.244593106 -0.486901914 0.554225134 0.078897226 0.670474648 1.338162047 2.158527846 -0.482516188 0.749186831 -1.678243704 -1.390761874 -0.593184633 1.197871626 0.255084357 1.079943565 -0.336457936 -0.957351027 1.126658117 0.731204364 -0.431380393 -0.204047664 0.242563316 -0.579738787 0.136835797 -0.549639256
19.523266052 14.289046133 37.933210716 0.254288539 0.926346911 -0.254741702 -0.111019841 -0.051400044 -0.182520909 -1.253965785 0.116616985 -0.215710609 -0.838945833 -0.040206885 -0.441307511 -2.304420201 1.858808156 0.561979779 0.143612622 -0.590284428 -0.644832946 -0.210791602 -0.040125919 -0.245954352 -0.929708909 -0.227764113 -0.672470395
12.697269052 21.341323817 40.119649534 0.466450147 -0.308098428 0.487327570 0.670828934 0.174512997 -1.082021501 -0.658816181 -1.046311218 -0.196712201 0.367531843 1.353878302 -1.227743062 1.246503123 1.568767533 0.562407643 1.621580973 1.234110403 -1.401177763 -0.319405864 -0.461856124 -0.485528754 0.228829931 -0.775296188 1.601743542
21.717671308 23.091284340 40.721542743 0.597817618 -0.041383131 0.151407108 -0.786115399 -0.549896844 1.498157420 -0.593513874 1.052490106 -0.257523044 0.980299872 -0.595907556 1.103192019 -0.283718891 -0.044661022 0.132442175 -0.046136693 -0.777547734 0.895742833 -0.553771714 -1.307799242 -0.506877856 0.650301151 -2.029522832 -0.008872800
23.627545902 19.670611110 25.459968876 0.256027885 0.848779403 0.462399396 0.014492964 1.918902122 -1.937065003 -0.673488616 -0.455785975 1.127897144 0.106911953 -0.437795700 0.258705992 -0.825522433 -0.914317680 1.326343605 -0.551039179 -1.703954376 -1.652580064 0.401081656 1.619869470 0.658548483 0.384279697 -0.258512521 0.595487214
26.925071003 21.378225591 30.785952972 -0.381615964 0.331377062 -0.255338224 0.824233517 -1.614916709 1.139484136 2.798544331 0.699911552 0.511950584 0.709769613 -0.875014667 -0.059495662 -0.430780206 -0.159968781 -0.429714620 0.513146359 2.564290512 -0.091178035 -0.577669155 -0.565961688 1.814774281 -0.461870192 -1.339723704 -0.595397096
15.107751905 18.673724718 35.302141609 0.184005902 -0.736049319 -0.137523312 0.636757855 -0.168767073 -1.792812996 0.236480375 0.200469855 -0.111992643 0.160072995 0.312132111 -0.871796572 1.516052117 0.199991329 0.170876190 1.412617125 -0.119675410 -0.660029345 -0.116391668 0.533476573 -0.165773899 0.751426215 -0.792132255 0.006252410
26.454745944 17.756460328 32.584520562 -0.859946363 -0.390809509 -0.307034441 -0.116146597 0.008304723 -0.651439650 -0.983392270 2.202075279 1.273465423 0.047090730 1.555520713 -1.754090888 0.125416550 -0.515299727 0.156333309 -1.008285570 -0.657783385 0.160727711 0.879917746 1.752634544 -0.662823077 0.499326240 1.023168372 -0.086964234
15.563740778 27.849730859 31.029283109 -0.116872046 0.773502047 0.494964858 0.378213296 -0.757108507 -0.754845511 -0.394325920 0.123670452 0.071565342 0.976240958 1.443125009 0.463367184 0.366053302 -1.791064031 -0.714524655 -1.916338439 -0.663505903 -0.961864392 0.456348202 -1.354547369 0.653855907 -0.587892771 0.615908095 -0.364720308
20.096655591 22.826444507 42.045924073 -0.098259289 -0.408983625 -0.420007446 -0.804158723 -0.446882234 -0.961763363 -3.085965691 -1.430259328 1.120177197 0.834990459 0.532458039 1.160883574 0.213311991 0.716381630 0.163004596 -0.601960407 -0.392575392 1.343904579 0.282087722 0.167801896 -0.125676316 2.001470137 -0.507149359 -1.327069498
18.992670510 14.445183806 32.825513375 -0.702927788 0.617021254 0.090931778 0.341919155 -0.238355653 0.082121719 0.721116514 -2.590909214 -0.182802169 -0.073294856 -1.472267928 -1.092300431 0.844585460 0.884950983 -2.030021608 -1.159615221 -1.442225180 -0.868961745 -1.391646959 0.714216003 -0.261834977 1.236463647 -0.233385086 0.704069370
19.956959857 17.290402646 38.447148809 0.526326206 0.114051426 -0.221541156 0.812952959 -2.769003362 -1.592029453 0.551534149 -0.428026537 0.355913990 -0.079573952 -0.225432020 -0.070139894 -0.315389632 0.748352236 -0.360222569 0.766482765 0.839905201 0.313642229 -0.610408493 -1.938480032 -0.217206544 0.240005978 0.745515654 -0.858899985
17.887582490 19.722796820 36.952394293 0.531133236 0.594781844 -0.540543582 0.268225054 0.165706757 1.516241745 -0.720848601 1.293087383 -0.306692022 -1.031593463 -1.647327620 0.217260930 -1.005721659 1.079482786 -0.198492926 -1.365049122 0.633829044 -1.259571139 -0.354942437 -0.960219894 1.787110264 1.412420445 -0.911438387 0.560335813
14.053528707 23.172105414 32.127395736 -0.124298495 0.893513025 0.386788111 0.191257200 -0.039573809 0.213895069 0.540007969 -0.685257196 -1.392821480 -0.599014521 -0.645460940 1.337636751 -1.670454677 -0.893432701 0.424419307 0.643287217 -0.439658506 -1.481026781 0.262813135 -0.860731814 -1.946737409 0.039621839 -0.855939431 -0.744943579
25.130289822 17.714613835 33.641945579 0.502393140 0.779434486 -0.039012507 0.372237881 -0.628888833 0.499985957 -2.161922595 1.307350231 0.818119495 0.217754439 -0.534944729 0.962179071 1.172738645 -0.882518334 0.844084563 0.158276295 -0.335954857 -0.866777792 1.361252542 0.272089235 0.767005008 0.319148591 -0.016694314 -0.168542078
27.504383368 15.388513216 31.289898934 -0.077581940 -0.523773929 -0.848221650 -0.012725812 0.531342646 0.179773248 -1.300208804 0.244106966 0.453150286 -0.688048336 -0.974423810 0.422388114 0.429487941 -0.246263601 0.203387357 0.245810561 -0.174662390 0.211283981 2.740506518 -0.282493999 0.038455288 0.522894480 -0.539591348 -1.906682632
11.245732871 16.493826018 36.211662813 0.639092693 -0.631854263 -0.227172600 0.375117753 -0.099389765 -1.755833486 -0.304780072 1.453893472 0.926999279 0.243179311 -0.830558703 0.836031907 0.410458966 0.301972486 0.804051515 -1.151684601 -0.947132210 -1.445238703 0.075596604 0.379180006 -1.004217112 -0.675281054 -0.593846035 1.642151700
10.775343674 20.943855433 29.233998200 0.792070210 -0.592668808 -0.058298474 0.134051310 -0.072022849 -0.466973386 -1.329605130 0.467554805 1.509101109 0.412298364 0.979462134 1.024482106 -1.571380291 -0.054435771 -0.675835715 -0.106883440 -0.054755673 0.077708883 -0.717663729 1.734753178 -0.921800125 0.703117863 -0.318653434 0.244282973
18.582554347 25.360742722 29.155378804 -0.323031830 -0.354151281 -0.094602438 -0.872512284 -0.557929213 -2.493564640 -1.000504119 0.447908550 0.364844601 0.628097389 0.366775364 1.009269597 1.132079822 0.453150974 0.234805243 -0.703505918 1.831138515 0.750466335 -0.008842302 -0.648238136 -1.285553491 0.546712466 -1.310289367 -0.235290080
19.821147014 22.922060448 25.724189280 0.259020396 0.112116120 0.952794522 -0.111897315 1.054654479 0.435863200 0.326180005 0.159609066 -0.638074427 1.943262843 -2.317077968 -0.554295397 1.046777948 0.378571124 -1.174108249 -0.332176874 0.077513908 -0.523557133 1.505310156 -2.437171717 0.137303238 -0.646347960 -1.395239002 0.563953886
13.820281182 21.939348633 26.759796872 0.191749096 0.206295437 -0.095325300 0.954770949 3.799027185 0.173587475 0.076933468 -0.434617871 0.868717237 0.434299369 1.428195246 -0.756106914 -0.511676015 -0.102869473 -1.830048368 -0.734480570 -0.631166889 0.787048396 -0.040512133 2.035904555 1.249882751 0.080687333 -0.728371036 0.773165546
15.344111696 23.055886245 37.230918179 -0.612260368 -0.532866243 -0.361637756 0.458703544 -0.802163301 -0.789474934 0.193841643 -0.375475783 0.032549621 -1.396887729 -0.739300173 -1.233272909 -1.273186116 -0.849186026 -0.453278256 -1.189756717 -0.372013940 1.289334569 0.200236761 -1.060469098 1.156326658 2.042342222 -0.516488523 0.774196612
23.737908716 14.451022479 29.927210038 -0.590522898 0.406444158 0.610118769 0.337403233 0.499675275 0.306758512 -0.225774952 -0.026806832 0.170073086 0.124070739 0.422826437 -0.759862772 -0.923327354 -1.616753028 0.297602365 0.540668713 0.304370396 2.639691251 0.663195005 -1.233820470 -0.180566749 2.494269984 -0.500401371 -0.346963299
15.991227500 17.637985013 39.458493346 0.842847798 0.465839619 0.010025006 0.269259240 0.846580314 0.432843281 -0.794056364 1.113642307 1.354721441 0.542051326 -1.411716015 -0.361319449 0.849178355 -0.255617131 1.343721458 -0.998102358 0.965582452 -0.896967778 -2.843218053 1.465637135 -1.727157572 0.336211958 -1.056024746 0.451559364
23.619665713 23.281787963 28.903745076 0.924416618 -0.209843368 -0.251637014 0.195188345 -0.073027250 1.741943181 -2.285979683 -0.490201207 0.803212017 0.429061839 0.106488201 -0.826635060 0.721458363 0.658240998 -0.903184550 0.712235067 1.092301881 -1.456218756 0.305831162 0.326090941 -0.020922246 -0.107946742 0.060577980 0.082020126
14.405315345 12.631348459 31.920965508 0.088060740 0.548376924 0.127948914 0.821679457 0.117604902 0.337615730 -0.812747433 0.290538316 0.102978865 0.794932855 0.959590478 -1.725293956 -1.724741545 0.285899139 0.940456754 -0.954825574 -0.851353431 0.447683682 1.442826838 1.563447161 -1.405214405 0.570814483 -0.197169722 1.357426092
12.250557349 16.756455995 37.667995120 0.007144107 0.088693076 -0.404420083 -0.910234528 -2.071558513 1.479610091 0.801433653 -0.808677878 0.388819251 2.162489161 -0.487267895 0.340834134 -1.056714681 -1.943272918 0.831931146 0.250981613 1.173338759 -0.100547805 0.078995591 1.396770175 1.510559052 1.449860638 0.150504235 0.235414647
18.952349295 19.388627941 28.402583848 -0.186489335 0.588363808 -0.784658431 0.057973305 0.128321081 1.175143574 -0.827026912 0.623259334 -0.173658395 -0.610491446 -1.656329589 0.207223649 -0.123514537 0.039957142 -0.353007185 0.317526022 0.156513090 0.535307720 -0.778421535 1.488848476 0.222128120 -0.290309111 -0.085097582 0.046568065
16.244558359 24.330143707 33.753235118 -0.498733305 -0.253550251 0.582707702 0.589431162 0.316411608 -1.168691959 0.508569018 1.558376094 0.851005263 0.169323515 -0.979029800 0.767875437 1.040673941 1.719859737 -0.492641407 0.536396458 0.828808821 1.038229252 0.485216450 0.308884295 -1.238432408 -0.046463160 1.903048432 -0.920504977
15.058514235 15.577563331 33.858875578 0.756102137 -0.561260163 -0.329809355 0.067248624 -0.582967558 0.371038360 -1.084460185 1.476134847 -0.080311533 1.767660136 0.397215127 -0.305904526 -0.288404623 1.654684062 0.995586513 -0.089144102 -1.310074622 -3.719249054 -1.743624735 1.160628492 -1.234230545 -1.184325689 0.138919209 0.347580540
14.471474189 16.498768503 34.588386913 0.965364520 0.248478686 -0.039043531 0.069320188 -0.406179922 0.864316232 0.272634688 0.891033920 -1.025321811 -0.184891154 -1.358708610 1.342573575 1.677915864 -0.645376298 1.003688221 1.273171428 1.747422853 0.184523878 -2.186596031 -0.992623023 1.184927833 0.346971643 1.361189700 0.013908172
17.881414925 19.736288965 42.226939385 0.711032430 0.581611000 0.105782263 -0.380751417 -0.122349018 0.189274703 -0.816012177 -0.630747787 0.919869389 0.034084033 -1.137327487 0.249983339 0.937987250 -0.874686947 -1.429714379 0.587505795 1.823667757 2.258536403 -0.627250928 0.854838949 -2.233648797 1.012453763 0.809069856 0.166154958
21.732522665 21.929900000 39.610869094 -0.604480112 0.780948180 -0.053950856 -0.147692379 -1.282375726 1.163211403 0.520658019 -0.464732467 -0.551309080 -0.230703988 -1.004358128 2.100400586 -1.312492910 -0.489257675 0.520029344 0.378557395 -0.820844877 -0.259769658 -1.040925369 -0.664362297 -0.942865732 -0.144858740 0.966570884 0.351713014
13.813050115 23.023713695 31.891952760 0.255167141 0.411757119 0.868503369 -0.105108058 0.194884478 0.801888736 0.103295346 1.055141917 0.994188285 -1.209674413 0.196308015 0.302388333 -1.191587174 0.274986486 -1.255112812 2.008545275 -0.545834901 0.309818228 -1.343315666 -0.212338536 -1.500419587 -2.029430066 1.114638483 -1.782669629
17.614971990 19.852701418 26.168584827 -0.465927142 -0.852793818 -0.166056558 0.167570348 -0.122195028 -0.988144286 0.199872837 -1.057259047 0.497792664 -2.174188772 -1.759243424 1.595971767 -2.473150945 0.305921462 -1.622964265 -0.454391812 -0.397230176 0.720259783 -0.727054250 -1.001369260 0.123596468 -1.402461451 -1.139222336 1.688110452
20.315331870 28.310011283 33.456730154 -0.626916092 0.356115630 0.652279717 0.233856885 0.232061002 0.247448075 -0.426161447 -0.572980799 -0.573128569 0.339491763 0.585704887 0.456357774 -0.977716558 -0.845861932 -0.424626233 -0.495848280 0.528544735 -0.348090901 0.525384640 -1.452256816 1.555736186 0.495420398 0.700178684 1.382465869
22.064746683 24.756808455 35.908943938 -0.811022623 0.154952992 0.563436875 0.027762599 -2.087922334 -0.435570639 -0.641176342 0.402333177 0.355860086 -1.359273949 0.667426794 1.446308882 -1.918784578 -1.657262044 1.558883561 -0.038100646 0.303293662 0.715109668 0.834513567 -1.025842896 1.704711128 -0.355630022 0.179965653 0.380601163
19.188062776 14.502472571 29.453773667 0.937993087 0.152202107 0.227075530 -0.213167048 -0.503683494 -1.254292188 -2.011106118 -0.416126528 -1.178901898 -1.135148234 -1.187992448 -0.018759919 1.547823262 -0.091370821 -1.004306867 -0.103441503 -1.017862388 -1.292638789 -0.000142399 1.654119687 0.989413300 2.803609943 0.449279519 -0.151315637
19.235956651 25.491808277 39.642456714 -0.795352153 0.494829566 0.283105297 0.205936992 -0.317850566 -1.321277460 -1.461783595 -0.703070700 -0.059067591 0.768227752 -2.369457399 0.334918120 0.061242915 1.093090647 -0.539185694 0.750104067 -0.731890680 -1.552687361 -0.007119861 1.285347525 1.515516672 1.399108643 -0.200365948 -0.656747792
22.089733609 26.649454382 35.001284468 -0.762579122 -0.319784841 0.161318428 -0.538690174 -0.763012910 0.957225636 0.136414848 -0.363096989 -1.934138538 -0.677632768 0.943690906 1.759084271 -0.411427807 -1.677165185 -2.221996233 -0.014540546 -0.737957676 1.065366655 -1.223365253 -1.093667063 0.869467480 0.568944283 1.132360221 -1.411189231
19.403128493 15.560755770 36.908880479 0.270041256 0.149208379 0.910027836 0.276882497 -0.912123353 0.049594250 0.438344563 -0.488009112 1.153887253 -0.986230916 -0.271022223 1.657751798 0.304874967 1.888300951 -0.093796433 0.746655836 0.498338587 0.231470593 0.650126930 0.951755234 -0.539733328 1.781422745 0.022579124 0.806208018
20.985693046 15.667378684 40.049913555 0.210973675 -0.161988443 0.963952184 -0.006785223 1.661917861 -1.723052011 1.035413817 0.629292423 1.086191878 1.062606966 -0.103579450 0.478408407 1.456092340 0.637220571 0.691881339 -0.546400237 0.993714012 -0.426511606 -1.135650292 -0.775398314 -2.154181862 -1.933734986 1.257346000 2.420013574
24.873888932 15.492436251 38.876547502 0.935970589 0.046260619 -0.132839645 0.322757867 0.970341280 1.314417573 -3.896759680 0.984020689 0.448789407 -0.028038999 0.108878069 -0.423027713 1.021685882 -0.296912875 -0.494724023 1.036033820 1.605298697 -2.013242122 0.279844022 -0.340328553 0.069293684 -0.061908099 -1.552412193 1.573380052
26.188967081 19.966005411 39.347790941 0.333124975 -0.353008364 -0.067225155 -0.871718776 0.398961080 0.744030687 -0.173354380 0.071905083 0.605278221 -1.145858220 -2.773503729 1.072218202 1.612586194 -0.930545014 -0.989748297 0.868416840 -1.018027658 0.632990669 -0.415870480 0.089358546 0.715272024 -0.163462581 1.322713692 -0.271572534
15.345889459 13.472656965 27.652921903 0.512262224 0.246036819 -0.056470778 0.820892410 0.673351491 -1.904687626 0.176273637 -1.548843931 -0.115755274 1.444942456 -0.604644713 0.659852835 3.489902270 0.145905453 -0.260972565 0.742625350 -0.237043111 0.731124656 0.716936776 -1.468370549 -0.016650017 0.972136480 -0.197170134 -0.174214642
16.123024348 24.049740802 28.065296851 0.975602154 0.106678417 0.191296352 -0.015028555 -1.719056624 0.363360088 0.470949997 -0.871717916 -0.059644692 -0.859490799 -1.223435842 -0.451302121 -2.347423038 -1.676377182 -0.686673108 -1.436863035 0.099374191 0.413595986 -0.195634183 0.760237125 0.684269532 -0.595816654 -1.012051233 -1.339896738
19.315552646 20.025045540 24.838742216 -0.084331838 -0.664615092 -0.742210651 -0.017270503 -1.202602103 1.429450629 0.499068536 -0.595482395 1.414525312 0.257468650 -1.669882896 -0.427485229 -1.215063538 -1.043269492 -0.293454674 0.388460854 -0.787980761 -0.612835785 -0.341139397 0.613023910 -2.621019937 -1.230944456 -0.783068420 1.211088286
14.694700607 23.910948943 30.504751602 -0.405938446 -0.214137482 -0.685088745 -0.565696498 0.405529290 0.991191106 -1.061432636 -0.924536692 -0.751952910 1.329435065 -0.757464422 0.915488792 1.315973678 -0.458997376 -0.914223504 -0.235038074 -0.769176845 0.087218549 1.902228823 -1.970228563 0.867466989 0.829519243 2.244953268 -0.112005758
12.290214865 24.974124509 37.214646552 -0.189362785 -0.248341951 0.777792566 0.545441781 0.115348790 0.741381659 -1.039928827 0.493606200 0.584566977 1.403726328 -1.109226221 -0.664691687 -0.139439859 0.214392319 0.519488620 -0.085547827 -1.880675265 0.370827998 -0.794741228 -0.884748963 0.099294818 1.461218539 0.411670117 1.570013148
21.856955641 14.166767857 32.192842746 -0.574092645 -0.818435483 -0.018215367 0.015785952 -0.686727149 0.514128120 -1.048266372 0.707983517 -0.798887845 -1.093482516 -0.761782645 1.576346927 -2.061257688 1.541821291 1.383830523 -2.179616885 -1.175897277 -0.282930453 -1.237752903 0.764238008 2.570564333 0.283417254 -1.006496252 -1.172789787
14.888833418 26.339473251 34.505359486 -0.421796237 -0.115450415 -0.686422563 0.581019106 0.392623201 -0.315443187 0.359402426 0.509503337 -1.294916869 -0.307007580 -1.066299691 1.261184435 -0.572729830 -1.079948228 1.366107240 -0.284305372 1.681681476 0.758255987 1.390733999 0.798908457 1.171754131 -2.183590140 -0.439144373 0.902082209
26.369164551 21.326520146 27.185530481 0.209268105 0.178665189 0.324579851 0.904949463 0.633437795 0.336102787 -0.367499164 0.208364904 0.431402027 -0.220308444 -0.992740375 -0.815497786 1.559631506 -1.286438931 0.018743923 0.608257086 -1.052635153 0.116418256 1.519991626 0.313231657 0.811603945 -0.189685474 -0.137481280 0.758955022
26.364043316 22.444016431 36.013383051 0.441789454 0.651991680 -0.460369553 0.409620314 0.188404943 -1.217520092 0.065122773 1.813142820 -0.717604460 1.154219053 0.655733381 -0.941918232 -0.675442836 0.283751643 0.271730083 -0.561026016 -1.509877023 -1.002282153 -0.928034120 -0.075508419 0.175334634 0.054731426 -0.589141522 -0.499976030
16.101882178 24.966126414 34.554941517 0.680635028 -0.667873247 -0.294834350 -0.061269821 -2.184577458 -0.722229660 1.430537055 0.456926667 -1.853348183 0.307621726 -1.458761787 -0.023444316 1.625534819 -1.296648003 0.362740541 0.219989694 -1.149791886 0.803884457 0.372696988 -1.610221847 -0.913252368 0.891544532 -1.623485092 -0.331036883
24.313755595 27.750194585 29.315996512 -0.230384134 0.901781917 -0.362406547 -0.048723916 -1.797919598 -1.630283582 -1.088017664 0.736470894 -1.818076770 -0.101223840 0.759995034 0.059429698 0.416758069 0.094649335 -2.067220458 -0.418630882 -0.792289685 -0.316607375 0.133711352 -0.966412386 0.924159442 -0.420624773 -0.032355797 1.282913326
25.431743119 22.195376878 34.443418959 0.494270296 0.515106607 0.028182122 -0.699691236 -1.811886548 0.922068784 -0.177870643 -0.628015398 1.560101243 -1.991012088 1.086089570 0.418966819 -0.544139346 0.168513987 -1.097609459 -1.485758413 0.182393488 0.961817361 -0.675568067 0.164289131 1.068743525 0.133594099 -0.447821511 0.219889707
25.272390364 20.540670087 35.174408982 0.209419085 -0.916720018 0.218187555 0.261079002 0.122824210 -0.637239011 -0.302043225 -1.548061464 -0.869385897 0.595401014 -1.376761969 -0.284133603 -0.875599018 -0.171920554 -1.413667806 1.656160530 -0.395854908 0.035146322 -0.541424612 -1.105266432 1.640573876 -2.854905708 0.476864753 -0.128992758
20.574141725 21.711258627 39.077928130 -0.284346073 -0.652330115 0.518701362 -0.473879339 1.507940876 -1.984778685 0.744819047 -0.774545402 -1.419014858 0.597968259 -0.003844946 0.303112302 0.317841982 -1.911023741 1.027758670 0.760554552 -1.502876601 0.534493568 -0.601915955 -0.429949005 -1.792050104 0.998243986 -0.245619998 0.381983841
15.449190471 21.296576198 31.286745690 0.445816839 0.014620013 0.804080310 0.393050195 -0.101445984 -1.632020734 -0.033342812 -0.006731260 0.602651904 -0.527885789 2.191291275 -0.675388094 -0.392926738 -1.095820162 0.782000803 0.508277311 -0.580805858 0.600588958 -0.357681925 -0.417689918 1.112136318 -1.703238145 -1.455832738 -0.404807250
18.489906726 26.449567773 25.685132303 -0.271401231 -0.817125253 -0.422348909 -0.283318006 0.669583193 1.262844433 0.119608641 -0.573668542 0.436807805 -0.562064500 -0.962626574 -0.086363083 1.249674282 -0.102608753 -0.836354000 -0.943993262 -0.667884614 1.689580259 -0.836318456 0.691461016 -1.205960241 -2.007728491 -1.818080681 -0.093940251
19.013908873 25.386823749 31.919588088 -0.162994198 -0.602512017 -0.413388787 0.662964458 -0.425592845 -0.858706795 -0.820092267 0.781152205 0.009291908 0.954086873 -0.965100907 -0.860753001 -1.150054923 -1.141806586 0.083858493 0.226919591 0.044197532 -0.913085788 0.104522936 -1.082675790 0.623038392 -0.909202961 0.268124333 -0.821602324
24.517909523 23.556528932 40.905260572 0.119729713 0.273057459 -0.822434027 -0.484465367 0.055671270 1.572451857 0.048942711 -0.241591155 -0.515086142 0.088918167 -3.335508382 0.824130412 0.313106025 -0.731320685 0.499183142 -0.015939513 -0.908006181 0.262991340 0.703989715 -1.135039589 0.191896305 -0.228491557 0.474042813 0.873391395
24.527459462 22.350273308 34.699276247 0.217314967 -0.588605667 0.316631833 -0.711380248 -0.534045314 0.142154193 -0.167602577 -0.118650912 0.629893050 -0.582127146 -0.779540095 0.044036199 -0.248579319 2.919696539 0.074993342 1.164907982 1.456431802 -1.338132272 0.557877965 0.983184478 0.562381237 0.024382623 -2.714756520 1.733954072
21.841506998 22.690991997 37.129335384 -0.410182626 0.348123626 -0.697477370 -0.473376671 0.987302816 -1.700475067 1.559348566 0.507242754 0.031638185 2.473639043 -0.286984101 1.600316015 -0.627610024 2.120347401 -0.107410035 1.075544963 -0.279562199 0.704799822 -1.063550228 -1.512369749 -0.702415487 0.602755707 1.275998325 -1.477421320
23.322955683 15.335287601 35.078384520 -0.017630101 0.975211137 0.157471481 -0.154451125 -0.220795851 1.151098326 -3.299175088 -0.604260601 -0.906333936 -0.669886696 0.981332018 -1.348224053 -0.220121841 -0.554034374 -0.581451791 0.803519520 1.205302997 0.433257115 0.928673457 0.499830102 -0.514839637 -0.841291854 0.300846376 -0.505279444
15.277120932 18.705906615 27.155955283 0.928529170 0.015344266 -0.369308452 0.034776453 -0.254499847 0.168278340 -0.818009631 -1.200640963 0.512995411 -1.257235712 1.507461215 1.770112476 -0.918053743 0.525158790 0.408124544 1.627144814 0.699776729 0.628703158 1.722480316 0.569272808 -0.132057245 1.848328123 -1.346648684 0.172109160
24.179815774 27.634970948 36.338452419 -0.048464952 -0.056805559 0.929827841 -0.360339373 -0.307484045 -1.028037813 1.044521373 -0.346480324 1.316559770 -0.147520545 0.298684476 -0.750608228 -0.420867093 0.378210003 -2.131513568 0.254449198 -1.149250336 -0.120467056 -0.859554202 -0.487505050 0.490819964 0.170374534 -2.355973368 1.089641775
20.856724395 21.358190399 28.727505114 -0.365048425 -0.276287089 0.397652943 0.795158619 -0.405263724 -0.024968864 1.292254175 -1.492486500 -0.604087584 1.986913861 -0.146780526 0.586515487 -0.499993952 -1.324941586 -0.193160225 0.134599789 1.225041726 0.498148376 1.589612619 -0.498025481 -1.854889288 0.824723625 1.270037253 -1.832439830
15.247146587 19.535344019 26.525601902 -0.243229240 -0.026466249 -0.157176372 0.956783498 0.951333693 -1.646281834 -1.421070147 1.314926608 0.127580196 -0.901413189 0.708855156 -0.051680916 -1.274303122 -0.070981936 0.779018368 1.778934124 -1.279186722 -0.846936834 -0.808311484 0.483270571 1.132084799 -2.353701185 -0.047203073 0.757881060
24.807847589 26.344100089 28.209555226 0.209282582 0.953688801 0.048697826 0.210492267 -0.398482231 -0.594337340 0.157308213 -0.425459276 -0.147983740 -0.706902586 -1.070843752 -0.529400016 0.902756282 -0.816243876 0.292117934 -0.057190480 -0.900702668 -1.586790699 0.677391130 0.607309048 1.115395177 -0.184573259 -0.502775878 -1.252919249
23.113805858 24.190716121 40.798518602 -0.000168785 -0.260050768 0.686629521 -0.678906084 -1.071462365 -0.520089248 -1.344395383 -1.011837906 -0.295737490 0.444065780 -0.812092341 0.129782622 0.226227105 0.678115314 0.478559885 -0.670664829 1.531487281 -0.745996242 0.090272202 0.229231838 -1.264616670 -0.385768165 -0.581561218 1.383395177
25.251531882 17.186969943 39.142481643 -0.533500564 0.716997213 0.446854007 -0.040170156 0.337232199 0.396158240 -0.226359801 0.132113666 1.077075308 0.046765896 0.540448203 -0.907333993 0.011295486 -0.236418261 -0.553236722 0.059006999 -1.193516361 0.555584779 -1.445997672 1.566933324 -0.086258393 -0.517883295 0.300520642 0.941999612
23.502867756 17.882527694 27.477263123 -0.302010514 -0.743267344 -0.550600788 -0.230612395 -0.450226526 -0.127726923 3.815480351 1.143262006 -1.245510694 0.591284183 -1.532600518 -1.834072110 1.119040462 0.639427213 1.491443136 1.914919832 1.074112881 -1.109561513 -1.576726117 -0.433713726 1.015816242 1.223619616 -1.534395624 -0.379873833
19.953221323 25.673671044 38.682669295 0.840339642 -0.526560978 0.098548511 -0.082770854 -0.611065088 0.200818181 0.329405328 0.835734485 -0.186185283 -0.589112681 0.583622241 0.253895963 0.125497999 -1.993740431 -0.405621906 0.504880419 0.284663133 -0.560844649 0.980810391 1.792549760 0.708086196 -0.166101177 1.099404599 -1.179196921
24.403519114 16.849047017 40.043189999 -0.250673908 0.615807870 -0.741221646 0.092378192 -1.008090571 0.988947599 -1.930233470 -1.180157236 0.385954070 -0.177201940 0.440396770 -1.140496640 0.105463996 0.469000900 -0.170708287 0.905369545 0.954040088 -0.573297160 1.984441215 -0.063420226 -1.196504082 1.301332955 -1.220612764 -2.096445062
21.996964289 27.248335840 37.211992547 0.602269328 0.399625181 -0.690195537 0.034662542 -1.203181295 0.026199997 0.443578734 0.097776626 0.731635959 -0.566600177 -0.395154883 -0.331012868 1.627771455 -0.507366925 -1.312372395 -1.173846037 -0.794954538 0.386639666 0.101811384 -0.530473859 0.755513443 -2.350160363 -0.876581075 0.875402880
17.879636230 19.773706743 31.519097664 -0.144325139 0.548306772 -0.738920461 0.364041880 1.647790865 2.493101700 0.281397832 1.902920977 -0.248564639 0.817116529 0.571963303 0.847398830 -1.146472119 -0.005742950 0.053112631 -0.821003945 1.105425594 -0.877225485 1.181017340 -1.323055970 1.259063803 0.795767448 -1.035813897 -0.843407619
11.536923964 23.719595300 34.614453264 -0.709178821 0.314901119 -0.203391558 0.597105149 1.450060356 -0.050984745 0.668182609 1.434054586 0.124963465 -1.879774446 -0.053099722 0.874132592 -0.399889744 -0.674559871 0.831343135 0.341921128 0.733011856 3.018698249 0.706630787 0.864979123 1.137169394 -0.576059248 -0.749476614 -0.341116539
15.710617232 20.828952480 35.391666674 0.510643082 -0.154139024 0.545653778 -0.646333318 -1.533884843 1.226863246 0.105603015 0.574100778 -1.340481078 1.624662380 0.004058131 0.228400641 1.427626216 -0.557719280 -1.288882950 0.582630385 0.076703320 0.071150936 0.729023710 -0.380689595 -1.668741132 -0.519722082 -0.278941721 1.000581688
25.120368213 23.975603204 39.966928136 -0.056604517 -0.028111156 0.505813153 -0.860324791 1.011074688 1.162070652 0.865218806 -1.424036978 0.475497144 -0.057439392 0.273654472 -2.229360890 -0.515795168 -1.452398344 -0.575271338 -0.926269824 1.054039990 0.018695789 0.604204094 1.376627160 -0.198025557 1.508052865 -0.246006699 1.779267360
17.279457070 17.088388224 38.567937117 -0.595404356 -0.542407574 -0.283469994 -0.520511709 0.201246351 -0.304783105 0.869705642 -0.381023219 0.802257204 0.552421776 -1.442167570 1.096141069 0.021728710 0.944131539 -2.027230602 0.868910248 0.571616622 -0.287484629 0.033278014 1.137408741 -2.660193779 -0.901994823 -0.670591390 0.380829158
19.372971027 23.230405725 26.229057407 -0.231788030 -0.131573135 0.333431449 0.904315370 1.058108198 -0.768685807 -1.753648966 0.344986523 -0.319367949 -1.205106380 0.750561609 0.631390658 0.598692416 -0.143096009 -0.584115662 0.796301926 2.173075481 -0.853157454 0.450775212 2.461784527 -0.010253480 1.503234029 -1.484295581 -0.346506653
21.858308844 15.797705731 38.189033263 0.071986455 0.225775340 -0.652157057 0.720093479 -0.591791295 -0.123366549 -0.665933521 -1.241717449 -2.166552483 -1.640119082 0.710722986 -1.092088234 1.306505737 -0.085704910 -0.058883240 -2.042702789 -1.431904740 0.592582082 -0.255060876 -0.281268075 1.094685951 0.114788627 -0.204997357 0.551704500
15.822608572 17.761847142 41.962655570 -0.672213212 -0.605542868 0.422095793 0.057292013 0.142231833 -1.125267231 -1.148305940 -0.067413890 -0.691967838 -0.913047386 -0.900394115 0.616148346 0.576336628 -0.368967171 -1.255869518 0.789638035 0.406498597 0.423894165 -0.167724631 -1.544172812 -1.445238721 0.137038878 0.279565734 0.724223510
28.435504358 22.863647989 31.296080393 -0.516482741 0.136410825 -0.636165267 0.556714845 -0.981220527 -0.524866481 1.720742765 0.656656018 0.963675103 -0.179381029 -1.202111350 -0.172688011 0.861405009 -0.655045855 0.893447315 0.016576382 -1.109214582 0.510473078 1.682321522 -0.558626980 1.242953689 -0.791178950 1.749775350 0.105852238
15.289887621 13.930808524 37.887278545 0.568238934 0.334100821 -0.694782305 0.287678124 -1.767918538 1.197221079 -3.216281808 0.834637916 0.549589902 0.245750994 -0.047438749 -0.333961903 -2.543076860 -0.974764360 -0.817960692 0.309942522 0.234808057 0.181735361 1.715158042 -0.731039305 -0.095963266 -1.188886090 0.074974001 0.039646311
25.083820331 27.006815172 35.449833680 0.688986343 0.432138972 -0.167231845 -0.557303543 0.109939598 -0.887242266 -0.538293262 -1.611616291 0.603573744 0.121103836 1.223302533 0.279990825 0.607813478 0.179891810 1.166133079 -0.237821706 0.468359400 -0.521312607 -2.355121287 0.588062769 -1.883263916 0.658457759 0.338241421 -0.666780761
18.938582592 12.383115797 29.814767823 0.299097342 0.744571558 0.138660132 -0.580454428 0.830093129 0.237270158 -1.658616490 -0.517745548 -1.417448222 0.007740794 -0.451737849 0.923224590 1.031209262 -1.654786152 1.230562638 -0.373127212 -0.487279791 -0.145322949 -0.630997461 0.090738476 -1.159436673 -1.030649028 0.847532624 0.338130065
10.666233960 16.698201350 31.276158108 -0.340501703 0.528757069 0.687059992 0.363899876 1.813049110 0.978958924 -0.932508513 -0.747323816 1.036110340 -1.564854759 0.313629520 -0.758469620 -0.838291551 -0.020710982 0.643525417 1.922973599 -0.619305765 0.218694246 -1.267972214 1.580784256 -0.998656098 -0.752277630 0.507811616 1.406483992
20.057487048 22.825329264 34.293966034 -0.710500947 -0.051602677 0.651387580 0.261189182 -1.411048193 0.523621761 -1.662424533 0.460473532 1.103163873 0.457717982 0.568982935 -0.029495694 2.052586101 -0.179899157 0.273667916 1.436599452 0.600005072 0.245615713 0.348593045 -0.271514449 -0.154378010 0.492377840 0.933891372 -1.143059131
13.529978573 24.263666393 33.612000771 -0.208132225 -0.548921269 -0.179645302 -0.789363023 0.237442035 -0.073783524 0.621454781 -0.680369840 -1.469639960 -1.008781502 1.562760277 -2.860315826 -0.437195992 -0.373231897 1.500166587 1.510058910 1.343990080 -0.923654721 -0.058541077 -0.261259172 -0.737564848 0.990070033 0.412004207 0.777301272
17.840199710 11.298701509 30.893384682 -0.466364837 0.522380579 -0.617059615 0.358970472 -2.195501037 -0.162681718 -2.544271180 -2.009892264 -0.635629405 -1.056420461 0.111653452 -1.038359131 0.889042204 -1.387968471 -1.878334987 0.108335518 -1.428556685 -0.583681079 -0.204130700 0.730355813 -2.022269549 0.417662579 1.072185277 0.894897161
15.623105087 23.152222165 30.393153839 -0.708760345 0.668628520 0.065534636 -0.215174086 0.568467001 -0.682087264 1.249808045 -0.040295321 -0.593740357 0.363928693 0.437737745 0.928955801 -0.223529948 0.422871231 -1.278405218 -1.222970388 -0.214157695 0.651222007 1.027179322 -1.494196472 -0.713079955 1.172694753 -1.523790827 0.894573926
11.656063971 24.788020627 30.839508362 -0.256507968 -0.837016572 0.065631077 -0.478852255 -1.459098459 0.723424653 -2.003162087 0.525832608 0.350228177 0.654369406 -2.334650430 1.439153062 -1.441935003 -1.840855157 -0.315354952 -0.260252292 0.295381599 -0.190469952 -0.002675777 -2.277363926 0.917041684 -0.983712645 -2.343086497 -0.759794942
18.154740592 28.199825122 34.869231579 -0.428317383 0.501287516 0.653721761 0.371352804 -0.907615824 0.081246108 0.301849261 -1.215834456 0.430867171 1.686749992 0.805787338 -0.196568155 -0.481421328 -1.212331203 -0.231114823 0.591840859 -1.573505286 -0.783333054 0.762829789 -0.777636411 -0.011345922 -0.956510249 0.050791007 0.883036704
13.665600582 21.149505883 29.436597238 0.807440620 0.186486675 -0.451389815 0.330922349 0.199687824 1.251567461 -1.551991490 1.760086234 0.279845483 -0.016981054 0.134082651 0.677980792 -1.074952788 0.582950651 -1.491307222 1.141660963 -0.829257511 0.080847177 0.700115808 -0.079133922 0.130971085 0.713629728 -1.017090006 1.974247507
19.926836845 27.172003619 38.103495310 0.735044113 0.429034179 0.467540941 0.238841566 0.005816598 -0.218555078 0.714628030 2.202664221 -0.711383280 0.795692591 -0.497438732 -0.004706623 -0.342476819 0.383214689 -0.364121686 -0.285051891 -0.385507440 -0.166103569 -1.325981139 -0.164906984 -0.537007250 -0.929222926 1.541782795 0.360204764
27.994139576 24.944453805 33.358045477 -0.967671364 -0.038042751 -0.208135101 0.137275858 -1.324559948 -0.271020979 1.672828623 -0.586539303 2.052098550 0.833179727 0.600930866 0.849551712 0.448945905 -0.374772423 -0.854664370 0.406889195 -0.264625187 1.189129611 0.033447440 0.029125592 1.185809815 0.375143400 -0.841774247 -0.167775107
13.644249703 22.150450747 30.276953062 -0.362540412 -0.171056228 -0.765396925 0.503459794 -2.025948680 0.939394347 -0.481385203 0.801614193 -1.733086718 -1.295154772 0.861365936 -0.695832422 -0.281062492 1.222748950 0.638781686 1.039157152 -2.559621496 1.083964669 -0.564858871 -0.295491416 1.871584984 -0.081001144 0.896105237 1.140930989
18.825243422 19.912748445 29.583196784 -0.614348015 0.713918492 -0.300818796 -0.149682847 -1.184486847 -0.417033030 0.276385592 -0.401172012 0.232168867 -1.584900937 -1.153688723 0.586127294 0.815980224 -0.844008877 0.006848363 -0.856777166 1.331156000 -1.083726864 1.183121893 -0.712465839 -0.242708699 -0.601496719 0.756878602 0.046912612
13.498664103 16.578059098 39.201396634 -0.640225129 -0.316169468 0.311197705 0.627140048 1.865258092 -0.074392954 -0.384105290 1.606644539 0.840518572 1.694952090 -1.112838779 1.104464496 -0.228400745 -0.490300655 -0.408852385 -1.002221285 -0.056859689 -0.098821971 -0.682875312 -0.158131793 -0.457385998 0.287455394 -0.140980356 0.980510567
12.172263412 20.684565289 26.804563773 -0.387758822 0.057299062 0.669507688 -0.630967011 0.435226286 1.399941476 0.483979138 0.126227370 -0.771955648 0.243866431 1.214258948 0.020315066 0.781510572 -0.151460851 0.246451955 -0.598912125 0.055970441 -0.431618379 -0.271472204 -0.950374233 1.397435222 0.740190903 -2.351741169 0.264878901
19.890552184 25.001716245 35.299422372 -0.411468263 -0.355246179 -0.378669384 0.749068434 -0.695315172 0.085471295 0.068288617 -1.229188357 -0.403277238 0.121816378 1.097691354 -0.003717341 -2.445992245 0.994286394 -1.145361663 0.832357843 -1.076637394 -0.049572336 -0.442671968 -0.238954025 -0.540292643 -0.350576691 0.427935724 -0.132008749
25.112853277 18.213776042 36.552620280 0.333799414 0.234972746 -0.194254504 -0.891981473 0.097501598 -1.489047722 -1.109598327 -0.998485812 -1.004869599 0.542583871 2.026647233 1.667434457 -1.255786767 1.585003769 0.407433378 -0.165505318 0.264712268 0.042587503 0.291448018 0.754308903 -0.703605891 -0.132221607 -0.213521313 1.293551121
23.915588736 16.776414225 28.886825243 0.425024150 -0.522735177 0.633945595 0.379757014 -1.709204880 0.757069647 1.529630116 -1.176092662 -0.129795129 -1.586867668 -0.047175621 1.765295995 0.516936666 0.137238696 -0.455149336 1.391089537 -1.687160944 -1.262539552 1.168803321 -0.236923063 0.064266527 -0.378917330 -0.573222625 -0.458152915
17.943658406 19.381496272 26.224894571 0.044194954 -0.164844471 0.918602429 -0.356430475 0.553077201 0.554813927 1.938445236 -0.418655500 0.203432892 1.103768980 0.830089663 1.247122476 -2.092853067 -0.348418862 -0.219582776 0.838884746 0.463045335 2.114064611 0.525883407 0.901314618 0.666396644 1.083761203 0.585168850 1.179161865
15.661870988 16.325147595 32.921714774 -0.439968087 0.757602560 -0.460732136 -0.142099765 -0.307788444 -0.143671295 -1.163073825 0.080762600 -0.566807321 -0.503419802 -2.207037805 -0.748400875 0.789406274 -0.119131403 1.174175507 2.368385567 -0.654123661 -0.790892808 0.328374794 0.781989155 0.820162054 0.640431046 0.556834913 -0.389072832
26.774668138 22.075501812 30.940880415 -0.768691952 0.154840563 -0.133483862 0.606068595 0.654677989 0.227193013 -1.552164361 -0.832094426 1.261131246 1.627833332 1.451524500 -0.837513661 -0.369878551 -1.829171111 -0.794112865 0.374340612 0.320399776 -0.442366609 -0.848553669 -0.694199971 -0.263788946 -1.010443988 1.195531184 0.296419988
14.557759070 20.553003265 39.665697332 -0.884276772 -0.391985365 -0.253775089 -0.000518128 0.032015205 1.149676800 -1.190708315 -1.465389004 1.375038736 0.538912345 0.191988311 0.780973974 0.787875283 -1.585560742 1.198152760 -1.715587473 0.775724675 0.684905636 -0.396794739 -0.115915759 -0.121488254 -0.380748096 0.954197078 -0.806956490
14.959776317 18.737179127 38.298422871 -0.751977227 -0.382409155 -0.534718286 0.048681035 -0.083967783 0.276999306 -1.227968214 0.313176836 0.305728143 0.770790058 -1.633148656 -0.459429763 -0.093245350 0.345370441 0.234233665 -1.339301116 0.197777417 0.013603767 0.188991693 -1.666718975 2.572824923 0.033293780 -0.937568745 0.646773300
25.675684107 19.486184721 40.133612125 0.031343757 -0.653885680 -0.036672567 0.755053779 -0.670276970 -1.055000849 -0.364918553 -0.240648362 0.859220003 -1.298304959 -0.312029871 -0.064429919 0.406031338 -0.674827203 -0.360462492 0.371243885 0.584853480 0.562411861 2.278989073 -0.380389657 0.940629380 1.072518887 0.883148354 0.112427068
28.061473094 17.442731688 31.784126403 -0.306363855 -0.487846522 0.015828062 -0.817249308 0.976054533 0.678886914 -1.114159564 0.087724982 0.635852661 -0.361242219 -2.812019903 -0.390283893 1.226193545 2.608306863 -0.649147973 -1.653357119 -0.438259339 0.373302069 -0.004029423 -1.219833836 1.051994776 -0.986387090 -2.140854360 -0.316849817
24.143269357 24.352979939 40.925370981 -0.170514660 0.020085692 -0.689295563 0.703841560 -0.013792854 -1.006600470 -0.437800048 0.641469038 -0.755128478 0.784275315 -0.531030834 -0.313876234 -1.006562261 -0.949955816 -1.997271429 -2.286468978 0.503181389 0.718568309 0.941675377 -0.328644980 -0.543465041 -0.433326497 1.011542256 0.382643367
19.959720442 17.718600861 29.572105394 0.657708405 -0.170742513 0.666308444 0.307082573 1.098539735 -2.193146254 1.077495472 0.305873297 0.080584418 0.024112712 0.396943955 0.087015976 -1.368839197 -0.091577984 -0.293005978 -0.531082372 -0.716226727 -0.387111318 -0.182588469 0.722848515 2.327646737 0.775156490 0.803500433 -0.028421790
11.220398202 19.380991360 29.771414558 0.330977215 -0.486977642 -0.013617858 0.808159275 -2.282908614 0.149123046 1.573981944 -2.001056921 -2.101181282 1.016256156 1.761701618 0.151420898 0.586847652 1.461248859 0.059842376 0.876135910 -1.824462415 -0.300793468 -0.335365733 -0.202452998 0.229731585 -0.516638941 -1.016365475 -1.242470074
23.671579186 28.159241184 33.406666776 0.040487783 0.124061542 -0.826731076 0.547252410 0.010793321 0.036881267 0.714097369 -0.172835700 0.753447679 -0.691655156 1.620159401 0.549797037 -0.907586208 -0.113031781 1.588637115 -0.669861866 -0.658076438 -0.281721272 1.201454432 0.098822661 -0.918471957 -0.060716602 -0.188214029 2.334283301
16.421056061 16.197285963 34.718165968 0.774483891 0.201793476 0.563199502 -0.205573385 0.199305649 0.899853981 0.122287594 1.346604850 -1.856360891 0.492917569 0.242941110 -0.762196050 -0.710484748 -0.913219483 0.337168216 0.515419024 0.967734844 2.196612993 0.043482165 -0.249839667 1.001498984 1.531361739 2.167589821 0.261457378
15.882690224 18.922690078 32.197811138 0.696452084 -0.069182964 0.145358481 0.699313324 -0.326929621 1.463311482 0.104199350 0.695537736 -0.726552635 0.895532677 -0.263701960 0.440765817 1.052726868 0.721370187 -0.310308939 1.244437541 -0.754305441 0.431864368 -0.352436421 0.178759942 0.848200532 0.710625882 0.783236024 -0.126395212
28.184826774 20.952558664 32.247928233 0.933003171 0.043160756 -0.338434379 -0.114474463 -0.390032258 -1.325542874 -1.662160067 -0.197905011 -0.297242051 -0.862914374 0.086704127 0.754279863 0.821297862 -0.653736826 1.621454515 2.285197093 0.223647713 1.231886470 0.725069174 -0.152532491 0.629253828 1.128965392 -0.124168476 0.465839271
15.713682956 15.151792849 36.676865257 0.817060127 -0.528130496 0.230918174 0.012950876 1.589441487 0.302479406 2.071553102 0.908185537 -1.171395446 0.817882000 -0.861643683 0.221782468 2.500259035 -1.035921407 -0.951890885 1.152088392 -0.075068553 1.097825561 0.818133805 -0.523307732 -2.127301975 -0.328256477 -0.105881863 1.978335303
24.980612815 13.838940846 28.900282076 -0.651006740 0.707994498 -0.152912784 -0.227049985 0.070786431 0.125564064 -1.080122114 -1.586323409 -0.058997314 0.781185634 1.825471877 0.074343329 -0.252755035 -0.531186774 -0.157331523 -0.470804198 -1.196394868 -1.158950370 -0.096784750 0.819621968 1.764011280 -1.561118438 -0.235128466 -0.883911728
24.623700971 25.164832657 26.436992905 0.409900593 -0.708173179 -0.551179127 0.163321221 1.358206313 1.428258547 0.436761292 1.278391903 -1.571739431 -1.083624107 0.880385334 0.665684947 1.312277573 0.720637834 -0.516693218 0.874566095 0.446290345 1.273712179 -0.811946181 -2.650913511 1.835705082 -0.410602415 -0.831428821 0.149977642
15.511339397 25.136851640 35.939800112 -0.343682305 -0.477456982 -0.169981344 0.790584370 -0.560009589 0.572335217 -0.634799075 0.664664277 1.618075971 -0.379438478 -2.005496300 0.818348696 -0.633054143 0.786979216 -0.570792767 -0.124991838 0.246630515 2.380575409 0.677624450 -0.068642411 1.132142508 -0.025458417 0.400380638 1.248004185
25.612262386 18.981414879 33.433913317 0.845289236 0.092011459 -0.516538912 -0.101032426 -0.748976189 0.782766355 -0.376300227 0.630602721 0.905970812 1.685349282 1.384836961 1.641040478 -0.597501335 0.594168990 0.412533330 0.324082123 -0.440921416 -0.543504130 0.317862584 1.323275827 -0.682966932 0.626049353 0.690581271 0.655584187
12.816369091 21.324341968 37.362960243 -0.829146729 0.099412209 0.079244128 0.544383397 0.978325725 0.106287518 0.234880160 0.527243457 -1.255306007 -0.452713430 0.808594482 -1.626583553 0.206056880 -1.203034490 -0.166520434 -0.441509521 1.481598859 -1.268771757 0.504634030 -0.158189175 -0.364048873 1.645345359 0.656767733 0.410534674
23.734644109 16.502159549 34.279301007 0.585577385 -0.091138177 0.770898450 -0.233470638 -0.198891543 1.380544354 -1.390720345 1.153155584 0.543834120 0.672772420 1.553433507 -1.783642718 -0.088589085 0.019578864 1.304605885 -0.468914664 -0.623855416 -1.236464486 1.421267946 1.639035227 0.339759984 0.090396144 0.812019903 0.750559193
11.918123944 14.442179662 34.288110744 0.041184735 0.336500936 -0.680820801 -0.649271881 -0.223347256 1.395925197 0.766423451 -0.142063607 -0.380546479 -0.189639978 1.758834697 -0.982424921 0.237308655 -1.223228453 0.221438637 0.455106915 0.971489608 -1.269759712 -0.128474871 -1.099917030 1.423650055 -1.192129455 0.188204891 1.069291649
14.889576727 28.086855507 29.634372143 -0.533251754 -0.105266215 -0.809563560 0.221739559 0.084942605 0.679623413 -0.027771410 -1.022794433 -0.372360342 0.315605279 -0.108027835 1.017536396 0.234238680 0.108877014 0.129085920 -0.549940891 0.095018094 -0.416558450 0.310909365 0.078449342 -1.003293278 0.117093572 -0.373203002 -1.866191397
18.423336349 17.192865793 27.306304755 -0.265525894 -0.401468921 0.735110637 -0.477421258 -1.320614894 1.545738723 -0.878506448 1.720018268 -1.170728695 0.172042989 0.119599572 -0.157804852 0.309181623 -0.816872643 0.033359060 0.048553422 1.087119838 -0.906857191 0.411532602 -0.196819200 -0.039865495 1.069451360 -0.744756212 -0.724621398
22.163901932 20.378658012 38.472094198 0.229936783 0.211000858 0.885255350 -0.344863275 -1.594342339 -0.621257655 0.617322725 -1.595001365 -0.181829832 0.584774615 -0.434694782 -1.253919907 0.495064916 -0.921373640 -0.465056410 1.366177731 -0.260905805 -1.366064617 -0.028065958 0.279162736 1.926333164 -0.493411797 0.009682842 0.793614864
17.122952125 15.492407227 32.683001366 -0.403902162 -0.310199432 -0.779830406 0.364010843 1.746961439 -0.534370278 -1.068479441 -0.388590692 0.175303619 -0.691650856 0.832192991 -0.982165894 1.820222245 0.125064486 -0.895855203 -0.826369661 0.213270198 -0.559585023 1.911279620 -0.871179539 -0.277881339 0.361177962 0.389367400 -0.607273835
12.007697336 14.453432508 33.162558099 -0.468371127 -0.071612901 -0.773208231 -0.421484415 -1.106924314 -1.707241681 0.954408718 -0.269325757 -0.235564455 -0.123351998 -0.600725382 -0.345274356 -0.923433487 0.330505934 0.711855742 -1.365953841 -0.199779209 0.582200991 0.607208042 -1.396487388 -1.167366738 -0.352036057 -1.017113567 2.970991529
15.929855395 27.286725199 34.423331239 0.673788103 -0.243367019 0.696561915 0.039794285 0.474318803 0.854680343 0.278831651 0.840561902 1.131394455 0.497520781 0.624984500 -0.558678961 1.012052626 0.593781819 0.676616848 -2.307954296 1.129817781 0.479337451 -0.535273306 -0.631767694 -0.056758757 0.091828688 1.038705702 -0.392143361
9.865649922 21.373954313 32.509269947 0.115196015 -0.883150264 0.000216826 0.454725678 1.315603859 0.498443728 0.659722832 0.899043206 0.828344937 0.039884183 -1.218552768 1.722428579 1.072966206 -0.295698751 -1.426374481 0.474822620 1.669984515 -1.228107589 0.935882597 0.832272945 -0.918052037 0.290357223 0.424733344 -0.112961785
23.344061822 25.973424554 40.535473178 0.607474539 -0.437956039 0.598764272 0.283990386 0.535459342 0.822141939 -0.606337764 0.404948777 -1.469674563 1.257215249 -0.107069381 0.181241839 0.005629773 1.122953681 0.328639765 0.199561850 1.001599401 0.089507137 -0.112654635 -0.720832469 -1.421368094 -0.195010556 -0.494069246 -0.788569108
20.445109239 14.556391773 29.687831906 -0.192496567 0.630696066 0.456226658 -0.597515506 -0.189706966 0.348222652 0.275612263 -0.460836854 -1.036262460 0.474614229 1.022930937 1.215372578 0.790281205 0.716960106 -0.764530259 -1.511902172 0.258778188 0.256284019 0.060563109 0.013214254 -0.170128628 0.544538948 1.572535839 0.582346866
17.876604289 23.656274239 34.109250480 0.705069561 -0.485315255 -0.384786142 -0.345377536 0.306734679 0.803757754 -0.043861222 1.105666404 -0.742634729 0.368632769 -1.482987389 0.300782041 0.567546376 -0.600527691 -1.369112938 0.159764093 1.076779395 0.226040312 1.323157293 0.514111331 -0.307902906 1.102234156 0.257715707 -1.699560482
10.488639448 21.857355365 30.593188850 -0.853722446 -0.513212265 0.035426498 -0.080722484 -0.208102201 -0.679379077 0.526010900 -1.214927119 -0.352021410 0.108029214 -1.393008281 2.074016451 0.289506996 -0.453013798 -0.570136368 -0.327240829 1.101948605 0.082487458 -2.399973832 -1.786900155 -1.245703290 0.077363268 -0.301493721 -0.915543664
27.099419356 23.283386823 32.671005583 0.676653048 -0.249407911 -0.485620617 0.494073843 -0.010196532 -0.361693861 -0.205568777 1.634560923 0.337248370 0.762162046 -0.020665925 -0.402860098 -0.100836136 0.496859996 -1.313555635 -0.745279807 1.034242043 1.268072521 -0.083152363 -2.374832733 0.930975262 0.273287193 -0.018775551 0.350375050
18.491182056 24.550102413 38.936599302 -0.785524481 -0.264297998 -0.556639059 0.057015920 -0.379707778 0.745343292 -0.033721212 0.368111026 0.160334770 -1.081202158 -0.473806398 -1.328060707 0.650792458 0.337597049 2.193051091 -1.344970030 -0.220223085 -0.049726769 0.354408430 -1.789256469 -0.567370800 0.271624005 0.311311040 -0.350389210
20.395423220 22.923389923 25.037980220 -0.707018260 0.631052418 -0.016565986 0.318784558 -1.511442907 -0.490718881 -0.845513784 1.536455670 0.529848438 0.253082863 2.164910846 -1.270590508 1.128293403 -0.825921968 1.316576629 -0.334118330 -0.619681893 -3.154708866 -0.883167571 -1.377138941 0.097585340 -0.510365676 -0.768697065 -0.306151490
17.736579709 19.256461798 24.749476153 0.054429805 0.549959338 -0.570821140 -0.607244061 0.062767072 -1.004628677 0.574755135 0.955417997 0.667927128 1.288537030 -0.107492093 -1.330385477 0.533965787 0.310189189 0.906967323 -0.302085559 0.069876400 -0.551952093 1.429636137 -0.135909426 -0.379223553 -0.587283150 0.231094691 -3.029814617
20.357771860 18.027141468 42.026122523 0.167975122 0.072486195 0.982365636 -0.038572891 -0.608296368 0.303238506 -0.285213030 -0.187795336 0.763685181 -0.079136574 -0.945903273 -0.222710536 -1.330313698 0.418327401 0.283057862 -0.123700235 1.057928276 0.099836717 1.090161036 0.052260506 1.182499154 0.363720951 -0.795107404 1.128564185
22.071169668 21.497606560 32.527748398 -0.173602857 -0.425453322 0.886791138 -0.049527737 -1.706700367 0.181797673 2.482843488 -0.649155139 -0.132359076 1.728664265 -2.416915407 0.762002923 -0.244165533 -0.594587723 1.223688939 0.308703083 0.382993221 1.046217621 0.473219699 -2.474087593 -0.334900515 -0.849727154 -0.680862438 -0.646142189
25.310795110 17.884867954 26.503282598 0.007528468 -0.804660969 0.078206433 -0.588513213 -2.083285562 -0.933226634 0.483603768 -0.293208360 -0.626797314 -0.683111896 0.651183791 -1.134262778 1.077975237 -0.140874125 0.006310831 0.778530913 0.960382354 0.516301862 -1.608932663 0.978729366 0.260760294 -0.650008774 0.804748461 0.512524528
11.655410321 19.796243026 37.871891610 0.757918627 -0.240723580 0.606309745 -0.000082995 1.491888026 -0.060085066 0.163499349 -1.134997200 -1.616623265 0.784366930 -0.788061975 0.350225421 -2.391050747 -0.040647196 0.499855426 -0.778194759 -0.049376785 -1.014571409 -0.274031951 -0.554627717 -0.761044401 0.367898001 0.983807045 1.158451679
16.491925921 26.681846035 26.354560836 -0.229789943 0.371149399 -0.300289905 0.848098272 -2.150299295 -0.298646496 0.731195412 0.063783986 3.354758627 1.404187132 0.261880869 0.317912219 1.655195766 -0.726654559 1.121344021 0.963606448 0.445993971 0.287545849 -1.232776428 0.495147366 -0.826914219 -0.847645437 -0.173272181 -0.799365819
24.250860299 12.547822592 35.296707364 0.234631208 0.581638913 -0.331037351 -0.705023860 -0.427049956 0.884605114 -1.046865391 -1.001308307 2.411865198 0.797592015 -0.721730219 1.241786737 -0.399173575 0.923850078 0.927090146 2.480880262 -1.042741961 -1.675542533 -1.229894116 -0.188879878 0.386693590 0.437364852 2.107000154 0.423133031
18.283762134 24.393429459 37.647046038 0.063087454 0.132093496 -0.859926799 0.488975646 0.687232414 -1.538079306 0.037126773 -1.530066691 -0.291613446 -1.182119278 1.756965181 -0.490717141 0.574898433 -1.284568307 -1.188456447 -1.211862495 0.757870741 0.127941655 -1.432899798 -0.468434624 -0.044089450 0.404520463 -0.865879884 2.124678574
16.641769838 29.431814415 36.042545309 0.052204586 0.118206557 -0.905393012 -0.404432176 -0.795440108 0.694019167 0.828060772 0.096436642 -1.353172540 -1.815660844 -0.377436329 1.144859277 -0.798079155 -0.417953598 -1.044939084 -1.195432453 0.897329998 -0.854139133 1.124047431 0.408277615 -0.828967712 -0.489455784 -0.951283339 -0.479436406
26.100524525 21.592560026 35.344014280 -0.964235564 -0.033893282 0.047417579 -0.258558688 -0.690602351 0.671590790 0.348129034 0.706280221 -1.644998201 0.562089218 0.963489531 -1.217064764 -0.711484499 0.385235601 -3.818427216 -0.647508975 -0.506406964 0.551807988 -0.726189432 -0.456147018 -0.090340645 0.207722118 -0.804014468 1.174479512
24.656284942 19.059809377 34.260355525 0.312799262 -0.284993606 -0.530557014 -0.734468870 -0.602200475 -0.209819266 1.146218990 -0.801768088 0.521065360 -0.915244535 0.000646619 0.590763766 -0.083814969 0.479062498 1.717242515 -0.492385037 -0.268401783 0.062137899 1.336459078 0.745425551 0.545806235 -0.630062446 0.223865097 -1.533475583
14.320058593 20.240866758 33.376335812 -0.301964883 -0.848508452 -0.336733780 -0.274701615 -0.011321899 -0.729147597 0.411633702 -0.151812531 0.480309997 0.125416630 2.068433938 1.949103802 1.488694040 -2.648201081 1.634905867 -1.016086444 0.483649991 0.610349863 0.690747706 0.684489455 0.743306941 -2.810025799 0.049294249 0.135265221
13.602076862 19.408886377 32.471049270 -0.290984663 -0.192620124 0.813241951 -0.465685455 0.827497821 -0.051790584 -0.193540246 0.049532309 -0.436233046 -0.443572657 -0.751062013 -0.781234202 0.345845322 0.037004741 -0.429141906 0.341215138 1.913195374 -0.674914972 0.886376455 0.795381179 -0.274805870 0.401271671 -1.125911744 0.501689553
22.475716459 27.703427004 33.469887898 -0.554665485 0.296510427 -0.208727925 -0.748906149 0.035388779 -0.224071998 -0.215418048 -0.833717098 -0.065487096 0.972728671 -0.122926585 0.718526818 -1.872060346 -0.043387487 -1.188184019 0.653571553 -1.475565709 -1.664033102 -0.375783319 -0.252924501 0.192441360 0.648205518 -0.359715471 0.906490954
22.093956398 20.629537277 31.550138177 -0.779461942 -0.216874767 -0.160238740 0.565444924 -0.092212430 -2.176907016 0.350400298 -0.672760240 0.233323910 0.262218236 -0.407336468 0.023580940 0.637239958 0.262404201 -0.387050054 0.740427955 -1.197489367 0.051560719 0.975233237 2.746814268 0.065066481 0.342823720 0.692744775 1.036795315
18.888143822 24.274694111 39.822389934 0.277329474 -0.170037188 -0.920705080 -0.215587276 1.483629416 0.131917989 -1.021783933 1.889206906 1.623130072 -0.186158379 0.420118926 -0.567940680 -0.020135199 0.623244619 1.813502986 -0.264253725 1.275052421 -1.198258791 -1.680345458 -0.158533935 -0.118905193 1.201990550 0.490934909 -1.488192212
20.734774649 17.732275725 25.222472586 0.401019204 0.485187353 -0.765313393 0.134433037 -0.272111033 2.282748257 -0.105086408 1.880074569 0.075264891 -0.906404834 -0.326734144 0.889381949 0.264480525 -1.118160702 1.607514564 -0.639934784 1.282860094 0.405774033 -2.138044098 0.940000000 -1.016956483 -1.521328306 -0.890871917 2.442301697
17.483247574 17.589225851 26.018893656 0.473196929 -0.618303951 -0.483874011 -0.399563301 -0.539828217 -1.056070622 -2.781177165 0.378878105 0.380711589 0.358775814 1.450324252 -0.457742604 -0.406031278 1.157957347 -0.229076829 -0.605868399 1.247591031 0.151785028 -0.139935350 2.141462527 2.063762861 0.800949375 0.473863017 -1.141131959
12.488159754 18.283707948 38.442183638 -0.510481255 0.193524596 0.546521938 -0.635036133 1.776582090 -0.022245771 -0.260557353 0.309223970 0.706284621 0.034910364 0.475020754 0.316796773 1.971689174 1.227115559 0.092869581 -0.125348316 -0.434789598 -0.570364891 0.527161979 0.621473299 0.479471895 0.048086872 0.703326307 -0.459044702
14.910053706 20.413846551 39.216560999 0.680610260 -0.443932362 -0.273884997 0.514471321 -0.861673074 2.236268861 -1.955590051 1.349695920 1.075688954 -0.836725084 0.278474934 -0.162204956 1.276707451 0.384276973 -1.071696396 1.020135317 -0.215263906 2.209538957 0.088199290 0.314873135 0.267147641 0.657630059 0.830679826 1.951699145
27.089561649 16.917389447 31.009340276 0.214505561 -0.944660509 0.240079663 -0.062973351 1.288098085 0.789099450 -0.610107748 -0.720264438 0.444570520 0.710337747 1.558757655 -0.938470494 -1.501551098 -0.236842063 -0.306339335 -0.600878630 0.468024639 0.685970769 0.964878463 -1.404450103 0.033360808 -0.646703605 -0.977791836 0.320724912
18.748437696 17.622746566 39.117410702 0.461605003 -0.586228998 0.641319275 -0.178790296 0.562757714 -0.149476700 1.304868826 0.747644026 -1.650012857 0.105497227 -1.049851666 -2.817861546 0.102242923 -1.561821412 0.445994311 -0.698142722 0.792364354 -1.426880586 -0.811516816 1.077519213 0.753676500 1.968798968 -0.963734096 1.406433677
22.695673823 24.393294632 29.978874816 -0.672676190 0.686901680 0.266648719 -0.067611295 0.342910768 0.253080038 0.031993992 -0.374628158 -0.424114258 0.596586337 -0.537565440 0.559661844 2.694623578 -1.048843453 0.052093254 0.441283997 -1.444652767 -0.928636720 -0.225631132 1.589345463 -0.125509235 -0.460203046 -0.789566238 0.692233304
22.682869782 25.344571982 30.121595710 0.239576477 -0.953430446 0.181557260 -0.024707439 0.762329350 0.353981847 -0.904158967 0.444968834 0.288774414 -2.049891113 0.623396201 0.242971150 -0.471581372 -0.687704223 -0.056778714 0.005659348 -0.227839297 -0.876567115 -1.102965015 -2.429978178 -1.670800408 0.899976755 -0.452830749 -0.015189830
16.509952655 23.846677875 34.811373182 -0.619989578 -0.043293663 -0.154011829 0.768126903 -0.387988124 1.767401776 -0.907346625 -1.973346096 -0.604017470 2.107567687 -0.927985600 -0.702701880 0.905739573 1.244592220 -0.533969210 -0.300531451 1.189368306 1.585358059 -0.431196691 -1.914537427 -0.069302310 -0.431859016 1.021870942 -1.171220348
20.310659726 30.001601915 35.271441625 -0.375489302 -0.180695185 -0.495999234 0.761801676 -0.200441340 -1.674808714 -1.316263929 0.007523241 0.550088373 -2.218217768 -1.941748293 -2.261851707 1.372589680 0.880616442 0.894720133 -0.868884312 0.163417937 1.023255570 0.325108323 1.222708591 0.288692674 -2.194318282 0.845819440 0.003211024
18.781519098 24.030252097 34.933229366 0.396922548 -0.916328178 -0.050923537 0.014211043 -0.647052237 -0.679842692 0.467610913 -0.865439793 0.656860175 -1.811755788 0.486021012 0.829106467 -0.241337081 0.053055157 -1.221648125 -0.337789946 0.570895667 0.708079663 0.731219040 0.134836971 0.101404342 2.307080488 0.921361224 -0.329147280
14.152788032 17.353623910 40.055111961 -0.040567783 -0.555236607 0.829079533 0.051900797 0.915456641 -1.129755687 -0.492551312 -0.106911905 0.890983100 -0.606891186 -0.902955401 -0.464995463 0.348562079 -0.137826780 -0.587146143 -0.798381833 0.401101616 -1.155749155 -0.840417451 0.436111217 -0.282816920 -0.293608708 0.628523214 1.041381063
21.961385244 26.881461721 33.283702553 0.085669518 -0.898896237 -0.098022757 -0.418375223 -1.271183577 0.686110800 -0.577275274 2.278829360 0.433303800 0.076467074 1.238476623 0.307900712 0.598385655 0.482746315 1.044800233 -1.855911803 -1.762540486 1.242905942 -0.664231148 1.935990306 -0.805642451 0.235364095 -0.154107120 0.432959133
14.030221572 27.681246439 31.362811802 0.770424501 -0.531025207 0.296535866 -0.191114621 0.397371884 1.640645674 0.558510824 -1.201616015 -3.255545148 -0.211577227 -0.112620113 -1.184674554 -0.403689993 -1.146004280 -0.730335875 -0.976448992 0.480826860 -0.915985366 0.205688153 -1.014820210 -0.153425349 -0.647719737 0.441357790 -0.916755847
21.156827949 29.260388554 29.300229764 -0.719733131 0.317532875 -0.199733187 -0.584177839 0.098466553 -1.564777696 0.571433407 -0.345817854 -0.047113926 -0.878584044 0.553139567 0.112457623 0.678616862 1.549516544 -0.136292052 -0.031978161 0.770488770 -1.056635061 -0.963129104 0.132488071 -0.130820273 0.573449613 0.351738947 1.489125521
19.349336202 17.964715129 23.808188445 0.419869793 0.214119156 -0.771374595 -0.427602126 -0.231478690 1.857551850 -0.228188823 0.407579425 0.005076385 0.495750759 0.566018770 0.239306150 0.491001761 -0.162868067 0.762488832 -0.516300165 0.261625449 0.084041227 0.297828823 -1.495252795 0.756455360 0.006925116 0.996042412 -0.145434615
25.200030181 26.403416347 38.231283940 0.901516932 0.136751783 -0.135630226 -0.387518532 -2.374948849 -0.346717409 -0.444745470 -0.417566188 1.763500414 0.571057533 -0.064347831 -0.614063529 0.096963455 -2.193787640 -0.054284507 -0.847298506 -2.122975117 0.193037296 1.145601340 0.637317386 -0.936081224 -0.582539142 -0.453572337 0.593107098
21.387486048 23.839427401 39.387252325 0.216333330 -0.014246455 0.071853065 0.973567700 0.355275844 0.716659490 1.661528467 0.507787683 0.402543031 -0.036353182 -2.075328701 1.076260612 0.592555606 -1.396950150 -0.924771815 0.012578608 -0.031316878 0.980970174 1.223186959 0.554787648 0.259395653 -1.019284027 0.045437958 0.989531526
27.201439813 23.408113129 35.440603793 0.793114267 0.102607313 -0.497325842 -0.336316082 0.715275453 0.972836068 -0.795597554 0.209247212 0.906087548 0.025361064 1.164639416 0.443874623 0.403062578 -1.389616369 0.291837148 -1.469421730 -0.405091993 1.107075859 -0.973957389 0.056926319 -0.019972137 0.240556377 -0.980921357 -0.504101006
13.032872715 16.804491414 29.912277510 -0.220150345 -0.384053231 0.128328657 0.887450673 0.623112253 -0.283660071 0.219655138 -0.084626099 1.040318656 -0.339055599 0.387253216 0.705233257 -1.275735969 0.367492215 -1.957418016 0.003974411 0.505552449 -0.492080707 0.349744522 -0.722491219 -0.339589855 1.031234858 -0.066504003 -1.007229983
22.640733975 26.272681834 29.973853461 -0.738161974 0.608165989 -0.288635958 0.044048981 0.429770921 1.507120133 -0.519100385 0.478957381 -0.838442118 1.040243757 1.269816578 -0.603396870 0.732474340 -0.563530428 1.358587428 0.557693621 0.488121034 -0.474431097 1.086286762 0.868870058 -1.338751252 -0.955956295 0.255404216 -0.805720987
25.823826513 20.697388189 35.330003309 -0.710323535 0.596851455 0.372142666 0.026807703 -0.418914830 1.767829488 -1.251289531 -0.370496784 0.173962889 -0.024506370 -1.156569436 0.126145600 0.200771324 0.277441421 0.909142948 0.498271740 1.287294277 -1.396418792 0.621275117 -1.296650213 1.672975429 -0.623693087 -0.413222533 -0.870013080
20.243064009 22.224824532 28.737111268 0.721831739 0.517776389 0.069932487 0.453845789 -1.019378223 -0.699852188 -0.472304457 -0.370415905 -0.537586224 1.306347611 1.676568978 -1.749706471 0.807089995 0.420020812 -0.151249359 -1.141303215 0.486751645 0.542701086 -0.013391406 -1.819356815 0.217526934 1.119693821 -1.844769769 0.707495436
23.358032361 24.573219064 39.867341059 0.615606993 -0.574021959 0.502715910 -0.196986129 0.339861239 -0.702112431 0.217519724 1.030371834 0.145414840 0.967419857 -1.032115412 -0.248467363 0.841834276 -0.294922759 1.531451254 -0.343183935 0.300794420 -2.216408597 0.581195645 0.524217626 0.362346180 -0.062657557 -0.747837849 0.649190543
12.899351835 27.442332994 32.014984627 -0.461036425 0.767183355 -0.221267561 -0.387189593 1.211811865 -1.033775968 2.048404796 -0.798245424 -1.431792093 0.345530970 0.671854221 -0.035171130 -0.148474271 1.713152465 -1.825051662 -1.789713982 1.515859828 1.818540166 0.629154855 1.629450175 2.488113619 -2.022334838 -0.092154742 0.989336647
18.875889794 18.457285560 32.720153095 0.255833440 0.299295797 0.689543739 -0.607865700 -0.391725125 1.176210028 -0.733646580 -1.385687525 0.270643239 -0.833513899 1.340170625 0.604838327 1.176404363 -0.964367105 -2.126454402 -0.437105115 -1.249994670 0.640768503 -0.728788312 0.271362473 0.167729202 2.058487244 0.246082113 -1.669472997
21.653465985 12.275552799 36.712895580 0.652847679 -0.149988198 0.660295584 0.339563236 -1.498210279 0.098473849 0.651718911 -0.228241416 -1.821498606 0.193545807 -0.664833582 -1.255273297 -0.413263213 0.264755107 0.163385421 0.180544022 -1.587481727 -0.039476197 -2.377718081 1.540195900 0.934736299 0.527895904 0.569523175 1.535684302
16.565949739 20.282293018 27.193359972 -0.141454848 -0.892368465 0.034016171 -0.427214173 -1.775772136 -1.138865576 0.069056404 -0.024343694 1.548765740 0.791386381 -0.586507051 0.607143606 -1.417111392 0.644407023 -0.083472370 0.798013339 0.340227285 -1.378173445 0.927488582 -0.943243259 0.147161168 -0.889033249 -1.039892398 0.606532355
22.262369565 13.318679091 34.965950841 -0.301927030 0.321509208 -0.748395614 -0.495354321 0.368071364 -0.571855547 1.092247081 -0.945299502 -1.475792526 0.505394992 -2.345880034 -1.574202466 0.230279571 0.630401770 1.099189089 -0.444879983 -0.612222049 -2.042169811 -0.256860778 0.678387254 -1.866183277 1.939303768 1.064297295 0.576479750
12.902241804 26.624386106 36.932667587 -0.612605690 0.052345432 0.783346165 -0.091340080 0.412379076 0.565504947 1.149350489 -0.715600209 0.452722050 -0.470113114 -0.484435732 -0.078879740 0.668167310 -0.454898531 1.151548712 0.417435464 0.058455888 0.176208578 -0.850463571 -0.257308579 -0.592616825 0.701577575 -0.668863788 -1.053013369
26.251776350 19.939062604 36.614869297 0.262458948 0.247849177 0.924688456 -0.120984901 -1.743121484 1.180966318 -1.125137806 -0.893566539 -0.298398983 -0.359792106 1.276336147 0.311451736 -0.042225741 1.314695580 1.338835136 -1.465357699 -0.244726987 1.100315041 0.747505997 1.027369169 -0.735033385 0.250639236 0.357878639 -0.254972021
20.377174565 23.534659530 24.555584688 0.587583083 -0.407599890 -0.519165118 -0.468055584 1.242156068 -1.546096811 -1.120563046 0.509602160 -0.802118634 -1.011939544 0.656244662 1.331448541 0.432171775 -0.016144852 -1.784571669 -0.468150341 -0.626202114 -0.424432915 0.619446906 -1.308815070 -1.093875825 1.572339606 -0.088930265 -0.253394842
21.918165155 22.098777028 35.258069265 0.865318679 0.425094737 0.088298395 -0.250442494 1.093436466 -0.244232134 -0.018142524 -1.201349099 -0.337233929 0.006065440 1.693082455 -1.157272526 0.201868055 -0.240596803 -0.054000108 0.988188332 -1.681664643 -1.393245866 -0.168207557 -1.362609100 -1.214057598 0.794406649 1.110405957 -0.038611370
14.774296466 14.953450511 37.280311666 -0.312392527 0.509877397 -0.789291434 -0.139481117 -1.138178798 -0.215427699 0.467770934 -0.185667995 0.361199394 -0.807371221 0.240453057 -0.119872001 0.640925862 -0.444321004 -0.713819673 1.069291700 -1.721721811 -0.155757641 -0.479132891 -1.487642217 1.604883054 -1.091317375 0.801549099 -0.854446030
