-42.000141591 -6.633315736 -16.988774132 -0.368777459 -0.789514636 0.269488958 -0.409933564 -0.042779904 0.366474737 0.435003458 -0.255423152 -0.071256757 0.383212929 1.102080099 2.248669916 -0.547128252 -2.042664595 -0.426091236 -0.181654152 0.389132494 0.818377499 0.392722872 -1.370348060 1.272497369 -0.619459514 0.686312099 -0.270292433
-46.352200258 -17.707861768 -9.212674108 0.486650103 0.585956877 -0.335674239 0.554210267 0.085298921 1.628382638 -0.477782549 0.041838575 0.197118192 1.162552110 -0.050628548 3.036735257 -0.193529463 1.163571186 -0.870843686 -1.633074279 0.092166143 -0.805945649 0.004751909 -0.529877779 -0.144441635 -0.244485808 2.001062337 -0.973354108
-41.959173417 -1.272374721 -10.492993986 -0.305307039 -0.268381730 -0.496901395 0.766712373 -0.262261411 1.181846258 -0.745480742 -0.119349163 -0.780369167 -0.562593563 1.075906834 -0.174216306 -0.477736500 -0.775312392 -0.814782333 -1.087723888 -0.013574698 1.039922957 -0.682922418 0.462877603 0.179001466 1.154216985 0.216615578 0.521472446
-34.868906149 -11.482813005 -14.993689618 -0.661102273 -0.336362925 0.607548068 0.284058291 0.510508462 0.108812799 -2.258303071 -0.663534096 0.499070936 -0.055003378 0.221132966 -1.243170270 -0.346725717 -0.308488485 -0.858812631 0.525085025 0.666412009 2.131157592 -0.370025837 -1.193360882 -1.709444894 0.629967595 -1.585453043 0.266442792
-42.220611694 -14.016046504 -6.748670285 -0.057888902 -0.539362090 -0.818412096 -0.189575979 0.225079984 1.536082172 0.486261141 0.578798034 0.832578556 1.422559051 -1.073442420 -1.106097772 0.766662835 -0.402406532 0.907341803 -0.233407428 0.596099531 0.891343501 0.151969536 -0.321032674 -1.374041924 0.875263622 -1.284338849 -0.702686210
-34.796042105 -8.182613317 -14.715131169 0.122126850 -0.319297600 0.935599040 0.088252541 -0.075702478 2.014304158 -2.209050317 1.014772329 1.447875544 -0.298122491 -0.897518635 0.983846644 -2.671499660 -1.157541036 1.141771999 -1.122660621 -0.873437478 -0.676431932 0.090794641 -1.534945654 0.261045611 0.462372820 -0.700276214 0.451431866
-33.369353979 -11.235791681 -14.651435053 0.639924281 -0.440956338 0.288265473 0.559425991 0.370242030 0.806325279 -1.037490191 -0.352822464 0.596643753 -1.821228906 0.932758294 0.781814922 -0.201311352 -0.681493012 -1.218467748 1.578333486 0.390029097 1.084785349 0.309788908 -0.158863539 -1.954701914 0.120433619 0.919514348 -0.482026801
-38.586022204 -3.894039239 -13.771773682 0.453374025 -0.670912643 -0.198462480 -0.552214508 0.349778535 1.310799137 -0.605591413 2.306980620 -0.017591421 0.641317088 -0.241234016 -0.821092523 -0.037751591 -1.048098614 0.201983535 -1.778453097 -0.728650935 1.017999503 -0.744422133 -0.431126765 -0.047448715 -1.165913751 -1.431445184 -0.665262604
-46.803091439 -9.103463085 -16.200024064 0.495125652 0.364036856 0.703683110 0.356591975 0.453731918 -1.459828026 0.178178376 -0.694216986 -0.876003029 0.294511181 -0.458645026 -0.695607938 1.672715187 -0.236436195 0.052643291 0.938760196 -0.690487740 1.071850430 0.076302829 -0.434612436 1.267563427 -0.420385708 -0.416761857 0.750907942
-39.580162430 -4.221015959 -12.660840017 -0.460029039 0.552853064 -0.621542337 -0.310502652 0.546071941 0.299152196 0.310113265 0.725619578 0.656914366 0.547053070 -0.084817699 0.576975639 -0.274427918 0.628452996 -1.024158111 0.321173205 -0.601606037 0.815757836 -0.486851917 0.261920634 0.377953227 -0.739840125 0.119227602 1.490908789
-40.096526120 -2.021996949 -5.742694859 0.210155127 -0.721823407 -0.590848408 -0.292752369 -0.259195123 -1.075343976 -1.354724934 1.577963068 0.704143427 -0.979775277 0.337131633 0.451089074 1.504405332 -0.989273019 1.353681558 -0.572461305 0.765851130 0.386529347 -0.520881357 0.576136675 -0.237702489 -0.503237367 -0.108454520 -0.476597340
-43.442561590 -12.491328964 -8.527509229 -0.558649425 -0.489699182 0.603064703 -0.290548610 -0.070279062 0.306887060 0.249434561 0.301398158 0.341063835 -0.387125003 -0.550070704 -1.285197195 0.508867036 0.150779353 0.550521185 -0.567322802 1.221090820 1.362658518 -0.232839530 0.545710435 -0.441480146 -0.227392675 0.165215639 1.513528475
-33.948008778 -16.937956463 -8.645411074 0.688863218 0.478514101 -0.309296721 -0.448137546 1.504232198 1.979990693 -1.520316705 -0.747540710 -0.335720613 -1.671564397 0.846112451 1.268229124 -0.858598062 -0.373576349 1.802470228 -0.452994587 0.795354757 0.862198161 1.241966360 -0.062750797 0.034837826 -1.511135460 -0.184279223 -1.185135444
-41.429008367 -2.115624347 -13.075369467 0.029529725 0.209477843 0.641077910 0.737743955 1.331906362 -1.013847590 0.021019669 0.247762085 -2.554051350 -0.874669809 -0.423079363 1.474364741 0.038104211 -1.058476764 0.551275610 0.359767403 0.338861036 1.256315963 0.678632640 -1.425529313 -0.987514598 -0.231949047 -1.114230803 0.012840104
-37.576248187 -11.458818033 -14.569143263 -0.302566166 -0.208032315 0.582361348 -0.725280312 0.706252072 0.756493070 -0.411518521 0.740985082 0.423003885 0.559691836 0.812647928 -0.558370072 0.541099316 0.697209253 1.491246935 -2.047104182 0.374792728 -0.105583343 0.943737864 -1.119650423 1.350396942 0.903018892 -1.292499173 0.227834175
-37.934026344 -15.373280862 -3.191218736 -0.131481947 0.864566754 -0.405060486 -0.266763619 0.811267589 -0.218297872 -0.663126572 0.379897235 -1.231879064 -0.657637410 0.715172721 -0.137622815 -1.970548778 -0.705886572 -1.980614690 -1.188899576 1.612822545 -0.986499707 -0.204560342 0.384751018 -0.118367334 0.677049804 -2.082275343 0.558375474
-43.206167949 -11.446509559 -8.592234353 0.355679083 0.548052021 0.648434667 0.390722222 2.139314078 1.354369657 0.972267774 -1.701762173 -0.131471779 2.651174315 0.792289556 -0.829841983 1.055262761 -1.068771236 -0.771731290 2.218180756 -0.450168712 -0.670544160 0.132928597 -0.340990863 0.233980014 -0.510820630 -1.116270932 0.365949867
-41.250162895 -5.617618448 -13.820012736 0.039510097 -0.036867520 0.145224049 -0.987921917 0.003897364 0.862069024 1.767713794 0.851124674 -1.758872860 1.085806023 -1.232806229 -2.036980626 -0.318858974 -0.976441066 -0.066012631 -0.576611098 0.427341258 0.220698148 -0.173764292 0.534997489 0.659622955 1.121312958 -1.683624593 0.070299018
-35.857357421 -10.343844105 -17.982579037 0.530778969 0.257035590 -0.684032230 -0.429309096 -1.358187174 -0.439645549 -0.352652757 -0.864742511 -1.040443614 -1.216268652 -1.593370981 -0.542486342 1.532646786 1.292983578 0.111648579 0.991245738 -0.400542804 2.326711947 -0.111244003 0.856435493 0.696304825 1.323058482 1.584256182 -0.434725512
-36.570203785 -10.249066307 -3.107079114 -0.162285397 -0.745749624 0.120060872 0.634906556 0.881646075 -2.613559640 -0.497658052 0.579841237 0.444725478 1.660382406 -0.270815923 -0.945615739 -0.066562775 1.491096124 0.638265146 1.216029033 0.257563254 0.092669565 -0.168649945 -1.683472662 -1.174122286 -1.072291346 -0.349479651 0.096172096
-41.639734904 -12.283600640 -3.307089029 0.040568967 0.182045239 -0.897631455 0.399338780 1.623987077 -0.783976549 1.434365882 -0.263103758 -0.932360696 0.057675904 1.218537972 -1.127928285 0.713394222 -1.841852660 -0.412795603 1.789877349 1.078078343 0.207359256 -1.616706982 1.166367345 -0.191742335 0.465785931 0.033957654 1.228856848
-35.121013044 -9.810276879 -8.411675366 -0.374295319 -0.531966645 0.680204443 -0.337988785 0.184604893 0.262185094 -0.886779953 0.585672623 2.266458844 1.576727810 1.733584112 -0.289514233 0.625748475 -0.236371983 0.029989102 0.317842429 -0.274605404 -0.978245293 -0.709027866 -0.048273765 -0.714551047 1.077024376 -0.545522313 -0.885389289
-45.630442600 -12.640420486 -9.016889155 -0.645060108 -0.144028092 0.699619297 -0.271452032 0.823103893 -1.600331339 0.564012711 0.454378690 -0.317333820 1.232165322 -1.048814379 0.169359096 0.476256338 -0.413206355 2.511835880 -0.120489709 1.702818857 -0.742209264 -3.032288401 -1.282598359 -0.328219856 -0.784498203 1.313350272 -1.106698678
-44.590825854 -1.805919746 -8.537831643 -0.434878325 0.170201726 -0.605434637 0.644485155 -0.704952747 0.782118015 1.014504607 -0.809356962 1.076489200 -0.348310191 -0.015354848 1.231316809 2.029174741 0.885764368 -1.366474368 -0.391400312 1.297391045 -1.487413806 -2.310788832 0.600696082 0.038561621 0.951530412 1.393347481 -0.788545303
-42.618656035 -10.604431136 -5.915828404 -0.007277673 0.096289981 -0.012620340 -0.995246704 1.593597619 0.163191121 0.772299539 0.838281343 0.312710069 0.401557147 -1.061836002 -0.477714503 0.810357794 -0.398706689 -1.724164561 -0.884896997 -0.533647598 -0.324081395 0.197124951 0.189823039 0.805629297 0.778684215 1.288700770 -0.670132784
-38.914935373 -3.495473874 -10.864198667 -0.503557952 -0.623383829 0.141525741 0.581199152 0.888937321 0.594162319 0.260126415 0.233495061 -1.772901016 0.456830383 -1.866345685 0.694757062 -1.211139372 -1.017598313 -0.423429720 -0.633357913 0.936615364 0.925950362 0.692167593 0.572560522 1.244919130 0.997787636 0.474594418 -0.396103494
-41.554674346 -11.165517932 -2.201857093 -0.279347575 0.403143120 0.644585941 0.586472098 1.657383546 -0.100201507 -0.146091680 -0.402931223 -1.362179393 -0.468968234 0.308302129 -0.860511295 -1.385630667 -2.496698920 -0.544149834 0.774690618 1.293492703 0.581262515 -0.393601516 0.161182079 0.185050017 -1.191584648 0.807851899 -0.095377070
-38.108220839 -3.318855790 -11.404891580 0.405468489 0.566297864 -0.652659266 0.298224608 0.492260837 1.028782243 1.458101459 -1.797487909 -0.843943428 -0.679839872 -0.352337671 -1.705293806 -1.662796567 0.779703748 -0.590726828 -0.380791043 -0.366243116 0.263644678 0.239892592 0.265640748 -1.093942649 0.730984033 -0.259191300 -0.910197355
-43.375984098 -11.496927137 -10.918210509 0.909426895 0.141855043 -0.109170976 0.375368575 -0.668939925 0.142593021 -0.773301772 0.167045033 -0.433145731 -0.514900028 1.832070786 0.645284666 0.246166015 -0.253963082 -0.015040445 -1.200965916 0.312150681 -1.397527998 0.567865225 -0.551715537 1.590068763 -1.057293656 0.380801869 -0.337164754
-42.091278125 -15.337613640 -6.654201835 0.090440124 0.043102456 -0.508542568 0.855188411 -1.267870050 -2.214638064 0.882390467 -0.674199520 0.022109609 -2.680148318 0.326534886 -0.413164005 -0.369100921 -1.376715308 -0.419231400 -0.658466046 0.509675667 -0.111162830 0.922612759 1.002924682 -0.448499609 -0.684277704 0.765260803 0.692837229
-39.295215585 -16.306360034 -2.608489310 -0.808499491 0.224202469 0.495867074 -0.224003728 0.682681419 0.922913440 -1.282506421 1.421339692 0.158860543 -0.933885089 0.033133597 -0.369677043 1.298829254 1.088476104 -0.868385078 -1.115273938 -2.098298209 -1.314363526 -1.087854525 0.587358442 0.453529322 -1.431055198 1.580579707 0.081523495
-43.733672345 -2.755809453 -7.301178846 -0.090134009 0.364693737 0.726025100 0.575987754 1.455068100 -1.137293885 -0.989342532 -1.147952677 0.212728378 -0.051193844 0.031557288 0.093662325 1.764630804 1.852695093 -0.347928567 -0.089584616 0.482134750 -1.624045235 -1.637576530 -0.162213775 1.486209473 -1.371515352 -1.334792666 -0.495226271
-41.575113602 -15.459480060 -6.622088162 0.253555086 -0.068224092 0.360646562 -0.894980083 0.568983637 0.029115257 -0.426289315 1.891089454 -0.802935707 -2.521182678 0.237562619 -0.719220870 0.742312429 -0.969843715 0.644738020 1.385271133 -0.271783203 -0.309031222 0.136499040 1.533348393 1.758659261 2.252994333 -1.055186367 -2.092767775
-44.221809084 -7.775662562 -13.759131634 -0.048737185 0.047558651 0.006885292 0.997654978 -2.625887472 -0.312712963 0.333722550 -0.067177845 0.483718718 -1.844300287 1.033212747 -0.515794114 -0.775561844 1.408256839 0.264111797 0.400914214 -0.940998120 0.968562698 0.336718950 -1.340109673 1.826553674 0.300863415 1.358208003 -0.973832229
-35.796543286 -7.103057209 -14.431885490 0.429862872 -0.244680662 -0.785114881 -0.372751804 -0.491799511 1.343226399 -0.756175779 0.307761031 0.611714407 -0.889979298 0.569225147 0.257276198 0.379267078 0.487331389 0.360467117 1.268501863 -2.216850724 1.037236269 0.185865016 0.023432957 1.499970408 -1.190960452 1.682723962 -0.270198625
-38.532054146 -15.278085411 -15.099698321 -0.299945132 0.714104595 0.578362558 -0.256094313 -0.439124177 0.219272622 -0.296286211 0.997973972 -0.195899264 -0.760066976 -0.225460645 0.098835372 -0.785677630 0.810108672 0.205624013 -0.462043274 -0.059815180 0.709965636 1.577368098 -1.419190116 -0.342816222 -0.273510011 -0.731363336 1.552559346
-42.222801684 -5.911766497 -15.990241331 0.874287611 -0.037058053 0.268554705 -0.402649034 -0.068514642 -0.702195115 2.004410112 -0.034341451 -0.126724069 1.304155948 -0.430805985 1.680686124 0.879536046 0.790158146 0.665951396 -0.702996838 -0.821468665 1.478839793 -0.894162350 -0.514334969 0.612143496 -0.107634957 0.550052438 -0.600889106
-35.070870065 -3.095672222 -5.596691923 0.064811842 0.837749082 -0.342199238 -0.420565788 0.121913754 -0.350125540 0.718945910 -1.482773704 -1.767822571 -0.727476170 0.023278553 -0.897773014 -1.369855102 -0.684161892 0.956215738 -0.085149520 -0.460610575 0.000272840 0.281255806 -1.668090791 1.324396051 -0.983666723 0.061883159 -0.031052700
-39.468257302 -16.104507151 -7.084567963 0.157432885 0.679715351 0.019454125 0.716116936 -1.331244835 1.164176761 0.099845035 0.055060730 -0.873552239 2.056264989 -1.223942111 0.533335567 -0.004543482 -0.714527864 -0.525123162 1.302879597 0.455969302 -1.116114637 -0.490878482 0.711266679 0.387554073 -0.318061728 0.189623342 -1.060836796
-41.084147864 -19.745200461 -7.834687245 -0.087653688 -0.566558474 -0.749921388 0.330070051 0.917761606 0.303979239 0.427855431 -0.818525190 -0.965931102 0.190376389 0.744938860 1.241625138 0.638204604 1.141021010 -0.731463390 0.397920537 1.419421079 1.434662643 1.353297544 -0.718986205 0.430928847 -1.508370046 -1.044989862 -0.872553250
-36.643474598 -17.085072573 -10.019529432 0.955111453 -0.124434732 -0.238229684 -0.124598262 -1.345322942 1.121504772 -1.171766195 0.939319824 -1.137176220 -0.345803804 -0.326689767 1.501917415 -1.114231077 0.057282552 -1.310645741 0.032125164 -0.456606970 0.697096863 1.086431534 -0.646709935 0.112380514 0.041552049 0.945188483 -1.187553074
-34.506916979 -12.158294997 -9.209812800 -0.672238896 0.092032940 -0.713658545 -0.174115724 1.433318865 0.412569995 1.546282015 -1.299937068 -3.252295346 -0.961602594 1.057374714 -2.361332102 1.672889112 0.471055546 0.930124194 -0.956614383 0.134615084 0.686874241 0.557053733 0.706650943 -0.357604971 -0.501808551 -0.903431112 -0.522469794
-39.263059145 -11.748670952 -13.207468657 0.517005114 -0.288201225 -0.216426754 -0.776405324 -0.406597908 -1.153983543 0.481859693 -0.006635128 0.279513930 -0.315021123 -0.906336831 -1.894884851 0.351809435 -0.346064489 -1.558142537 -0.782367799 0.157944751 1.383093041 0.564459813 -0.208092221 -1.155319686 0.129928995 0.197600187 -0.219837803
-33.728947875 -11.126435269 -10.152458954 0.762987819 0.467691479 -0.037538674 -0.444640435 0.398384193 -1.272294363 0.063997420 -1.235205075 -0.712577565 -0.409800916 0.967196536 -1.863639574 1.774195869 0.438732415 1.031033771 1.410813280 0.268037997 -0.376873101 0.507504062 1.920175665 -0.211066662 -0.005941365 0.496057875 -0.339004786
-46.312349118 -4.037407595 -10.074585421 -0.224269834 0.782344918 -0.451075963 -0.366292159 -1.279931763 0.070094627 1.489945444 1.003986726 0.601380215 -2.970483102 -1.889704328 0.199209415 1.435096318 2.386727234 -1.085092025 0.853635090 -0.275046927 -0.281885474 1.358441844 1.116109092 0.536383076 -1.083106758 0.385132367 0.345611282
-32.979666410 -6.484440572 -6.324926750 -0.350330725 -0.836928977 0.375706721 0.188845784 0.629083110 -0.191889571 -0.089639357 -0.276969758 1.956360952 -0.079620538 -0.274185572 0.253659029 -1.023176194 1.611606618 0.006436377 -2.263208886 -0.578501873 -0.468828871 0.109598612 -0.938417600 2.175019972 0.247005869 1.302186700 0.690709904
-46.806944159 -9.551051405 -8.539259140 0.765695856 -0.262536639 0.550539379 0.204183157 -0.842791000 -0.264770430 -0.278891556 -1.253365068 0.452486458 -0.313712952 -0.033096068 -0.495138001 0.813489616 -1.362192129 -0.207189563 0.465192694 0.156557334 -0.560620446 0.239152153 0.594595947 0.138745017 -0.270929160 -1.496814758 0.693546912
-44.467826206 -8.557962564 -7.336987376 0.095375927 0.119884103 0.822075442 -0.548382350 1.162367791 -0.108944481 -0.639197552 0.381035085 -0.568800833 -0.646716882 0.042382735 -1.601627208 -1.631885589 0.880718294 1.690458789 -1.458932747 -0.132106139 -0.343585403 -1.109935974 -0.821873277 0.035695098 -0.418033073 -0.531138601 0.102541770
-44.113803878 -14.235977166 -2.599338211 -0.741995632 0.380138414 -0.548421514 0.064584138 0.542029015 0.556125169 -0.513404786 0.879072769 1.595704486 -1.788614801 1.581634089 0.561812983 -0.504293730 -0.096481997 0.563520950 -1.378303202 -0.294513003 0.308944833 1.008278932 -0.202508689 -0.535001989 0.186051751 0.085938503 0.375091506
-39.867252704 -19.798391389 -7.485056364 0.516727223 0.664050379 0.539553884 0.030194008 0.526916403 -0.497298530 0.319954925 -1.085421053 0.395028483 0.203247452 0.838728302 -2.206529852 2.077646653 -0.977858096 -0.061846416 -0.205718228 -1.125034563 1.874267204 -0.017280619 -1.586695970 -0.819846070 -0.465721792 -0.782301804 -1.622030744
-35.521825029 -6.933181551 -13.694842196 -0.326620136 -0.376264168 -0.753737076 0.428514858 -0.495160268 -1.027044789 -1.004427754 -0.963384779 -1.283975800 0.053452665 -1.415479187 -0.677013309 0.190198624 0.028999683 -0.256137469 -0.285619188 -0.294445241 -0.528804142 -0.146108242 -0.901593584 -0.046943093 1.604857121 -0.800166110 0.011040637
-47.166510385 -10.772699813 -11.206789308 0.271020231 0.201836709 0.074711939 0.938204724 0.388724861 0.572957148 0.636418656 -0.283290951 -0.628623875 -0.003344196 -1.260947058 -0.000734463 1.355191002 -0.168141589 0.670586473 0.194678335 -0.073135382 1.101910863 1.708382731 0.267675273 -0.245751703 0.579139789 -0.359624633 2.058291920
-44.794886637 -16.997749039 -14.267403156 0.443887813 -0.446726231 0.264083374 0.730519853 -0.423922214 -1.644181028 0.429210832 -0.838644475 1.496695653 -0.324457628 -1.693139801 0.012016432 -0.534452280 0.251404319 -0.500021822 0.100814988 1.387343720 -3.206997207 -0.134507491 0.991832710 0.502255051 0.744470194 -1.366739336 -0.746815203
-46.834169032 -10.251608239 -17.405889620 -0.185457713 0.117144517 -0.909741844 -0.352494504 -1.222606174 1.425220596 0.078865299 0.570677968 -1.087597304 -1.298619860 -1.181377516 0.312201543 -1.044134111 0.848326348 0.255610971 -0.496361711 -0.713933558 0.588911268 -0.115379243 0.625177595 2.117904563 0.109615070 0.664761168 0.017843148
-40.077359787 -11.568606057 -13.773119311 0.158307358 0.073133759 0.978560427 -0.109588890 -0.993520884 0.077455570 1.294781165 0.525124033 -1.733389301 -0.485422251 0.127367000 1.402309674 1.613347922 1.585379629 0.276087996 0.809701941 -0.494421289 -0.176115968 -1.436247342 -0.215259540 -0.143814776 0.223010133 0.358059535 1.055337192
-35.858879135 -8.118610602 -4.881130392 -0.831229547 -0.276678193 0.441175779 -0.194603572 1.253750322 -0.366015816 0.967877195 0.373030686 -0.406310390 -0.040712803 0.102148201 0.361577628 -0.727700033 0.189405846 0.556297209 0.670929689 1.272453000 -0.658766106 0.534302298 -1.906450022 -0.602356239 1.298164705 -0.223254011 -1.141874272
-35.862236187 -10.599862248 -13.674399137 0.769996770 0.492300548 0.136356333 0.382298438 0.433365933 1.840909755 -0.252281291 -1.005672718 -1.599295760 0.591554473 0.130549729 1.192359052 0.713654831 0.453708275 0.337300586 -1.132429628 0.543705262 0.369179840 0.429388630 -1.384584044 0.247026415 1.436586941 0.527215307 -0.272111125
-48.503003877 -9.248172333 -5.859544175 -0.172580496 -0.394436258 0.839606082 -0.331206337 -0.697619134 -1.305035116 -0.410619621 0.260618630 -0.461435020 0.035472375 1.664749675 0.300507162 0.531983245 1.713256626 -1.322397162 -0.567651878 -1.024806122 1.416784933 -0.241171996 -0.078516812 -0.480121726 -0.671269400 -0.183608336 0.341645280
-34.818228652 -12.465290221 -16.539720256 -0.785595730 0.251022287 0.320263010 -0.466110249 -0.587219565 -0.650075188 0.030533398 -0.559078993 -1.468573198 0.193342608 1.179535795 -0.725219519 1.059694510 -0.290890358 1.000499903 -0.067235525 -0.735234350 0.040992270 0.218032987 1.062514638 0.168821393 -0.434809658 -1.140433267 -0.799022555
-34.831107667 -9.730642416 -8.929365394 -0.353232159 -0.196601558 0.596452247 0.693411556 0.022192490 -0.939332948 0.097142548 -0.471266478 0.722927927 -0.681406691 2.000732756 -0.515316363 -1.036910832 -1.926114888 -1.303301947 -0.718878568 1.838708069 -2.058076576 -0.416035608 0.678575414 1.078437964 -0.082919282 0.208009703 -1.778003491
-39.387478383 -4.484563150 -13.943094311 -0.548031039 -0.230631739 0.748815743 0.292824119 0.293937759 0.234500915 -0.491324215 -0.866740194 -0.323537175 -0.790637202 1.321259512 -0.925973809 -0.030277732 -2.232623875 0.332946552 -1.486747447 -0.235706941 0.295656922 -0.036539571 -1.031758868 -2.279794528 0.863906038 -1.004633727 -1.769592718
-41.883935230 -12.630306344 -15.717284832 -0.736281631 -0.564515188 0.345029226 0.142009842 0.954154429 1.067050783 -0.044003362 -1.574436918 -0.244091560 -0.297551538 0.241458065 -1.417928291 0.500190247 0.140013056 0.235291347 -0.981397384 0.402840483 -1.377038411 0.452286970 2.373306430 0.998226653 0.162736152 -1.274323562 0.162451850
-43.745302363 -7.591694290 -10.203791099 -0.549098176 -0.567909699 -0.521393104 -0.322674755 -0.573489398 -1.077984577 0.958596373 2.319956143 0.188868833 -1.431665320 1.097040344 0.005870030 0.004689843 -0.349381032 -1.026035525 -2.309720307 -0.874930246 -2.568520456 -0.906818370 -0.903081616 0.259854704 -1.256762898 -0.465196365 -0.486719458
-40.710060230 -11.446153869 -14.617679669 0.472593243 0.683343562 0.547276590 -0.100923417 -2.790680482 -1.371695118 1.115114341 -0.286877414 -0.390734969 1.749872187 -0.906796141 -0.319782623 0.375597944 1.117629989 -0.672377827 -0.326995819 0.789643489 -1.035969485 1.271406443 0.901297135 0.942366319 0.401664168 1.871796782 1.454262053
-46.543089801 -4.037438789 -13.628804972 0.318172226 0.209795631 0.881321642 0.279328465 -0.667902212 2.096521593 -2.299623405 -0.954721330 1.053459735 0.147245687 0.997449578 0.265138687 0.397922142 0.407184078 -1.055403514 0.667132944 -0.484523745 -0.378852296 -1.415738784 -0.914191048 2.008066986 -0.073842574 -1.093827047 2.022192077
-47.685062672 -5.617400226 -11.168884725 0.212454787 -0.969008453 -0.014652912 0.125183359 -0.515016972 0.520786513 -0.935356669 0.355525956 -1.134103078 -1.126460048 0.064064443 -1.532764021 0.200754053 -0.604177529 -0.046117176 -0.923244441 -1.157214158 -0.589909715 1.381408808 -0.726811296 0.653138883 0.270582205 1.756510694 1.472768874
-40.847192051 -17.510674088 -9.408270794 0.272936554 -0.159186318 0.948681233 -0.013010405 -0.074751232 -1.404306411 0.870168468 -0.230869545 0.420387830 -1.030329148 0.489411779 -0.091090719 -0.066238451 -0.867508137 -0.259882699 0.314911879 0.239333552 -0.341732905 -1.051298331 1.607163407 0.136982016 0.314798104 0.302428116 0.047891692
-37.978114699 -19.652341171 -8.374146841 -0.634802165 0.558598865 -0.164727730 0.507797493 1.872091106 0.648000911 -0.510267514 0.153179730 0.289443657 2.457317088 0.090265375 0.430051151 0.105257847 0.065531297 -0.612513248 -0.597061739 2.512129683 -0.788234548 -2.370421192 -0.696881383 -0.173123836 -0.169504435 -0.141098440 0.092521141
-41.662108677 -7.307618934 -8.140608160 0.252250217 -0.628239627 0.606447802 -0.417020218 -0.406472294 1.256112501 -0.253758414 0.715368566 0.689155969 0.505242234 0.064661366 1.331420685 0.148450294 0.650691926 -0.406739919 1.443370038 -0.712146245 -1.441249744 0.723586230 -0.269674715 -0.186281802 0.271848383 0.597178028 0.283794755
-39.088840178 -15.945750111 -2.678774327 -0.888004206 0.187926851 0.125292690 -0.400541846 0.218268006 0.622778373 0.198091243 -1.376937896 0.821337024 -1.392454253 0.554097769 -0.016916053 -0.451921405 0.333896405 0.295498126 0.756370740 1.092751836 -0.307050084 -1.521013323 -0.177261664 0.634170699 2.074853386 0.529155535 -0.555056840
-41.690665180 -9.153932482 -9.893304742 0.636603576 0.706103799 -0.299209046 -0.081407974 -0.055271280 -0.242376008 0.879183890 -1.397928133 1.277086656 -0.513768160 0.322465296 0.593946159 1.453703796 0.171939603 0.494185123 0.578916762 1.817127277 0.148540691 -2.239236026 0.339191882 -2.472883209 0.166768068 0.012155341 0.765023662
-32.082462309 -15.166272473 -10.308974033 -0.072275225 0.920051705 0.094257024 0.373358761 1.610836276 1.998178203 0.031625929 3.085045190 0.057721988 1.270607783 0.637783563 0.667344249 -1.679466646 -0.285826222 0.952867234 0.154364795 0.203680278 0.254482615 1.627493885 -0.703785607 0.461689480 0.903735844 -1.568683264 0.371917468
-35.861813696 -12.087913095 -8.411522561 -0.260117694 0.536100729 0.493114807 0.633855331 1.427067395 0.320673488 -0.120304455 2.415590238 0.601429928 -0.343946730 0.033020143 0.892415281 -0.924470055 0.531034402 0.548976583 1.172679134 -1.981876123 0.559644503 0.067710205 0.472588508 -1.211178652 1.067412072 -1.069777589 2.123576006
-45.852373312 -15.525859359 -3.684850874 -0.898013825 0.097807855 -0.075618370 -0.422240044 1.203446482 -1.118399719 0.925563373 -1.391026474 1.293120943 0.301819686 -0.223000597 -1.571253333 -0.035738169 -1.359695159 0.318728832 0.190148055 0.823917083 -0.977209973 0.043517438 0.857219578 1.448123759 0.023187370 -0.392843011 0.923765628
-45.544937479 -8.650326104 -12.562619899 -0.774768985 -0.228592506 -0.389927590 0.442080265 -0.859142143 1.611094958 -0.139601903 -0.403893493 -0.430490227 -1.289784965 1.134844804 0.398925448 0.775026314 0.788139854 0.195393583 -0.344176476 0.632488325 0.428996767 -0.332694398 0.576816947 -0.183046255 1.066523948 -0.390893420 -2.028345394
-33.217095259 -15.997760370 -13.063039618 0.374114781 -0.215038597 0.652557633 -0.622868420 -0.022735440 0.110438051 -0.138897832 -0.207551275 -0.296673867 -0.979472065 -0.568924882 0.168874403 -0.194542415 0.167433764 -1.729212255 -1.277779689 -1.013484023 -1.624169769 -1.118885239 0.465332855 -0.216868809 1.094312914 0.181484068 -0.697479479
-38.584717948 -2.663647330 -5.545608908 -0.023284378 -0.111692402 0.861950150 0.493988446 -1.096590053 1.273461144 0.337510194 -2.486798021 -0.913802692 -1.056067333 1.880812096 -0.455607177 1.612442668 0.431361221 -0.859668453 -0.376810020 1.226265727 0.195545645 0.051377886 -0.890884579 -1.002107759 -0.521178725 0.898870633 0.018158769
-32.798805911 -15.596557011 -8.486190756 0.383804373 0.180058459 -0.321317326 0.846775254 -0.636417726 -2.202205586 -0.535546715 -0.004957317 1.186928322 0.079320402 1.088059862 -0.571499151 0.602698102 0.186090872 0.746402344 0.043839592 0.956511566 0.087457536 0.503980141 -1.343245738 -0.433603973 0.713602174 -0.129775617 -2.252452304
-43.971866662 -15.314939072 -9.410065654 -0.966047620 -0.165545466 0.015121947 0.197782761 0.641307327 -1.068395448 -0.245981804 1.211965237 1.513258236 -0.358292423 0.157434646 -0.324854751 1.329257523 1.723455953 -1.358660274 1.180866521 -0.447995893 -0.764377621 -0.189851810 -0.582009673 -0.217134116 -1.829052850 -0.061392723 0.243132714
-39.659366384 -9.990524169 -8.207072124 0.960010724 0.017744519 -0.091457752 -0.264007617 -2.172542430 1.573259518 1.120006417 -1.375704572 0.353946396 1.285382064 -0.387943134 0.445550071 -0.189230184 1.050625742 1.999549106 0.057049204 0.420502920 -0.800044451 -1.516401671 -1.826741167 -0.199823735 -0.250932647 -1.417947357 -1.904764432
-42.081967155 -4.294802639 -12.453098980 0.913278604 -0.132183781 -0.339052057 0.183011862 0.648025152 -0.417240233 0.396920381 1.588266931 -0.313076969 0.660372133 0.754485356 1.450770901 1.356127288 -0.990978215 -0.181894799 0.084284849 0.779849760 0.414085198 0.206550070 0.580201451 0.297929673 -0.851855142 -1.397288568 -0.147755706
-42.446520758 -10.779318332 -2.723081065 0.179013198 -0.849213701 -0.123875556 -0.481087530 -1.731187293 0.832355248 -0.187484601 -0.319432672 1.698841370 0.225978610 -1.336184742 -1.210237312 1.466002932 0.064540437 -2.175968631 -0.557587666 -0.809347134 -0.445802979 0.185686763 1.005268209 -0.880073294 -1.500918070 0.553795684 -0.859032425
-42.326348422 -8.827743566 -1.219156748 -0.797717274 -0.040928027 -0.237121331 -0.552942603 -0.551671209 2.100822546 -0.357722107 0.111869383 -0.794873310 -0.349199709 0.630914423 1.580458262 -0.445948979 -1.109087626 -0.754585878 1.370604427 -0.598986710 0.521572335 -0.245781707 0.313596499 -0.180079043 1.254673701 -0.273096118 -0.525786738
-34.976190319 -11.498852697 -13.708334995 0.729635991 -0.229424826 -0.245049902 -0.595773543 2.330878803 0.908879362 2.628241156 -0.665319768 -1.217166391 1.025673684 -0.312001194 0.420946579 0.309803157 -1.370407972 -0.590624715 1.385214083 0.839816865 0.754746766 -0.491998632 -1.008097750 -0.069930283 0.647064326 0.301491930 -0.334737135
-38.378649344 -13.103942886 -17.985954579 -0.632750843 0.333000776 0.031986179 0.698365047 -1.627204435 0.795116824 -0.374395395 0.988218736 0.586057943 -1.161154616 -1.919637001 -0.260342911 -0.317890527 0.575104403 0.017038739 -0.494730408 -0.934279305 1.370264684 2.199119250 -1.239879298 0.349496578 -0.800643939 -0.443459801 0.866631518
-44.091442512 -3.322111300 -9.843488451 -0.173218523 -0.052243055 -0.799967284 -0.572117428 -1.204293619 0.400605908 1.159539885 -0.382171031 1.686091693 -0.659191474 -1.336044893 -0.130032118 0.015707758 -0.452208567 -1.535201762 -0.495428971 1.006624171 -0.853659185 0.864211873 0.376450111 0.310309037 -0.586012042 0.238433409 0.124751667
-43.348851009 -9.700124733 -19.380053139 0.973548716 0.108848514 0.198724582 0.029384339 0.980412230 -0.441988734 0.338754672 0.573243173 1.255004800 2.080702044 -0.697156861 0.187495311 -0.993929026 1.499411150 0.915076752 -0.777745106 0.833197242 0.116661916 1.326055701 -0.791781731 -0.866726042 2.642898948 -0.691664879 -1.663273590
-36.310450169 -5.139330609 -10.307724499 0.036653850 -0.594315380 -0.288319895 0.749878232 -0.631772450 -0.550731346 1.048282001 -2.196511173 2.670134157 0.625571663 -0.320584006 -1.643157347 0.190689375 -0.888255709 1.151820093 -1.203180698 0.096067496 0.213037839 1.011025576 -0.478445148 -0.874783088 0.023848769 -0.847507062 0.855665202
-41.356784570 -3.797207540 -5.934569768 0.826500318 -0.170134610 -0.536050421 -0.024523159 1.049586444 0.911192724 0.552457770 0.044990129 -0.846768716 0.391357646 0.739457342 -1.405958240 0.413247097 -0.236363732 -0.247785367 0.337885813 -0.189163319 0.866921585 -0.068374256 -1.954003810 -0.175309068 -1.931640489 2.346191676 -0.860796035
-41.143849159 -8.854197227 -12.466454740 0.476439947 0.350468711 -0.264686301 0.761654660 -1.854961784 -0.634813967 -0.342627291 -0.665286475 0.850023580 -0.826905181 -0.360098126 0.072867970 2.445315438 0.097438365 0.500077473 -0.965518154 -1.952112936 0.049442889 -1.031356552 0.227645091 2.023237512 0.807206321 1.243794195 1.269584332
-34.745902748 -17.753126315 -11.154895481 0.036089573 -0.789796152 0.518744635 -0.325305373 0.171088361 1.734839589 1.714886147 -0.549124763 0.020021918 -1.056111574 0.551509610 -0.311211826 0.793514397 -0.011527988 -0.455327310 -0.505316996 -2.189711044 -0.032701325 0.802622023 -1.190609676 2.002781830 0.059912636 1.560665729 1.354653458
-41.324987378 -6.675408981 -8.613972851 -0.657431448 0.143951173 -0.512343242 0.533447611 -1.251251214 0.277355884 -1.101217811 -1.419543710 1.066273005 -0.942281798 -2.266456100 0.783351252 -1.753014636 1.283888948 0.211034544 0.745590078 0.953488866 -1.146960474 -1.147579413 0.511868889 2.403188627 -0.165518406 0.338525256 1.302703761
-33.706734720 -9.863012718 -4.285714595 -0.560292821 -0.120946611 -0.079744966 -0.815527199 0.819479912 -0.122578328 1.233572383 0.828575178 -0.207076883 -0.461411001 -0.038876609 -0.676988609 0.352844019 -1.823099377 -0.840730798 0.251672978 -0.053181509 0.132387605 -0.392627171 -1.755444113 -0.555153582 -0.406456823 0.540689808 1.431842231
-33.077414670 -7.423112578 -9.647920509 -0.183938465 0.503625293 -0.471720987 0.700005369 -1.176580699 -0.154476999 1.677323585 -1.012386109 -1.550991727 -1.401910564 0.089097190 -0.203616324 0.578237880 1.462597122 -0.773369104 0.448841117 -0.155666541 0.254908373 -0.512756106 -0.527994164 0.611101996 0.515006607 -1.451566498 -0.111091272
-48.014116813 -9.571330370 -12.235156220 -0.012466484 -0.267405079 -0.910430528 0.315365446 0.693278182 -2.629689641 -1.997766815 2.238793114 -2.132297134 0.676924777 0.664609296 0.188284748 1.532003255 -1.019312841 -0.992543641 -0.181843911 0.546627167 0.610232172 1.971858667 0.826415486 0.731369736 -0.293084593 -0.431158079 -0.989557870
-47.924308924 -14.116350471 -8.296217184 0.578372545 -0.710457296 0.363920660 -0.168218258 1.070798956 2.700984534 -1.030580594 -0.371162205 0.690434214 -0.119010932 0.338034769 -0.322923312 -0.276802343 0.086149093 -1.096485155 -1.181916482 0.986034951 0.251793370 -0.359560486 0.934451590 0.488887385 1.769263832 -0.262697321 0.522718258
-37.296027734 -11.321030700 -3.042614487 0.079641989 -0.276701245 0.888792584 -0.356568813 -0.559006288 -1.841385105 -0.033594049 -0.192862750 1.120017626 -0.057039339 -1.168859293 -0.094904317 -0.026520321 0.330746081 2.980166087 -1.379287678 0.062206824 0.253250901 1.277249511 -1.611857464 -1.439030757 -1.066527936 -0.757715245 0.254008149
-34.024586219 -10.887220291 -6.664337545 0.670203879 -0.258613369 -0.651372262 0.244254094 -1.381996617 -0.744885795 -1.321482563 1.177929531 -0.193271124 -1.707444208 0.573509058 2.715753697 -1.011232117 -0.290353873 -0.216373337 -1.708382097 0.358221875 2.066640638 1.761314490 0.544719799 -0.510955211 -0.945964859 2.289813930 -0.692332449
-42.934498740 -3.022641990 -10.033845179 0.296957034 0.699268402 -0.048585880 -0.648444011 -1.150029369 -0.873034439 0.548589813 -0.289083161 1.060005787 -0.195936188 1.254566093 0.731244654 0.709568385 -0.883852786 -1.154846108 1.474697888 0.358137929 1.800611426 -1.705669029 -0.658140321 -1.084348474 -0.804165204 -0.612515294 0.222673387
-40.516344471 -18.508907040 -12.619369054 -0.382381622 -0.433712544 0.792258079 -0.194948350 -1.030606169 -0.857474747 0.903503337 -1.082434229 -0.936437531 -0.196161072 1.560440744 -0.123576875 1.292987290 -0.674151928 0.899123779 0.816806644 1.315594005 1.504848191 -1.569437344 -1.341625577 0.215303545 -0.395914448 1.444361882 -0.688416524
-40.415778515 -18.189727097 -5.224517299 0.858691306 -0.235740584 -0.377429921 0.254209115 -0.692292470 -0.688419121 0.365045605 1.322397272 1.138472508 1.043787200 0.407783419 0.255808828 -0.027007597 0.467451182 0.957988798 1.088285439 0.782146397 -0.706698715 -1.231016117 -0.647418644 -0.713200242 -1.246694580 0.968565755 1.418141243
-40.397677910 -18.842364361 -10.374788121 -0.243560142 0.581821362 -0.531638773 -0.565263280 -0.062910632 -0.393126019 0.736921534 -1.314166959 1.476825641 -0.823782739 -0.270097777 -0.623091753 -0.754911264 -1.206314346 -1.152309668 -0.522014340 0.675462738 0.267938720 1.016024188 -2.620240267 1.374697745 0.189596972 -0.218276220 -0.885409116
-37.113285530 -5.364741457 -6.291147188 0.378013251 -0.524716087 0.755381167 0.105727492 -0.243301431 -0.318646797 -0.720634889 0.730539711 -2.428238900 0.437568054 -1.930759331 1.035427883 1.341760334 -1.610836567 -1.450537827 -0.371364838 0.645015744 0.034732879 0.241077303 -1.143580986 0.094884637 -1.447683783 0.519176899 -0.135755960
-35.898651246 -6.847040272 -17.996716589 0.110688226 -0.448263748 0.645970135 -0.607890050 -0.448766694 0.081369205 0.936159651 0.962524439 0.048099755 0.163198177 -0.702206233 -0.292883523 -0.499424471 -0.234442508 0.251238087 -1.826045162 -0.795925667 2.337472540 0.707172724 -0.315184853 1.094975387 1.332293635 0.237976313 -0.397789969
-40.311810626 -10.961362219 -5.180643795 0.905014311 -0.349083278 -0.083189348 -0.228406423 -1.126487202 -3.229400249 0.872019463 -0.558064542 -0.185496330 0.581898143 0.435369704 -0.282939873 -0.235598067 0.261474326 0.668037864 -0.075391655 1.234428903 -0.186775899 -2.208517902 -1.020428680 -1.588001754 1.056190576 0.320297964 1.430506152
-41.546546665 -6.805338824 -7.728056991 -0.040326233 -0.913729801 -0.278911448 0.292711547 -0.083773811 -0.406712226 -0.551221454 -1.665291797 -0.129965433 0.321525091 1.441637837 0.167353677 1.055204390 0.484005586 0.546335988 -0.387303834 -0.940343031 -0.281770516 -0.498574855 -0.386408013 1.261828473 -0.822424126 0.280253761 -0.521153430
-47.652151945 -15.771455412 -12.266333975 0.065860730 0.504340504 0.853719923 -0.111648167 -0.156362349 1.378477347 0.266282388 -0.419593607 0.423522577 -1.260230596 -0.309086843 1.190409883 -2.144283362 0.847474814 0.444389210 0.892753766 1.335030815 0.430408449 1.149772742 1.417359255 -1.269500515 0.184829957 -0.759953097 0.169963833
-36.156527369 -8.593334653 -2.896478041 0.655622537 0.440381663 -0.563751219 -0.241676734 -0.046107095 0.299679392 0.586017159 0.375329983 0.345322674 0.111258794 -0.867746453 -1.209935206 1.310570226 -0.873626515 -0.175762569 0.105197765 -1.397386504 -0.887512290 -0.875598671 -0.046516838 1.729241198 -0.153625603 -1.425183801 -2.777429467
-39.587789458 -12.859560761 -1.008712040 -0.548739112 0.449638502 -0.679882750 -0.185661117 -0.034169103 -1.700741559 -0.285418641 2.071804047 0.283082658 -0.070390213 0.048070627 -0.166755137 0.783648276 0.328422900 -1.919893946 0.334312846 -0.230069844 0.029231357 1.005051999 -0.245453556 -0.802604655 0.848218866 -0.116214820 0.327798712
-42.134250840 -19.289486438 -6.435454741 0.676683653 0.208172977 0.040095093 0.705092638 -1.341923085 -0.629922951 -1.224081592 -0.586883706 -2.300271438 0.505867030 -0.605877447 -0.488923129 -0.588872907 -1.317987419 0.632672357 0.514643019 -0.086230057 1.097411354 -0.228855448 -0.657681286 -2.456722927 -0.099095882 -1.051885783 -0.675760723
-38.255172123 -15.081931829 -17.898006209 0.905495057 -0.247923615 0.313685943 0.142174933 1.810944518 2.102264331 1.042968965 0.220657968 -2.087401047 -0.012231468 -0.469013426 1.384763273 -0.279471169 0.070234520 2.584628878 2.559224684 0.429985003 1.237153028 -1.006379205 0.137470662 0.877041142 -0.416009141 -0.732006257 -0.267875314
-42.482037261 -7.729073484 -11.800938893 -0.556003211 -0.691901687 -0.206546071 -0.411668805 -1.404169421 1.768671453 -1.244981911 0.900375236 -2.010533117 0.678646184 1.462248154 1.025809055 -0.808457498 1.844918605 1.113388616 2.613931864 -0.359352314 0.824949345 0.977997848 0.066588421 -0.183190833 -0.650324777 -0.121624288 1.134549047
-44.279012521 -16.404866850 -5.682886433 -0.947296708 -0.072733672 0.124600240 0.286030662 1.439823890 -1.830917584 -1.848020223 1.313902480 -0.740329835 1.425164841 -0.108550946 -0.981047011 -0.317454715 0.666233585 0.449219072 -0.144170941 -0.651459189 -1.106956499 -1.400429944 0.928591999 0.546828973 -0.732888700 0.434259198 0.990756563
-44.031842863 -17.260018614 -13.635850270 0.647274148 0.151480088 -0.636613684 0.390913005 -0.054420411 1.022824596 0.901565330 1.823606713 -1.650330414 2.700034319 -0.307360614 0.990939525 1.154001831 0.536569257 -0.415418460 0.488610950 -0.194811108 -1.385026413 0.463793786 1.525166112 -1.380816823 1.588613047 -0.555705298 -1.534529768
-36.541143026 -11.967134728 -1.670001447 -0.517655131 0.550214783 0.203490025 0.622807087 -0.981082859 -0.526163891 0.028466106 -1.325904516 0.229390501 -0.672103858 1.390420110 -0.269945023 0.123188613 -0.065668706 0.004982680 -0.862671375 -0.187014720 -1.031006487 -1.427135169 -0.308159993 0.958190599 -0.051877743 -2.753882876 1.707123575
-37.803680351 -13.274186085 -7.993765890 -0.104632018 -0.817292374 -0.550875380 0.132746493 -1.012683946 -0.446689181 -0.172613274 -3.299786560 -0.878748523 0.202472602 1.902556257 -0.754909116 -0.059985092 -0.115018061 0.568539966 -0.127009580 0.256355110 0.197219399 -1.539961599 0.167135673 -1.451003074 -0.509824360 -0.415558196 1.536271140
-37.365325495 -6.841434056 -3.160256406 0.353744883 -0.375918295 0.148408608 -0.843519341 -0.427152431 -0.520115521 0.609840801 -0.118982093 0.735702397 0.412277254 -1.124431578 -1.436262328 -0.619903026 0.257458079 0.823033313 -1.930656502 1.495231314 0.571055637 -0.570595723 -0.843232708 1.376378454 -1.916561396 -1.308021661 0.545625011
-40.950755324 -4.364194765 -12.467773939 0.313682272 -0.180410280 -0.848414197 0.386327469 -0.951627992 0.807654935 0.850295132 -0.083618764 0.287041842 0.652146013 0.513540033 -0.713159192 -0.951968804 -0.709659496 0.143362374 1.976308618 1.292341558 -0.589755765 0.327353503 1.029397961 -0.096607544 -2.033898796 -0.349543507 -0.370991659
-48.764862202 -7.478038413 -11.494873188 0.753627687 0.421949570 0.352771045 -0.359939522 -1.336345470 -1.747030109 0.937296537 -0.721685074 -0.968560871 0.814356810 0.927725108 2.234894161 0.153402771 0.403532169 -0.850337071 -0.054755597 -1.366248714 -0.720258203 -0.437894709 0.726034420 1.159771974 -0.159495606 -0.463311361 1.274780197
-36.578718473 -16.137561064 -4.704936445 -0.491900394 0.104242176 -0.678210075 -0.535909195 -0.601110222 -0.734920084 1.092069630 -0.278102935 0.722817016 0.381093699 -0.337361364 0.086337554 -0.164912988 0.379080461 1.752163088 0.657887586 0.863047153 1.776692054 2.248469454 -0.420532930 -0.735531559 -1.717774289 -1.631438571 -1.437423164
-46.696296239 -10.067166687 -13.008978789 -0.248499056 0.052670457 -0.810652161 0.527557690 -1.003394678 -1.364364236 4.712748742 0.440923883 0.810939160 -0.444611936 0.830035259 -0.488777269 -0.266054921 -0.331345779 -0.690785843 0.687078524 0.532628315 0.255684314 1.465272549 2.137304014 0.311679828 -0.902790385 -2.125691724 2.121566921
-46.286251814 -12.897836024 -15.364082650 0.550900657 -0.742373677 0.259507611 -0.279366409 -1.301467117 1.293568339 0.543016936 -0.361760004 0.284213304 -0.685406328 -0.539023228 1.091841881 -1.385373007 1.003424902 -1.804651497 0.982218424 1.661561189 0.765545878 1.580894246 0.178868294 -0.401322862 0.070282876 0.263515535 0.994160312
-39.486081778 -5.574207166 -4.048658210 0.043649259 0.314060996 -0.671876054 -0.669360143 0.732786892 0.719317868 -0.225981952 -0.663597859 -0.212975189 -0.595109079 2.569648525 -0.115849305 -0.451065790 -0.471708826 -0.026016496 -0.324746949 0.135398186 1.541849780 -1.114675760 0.658441591 0.321843528 -0.059988557 0.469409825 0.339172318
-37.035296213 -10.438686416 -18.989520552 0.258544165 -0.260910051 0.625494238 0.688358786 -0.248674645 -0.730486035 -2.334202188 0.896496812 0.358880850 0.140392320 0.710677495 1.513917014 0.415938166 -0.351306703 0.158539792 1.607632424 -0.349131449 0.199032770 1.730310372 -1.261906528 0.789116968 0.863218252 -1.063509447 0.594861131
-43.452113513 -12.314731037 -6.844891445 -0.665923371 -0.613673793 -0.423730444 0.020076123 0.663588625 0.603568664 -0.070012953 0.784626384 -0.734828111 -1.139091927 -0.260602890 0.189948853 -0.321100312 -0.102805255 1.005297972 -0.139918124 1.811941985 -0.451519972 0.920262503 -1.016664168 0.020961931 -1.175913928 -0.339495260 -1.086656667
-42.033972708 -13.079163878 -7.982723950 0.704924786 0.413882851 0.329273558 0.472610786 -0.525589460 -0.158336382 2.357143447 0.469044601 -0.025969820 -1.147489676 -0.532696601 -0.214901326 1.703158481 0.992654401 -0.656457393 0.874407262 0.297790633 1.528102622 1.607396190 1.187948874 0.326083669 1.567774207 2.041086043 -1.104149026
-36.758696864 -14.166968282 -4.328114630 -0.921239465 0.289051147 0.164227013 -0.201982106 -0.512396482 0.475412435 -0.289896722 -2.182014533 -0.732452541 -1.026304183 -1.716263709 1.653874326 -1.211126763 -0.599706816 0.807145801 0.516319111 -2.852730493 1.461037805 -1.296114714 0.758582111 0.270670448 0.090070308 -0.330116457 0.447819792
-36.959635066 -8.581356026 -2.097180529 0.072932722 -0.305930907 -0.256274053 0.914008046 -0.219489444 -0.261212914 -0.622306632 -0.097918512 -0.620686856 0.187760221 0.373040793 -0.781334973 -0.861539699 -0.635745393 -0.001833287 0.552268938 -0.817286180 0.207368052 0.414660314 1.064823775 -0.014603950 -0.756993782 0.815480778 0.049434368
-42.039554829 -4.763376906 -10.952634470 -0.364557169 0.341307044 -0.617630595 -0.607568943 1.977754930 -0.082788467 -0.386662577 1.407348728 -1.069087524 0.090770692 -0.220439421 -0.645741699 0.763474929 1.006967541 0.120775130 0.542145468 1.305743367 -1.099455941 -1.332350128 -0.205105892 0.580276607 1.413624861 0.922202497 -1.020215575
-45.588138249 -11.162312451 -9.067065916 0.456479617 -0.330097908 -0.611389225 0.555756193 -1.250202799 1.372448685 1.368035500 1.047233793 -1.528627343 1.140101120 1.738358088 -0.603103069 -0.394894588 -0.806729369 1.214454325 -1.447303486 0.011178335 -0.628992381 0.219721979 -0.247470220 -1.197630148 0.303481949 0.774088361 0.120009372
-41.608303618 -5.255532273 -9.252693834 -0.842881894 -0.309964706 0.437071654 0.049400028 1.434708674 1.379639214 0.307059853 -0.571059073 -0.871121445 0.505762750 -0.605784177 0.760614004 0.836377542 0.267945724 -0.374834570 1.917670952 0.726756324 0.048402023 -0.722144532 -1.820886443 -0.348861943 0.013664906 -1.353651995 -0.542313913
-43.353912900 -10.961979016 -5.051509205 0.456430362 0.512570629 0.242817979 -0.685552408 -0.338433154 -0.321837695 -0.507930323 -0.862079597 -0.596108415 0.358388696 1.094400158 0.913429979 -0.394336588 -0.345987467 -1.145454265 -0.936273945 -2.172011732 -1.558822294 -1.114066353 0.554093484 0.779595997 1.879534918 0.413221484 1.354137829
-34.854256173 -8.415703588 -17.531294027 -0.507145872 0.814216243 -0.137118093 0.247090273 0.241403182 -1.232610586 0.125541125 -0.826090210 -2.210205859 -0.434914485 0.515199914 -0.778394222 -0.899246124 -0.550515424 2.375272154 0.308688312 0.683361861 1.163069786 0.425434570 -0.606523431 -1.994343417 -1.011406007 -0.442161011 0.128323207
-41.059448716 -12.998358490 -7.150407960 0.274861726 -0.881586986 -0.346268483 0.165389103 0.074829411 2.748393049 0.070060753 -0.736821019 -0.149466896 -0.322219796 -0.182123030 -1.785739092 0.180501367 1.036250695 -1.047812078 0.836165782 0.291253577 -1.119425031 0.721234750 -0.315644094 -1.895771040 0.124311625 0.316057874 0.482828778
-47.283011788 -15.650485696 -9.881506558 0.370997153 0.133230936 0.544073781 0.740671554 0.335207903 0.170337095 1.411071436 2.108347043 2.216361085 -0.435737975 1.037630902 0.174997192 -0.343335810 0.162414695 -0.420155683 -0.017920637 1.193887602 -1.150011746 0.383728963 0.175461295 -0.390700732 0.032200021 -0.572410386 -1.401067858
-36.871642572 -13.581882474 -4.396769340 -0.026700847 -0.316755282 -0.166616978 0.933376633 0.780596434 2.775250007 -0.277813933 -1.370695411 -1.221878489 0.410485238 0.469900003 -1.029621622 0.549256443 0.325470914 0.553660468 0.362059298 -0.371790522 -0.954820458 -0.177133616 -1.985406342 0.892517990 0.995082063 0.515274579 0.299265843
-42.611272533 -6.361611037 -11.706037823 0.159132652 0.340919671 0.446590012 -0.811793039 0.446444853 0.441702971 1.541283434 0.246264071 0.822185688 0.241348027 0.173392833 -1.151162654 -1.390359237 0.342033895 0.276047231 0.554085670 -0.549763396 2.085142562 -1.021450468 -0.465979281 -0.605855588 0.271676317 -1.853441360 -1.723546083
-39.730556292 -9.309531959 -14.164201494 -0.111278294 0.769212911 -0.458911737 -0.430498150 -0.991188462 -0.468381675 0.600729972 0.159554432 1.288675971 -0.649663598 0.123073078 0.706550059 1.284078978 0.247986845 0.362567283 -0.000468616 0.261283281 0.928784774 -0.014725827 0.200143809 0.390512586 -0.386476470 -0.374382311 0.329173686
-36.289019086 -7.595411278 -12.330593869 0.815676002 -0.093881105 -0.022074136 -0.570413648 0.736904850 -0.576682778 -0.432682225 -0.453310611 1.640946766 0.928716505 -0.788630457 0.726717800 0.052171520 0.672532573 0.829331115 -1.528527158 -1.591667883 -0.662214385 1.115894588 -1.084949409 1.252041236 -0.068930486 2.199286044 0.954752564
-37.711224439 -8.977080919 -3.440950877 -0.780052205 -0.196616773 -0.516813459 -0.292855341 0.284704935 0.291235417 -0.960693485 -0.711392766 -0.009294079 0.366564652 0.546179725 1.642105844 0.818598076 0.759335063 1.374734875 0.328876043 -0.135370270 -0.177900481 0.896054775 0.645517874 -0.155080659 0.045840505 0.718145318 0.123664667
-35.825984932 -11.601547468 -9.876117134 -0.531650061 0.481212288 -0.618929380 -0.320483025 -0.126589001 -0.874666520 -0.427025442 0.106049436 -0.932549276 -0.804561923 0.508077593 0.266493796 0.547050077 -0.802002705 1.064304586 0.660864299 -1.354762793 2.003430019 0.764198419 0.702076644 -0.081390454 -0.020029503 -0.160827910 -0.312021816
-43.266554111 -11.835292185 -3.179352071 -0.207962749 -0.068816211 0.807726889 -0.547350981 0.277430043 0.437292615 0.677362178 -2.192692802 -0.982188946 -2.331650453 0.132221875 0.598691214 0.229563258 -0.028145337 -0.536793113 -1.471617686 0.379421512 -0.471894268 0.682225521 0.584216143 -0.353134560 0.044284693 -0.900834288 0.597824919
-37.311390402 -11.351752025 -6.465163208 -0.331148864 -0.817426801 -0.187327732 0.432506850 -0.001412907 -1.616237533 0.772587189 0.187512390 1.066195634 0.595174934 0.549036816 1.053273218 1.493908566 1.281083471 -0.149488912 -1.316327060 -0.210225234 -0.289824097 0.553210899 -1.035328362 -1.323128957 1.507592179 0.348978140 1.276784842
-41.747316188 -4.566120401 -7.600898846 0.153780225 0.012304299 -0.237165106 -0.959141783 0.534707335 -1.676925309 -0.173033899 0.084289550 -2.018746827 -1.736396011 -0.774515543 0.948352152 1.271650932 1.247519176 -0.327477485 2.002522912 0.165979075 -0.376368257 -0.251292795 0.341123362 1.379354853 1.199895458 -0.423015777 0.671097535
-36.937060468 -2.213594983 -12.681735999 -0.300265875 0.803369794 0.462147981 -0.225514128 0.361133882 -2.553274629 2.327613597 2.544033155 -0.695260233 -0.284701229 0.149975597 -0.386966650 -0.157302163 1.700670423 -1.706967157 -1.220863141 -0.192138099 -1.468703290 1.137450225 1.232326655 -0.352636776 0.528038668 0.732779568 0.072201259
-36.082066136 -5.646565068 -16.862089927 0.665847077 0.715123186 0.209434908 0.037195676 -2.070922695 -0.069086483 0.977914561 -0.041297205 0.296747058 -0.590090388 -0.691650969 -0.557896615 -0.406887241 0.292789798 -1.362413553 0.655712526 0.022738006 0.214228665 1.244764484 1.075216604 0.725811774 1.461316044 0.629960737 1.010174903
-40.798647058 -4.570937009 -13.277451440 -0.339410228 -0.855478721 -0.351118201 0.172258130 -0.986374238 0.378308197 0.054596211 1.509211511 -0.685208847 -0.483962798 -2.312223129 -0.259227306 -0.642015864 1.693485782 0.295151737 0.128595471 0.600747438 -1.205215135 -0.747198008 -0.935624565 -0.888615511 2.151914929 1.244554847 0.512764292
-35.017507870 -16.068070834 -14.043222184 0.651177097 0.360165598 0.453682291 0.490327961 0.732759813 0.898505151 0.894293345 1.445467297 -1.067685590 -0.298005215 -0.959661999 -0.973428881 0.502333847 2.296644700 0.004222505 -0.282325910 1.365058433 -1.868238349 1.974288043 1.223221208 -0.714729718 0.307522841 -0.355689008 -0.347193913
-43.755329810 -14.626083650 -13.898325918 0.406267728 -0.215995537 -0.042838622 0.886824285 -0.690749556 0.881288573 -0.182324188 -0.542637446 -0.635783894 0.312322519 0.349737536 1.009957876 -0.512825456 0.477690320 -0.350661045 -0.718638341 -1.070787447 -0.391240718 1.211753551 0.658826720 -1.636433790 -0.243623269 1.784415282 -1.189533783
-36.091854331 -11.927790211 -7.463678054 0.908146423 0.226314692 -0.190792213 -0.296057539 1.080508941 0.990382685 -0.134065815 -0.774101093 0.393028599 -0.173360009 -0.886160825 -0.665272596 1.115477515 0.534968730 0.377374726 -0.651442853 -1.156953193 -0.985970567 0.208161905 -1.103925849 1.373997617 0.716676816 -0.352624083 -0.945467889
-34.958319776 -5.437538410 -8.928279382 -0.443261571 -0.159524250 -0.552018620 0.688001916 0.237786442 0.276857096 0.702077631 2.935286462 1.080861334 -1.248085663 0.450147273 0.144020146 0.324046312 0.002166502 -1.002927381 -1.669923237 1.469251204 -0.879108013 -0.367511351 0.793013319 -0.716597447 -0.332082274 -0.124942955 -1.511437231
-38.298986166 -10.840086160 -18.584106300 -0.536482475 -0.489750947 0.053609385 0.685169029 1.951422661 -0.515370210 -0.464244180 0.010055686 0.886013500 1.226731255 -1.814674005 -0.125092742 0.983678167 -0.920181619 0.710620395 2.099247350 -0.678941078 0.260522394 -1.251431909 -0.783718021 0.916775993 -1.651960639 1.315542803 0.846125933
-38.564837328 -15.521364967 -17.912281131 0.868971338 -0.350803367 0.348427452 -0.020594226 0.237989289 1.470733498 -0.718174491 -0.784717767 -1.884038273 -1.348337216 -3.191355291 0.025122182 1.395873541 0.956737546 -3.142121204 -1.152240197 0.673666594 0.417045060 -0.458644072 -0.239876380 0.618471612 -1.335539289 0.149777998 -0.195423293
-36.426748057 -8.750451255 -16.238297821 0.776610027 0.306840931 -0.434939308 -0.336976717 0.447811959 0.630724093 0.286775190 0.734349516 -0.607355491 0.850857468 -0.593673939 0.454343029 0.206629019 -1.022476325 0.101586577 0.583911011 -0.175350176 -0.117133094 -0.229567125 0.537525564 -1.586797796 -0.215786942 -0.490221161 -0.885877632
-46.471829277 -13.810492160 -7.386546480 0.200984025 0.023279283 -0.832287956 0.516101012 0.305328726 -0.022490966 0.947982236 1.498962344 1.222108823 0.169697910 1.858812446 -0.361789250 -0.605901147 -1.261905576 -0.474626613 -0.304537900 -0.119524935 -1.020312858 -1.116025046 0.816225445 -2.162733328 0.519032635 0.079068573 -0.512958700
-42.874787684 -6.866333064 -4.079532000 -0.066985463 0.666054471 0.180754457 -0.720563818 0.097470652 -1.181059144 0.939589182 -1.018497658 0.515255746 0.426465413 -0.551020700 -0.088520546 0.778159838 0.102770505 0.886705432 1.258403786 0.829818148 1.427902443 0.224387038 0.895689638 0.421987958 0.749698486 -0.021350307 -0.227175498
-35.976769147 -14.127455769 -13.393209872 -0.308233504 -0.264604575 0.910483647 0.077434198 1.200098273 0.063535821 -0.326541536 0.844931706 -0.467260045 0.539310456 -0.067449989 0.656125354 1.463714586 0.424911723 0.176814986 -0.229623303 -0.045964076 -0.571084234 -1.182379369 0.349261172 0.136704285 -0.782430166 -1.227003031 0.639487249
-39.563364400 -6.276079513 -8.950731274 0.349332410 -0.723374755 0.231796345 -0.548603942 0.575283108 -0.407045249 -0.333659424 -0.032042845 0.843379571 -0.101511659 -0.579676277 1.642902014 -0.851360507 0.752600684 -1.905750736 1.325972637 -1.518442501 0.688962755 -0.930237341 2.045935211 0.938687535 -0.422054205 -0.299414871 -0.729846700
-38.425867088 -10.843441669 -1.028591909 0.307623833 -0.136436632 -0.272976970 -0.901241475 -0.488157068 0.704203698 -0.157583755 1.604071335 1.134715962 -0.620846525 -1.378054076 -0.156245938 0.018210898 -0.383574908 -0.293073877 -0.431424656 1.345933748 0.495889898 1.258965918 -0.068093292 0.286548421 1.318585354 -1.223258013 -0.282316654
-35.553970245 -4.000407874 -11.895089438 0.469772074 0.164023369 -0.434146251 0.750951107 2.878673776 -2.206731256 -1.506558253 -1.649104615 -0.461935212 1.684973907 -1.465322902 -0.404658007 1.073660933 -0.035841261 -0.501695487 0.282169384 -0.855460750 0.526158657 0.054365596 -0.952203632 -1.202926746 -0.910654672 -1.210064004 1.695850783
-45.161175944 -6.968653666 -17.620741473 -0.330787929 -0.516393328 0.019762171 -0.789637089 -1.139997302 0.747342793 0.939346165 -1.096250864 0.457900229 0.722880060 0.604156883 -0.130151537 -2.922040412 -0.849385442 0.498204938 0.007983975 -1.682589589 0.640509081 -0.673101571 -1.800068436 0.942288523 -1.276210475 0.558883629 1.535070614
-32.205504604 -15.239742512 -8.445869763 0.518888108 0.158392833 -0.810335850 0.221410596 1.071823537 0.338363584 -0.986303121 -0.932339192 -1.265786632 0.337527415 -1.139085582 -0.195134279 1.252500335 -0.801979429 0.109619340 0.145954779 -0.698179008 -1.443997200 0.502483227 1.346004646 -0.036241757 0.467568335 -0.114546647 -0.842678845
-35.244264658 -10.262185400 -14.172882255 -0.567733339 -0.491332333 0.002392254 -0.660504104 0.837430955 -0.963010028 -0.081391436 -1.547080624 -0.313153691 1.998764710 0.240454153 0.000464878 -0.571455491 -0.992134504 -1.104335651 0.186833126 -2.162848301 -1.635422250 0.393949714 -0.277547636 0.576936266 -0.039384967 -0.467576433 -0.360905164
-44.471851971 -11.308200206 -16.034078980 0.138176990 -0.014070788 0.506248217 0.851129764 -0.384031418 -0.396765246 -0.037793776 -0.280533547 -0.251641463 0.311229031 1.627708565 -0.197354781 0.061771619 0.054776353 -1.192958016 0.299774157 -0.686712702 -0.112170595 -1.120244604 -0.700580989 -1.343666407 -1.196310156 -0.223592400 0.701134808
-44.433979963 -4.811639975 -4.645211339 0.694671334 0.196953006 -0.688366509 0.069230061 1.661054651 1.763379620 -0.003114622 0.165940117 0.408932939 0.827448154 -0.538162528 0.970266640 0.408463945 0.304206969 -0.610454798 0.026107749 0.422795048 0.992830507 0.052123786 0.466473944 0.257067848 -0.962356591 0.248539242 -0.729056885
-33.122121226 -7.263412438 -10.881828229 -0.403891960 0.183610173 0.305778832 -0.842411951 0.097426268 0.561653479 1.158343729 0.939120726 -0.926459578 -0.219263402 1.043493850 1.935946748 0.591493018 -0.287471923 0.019193613 -1.326160638 -0.133887455 1.033522831 -0.723487932 0.151745496 -0.759456737 -1.171850754 0.481811390 0.480537045
-41.883648102 -15.696365064 -3.465564272 -0.678949059 -0.613446646 -0.355471678 -0.190660101 -0.726761764 -1.480348613 0.647417524 0.471751604 -0.199114064 0.642477465 0.251387363 0.364013146 -0.736027257 0.302178482 0.896896985 -0.639616811 -0.309284045 -0.932995922 -0.308755433 -0.976148641 -0.570984520 0.456083839 0.053998844 -0.988885903
-40.600373420 -14.488489354 -14.252969067 0.417782062 0.142830621 0.350815169 0.825824606 -0.579687050 1.540169044 -1.192407562 0.324436348 0.986197196 0.252820254 -1.242953351 -0.843371300 1.354730068 -0.112285438 -1.980318629 0.807611855 1.281332888 -0.143985794 -0.759570802 1.056879505 1.591667247 1.414455740 0.181666855 0.407235590
-33.717057250 -15.052847890 -11.297104657 0.230497429 -0.251396482 -0.400347244 -0.850525031 -0.880835404 -0.212396173 -1.381746816 1.113132426 -1.308359231 -0.485383380 1.637934332 -0.811066924 -1.444696078 -0.678409978 0.179642372 0.415985936 -0.109031753 0.541515709 0.226479689 0.429593092 0.294862157 -0.874973891 0.642217153 0.220610489
-46.918962282 -8.356416555 -14.400071838 0.047196199 -0.782693650 0.290722198 -0.548309924 -0.074398347 0.369576204 0.351457209 1.589252961 -0.826448139 0.935008568 0.010213923 -2.192474205 -0.735130569 -0.160779272 0.980111975 -1.023641108 -0.449388821 1.190753266 -0.357070263 -1.094343656 0.246020653 -0.221820626 0.584536942 -0.860101418
-46.767124154 -5.936195361 -8.523079797 -0.195074284 -0.015126799 -0.967728084 0.158806670 -0.956490054 -0.879674566 -0.224154488 0.212357454 0.731036950 -0.186424871 0.540532733 -2.253866450 0.914150372 -0.025839714 -0.772851038 -0.262585904 0.103239850 -0.316463839 0.650107241 1.519948326 0.218523905 -0.724138476 0.297307275 0.109946445
-41.387889105 -16.099943999 -14.996001886 -0.468899356 0.787452498 -0.278100967 0.287596608 0.656214994 -0.323679816 -0.422707483 1.680464556 -1.238947188 0.248706713 -1.187439730 0.417103989 0.778007152 0.957753583 -0.822457709 -0.173006147 0.062017862 -1.094671755 0.755544378 -0.311972966 -0.352030786 0.524657026 0.883661670 0.094936610
-48.112303898 -12.239359312 -12.495898712 -0.647152780 -0.490363261 -0.567521202 -0.136590032 -0.296991921 0.447878038 0.400032029 3.203120895 -0.144509671 0.624107200 1.623167481 -0.932966456 0.750249736 0.364226223 -0.557671518 -1.280810253 0.491708610 -0.958567204 -1.231755635 1.027377887 -1.699831318 -1.561807937 -0.319870418 0.713316869
-35.613415232 -7.191349585 -11.315982347 -0.083320638 0.270748623 0.924390605 0.255450315 -1.124325584 -1.831483449 -1.084594329 -0.566432128 0.865121152 -0.239609968 0.246842464 1.675676288 -0.639224969 1.132465546 0.103229192 -1.574562609 -2.107840860 -0.043297249 -1.300627774 -2.445907847 -0.180986070 -1.147538198 -1.129640634 -1.589514853
-32.062472766 -12.177480301 -14.160404036 -0.622245956 0.365344677 -0.631066126 -0.284760921 1.284593962 -1.661836828 0.258097757 1.658226904 -0.085538602 0.805677196 0.398972106 1.513705954 0.525145497 -0.784235938 -0.846494840 0.421015127 -0.350733366 -1.696644553 -1.398761258 0.285405980 -0.334383074 -0.126656193 -0.493275012 -0.063245856
-43.936933574 -3.611365984 -5.004467126 0.270198195 -0.756543892 -0.458712091 0.379759783 0.092455229 0.948207403 0.519785021 0.231506312 -1.008807991 -0.519496526 1.117780717 2.527535616 0.471293299 -2.504153594 -0.370654075 -1.349015755 -0.710563081 0.597623173 0.069333666 -0.493630224 0.377291014 -0.557569164 -0.337985271 0.821308480
-30.616493042 -11.354597111 -10.679369843 -0.598128913 0.191339854 0.147457128 0.764125159 0.058704565 -0.286066132 0.907197263 -0.662830726 -0.484743309 0.424384317 0.169324795 0.278695264 1.108790039 1.090585576 -0.255695639 -0.470790057 -1.802864566 0.843890294 1.077022070 -0.911382947 -0.731513438 -0.563015290 -0.139779908 0.446120677
-43.303785552 -11.552685477 -6.268624358 -0.624759743 0.640482755 -0.004876714 0.446579581 -0.746203335 -0.996086780 -0.468516480 -1.089157097 -0.344778655 -2.154754002 0.473801151 -1.389035721 0.324783599 -2.264298501 -0.658601723 -0.963251377 0.987038150 1.284357433 -0.852386698 0.029522556 -0.732238934 -0.042948120 -0.779799389 -1.083029745
-42.777474243 -6.357006100 -9.612706867 -0.521014349 0.324289531 0.353553095 0.705960734 -0.701788548 0.870658555 -0.076187872 -0.585583291 1.480116082 0.929536475 1.538320539 0.418893398 -0.457590081 -0.701789308 -1.748687613 -0.884741624 -0.176699022 0.326740330 0.346112119 1.152413050 0.498120972 0.827028939 -0.885603964 0.700332237
-40.202627779 -4.483789323 -6.284570462 0.753712934 -0.268983403 0.138063155 -0.583526612 0.095586495 -0.764764838 0.218868167 1.321660084 -0.736015793 0.586834504 -3.110154939 -0.707805344 -0.099243782 -0.314735528 0.013555036 0.118586648 -0.537421383 -1.491460717 -1.096457906 0.452804152 -2.400369809 0.063509694 -0.625456629 -0.225904577
-43.935413024 -16.782695272 -6.209686578 -0.857924788 0.110073618 0.372781561 -0.335980302 -2.086246493 0.207242730 0.056347946 -0.265467663 1.310196830 -0.950845030 0.709118675 -0.052232869 0.971432359 -1.552486749 0.302107204 -1.001057485 -0.235564115 0.593535585 0.053111322 0.408958811 1.084889664 -0.123262443 -0.566215504 -1.379531192
-42.313816098 -8.689683195 -2.271051303 0.094538004 -0.380222925 0.746625740 0.537627285 0.907393898 0.370233817 0.061495987 -0.157296354 0.489430589 -0.312815490 0.495659243 0.073867457 2.061485383 0.494577162 1.382762850 -0.770103192 -0.908586071 2.207102845 -0.472206457 0.259014633 -0.795036297 1.382056891 0.544363818 0.310036899
-35.134850860 -10.721473136 -4.777768207 0.411744181 -0.491537275 0.762220808 0.088754021 1.010299823 0.659494525 -1.036416050 -0.324387796 -0.212680620 -0.098834995 1.417703778 0.784285788 -1.169704543 1.455900042 -0.078448771 -0.693534257 0.550196312 -1.332092201 0.845022675 -0.334328545 -0.788498208 0.052617461 -0.702173718 -0.170328644
-33.460312202 -17.064654818 -7.266513486 -0.385085479 0.553266349 0.418128272 -0.608912366 0.994320918 -0.138676764 0.006260123 0.296662041 1.832974154 -0.065669932 0.881053428 -0.847093599 1.369601925 -0.925889929 0.208839807 0.687946021 -1.512418584 -0.007596845 -1.498674449 0.072367812 1.700273137 0.275204977 -0.031171436 1.425697280
-34.253981042 -16.637769702 -9.503326524 -0.284648577 0.689242497 -0.452242924 0.489281417 0.518690544 0.086487189 0.288538265 0.176583382 -0.925567623 0.290686896 0.609127023 -1.536346103 -1.317660373 1.177182221 -0.727757012 -0.948832836 -1.441933436 0.424997824 0.673420752 -0.276325096 -0.270029498 0.141860278 1.886733279 -0.201573453
-36.170803723 -11.332596376 -13.985702942 -0.405085214 -0.170933369 -0.897527201 0.033655267 -0.041794224 0.584935270 -1.294221639 -0.137553427 -0.888127261 -1.192166018 2.234887063 0.989352738 -1.210885313 2.031902718 -0.924956154 0.713981887 -0.288418939 -0.413942458 0.823380799 1.224322794 2.027987805 0.158525133 0.678295032 1.094513392
-46.247969666 -5.641684881 -9.009264209 0.479088149 -0.145163175 0.524282542 0.688861390 -0.116149581 0.943383883 -1.741884954 0.778862704 -0.174479939 1.624110008 -0.065325774 -2.180752432 1.072769084 0.621284356 -0.899786396 0.598887252 -0.491283264 0.069730757 1.738456823 0.994265951 0.946393523 -0.324253959 0.813659627 1.267368429
-44.585482700 -9.064437415 -13.420617367 -0.481233134 -0.505156074 -0.462959774 -0.546717714 -0.182473420 0.469342365 0.992861809 -0.844905411 -1.204431978 0.715402090 0.275749494 0.622938376 0.550657059 0.251430537 -0.261764710 -1.548447469 -0.072309840 0.306639238 -0.926492634 -0.709792665 0.604937848 0.482008945 -0.827705931 2.157273943
-42.400333615 -14.402367907 -7.126746047 -0.130953910 -0.688206449 -0.551364417 -0.453012402 -1.571565025 -0.043977672 -0.745128578 2.564066183 -2.314710468 0.469481045 -0.364340469 -0.503971953 0.219164101 0.097543124 -0.480649636 0.197549134 -0.868759836 0.039183595 0.000005784 -2.161960774 0.123634461 0.867646641 -0.253383330 -0.197256699
-44.912149767 -11.217915536 -8.866591561 0.374758413 -0.126556067 0.083844294 -0.914609112 -0.218440270 -1.128591925 -2.443879590 0.504640853 0.951540846 0.907255908 -1.664979888 -0.653920917 -0.038197158 1.079969047 -0.278786277 0.797646608 -1.913509907 -1.233101091 0.193798421 -0.099958366 -0.432998895 0.444829466 -1.323188796 0.631846366
-40.870456687 -13.669339325 -15.791603555 -0.117623932 0.335781472 -0.927270978 0.116550193 -1.227412753 -0.253415449 0.559384833 0.702178686 -0.155377876 1.195338942 0.511784445 -1.104451115 0.535049703 -2.108881128 -0.002426913 0.663546803 -0.151072900 1.502547274 -0.398479974 1.069349323 0.143311398 0.190702985 -0.905397621 1.470483101
-32.366142089 -5.806999653 -10.036643216 0.116369991 -0.597069044 0.792332929 -0.046638088 -1.017073734 0.032279346 -1.518676976 1.582252098 1.575561981 -0.044992156 -0.151779688 -0.202118714 -0.371826086 -0.349912060 -0.104346751 1.635021397 -0.859755546 -0.021460162 -0.485975547 -0.644585682 -1.478476610 -0.065171910 0.640142306 1.734900449
-34.167818580 -7.327359604 -3.764418476 0.587580767 -0.700406436 -0.400637188 -0.060576485 0.688245667 -1.925055741 -1.312694669 1.003057961 0.720052436 -0.943228551 0.271676412 0.463064554 -0.608529238 -1.212435543 -0.895507217 0.194383841 -0.790470215 -0.108207160 0.686836130 0.298114899 2.132413421 0.440213315 -0.000422482 1.482714167
-43.919528337 -14.227671125 -4.518331003 -0.287680044 -0.794380971 -0.021404109 0.534547406 1.072637754 1.857619432 -0.197905880 -0.014771972 -1.147459430 1.511871351 -0.219769464 -0.386447115 -2.986517728 -0.324378239 -1.401864611 -1.696882768 0.519360886 -0.016920688 0.747390630 -0.614905036 -0.545345684 0.153467670 -0.158591925 1.309768001
-45.874603287 -9.407351149 -9.321146489 0.058762945 -0.448657185 0.403687208 0.795166828 0.832217127 -0.275951505 1.391601447 0.179905265 -1.195735054 0.011345989 1.606902735 0.769482734 -0.376084290 -0.714503979 -0.352644288 1.380939677 0.874887183 -1.183761151 0.484334820 -1.038016301 -0.464550764 -0.922214423 -1.313925597 -0.409101184
-39.232918245 -9.003958640 -0.144394039 0.571804350 0.202557053 0.790643008 -0.083030480 1.025673368 0.795573734 -0.057948838 0.363108736 -0.788156672 -0.172346691 1.821001325 0.750825368 0.112548122 -0.889678917 0.360668001 -1.589916774 -1.040034447 -0.271605291 -0.221050220 0.026781211 0.331946893 1.393162463 0.473359101 0.667059191
-36.366168140 -4.569035739 -9.277413392 -0.328476626 0.313677292 0.629709033 0.630219165 -0.403655207 -1.459434926 -0.792838072 -0.516164037 3.303760901 -0.353056533 -0.396632549 0.184808979 0.802507476 -1.895829769 -0.084335759 1.175655294 0.003357935 -1.100278502 1.410008512 -1.092713772 0.193317057 0.834326459 0.558961507 -0.787901447
-35.883733705 -10.982261502 -5.199313925 0.387855352 0.670951054 -0.416505846 0.475305996 -0.424745784 -1.038287105 0.873988621 -0.713786137 -0.370275982 -1.316596239 -1.417126496 1.780215029 -0.400763060 1.690954981 0.355240264 0.909940060 0.058367469 -0.184190193 1.958602353 -1.968544677 -0.346110620 0.894149086 0.226654946 2.425471824
-40.566855235 -5.436160826 -12.973830935 0.966740102 -0.008734683 -0.060523299 0.248342928 1.302311283 -1.507723891 -0.941033896 1.224682306 -1.286140054 -0.323649709 -0.183216934 -1.349732539 -0.610451480 -0.734061502 -1.526098128 -1.356681527 0.620440889 0.556911800 0.223702937 0.800453256 -0.833387824 0.574309764 0.506691213 -1.199684694
-31.997509842 -5.861035110 -7.051499871 -0.186250760 0.292002377 0.414691623 -0.841472592 0.592670954 0.029315841 0.567583191 -1.673839583 0.142246656 -0.977415942 0.619507699 -0.200750333 0.312188681 -0.514145880 0.190562637 -1.037325116 -1.187605982 0.289334426 0.764377468 -0.017195746 0.595454346 1.274374728 -1.019962895 -1.149922311
