31.459183947 -1.230115445 12.760643003 0.526755666 -0.296154002 0.633577976 -0.483115125 -0.207874669 0.137430954 -0.259676158 1.232751390 -1.695541893 2.353025095 -0.143780268 -0.015547128 0.928497331 -0.278951227 1.198045168 0.334195761 -0.188221298 1.433785462 0.853575083 -0.281041276 1.459910871 -0.251681102 -0.304650692 1.068310889
28.263538158 -0.549469917 19.091457740 0.868491121 0.276062560 0.373607804 -0.173002443 0.122338581 -0.652787284 -0.814662109 0.556330432 -0.595472183 0.836276964 -0.075132634 -0.287268103 -0.314328998 -0.620473577 1.018480682 1.889664390 1.189966591 -1.669792207 0.776417217 -0.509705691 -1.950364025 -1.043456629 -0.550037211 -0.229550581
26.192932114 -3.591333312 19.037805050 0.354445902 -0.154647101 -0.784327086 0.485060201 0.645096861 -0.116168062 0.283501405 -1.390265487 1.301480178 1.717944344 1.265691164 -0.874734903 0.504077991 -0.392707890 -1.408610942 -0.139235544 0.972141700 0.882492492 0.630658995 -0.847448204 0.556248282 0.485762816 0.366797054 -2.090023883
19.314413404 4.564995461 16.047676221 0.477675709 -0.300988728 0.640445824 -0.520635044 -0.597764359 -1.112222156 1.525015072 -0.617635680 -0.503894884 1.410306372 -1.402803012 -2.063871362 0.261022012 0.717822262 1.073557060 -0.073828111 -1.397712029 -0.313753315 -0.081212066 -0.031568002 -1.369554915 -1.908775764 -0.660713933 -1.405603287
16.181853804 -3.660406659 15.932631818 -0.056922406 0.148053178 0.131010110 0.978609446 -0.178150696 -0.303633744 0.559127904 -1.158470699 -1.060514761 -0.664372891 -0.851301310 1.011708490 -1.456662390 -0.482058289 -2.232428304 0.016451283 0.738778128 1.339658453 0.069722440 -0.505669275 1.498423336 -1.924680802 -0.577362009 -0.038119758
23.391415929 2.099978182 17.424730084 -0.039040920 0.475049179 0.495129679 0.726395681 0.236420777 0.900054161 -0.506623133 1.298132346 0.557462592 -1.185999246 1.500258140 0.370064183 0.140470610 -0.416343509 0.455559370 -1.384469135 -0.897237107 0.480744031 -0.638679844 -0.547437494 -1.567726419 -0.253805692 -1.686960555 -0.846834593
23.368872278 3.006743839 22.077396587 0.749240448 0.046904840 -0.503182718 0.428072236 -1.701558861 -0.998316910 0.103787295 -1.706745150 0.371984821 -0.734163666 -0.009983220 -1.448912593 0.639678134 -1.628146961 1.204260368 -1.153036596 -1.824805064 0.888228228 -1.147854579 0.922336002 -1.004808482 -0.934682843 -0.858884792 0.000500547
18.906033915 0.857870059 12.605152388 0.525084741 -0.015815353 -0.339915812 -0.780059696 0.732240734 0.098241822 1.901584013 -0.354496461 0.792251186 0.981430277 -0.849525489 -1.163229390 0.587381468 -2.277374287 0.319749908 -0.618590321 0.856201224 -1.082121818 -0.397095105 -1.254081623 0.705934570 0.217604371 -0.255779849 -0.209776446
25.721714476 -9.345833873 19.622513294 -0.083608513 0.482982530 -0.554263904 0.672702770 -2.688295742 -0.938896986 -0.539322366 -0.249988886 0.573369613 0.080079412 -0.868508768 0.228451059 0.318211769 0.028492226 -1.363230857 -0.502628422 0.281976637 0.635871881 -0.690760873 -1.166261617 0.741872674 -1.301655165 -0.376761701 0.509010726
21.007745822 4.446869052 11.924697383 0.061713154 -0.985244589 -0.158493777 -0.019086864 0.053159611 0.918598294 1.088189874 -0.981788058 -1.313609832 0.131141031 -2.410897217 -0.160080331 -0.086883653 2.713916044 -2.149208207 0.271624041 0.458163873 -0.446514837 -1.459283999 -1.373994163 -1.389764723 0.829584179 -0.154399787 -0.424337105
32.366131236 -0.656137354 14.449114341 0.412264915 0.881489653 -0.101060643 0.206882522 0.235637121 0.575226144 0.090646828 -1.068069595 2.119969077 -0.704168361 0.676112186 1.325918331 -0.960987066 0.839049075 1.038803275 -1.490099203 1.152460166 -0.548054726 0.134455625 -1.133271343 -0.462747278 -0.388512707 0.835283988 1.390470591
25.375116519 -1.844913314 21.442785457 -0.550634017 -0.240031844 0.170489121 -0.781102012 -0.292431909 -1.219783671 0.116306843 1.872348886 -0.006264531 -0.677758810 2.132286157 -0.357571843 -1.446723417 0.023616713 -0.269761603 0.609294962 -0.338311365 0.236708213 -0.474377041 0.500495744 0.625154610 -0.422176773 -1.069964298 0.469639820
30.196830821 3.687337868 8.649063219 -0.309750848 0.884688397 -0.275660579 0.213054215 -0.254396570 1.762750080 0.046566155 0.061631014 -0.768463978 -0.840683190 0.767650554 -0.609559173 0.123706131 0.598057648 1.904222041 1.785714137 0.032285503 -0.588198255 -0.830406524 -1.951638160 -0.120229539 -0.757080199 -1.102485674 -1.192935330
21.813619604 6.435979123 10.903513993 0.371332145 0.462362645 0.160856237 0.788960388 1.095295007 -1.369011440 -0.484650138 -0.472532490 -0.607972542 -0.745061718 0.411786898 2.675265700 0.503109921 0.016493783 1.951300591 -0.051904312 0.238349482 -1.524955580 -0.596790597 -0.205413818 0.161450659 -0.928961421 0.372006579 -0.367028609
30.331998002 0.860758225 17.046642631 0.687172493 -0.378951437 0.544147778 -0.296804597 0.628205484 -0.106057640 1.606176316 1.579296315 0.865095237 -0.236766089 0.029293069 0.618206355 0.948798315 -0.431952700 0.483157523 1.221376314 1.989383687 0.829639116 -0.375879252 -1.128992766 2.134146238 -0.151426387 -0.686569206 -1.488522683
23.838476809 -5.901096204 14.820373723 0.249922930 -0.620111158 0.734087876 -0.118809393 1.774128474 0.637934987 -0.588211986 -1.672670083 -0.009360646 0.048141362 0.099893417 0.238000359 0.061030533 1.165234088 -0.412449754 -2.140648361 -1.047697957 -0.186778991 -0.628864219 0.348993512 0.680140807 -1.029348487 -0.897998439 -0.643155645
23.175110801 -6.697720269 13.730448595 0.492915952 -0.493320286 -0.218746480 -0.682509295 -0.572714018 -1.197929652 -1.743417965 0.015571182 0.140361981 0.633701643 0.361758781 -0.816508376 0.762706805 0.973326269 -1.759819700 -0.011668770 -0.740448254 2.254800942 -1.002878850 -0.433971984 -0.969527585 0.569389558 1.281574797 1.128561972
23.173129842 0.038588286 23.927289069 -0.571070968 -0.611943344 -0.192047963 0.512367909 0.797258065 0.080765728 -0.724701094 -0.750996238 -0.121091312 -0.028856635 0.171583981 0.448605803 0.196694551 2.065819509 -2.905552553 0.416412519 0.088542188 0.310010866 -1.594243068 0.642032724 -1.763482565 0.137391626 1.265380991 -1.171880429
19.021752167 2.304601456 19.520481710 0.649738059 0.668231307 -0.356475908 0.065056145 -0.085904910 0.480794071 0.542246950 1.426931977 0.576453761 0.138010388 -0.107375889 -0.204127216 1.869317125 1.153824090 1.852009004 1.572949291 -0.644768738 -0.432434858 1.111132846 -0.596750097 0.613142235 -2.130760023 -0.741180902 0.312554449
31.948466383 -1.978254445 21.160177440 -0.193952478 -0.040207943 -0.447497366 -0.872073314 0.575100324 -1.336487491 1.096385200 0.438198449 0.701666072 -0.359335100 0.613196299 -0.296230403 -0.729298325 -1.446575846 0.485330207 1.155511962 -0.202766056 -0.278054440 -0.722285324 0.163065539 -0.276885032 0.879232450 0.487678990 -1.792615346
18.164847927 0.216217749 21.651830171 -0.910464634 -0.232793578 -0.330805109 -0.086193268 1.316326000 -0.134009027 0.090145296 1.075169686 0.314643716 -0.423613459 -0.221086320 1.350959541 0.188368381 1.990682832 -0.074041837 0.904197090 2.032292966 0.311182771 0.583553998 -0.139230688 0.840596050 0.077361214 1.134970764 -0.486874493
23.215164508 -3.495086665 5.134511091 0.168437477 -0.198085914 -0.337732772 -0.904614482 0.235471711 -0.390619782 1.111802301 -0.223611821 -2.440923873 -1.507887273 0.216035507 -0.814849321 -0.897988216 0.471277797 -0.623032939 -1.855052957 -0.972166978 -0.755254537 0.155928144 -0.932974566 -0.741975736 0.061749390 0.265263496 1.115139986
32.235827445 0.027702286 8.493534294 -0.217627354 0.638839148 -0.700315958 -0.232552008 1.500303570 -1.063839543 0.673648418 -0.167046054 0.111629856 -0.658506074 -0.180179432 -1.159028920 -2.274867694 -0.764895539 1.997208722 -1.731138473 0.446385919 -0.717650591 0.764080148 -0.413721276 1.206926003 0.980821467 1.112780122 -0.345720210
27.224983574 -2.409456621 14.602359455 0.420119557 -0.294927223 -0.681826634 0.521181285 1.450780941 1.580447927 -1.904239043 -1.800819895 1.894285791 0.388666494 -1.220149860 0.150375084 0.387516399 -1.888740175 0.647685103 1.201525191 1.179460502 0.312916780 0.627249150 1.430505597 -0.303509291 -0.027321140 -0.193137831 0.622450310
27.770377125 -5.238086598 21.507199265 -0.165668998 -0.064288173 0.984058457 0.007054522 -0.597124398 1.247987280 0.294403721 0.016568652 -0.543141382 -1.109735917 0.474476095 -1.847742863 1.068929694 -0.524249942 -0.538550296 -0.635162998 0.129359141 -0.129104348 0.030263782 0.098069332 0.972377486 0.181620474 -0.783433703 -1.641919810
16.900340482 -0.430502504 12.724656507 -0.488817657 0.441959960 -0.625110403 0.418288986 -0.822029256 0.446039931 1.329423778 -1.107261482 0.631846629 1.068483694 -0.112167803 0.125740821 -0.172286599 -0.398939455 -2.092738004 0.499444463 -1.703874507 -0.578896099 -0.815457248 2.059595196 -0.481407778 0.189173629 0.984215619 -0.017646290
27.851970813 4.163874179 21.573993234 -0.004925805 0.485343603 -0.864872403 0.128113427 1.276844155 -0.805804372 -0.588985416 0.384178053 1.360495119 -0.856137833 -0.289430750 -1.317935406 0.575499168 -0.641619223 -0.090007820 2.176738521 0.221086167 -0.561093589 0.062934626 1.090624244 1.625582928 1.550402316 0.828447729 0.624799356
23.783762656 -4.649834273 23.438983875 -0.169588372 0.011950965 -0.984103782 0.051348854 0.036943346 -0.581515706 1.741855347 -1.295033456 -0.534461797 -0.192042885 -1.004382609 1.065284370 -1.384856144 0.698731668 1.199888540 -0.382192600 1.358196523 0.689607703 -0.263324331 -0.022250672 -1.885595234 -0.054476281 -0.322621645 -0.280588222
20.496803492 -8.677140476 11.101815075 0.334531365 -0.174775013 -0.724791518 0.576385041 1.912382706 2.056791898 -1.049370354 -0.038440434 1.057472833 -1.467071925 -0.993401395 1.443538930 -0.397345094 -0.532541363 1.120379320 -0.744632102 -2.143694232 1.673795606 0.693693987 -0.790318683 1.477109471 -0.218381495 -0.468201373 -0.329603491
24.792117984 3.067400291 22.011178846 -0.050453269 -0.687204486 -0.602715808 0.402415353 1.470679366 0.797854461 0.458331159 -0.885428652 0.315799357 -0.117570166 1.288525909 0.340155709 0.284871175 -0.185859526 0.910186533 1.295813441 -0.012452315 -0.870683909 0.907628829 -0.505323964 -0.867403349 0.269461925 -1.008487405 -1.514884469
21.887138484 -2.210289024 9.501286703 0.622624106 0.606512111 -0.029872425 0.493548295 1.006123726 0.308482886 -1.657024509 1.062043745 1.455641754 1.151853752 -1.169406445 1.252895999 1.195289440 0.218776383 -3.281087586 1.951988703 0.100722676 0.259777084 -0.459352216 3.157957760 -1.624593363 -0.818895426 -2.051676269 -1.931705869
27.170693792 1.339063315 12.907445353 0.779652329 -0.034299100 0.553858140 0.290184387 0.373213669 0.142779145 0.299513057 -0.039903867 0.250593556 -0.234677920 0.362635726 1.977556840 0.903582676 0.454098885 -0.586376134 -1.394275007 -0.349262610 0.901757290 0.349046092 0.384147949 -1.305646564 0.899100885 -0.626004389 0.758672984
28.384610730 -1.716850091 19.820412417 -0.135549697 0.027719737 -0.568329418 0.811085426 0.853298210 0.426966985 -0.497463015 -1.545195023 -0.831403694 0.518176565 -0.695359617 0.348764772 0.327973552 0.841100143 -0.753097372 -1.479132210 -0.309414501 0.104618446 0.939823253 -0.997415732 0.701219975 0.122830638 0.083020136 -0.037834559
18.694462717 -7.169583434 12.354238612 -0.747909507 0.301919545 0.491394142 -0.328645334 0.932954235 0.346006654 0.941405816 0.466361362 -3.082131787 1.131174946 -0.578862393 -0.321950683 0.547088289 -0.108387512 0.603713657 0.839715803 0.815963474 1.139333534 0.690205859 0.503254557 -0.071191314 1.556603575 -0.116146302 0.447017833
29.534182974 -3.487589472 8.724830717 0.249878723 0.020772813 0.194373985 -0.948339532 0.839287613 0.819246468 -0.894249583 0.007877569 -0.126913508 0.416737785 0.580957749 1.004336861 2.484915505 0.060108665 0.584317394 -0.070406887 0.935050691 -0.594652764 0.127026172 -0.260652088 1.266979231 0.549043606 -0.671537312 1.460041748
24.048297598 -0.802975674 20.080495087 0.332225005 0.372426600 0.339193136 0.797416447 -0.887082257 -0.136828075 -0.872492436 0.124239581 1.675042180 1.986768773 -0.738548524 -1.325764692 0.130996996 -0.677625853 0.011737462 0.141721284 -0.611858845 -0.184165099 -1.124430548 0.224907840 -0.527207395 -0.352264896 -2.331493275 -0.180910422
23.190417373 2.264427084 12.920847641 0.107464498 -0.128358203 0.512781285 -0.842039730 3.088631626 -0.770049314 0.609344601 -0.419974836 -0.903385007 1.614687563 0.738994569 -0.742128538 0.750677705 -0.130333203 -0.257819397 -0.338638253 0.281696298 0.386804462 1.376852099 -0.978108836 0.510484307 -0.930518433 -1.150921175 0.071477538
24.070502680 1.790782262 22.952430326 -0.246211209 -0.036153967 0.458200573 0.853302505 0.124787889 -0.727010168 -0.273315591 0.913910882 -1.170377293 0.770924103 -0.513411210 1.049281125 0.314356100 -1.199658223 0.840040582 0.829544109 -1.317176333 0.843848391 1.507871590 0.629993735 0.773666238 0.195041926 -1.733342156 1.303823278
22.030272880 -2.874681996 22.749249927 0.247182536 -0.413076497 -0.473866437 -0.737373176 0.369190811 -0.741341960 -1.398044984 1.035974699 0.279742956 0.311971022 0.506745197 -1.610729700 -0.272511899 0.255867225 -0.083040723 -0.223392994 -0.004843537 1.704393021 -1.810540039 -0.803404105 -0.854818587 -0.033192227 -0.369275406 1.050296988
31.701916610 2.042586092 19.906709359 -0.214099054 0.183077227 0.497495142 0.820452867 -0.941241936 0.167854778 0.461149127 -0.285566261 0.227356040 -0.133027229 -1.060264243 -0.697601516 2.643540310 -2.226414799 0.575487948 -0.090695986 1.435605525 -0.130077592 1.455573369 0.691533718 -0.132362558 -0.090688706 -0.823204599 -1.293167483
21.411789507 -3.553064728 15.693224233 -0.245721097 -0.562691851 0.774743417 0.150902823 -0.735917422 0.147739054 -1.143985022 0.487822782 -0.493401637 -2.154322180 -1.460784146 1.909482492 -0.174373806 -1.283265849 -0.306569817 1.364473791 -1.600732543 2.340722386 -0.888593591 0.006167114 -3.186215591 -0.356120147 0.795090625 -0.159899920
24.770611205 -0.407914709 5.908958383 -0.288204891 -0.837594596 0.078353818 -0.457420936 -1.228588590 -0.509001711 -0.661395525 0.654925780 0.688878575 0.580407076 -0.529024818 -0.504318689 1.349245768 0.485591261 0.234141890 -0.248011819 -2.396653299 0.367935147 -0.672295594 -0.268824401 -1.343213258 -0.809859665 1.054204831 0.133769616
22.834299485 3.354397518 13.395399430 -0.050893076 -0.821222950 0.319469730 0.470044523 -2.275633481 -0.759582989 0.594028175 0.454254268 0.108945185 1.104988339 -1.880798756 -0.245371740 -0.966463999 -0.713842992 -0.171576586 0.420184801 0.397152659 1.022526996 -2.531463639 0.444077717 1.527206038 0.997439964 -0.538285216 -0.096367364
30.184940782 -2.773569573 14.886399706 0.149910317 0.148407701 0.824960480 0.524349365 1.509189927 -0.134046994 0.220393872 -0.655856228 -1.619840915 0.221941542 -0.516108463 -0.308475279 0.067221614 -1.060032377 -1.654407997 -0.534421168 0.796066951 -0.445970191 -3.073515782 0.364915539 -0.389044127 -0.719210152 -1.633004681 2.624155568
23.392656730 5.683860201 7.692809686 0.198091106 0.009354212 -0.880004371 -0.431583967 0.229242223 0.884306352 -1.884056437 2.791485987 -0.701503269 1.220401904 -0.717674996 -0.222102643 -0.242944155 0.870190001 -0.814906311 1.313510635 -0.690848717 -1.036117271 1.238379825 -0.113220134 -0.204790625 0.188341629 2.064736491 0.657904013
33.677240212 -2.869292257 11.193921513 0.563669415 0.727707955 0.369911492 0.126029403 0.307304924 -0.466256934 -0.196040468 -0.223467433 -0.577885649 -0.187744884 -0.985939152 -0.249246777 -1.526078072 -0.140634979 -1.290539163 0.565214206 -0.631865877 0.087019545 -0.783499413 -1.651914802 1.011679156 1.193692865 0.510803629 -1.691413622
18.884184742 -5.461922254 12.516666891 0.119240168 -0.814682556 0.512571889 0.243606595 -0.785146913 1.007769824 -1.846507312 -0.456544773 -0.076716277 0.401258561 0.175604450 0.551516695 1.396777609 0.273920541 -1.470263077 1.491576768 0.348867787 -2.258541257 -0.267071591 -2.005706750 -0.155020748 -0.223433651 1.568700945 -0.509395128
25.488467905 0.621519459 18.291885954 0.459775048 -0.463869685 -0.726044786 -0.215152944 0.273053145 -0.230808328 -0.648681278 -0.067853392 0.890218818 -1.416947143 -0.003111422 -0.664561262 0.455831083 -0.841032227 -0.454177190 -0.495567659 0.520892774 -0.020491083 -0.991278976 1.677878018 -0.746560985 0.259927319 -1.783699616 0.255181890
25.976202339 -8.801247088 11.573082878 0.402637159 -0.489003319 -0.463310865 0.619759723 1.180381505 -1.159647978 -1.535768281 0.704733782 0.174428582 0.410356222 0.801931235 0.463562709 -0.309877609 0.220892189 -0.562980700 1.413781275 -0.510158691 -1.343925594 -0.481145835 -1.608848185 0.583050075 -0.220926112 0.723473793 -0.734607960
24.562988341 -5.115361384 9.842190030 0.083909114 0.402200124 0.065307623 -0.909356495 -0.055524398 0.473854672 0.000290562 -1.165248791 -1.329165683 0.218892131 -0.082987243 -0.750645002 0.444418667 -0.921134308 0.923809431 1.226064887 1.722199213 -1.661849511 2.034414251 1.046293529 -0.414601300 1.152478169 1.483878710 0.291270253
18.288943615 -2.840464981 20.095724052 0.150281529 -0.808596431 -0.568444751 0.021397196 0.415458022 -1.377500126 -2.222244691 1.306884354 -1.957054071 -1.318789473 -0.088732147 0.398464637 -1.284371443 0.958761351 -0.622377180 -0.153687763 -1.175579939 -0.038339591 1.917078507 0.914590070 1.250759630 -1.173802404 -1.299311693 -0.085512497
26.602568408 -1.978441023 23.058539891 -0.847523885 -0.427861796 -0.030478341 0.312583778 2.797740852 -1.284831121 0.542207379 2.555669688 1.051292685 1.033649170 -0.912495091 1.988859435 -1.419807639 0.116660726 0.778808792 -0.403081577 -0.475703389 -2.810914499 1.824615684 -1.505979351 -0.664685943 -1.260732531 0.676441096 -1.783251496
33.232637422 -2.186382431 11.133214120 0.216196596 0.387902381 -0.717030004 -0.537269717 -1.306002443 0.629647916 -0.141409037 0.439543445 0.152225710 -0.175938458 -0.085882854 -1.964608997 -0.153236940 0.369367621 -0.182967655 0.805461853 0.599731446 1.690332328 1.127339902 -1.025666367 1.568460078 -1.147365069 -1.275714682 0.328567260
26.182171112 -5.005202187 13.322238820 0.148937056 -0.487306686 0.514019872 0.690024289 1.875759650 -0.501869758 -1.203247696 1.328518535 -0.195123731 -0.109428961 -0.900091268 0.524719210 -1.035844462 -0.950429860 0.916258498 -0.849278001 0.847486204 -1.507843611 -0.158451513 -2.064734531 -0.248992420 -0.554534514 -1.321066261 0.363280044
21.360140812 -6.962763161 19.993207086 0.865000404 -0.001740781 -0.120896405 0.486985964 0.399411523 -0.280723918 -0.349353051 0.192182147 0.744586346 1.087527458 -0.261840643 0.883661153 -0.098756037 0.615757613 2.182750900 -0.409173744 0.839920266 -0.134522997 1.468915953 -0.002300249 1.258416142 1.209543881 0.535629024 0.511761216
21.928760886 -3.120745964 10.827490983 -0.380363471 -0.358184031 -0.015978048 0.852509550 -1.060828675 -0.218153159 0.516884788 0.695711064 0.200257269 -1.392084135 2.241759892 -0.742533178 -2.585667531 -0.483026927 -0.101418807 -0.856098854 -0.844927621 -0.758676279 -0.744211008 -0.321947808 -0.840381786 -0.700903748 -0.410898515 -0.894452396
24.768505931 6.242990165 19.525069603 0.726401247 -0.625229472 0.259077197 0.119617482 0.939143996 -0.159768338 2.081462398 0.546091903 0.519774166 -0.104399901 -0.754106259 0.165308676 1.194232185 -0.845768290 -0.789582182 -0.853430303 2.972415102 -0.834472121 -0.777820231 -1.138222591 0.957473296 -0.714403273 2.372700678 0.874272701
24.248993745 -4.167439025 9.606164387 0.137953777 -0.061382565 -0.275885618 -0.949256584 0.551727000 0.190495150 -0.341663986 -0.205734053 -0.696654614 -1.572539873 0.855347426 0.188934454 0.169551061 -0.407576271 0.553215315 -0.679025321 -1.648077088 -0.430869503 -0.457455568 1.180036275 1.054905313 -0.142225178 -1.449848824 1.545227286
22.058652734 -1.826923815 16.527994184 0.562208265 0.280247856 0.774108117 -0.078355790 0.671619476 0.811834459 0.478061419 1.188423775 1.009308480 -0.816591861 -1.574522650 1.648407921 1.469228826 0.253410418 0.656463406 0.490207237 0.006919718 -0.038690409 1.367614971 -0.252978710 -0.037539706 -0.674760816 0.371385884 -0.096891393
21.927279545 5.695002974 14.683087336 -0.315800940 0.501368930 -0.653248962 0.471343565 -1.362100380 -0.379993298 0.655562471 0.040769714 -1.057796317 0.070243076 -1.707706435 -0.363261867 -0.028035719 -0.883935868 -1.140708546 1.731331822 1.408946014 0.817307185 0.878906734 -0.276885921 -0.560628982 -0.654165563 0.364420605 -0.360224141
25.183490557 4.357109469 9.298259099 0.901487364 -0.153567272 -0.327779024 -0.237273126 0.819783067 -0.117716107 1.220817404 0.510616563 0.604286408 -0.684532581 0.959105957 0.682470528 0.538361955 -1.362704241 -1.309156445 0.054828182 2.169276569 0.905295472 -0.285320609 -1.120042435 -1.503069255 -1.627473803 0.954418313 0.080048969
17.284373310 -0.548761571 15.699027180 0.781814511 -0.528526655 -0.143800650 -0.297904378 0.139354930 0.487673938 0.531825988 -0.048208787 -0.834122887 -0.019092387 0.532336326 -0.973415865 -0.148924625 1.515753593 0.003516075 -0.350141768 0.547621821 -0.593236957 -0.705749166 1.785841657 0.585617808 -0.507932107 -0.806366724 0.027170482
28.686823613 1.756230571 17.551981019 0.487671837 0.825250184 0.195968051 0.206724058 1.609064360 -0.059506215 1.193355083 -1.382667285 -2.937379709 0.218313356 -0.850106298 -0.167666638 1.866343132 0.998879621 1.442948823 1.110377289 0.212784166 -0.598212073 0.602956770 -0.904413074 2.078876511 0.176631964 1.918141196 0.926236374
20.207039999 -0.761984729 22.082520712 -0.884608137 0.342196577 0.252151677 0.191805836 1.456553499 -0.696852696 -1.913560390 0.188781490 -1.074709511 -2.563573164 0.229612615 0.346598292 0.429801495 0.208563953 -1.008275478 -0.580938465 -1.543756597 1.530243274 0.898563932 -1.436023175 -0.238788649 0.209104988 -0.328109250 -0.942341407
18.138546258 -0.165859996 14.024660250 0.850957022 -0.483635801 -0.176999243 -0.103149537 -1.052774860 0.142932261 -1.716879585 0.745508308 1.007916858 -0.146282464 -0.547797279 -0.774931889 1.394380796 1.013687730 0.340872312 -0.375756034 0.662090899 0.801743102 -0.234311507 0.592720780 0.654111821 0.819636905 1.195824386 -0.351926619
20.800356382 -6.194985210 18.511401364 -0.146851537 0.795542465 -0.583403201 0.072024419 0.969765000 -0.025319529 0.502021125 0.352564082 0.123463276 -2.060365646 -1.661330292 -0.243761473 1.830282714 0.868186327 1.103017674 -1.215272950 0.825317589 -0.762600457 0.319453463 -0.358347168 0.229260016 0.033875744 0.551738925 0.216961465
27.287648413 2.457060616 16.413023206 -0.713510708 -0.204188848 -0.589457702 -0.318981195 0.065433950 0.590819843 -0.969456087 1.252996839 -0.320309502 -1.618390624 0.199167478 -2.502421067 -0.969474834 0.440277960 1.713816199 0.032488465 1.794246209 0.909508801 1.686042977 -0.949681360 0.428688852 1.269669870 0.110410528 0.664680821
24.039680044 -0.456867339 11.576762082 -0.040297360 -0.512954231 -0.761336787 0.394487485 0.001487714 1.631641893 -0.097667980 0.736157444 0.298595938 0.413351484 -0.969451178 -1.055590971 0.844284512 -0.934101049 -0.624879917 -1.186433934 0.442646329 2.326441184 -1.446703528 -0.634203978 0.686683170 0.783870010 -0.344579695 -0.909078641
25.615979885 -1.049919769 5.440064789 -0.024052680 0.105324289 0.878773050 0.464850718 -1.529655341 0.152625055 2.585690373 -1.257100616 -0.470548577 0.170369932 0.452176887 1.172161915 0.170446295 -0.459971740 -1.221005831 1.117252242 -1.193673746 0.556175688 0.476283535 -0.334204473 0.078314905 1.008589243 1.145064729 -1.079127413
23.225173997 -10.886303132 14.455090800 -0.398130306 0.162189330 -0.179964583 0.884759645 0.529360131 -0.356589280 -0.330329425 0.645779622 0.352684251 -0.347045954 0.662487590 -0.402234568 -1.175538557 -2.022341747 -1.749348608 1.267271613 0.781238586 -0.702274711 -1.573603885 -0.357654932 0.313353043 -0.287295651 2.140107234 0.665140887
26.678683362 -3.801014012 9.243857779 -0.464019669 0.414577292 -0.070568183 -0.779635522 0.581950930 -0.113661743 0.562916707 0.686771392 0.254017712 0.946321259 0.219125265 0.585075682 -0.299952051 0.242681524 -0.150929635 1.847581678 0.240751128 -2.368579154 0.968978339 -1.400892813 -0.512214844 0.495959964 -0.216924093 -0.290652172
20.435392979 -8.531991094 10.340719832 -0.302583772 -0.518934539 -0.796710050 -0.066355867 -2.226286867 0.206934975 -1.288026851 0.785799666 -0.122842129 -1.078426008 0.842103630 0.816384512 1.036236173 1.233749626 0.084818646 -1.622384553 1.021024681 1.475629062 -1.140506287 0.343164796 -1.652377788 0.468352099 -1.537363708 0.260792471
20.483939981 2.179186016 20.438673467 0.661282077 0.144823651 -0.204162729 -0.707141927 1.253144147 -0.970349342 -0.241410692 -1.496411458 -1.026553989 2.081961445 0.951574334 -0.338056198 -0.815473120 -0.068572899 -1.656936977 -0.776441691 -1.436625033 -0.565215912 1.197960802 1.779411828 -0.678654178 0.856439263 1.254952896 0.134169018
31.250034664 3.257921732 8.713572505 -0.540292618 -0.149501947 0.508604788 0.653493859 1.551337142 -0.849070813 0.306252594 -1.254405565 -0.186480995 -0.485628600 -1.621581384 -2.123676490 -0.890167651 0.745028624 0.187097265 -0.544980437 1.306213308 -0.137054882 2.729761369 0.577516244 -0.659126752 -1.483690447 0.284504714 0.500922222
16.143829234 1.102346642 10.355216561 -0.655217590 -0.005544508 -0.581860914 0.481764512 -1.131802918 0.633589050 0.147171817 -0.009067254 -0.712051192 1.175472412 1.012821490 1.025247347 1.728875124 -0.957849732 0.974547527 -0.129222836 -0.199226294 2.488249500 1.776490395 -1.600123057 1.481765592 1.184324267 -0.339437802 0.822331236
25.983053310 0.972197496 16.211162581 -0.371124558 0.616013275 -0.613080811 0.326995607 0.206390784 0.210087613 -2.492006397 -1.025140195 0.296873131 0.050307018 -0.301437101 -0.239906230 0.458945808 0.886478477 -1.993737486 1.154896953 0.127231228 1.249970312 -1.529877233 0.255681814 1.555726468 -0.086209188 -0.867509535 -0.299134959
25.826021561 -7.700991582 9.602715213 -0.709590013 -0.001948448 -0.694774740 0.117329786 -0.444766617 -0.499199460 0.279180641 0.883523627 0.509644456 -0.521570993 0.739737350 -0.407263587 0.941658143 -0.537950878 1.795778288 0.198600942 -0.319366476 -1.614814377 0.792485000 0.989517914 1.116265080 -1.958311466 0.943353802 2.406876577
20.715128479 0.206096290 11.537945197 -0.240594150 -0.505832911 -0.093349815 0.823124130 -0.926911590 -0.656353824 0.947637285 1.828569551 -1.351865865 -1.286516327 0.149011275 -0.022487877 -0.031869874 -1.014984857 -0.586227779 -1.224476211 1.127280649 -1.588714339 1.046805225 1.459980714 -1.272527453 -1.587778136 1.799929556 -0.627757612
26.484073746 -3.374571177 18.883502224 -0.667942877 -0.580516590 -0.445182505 -0.136621151 -0.639006065 0.568581401 -0.223525755 1.887695890 -0.310568858 0.515446738 1.276897351 1.046908007 -1.321160406 -0.706427422 -0.506201848 0.295551159 0.985100415 -0.384295538 0.381859500 -0.430489856 -0.461567581 1.575558996 -0.500621084 0.591176135
25.864688772 -11.032480109 14.399812281 -0.238884449 0.632498880 0.629403982 -0.383053540 -1.788587790 0.894675439 0.270225856 2.356068750 0.345219436 -0.888242036 0.498930738 -0.977197460 -1.471137769 -0.000865322 -1.212766966 -0.499494248 -0.299206525 0.436718485 1.203762715 -0.847792653 0.691085535 -0.436035064 1.039095649 0.565389961
23.738789913 3.550018820 20.337081436 0.783231846 0.470820942 -0.331874586 0.233954643 -0.305412287 -1.365448353 -0.096239362 0.321013092 -0.210710099 -0.174982637 -0.454717441 -1.992357242 -0.775051457 0.706381459 0.104275885 -1.259726489 1.077752935 0.571259046 1.269661919 -0.975685722 0.931430187 0.962986587 0.149948627 0.066989160
16.426964631 0.947677888 18.452566271 0.709392296 0.597603458 0.337694760 -0.159984146 0.792276252 0.415509242 0.879821515 0.332930484 -0.021497212 1.454178298 0.971947725 2.903747124 1.233015224 1.037291855 -0.719854196 -0.020321319 1.237200106 -0.356275467 0.274668178 1.091789688 0.277481401 0.619216127 0.430882898 1.180669647
24.765128789 -5.606838064 8.605809090 -0.044911294 0.300768351 -0.051337939 0.951254851 0.424425996 -0.893002441 0.182307884 0.013877414 -0.591859899 3.286884124 0.521289548 -0.245208954 -0.027786941 0.676255940 0.038120734 0.624618684 0.189310251 0.356183291 1.716601220 -1.131663805 -0.078875795 -0.427017215 -0.101776061 -1.347305248
32.074058920 0.941784128 10.796100782 0.036239734 -0.205595641 0.244844542 -0.946820080 1.025709893 -1.319138552 -0.538543999 1.659010053 -0.548029468 0.030323751 0.084748282 0.229180676 0.701356659 -0.758475742 -0.595137349 0.199515001 0.600727141 0.868631010 0.006575041 0.037536924 -0.902859890 0.507659209 -0.729896869 0.650667371
29.802077370 -2.838565818 7.311116064 -0.186908957 0.774643280 -0.266906700 0.541990447 0.034894225 0.103676223 0.457178290 -0.277639825 -0.224131077 1.440245940 0.544602811 0.781191881 2.129288693 -1.303804544 -0.852320073 -1.553644013 1.718185563 1.821450293 -0.013739586 0.918737949 -0.281703995 1.320242075 -0.769388000 -0.256315599
25.634651998 -3.356780060 14.969288522 -0.483780928 -0.166577101 -0.376626632 0.772243785 -0.424382464 0.297232078 -1.758455320 -0.169037949 -0.962853103 0.407380241 -2.296917581 -1.427054514 -0.856019577 0.560390547 -0.053628741 -0.188898535 0.748721511 -1.465283463 1.931676623 -0.700949390 -0.189852942 1.396498678 0.422609019 -1.825372881
26.236064861 -4.630808964 20.674674158 0.751430553 0.438414248 -0.422322975 0.254535608 -0.810320669 -1.352497870 -0.852630955 -0.330163635 -2.520726742 -1.227834143 -0.197043775 -1.507630420 0.410530912 1.858824972 1.432946669 -0.014546610 0.813484085 1.279413714 0.398100458 0.751896332 0.170400553 -0.798426765 0.858996087 0.729784942
28.323425653 -6.176546279 11.685949813 0.021307427 -0.603737911 -0.065533148 -0.794198927 -0.485658454 1.020147400 -1.527604890 0.354917259 0.486545837 -0.289773116 -0.405567795 0.523442381 -0.843173225 -0.170160213 1.328350671 0.707215131 0.042160320 0.757612080 2.015321622 0.588473609 0.024747650 -0.224809257 -1.362934393 -0.779488657
21.213849562 1.282843988 14.239129938 0.791761797 -0.251078213 -0.142786843 0.538223843 0.573635068 -0.607130962 -1.119471241 0.590936714 1.980381658 -0.865759003 -1.593919011 1.599722334 -0.562310706 -0.101505151 0.488057196 0.918134153 -0.764155312 -1.613358667 0.383461006 -2.415649176 0.542586765 -1.032022724 0.298587686 0.340047325
26.447870930 -8.259258467 20.629364522 -0.678669620 0.246882368 -0.151526198 -0.674904775 0.183626398 0.097057161 0.520889665 1.643224527 -0.066481060 -0.336726299 0.242682566 -0.094666884 0.604863021 -0.058855935 0.771228870 0.365493878 -0.391466206 0.941703165 1.254659025 -0.059951860 -1.790265980 -2.232366691 1.067325227 -1.319716238
30.399220226 -2.185540616 13.891956098 0.484671190 -0.858002584 -0.163000916 -0.048539729 -0.156581704 -0.162167109 0.089489053 0.387163076 -1.055578479 -0.532650935 0.055997781 -1.189612883 -0.516554996 0.757822963 0.168338489 -1.414746281 -0.064252454 0.044049455 0.047249258 -1.682161091 -0.264814375 0.449509004 -0.178956118 1.559268360
17.919169453 -1.571309566 12.165845436 0.965560933 -0.015631813 -0.253539539 -0.056262183 -1.444390134 1.716618271 1.307988428 -1.614881261 -1.599044834 1.047036944 -0.033170384 -1.422266168 0.658547560 0.184488732 -0.258951361 -0.495227908 0.111497453 -1.262356032 -0.066708589 1.236752194 0.598010187 1.482735141 -0.251291488 -0.132465310
19.922979078 -4.401680210 15.388662679 0.237840833 0.532797264 0.472292381 0.660680498 0.569705539 -1.823730493 0.487729109 0.878074966 -1.266169704 -1.051037933 -1.043057124 -1.273510332 1.234440630 1.409913882 1.728268836 -0.131797109 0.195515751 -0.823277056 0.387277440 0.668128043 -0.042122583 1.062290248 0.508508659 -0.473453642
25.868258140 0.925809418 19.771880987 -0.277723834 -0.926452665 0.129213727 0.218766416 0.600773082 -1.664155062 1.202923045 1.666508186 -0.860290032 -0.219536305 0.505146671 1.044774448 0.557555874 -0.279149042 0.457792743 -0.137475700 -1.002711960 0.543769363 0.702325025 0.086656261 1.361815003 -0.495131524 -1.741198418 -1.001883540
19.911882551 4.350294167 11.587688492 -0.640949761 -0.042875990 -0.405391862 0.650386417 -1.366059207 -0.712441126 0.446687875 0.982218403 1.211504385 1.113237675 -0.989970501 0.190407968 0.013054215 -1.108521790 0.786488080 0.032657678 -0.013732237 -0.184451402 -1.066244217 -0.665241966 0.579003900 0.997195317 0.567442544 0.841451268
34.442354078 -0.332243765 14.394890888 0.859356107 0.218578277 -0.220790277 -0.406180098 0.311158048 0.944182902 0.630153248 1.398698540 -0.758051443 -0.984322327 1.721769805 -0.098491640 1.550149234 -0.145176242 -0.535491940 -1.107427484 -0.744129165 1.241779703 0.288036337 0.677004871 0.754977561 0.857641335 -0.176825392 -0.219176507
31.198487672 -0.591265065 8.466630809 -0.713544181 -0.569651274 0.373159048 -0.164634298 -1.061748426 0.477007093 1.021454026 -0.027049962 1.201908137 -0.344789251 0.918574388 -0.092329718 0.910291875 1.898045420 -0.352042758 -0.703809549 -0.562598910 -1.858733941 1.210834917 0.122667223 1.155135604 0.388623747 0.709926861 1.521633327
25.192219525 -0.708977606 7.973944210 -0.150335590 0.957406211 0.045767549 -0.242235193 0.728962139 -1.319560210 -1.201191975 -2.912511616 -1.121240903 -0.551055220 -1.744104777 -0.617585274 -1.058714504 0.523368699 1.342003916 -0.265812809 -1.524196626 -1.095382994 0.947131388 0.964972506 -1.697936403 2.633364083 0.564237242 -0.352443461
21.605328898 -7.188104247 11.221913437 0.445113837 -0.169036053 -0.026608292 -0.878972402 0.148518701 -2.949014319 -0.603881667 -0.112066554 -0.995174857 -0.381099644 0.782512670 0.170693399 1.640394259 -2.114724615 1.307759401 2.018471215 1.228066692 -1.274469027 2.183554984 -1.099108039 -0.017983071 1.178593998 -0.029072915 1.657172080
31.153524844 1.848140855 19.619120374 0.270406117 0.677644963 -0.669440340 0.139740712 2.269581512 2.497483742 -0.578366551 1.461220219 0.224762853 1.480197574 -0.171206670 1.135395082 -1.417704916 0.323131956 0.144751670 -0.731089699 0.309218208 0.461831090 1.389813161 -1.018570063 0.678471894 2.044123640 -1.507690761 -0.696670140
26.223043863 6.171954044 17.437834990 0.249375813 0.632539410 0.637395344 0.362536583 1.135523163 0.330239986 -0.645910451 1.671095890 0.108040058 0.147496609 0.617498880 -0.480459745 0.919195719 0.658047102 0.194036016 -0.865135791 1.314277554 -2.196421338 0.829383513 1.880345700 -2.526192248 0.090121003 -0.400949925 1.641151874
29.959474284 4.446407334 19.402235407 0.724083160 -0.184688867 -0.419554105 -0.515332855 -0.202062250 -0.842779164 0.745167312 0.895994605 0.252075837 -0.090855004 0.257400225 -1.147114972 -0.241628436 1.448680383 0.246305642 -1.095951315 1.786038883 0.782283760 -1.894759168 0.644411604 3.124876723 1.470080794 -0.521487840 -1.049832157
29.858780456 0.749991082 14.216808539 0.503905369 0.182119170 -0.399713912 0.743734345 0.238142613 0.757837934 -1.031033801 0.790607038 -0.202279030 0.143687006 -1.521761957 0.790243008 -0.241233397 0.844516061 -0.495511555 -0.337484071 -1.213878186 -0.086962974 -1.156213236 1.626141377 1.558616944 -0.021044412 1.213796665 -1.374021418
25.023333387 2.898322556 16.381600860 0.867564866 -0.289532935 0.397241955 -0.075503051 1.017766097 0.154752622 -0.820701407 0.465584409 -2.160969659 -0.371652060 0.191068722 0.076446029 1.413917058 1.369690684 0.067364822 -0.221384985 0.216298906 1.485441054 0.131350650 -1.932211339 0.430816476 -0.869697785 -0.670548814 -1.340517971
22.357698132 -7.709446456 19.887042534 0.783865121 -0.508408753 -0.313052286 -0.170511815 -1.296817779 0.151108205 -0.096650337 -0.093624341 0.139733273 -0.017419031 1.355313623 -0.127721404 -0.044140541 0.338308250 -1.474223994 -1.480101958 1.714633104 2.273176266 0.993214490 0.488686791 -0.860707371 -0.649541093 1.639626636 -2.334805458
20.815069566 -5.207064626 11.992963638 0.127782484 0.808868240 -0.473298956 -0.324641196 0.738771181 -1.163950511 -0.149466562 -0.926229731 -0.795215805 2.121501182 -0.396104893 1.216549285 -0.066666122 0.528188608 -1.861599085 -1.197945332 1.248884515 -0.422501263 -0.707813538 -0.404855860 -0.865937938 -0.497867879 2.432445392 0.700954612
17.832341977 -4.861405419 11.120172771 -0.913242369 -0.208377012 0.324047167 -0.132517277 -1.532181397 0.888051483 0.411738217 -0.045483186 0.651042411 -1.119723160 0.711415477 1.553910665 -0.466143732 -0.720025550 1.977552810 1.424742657 1.119453346 0.170009384 1.027584965 -2.045316282 0.405640672 0.872466315 1.554657491 -0.745128213
14.994186707 1.225771074 13.673519638 -0.709591000 0.329746607 0.134292962 0.608040450 1.929089816 0.311128642 -0.528881517 0.140556058 -0.417170227 0.385341284 -0.453412215 -0.646966905 -0.744893593 -0.502958140 0.828120128 -0.834782036 0.665398534 1.547420536 0.059769686 -1.701317297 -1.115929919 -1.622398211 0.586221624 0.486731215
32.304877439 -1.279623060 19.890832375 -0.690335507 -0.068061855 0.574232893 0.434811518 -0.022980326 0.159748428 -0.025416735 -1.186424855 0.472391127 0.519443282 2.859413823 0.814112921 -0.705487379 0.384568308 0.030641256 0.291690952 -2.843192421 -2.747025964 -0.773419848 0.535922043 0.434104112 -0.693848880 0.565357940 0.048821726
29.656587546 1.094621771 12.176785755 0.084232047 -0.240531424 0.932716474 -0.255126588 -0.042736089 0.890878827 -1.480225300 -0.183541781 -0.087519940 -0.430617958 0.628055584 -0.164854140 0.750119151 -1.814485620 -0.994685462 -0.261028039 -1.368018430 0.166304237 -2.436739616 -0.031364561 0.658735913 0.787684622 0.304442389 0.147969443
23.376979361 0.419287796 20.615613691 -0.413219711 0.125957135 0.884733752 -0.175015595 -1.633252020 -0.682362367 0.317872004 -0.131097308 -0.300565028 -0.989556744 0.291040781 1.962500829 0.098939237 0.715037695 -1.567872957 0.362033749 -0.461848924 0.593800649 -0.852695946 -0.104879218 -0.724994413 0.650166989 -2.203977879 0.195243422
21.662161605 3.503375293 17.243868168 -0.093785742 0.428123338 -0.306060341 -0.845128221 1.198167164 1.559266260 -0.992805270 0.970287262 -0.856684167 0.408820967 -0.539784782 -0.745100135 1.006024610 -1.548525812 -0.538421177 -0.084783322 -0.497370589 -0.378072313 0.647151511 0.251556612 0.354087041 1.172248365 0.272122433 0.985300387
25.705803749 -0.238448460 23.130890804 -0.500884510 0.478899095 -0.255518810 -0.674151691 -1.498740269 -0.809444553 0.279866573 -0.595383861 0.561554637 1.900242562 -1.516708423 0.145658478 -1.106059653 -1.208890971 0.456675090 0.105429430 -1.696019907 0.026537260 0.360273611 1.227294230 1.788003115 -1.393376290 0.694202333 1.102952553
20.572860777 3.021052669 19.820083168 -0.562666413 -0.114614521 -0.282870892 0.768279948 1.180225794 -0.784319737 1.213491228 -0.393829641 -2.302132791 0.020574530 0.666598044 -0.645891536 0.399592045 -0.725071772 0.808298845 -1.079985484 -0.251407232 2.640847969 -2.734701735 0.547905895 -0.008437933 -2.292803448 -2.833970278 -0.582950370
27.540380174 -5.212727868 21.014231180 0.643118994 0.735695809 -0.007489111 0.212352420 -1.507349931 -0.481456404 0.284181946 -0.807635141 0.755535604 -0.205635021 1.621087197 0.535587329 1.461422042 0.291308566 -1.416684144 -0.571424699 0.118907733 -1.255255852 -1.453605417 -3.201880013 2.038575421 -1.885805141 1.044095803 -0.838873900
28.239043919 2.901364101 7.641272972 -0.414938320 0.281908048 0.238381992 -0.831581667 -2.131162843 -0.029562510 0.299348323 0.620129062 0.778687348 -2.113567714 0.356826851 0.407718643 0.291852903 -1.599634701 1.226837269 0.921775590 -0.499689236 0.126768761 0.731454152 -0.619021318 -0.840012735 1.173698198 0.456116488 0.882603446
24.158944604 0.671501505 12.651712767 -0.885454234 0.387799717 -0.225883672 0.120659624 0.018035614 1.085350139 -0.657709850 -0.015372258 -0.115874199 -1.901704813 0.907917089 -0.855667111 -0.271102179 0.581330119 0.175415381 -0.023916846 -0.910475425 -1.467060038 0.478942939 -0.774856827 -0.376493590 -1.133746714 1.880595757 -0.838032237
16.626845530 3.902517875 11.437286604 -0.362527743 0.660701392 -0.500681668 -0.425869902 1.596489002 1.499988741 2.105396793 -1.995249364 -1.602970304 -0.081880681 -1.316397747 0.676357233 0.040809182 0.909718102 -0.985765021 0.271050507 1.496988970 -2.662252623 0.104349177 -0.463183634 0.999182949 1.457708057 0.862584812 -2.151879152
22.687662202 -8.724001524 15.230643195 0.953471147 0.009128530 0.279496202 -0.112655736 -0.344022857 1.118346532 0.604214487 0.935709060 -0.935145249 0.790804948 1.247957378 0.432972650 0.581423067 0.639229767 -1.048695075 -0.315033659 -1.957480185 0.384217473 -0.076231777 -1.360452469 0.656943915 -0.889930671 -0.933123901 1.128369629
29.619621738 -1.756042804 20.775975627 -0.173357661 0.717803438 -0.541468359 0.401892226 0.857576441 -0.990208057 0.564968457 0.476457929 0.831169950 -0.028032388 0.828685455 0.251264659 -0.045843107 -0.044605336 1.838282686 0.326839806 1.179929996 0.702292193 1.521098172 -0.480657322 -1.310328670 0.023585240 0.034226699 1.536042126
24.262935909 -6.766575513 22.289820828 -0.062393131 -0.464325287 -0.309552477 0.827457787 0.033470351 2.087508268 0.157731380 -1.537968382 -0.033407971 -0.328609992 0.209648712 -0.181432168 1.443811467 -1.198076668 -1.017769345 -0.478924426 0.857315320 -0.367007380 -0.182170849 1.490069122 0.331404374 -0.914754388 -0.242174396 -0.595547301
25.136939837 -4.752887725 7.701405294 -0.025253525 0.431847646 0.899838535 -0.056218160 -2.291164698 -0.966619287 0.221030570 -0.967724777 0.443205420 0.357181178 0.299425871 -0.308821869 0.228941560 0.991594597 -0.089488903 1.005435026 -0.092695980 0.266710197 -0.052203016 0.026155208 -0.049093837 -1.951042898 -0.731000380 -0.024657624
22.351421471 -7.374613078 21.671652051 -0.033745056 -0.474808266 -0.838640029 0.264766470 -1.324822228 -0.712707138 -1.493002517 -0.868791992 -1.190981762 1.900693568 1.094426866 1.049898701 1.620138179 1.590998870 -2.056778481 0.515121795 0.442027470 -0.383922656 1.410839931 -0.320690075 1.771682698 0.691721467 0.615982192 -0.754819738
19.025537381 4.479017490 10.515277970 0.509383251 0.059622038 -0.587803764 0.625668163 -0.614779252 -0.462029090 -1.201840508 1.192831901 1.662590233 1.040412703 -0.481224801 1.225952540 -0.116296375 -0.725587424 1.721200099 -0.314409512 -1.619021729 -0.616992541 -0.711758913 0.785670373 -1.027158089 0.646080418 0.599881623 -1.815824170
16.546717442 -1.941619358 9.032098251 0.707930107 0.461872913 0.523003690 0.109432702 0.504034132 0.000785331 -1.156442078 2.405732994 -0.959401495 0.866498554 -1.474719936 -0.931684686 -0.175696349 0.081610011 0.889173480 0.593259463 2.188453962 -0.133305632 0.074309012 -2.541693727 0.340396723 -0.227761259 2.043590897 -0.047510758
30.812165552 2.714720210 12.290711768 -0.620051126 -0.056594744 0.751432161 0.218365160 0.410033578 -0.955051423 -0.673396625 0.294831820 -0.806221989 0.047243980 0.901636263 -1.541030876 1.032496477 -0.562147557 -0.921372813 -0.444036785 2.160716253 -1.724163347 1.457465779 -0.743437800 0.996450583 -0.293809602 -0.816875798 0.108599236
24.266713091 3.983243124 15.394097676 -0.261791123 0.846287099 -0.288776588 -0.363141345 -0.709040727 -0.451868623 -1.162278095 1.493112701 -1.298166774 0.224306194 -1.700115057 0.151879733 0.139271157 -0.066532037 -1.011842650 1.826644797 0.997247013 2.121202884 0.740493474 0.716356775 0.590736571 0.636140939 -0.186362093 -0.806122715
26.162039688 -8.937242666 9.224319768 -0.024197061 0.031205131 0.827141614 -0.560604578 0.277122819 -0.179313170 1.024335851 0.061449079 -0.366931164 0.785581741 -1.291694747 -1.967294983 -0.455180949 -0.586688733 -0.508203049 1.595298764 0.004520933 -0.005665143 0.096715150 -1.916237982 -0.825947904 0.797581278 0.773100127 -0.128052807
16.148341490 -3.206845044 12.036592186 0.036660671 -0.482444708 -0.873404909 0.055380175 1.337401628 0.378619871 0.254576555 -0.842620424 -0.387043131 -0.161023014 -0.393524730 -2.318353407 -0.530938314 0.073647146 0.730121118 -0.246964882 0.430639988 -0.449122750 1.550172129 1.707790401 0.973699667 0.807925947 0.030948024 -0.053778018
23.882306819 0.716537495 6.916823566 -0.239138449 0.863114073 0.361226894 0.259541962 2.198304671 0.635432357 -0.855875921 -0.771609722 -0.495893457 -0.686402263 -1.287369275 -1.456798665 0.137108665 -0.433459019 0.414328605 -0.021508812 2.056536387 -0.769551691 -1.056974080 1.305021404 0.694066467 0.641777434 1.531918229 -0.613595542
27.787429815 1.312458694 17.112375068 0.136072689 -0.514609834 -0.256881764 0.806642859 -1.946530008 1.450034311 0.115141582 0.299886430 1.118084805 -1.174110940 -0.154728761 -0.620285765 -1.029296938 1.270938693 0.507465307 -1.096078826 0.800505746 -0.841503279 -0.544850623 -0.078494999 -0.370856832 1.034062812 1.497148824 -0.202607312
31.223337299 -4.994358404 11.200418643 0.672887605 0.266391594 0.054796375 0.687935423 -0.074582437 1.959044699 2.276087122 -1.244047715 -0.620929880 0.627813447 0.523306761 0.435406092 0.423324731 -1.892663802 -1.136198562 0.354199560 -0.022746607 1.544348497 -0.578849838 0.462647615 -0.978608367 0.057791149 -0.685188904 0.169467453
18.757321356 -3.921058195 20.701113553 0.048958268 0.478961107 0.722722683 0.495854081 -0.036098818 0.409921724 0.997935723 -0.338100719 -0.259216111 -1.066992239 1.047742839 -0.872094449 -0.612096544 -0.597931986 0.310784652 -0.155286998 -0.901543292 0.087849047 1.804090791 0.493445404 1.167710211 -2.201431059 1.953410823 -0.397946154
27.375866071 -5.435360705 8.605699812 0.652678055 0.670248712 0.273359937 0.223723859 -0.502154866 -0.167618127 -0.439117245 -0.170754410 0.785451012 0.013662168 -0.925149363 0.721238021 0.061670219 -0.915760853 1.812477046 -0.539058307 -0.773919338 0.395854025 -1.135335823 -0.765533904 0.115119901 1.948443360 -0.437379895 1.224206513
31.881226182 0.279226793 11.857906590 -0.331874450 -0.474491156 -0.181849136 0.794763099 -0.728847338 0.376128018 0.127552929 -0.932508952 -0.327387110 0.270731180 -1.287833950 -0.023647932 2.182385220 -0.867437655 0.167825970 0.565455244 1.208515122 -0.693668137 -1.757323272 1.683046272 0.636555110 -0.694494432 1.467795854 1.873442516
24.595312909 -5.349491886 20.540319172 0.527718526 0.436480644 0.137667400 -0.715573540 1.023430477 0.338139414 -0.773160813 -0.907473234 0.859907282 -0.752815323 1.753096447 0.319282040 -0.302161153 0.400003798 -0.057755572 -0.985555193 0.113545248 0.158365451 -1.444938500 -1.230546558 0.724834769 0.089041841 1.091421398 0.962060369
30.815796154 0.596951612 20.345316666 0.164852269 0.901135526 -0.164438081 -0.365702900 0.279608497 1.476929856 0.570637812 0.371452831 0.471005446 -0.568403363 -0.603469490 -0.278371003 0.170086405 -0.955491547 0.723807527 0.521039717 1.137425202 0.125364233 -1.170449924 1.062165999 -0.359460056 -1.642103579 1.598080669 -0.690601533
23.917407030 2.115954368 6.807908914 0.148847543 0.545775299 0.687197345 0.455777951 0.375271611 -0.094136674 0.812440753 0.087441617 0.025946623 -0.732303748 1.291161375 -0.620859785 0.787604363 0.058042513 0.144107397 -0.556643299 0.987140989 -0.261236487 -0.500736519 -1.760245168 1.414227457 0.697448362 -0.418767662 -0.269145112
17.075846743 -5.739159570 18.114997097 -0.904148731 0.116148291 0.241399606 -0.332792544 0.752396290 1.793512787 -1.761450413 0.686553920 0.258679520 -0.604309162 1.624988927 0.477813725 1.387233602 -0.093462007 -0.895956177 -0.202655776 0.740851210 -1.901258345 -2.202905151 1.011111042 0.367010242 0.411285842 -1.016847995 -0.830614722
20.917994136 1.103646512 12.279065057 -0.534768094 -0.252664397 -0.703944467 0.393250524 0.198112446 0.416841329 2.093659437 -0.240254426 -0.302630387 -0.768586574 -0.048004432 0.118331702 0.419350506 0.386727589 -0.625696239 -0.513518928 0.254761846 1.838724389 0.384251384 0.458176452 -1.569780197 0.629125268 -0.916223141 -0.093842802
30.199942907 0.445868921 20.820240450 -0.252863209 -0.154872666 0.082239826 0.951478463 0.683274843 -1.579790742 0.806334400 1.210003215 -0.380967047 -1.680369347 0.817368007 -0.167203948 2.211415081 0.589031876 2.089524479 -0.472033841 0.065501464 -1.436747334 -0.493735698 1.311015268 -0.348337437 -1.290176105 -0.017819184 1.271895600
25.735538839 6.925211385 14.238103023 0.574934632 0.243866902 0.744813169 -0.235015843 0.465180891 1.236955301 0.174304995 -0.622876575 -0.757798268 -0.316043113 -2.279934795 -0.107725384 0.793775281 0.583812536 -0.848817584 -0.285219569 0.987596932 1.161445957 0.550082589 0.549800196 -2.257085419 -0.299786127 0.482877062 0.540481771
32.919340089 3.638324916 15.661411541 -0.396890842 -0.012400894 0.847287624 -0.352742908 1.209878706 0.226978466 0.277724872 1.252480347 -1.164650101 0.330707437 -0.849186469 0.829576563 -0.345233392 0.781958848 -0.525938782 -0.021341633 0.273120392 -0.825303257 -1.526036304 -0.683669594 -0.444630910 -0.298459747 1.065163647 -0.503940067
24.033565389 -6.816891679 9.480102320 0.733188096 0.037289721 0.099667280 -0.671648066 0.483170240 -0.384447788 1.669735604 -1.770105955 -0.458480576 0.038510821 0.733107318 0.416548672 -1.130536205 -0.449001092 0.246372123 2.818660779 -1.163196739 -0.643255655 -1.094183398 0.511429467 -0.232662827 0.869637746 0.920645891 0.876804296
33.325884732 1.765394111 13.975715659 0.882044870 0.419779250 -0.032740195 0.211448121 -1.609460840 1.214327246 -0.647090717 0.723569967 0.417801403 -0.992169935 -0.444160544 -1.593656537 -0.169564493 0.469876995 1.787380777 1.902326703 0.194021320 2.960637736 -0.262169635 0.313732993 -1.133464240 0.769895402 0.404053194 1.111157666
25.743917074 -6.924345696 7.472669649 -0.562010370 -0.561582629 -0.161649725 0.585353450 -0.999325392 1.631045230 2.756915208 1.570426098 1.189688838 2.666973665 -0.741395191 0.305718590 1.634484457 0.971874424 -0.767522746 0.425395878 -1.017025962 -0.304702017 1.158531097 0.646902344 1.170992347 0.450771149 -1.871039148 0.040864115
22.207333302 2.918299599 8.396729122 -0.165646095 -0.864311274 0.439030933 0.181050359 2.087609546 1.153735505 -0.003767324 0.463019689 -1.455417561 1.896519612 -1.178153291 1.096034007 0.545832207 0.017453040 2.158100534 -0.336062204 0.536120789 -1.275829664 -0.704206287 1.792980249 0.598619953 -0.151993678 -1.062476128 0.599846237
28.691179330 3.730405319 14.140000209 -0.816040242 0.022477842 -0.562816535 -0.129655766 -2.217244750 0.664230608 0.124669388 1.087804889 -0.319957878 0.070380569 2.226069283 0.323778625 0.160439259 -0.412396993 -0.012258271 -0.817936249 0.449704017 0.269957517 -0.429760240 0.517345814 0.584947207 -1.377615784 0.367065154 0.366661929
18.384365546 -1.786774357 15.372387656 0.528571376 0.291927648 0.647371639 -0.465081185 -0.456495526 2.813539753 -0.499135159 -0.572433439 -0.930331302 0.400216988 -1.690397104 -1.095710276 0.011576817 1.084038639 -0.696613789 -1.490461207 -0.592296135 1.197700258 -0.277635008 -2.470980746 -0.452392547 0.145670470 -0.997472507 -0.894832609
26.044327938 -5.082348555 7.134881999 0.236018183 0.651104242 0.312962588 0.649933152 -0.797350973 -0.229311491 -0.363984490 2.022051532 0.297401212 1.090276797 0.879139754 -0.552461135 3.149290733 0.945466279 -0.265881335 1.281943690 -0.226278659 -0.029308958 -1.003039176 -0.322367878 -0.103812765 -0.431792580 -0.184164086 0.834500273
22.201199623 -6.434413118 18.626336173 0.889620298 -0.123805172 0.046080597 -0.437177977 -1.365592248 0.195034767 -0.775130528 1.293696381 -0.452125417 0.392280689 -0.997776920 0.941553526 0.130242260 0.588316540 0.662029976 -2.228075273 0.654666482 0.525523816 0.729550695 2.121771358 -0.896261112 -0.579816468 -0.185039997 -1.505250266
28.884380329 -4.841389875 16.225596005 0.333708174 0.349714675 -0.619448679 -0.618564334 -0.689406655 2.162064487 -0.522663704 -0.508670273 0.455460228 1.699954288 -0.717988160 1.394762606 1.201766961 0.277691386 0.253946166 0.216272745 1.901758676 0.649967187 -0.264564684 0.755450596 0.904031408 -0.825444740 0.175441705 0.122556262
23.511633416 -8.273803970 10.216571315 -0.551823027 -0.770528938 0.227601163 0.223549126 -1.322982775 1.308190688 -1.320020666 -0.732066729 0.547592167 -0.539771814 0.837526898 1.598018426 1.539680061 0.803717610 -1.725691645 0.821501679 -1.180220536 0.037383225 1.371687934 0.276126853 -1.664353355 0.109657398 0.894598429 0.280261249
32.222362299 -3.456816343 10.540719476 -0.154725119 0.459795506 -0.499687621 -0.717607491 0.424673645 0.137687019 -1.462871423 -1.307251454 1.185928614 0.455352237 -1.336563925 0.323726281 1.623218441 0.489417823 -1.157275117 -2.142504574 1.678238725 0.024726875 -0.738268239 0.822811422 0.176816258 0.558293035 -1.517408248 -0.948082174
29.292143030 7.338281227 14.434628463 0.898889534 0.161794578 0.369922856 0.170226911 -0.501371663 1.067648333 0.533135615 0.823734203 0.402315426 -1.052224062 -0.750617735 -0.021793610 -1.233140323 0.792500684 0.692935410 0.590459454 -0.242720308 0.335213222 -0.398282946 -1.044397327 -0.938579998 -0.896365924 0.637305818 -0.194847899
18.228869124 -5.283861598 12.402160606 -0.278109193 0.299816796 0.900747163 -0.146354753 -0.476114884 0.537769668 -1.037191788 1.382707257 -1.409769682 -0.248516229 -0.376831301 -0.674766605 -0.145163064 0.630580477 0.229105490 0.657516286 0.723807864 -1.064024394 -1.019876203 0.524669374 -2.211484288 1.702797183 -0.292145573 -0.513656822
27.270719288 6.402240989 14.227141406 0.390810105 -0.872991285 -0.207954051 0.204716366 0.022221282 1.146228689 -0.661200333 -0.003941394 1.047053831 0.822981628 0.409610396 1.126293180 0.353880968 0.525152409 0.889099493 1.382508300 -0.262821639 -0.388268566 -0.284290077 0.471975404 0.337823356 -0.138286031 0.482845934 -0.496380733
28.655106996 -7.318199795 11.797417288 -0.134382601 -0.364594169 0.271986947 0.880361011 0.833326332 0.722280613 -0.196303052 1.473740875 -0.533697833 -0.370197534 0.045127795 -0.586873432 -0.483624846 0.136534717 1.351751166 0.588777520 1.335569314 0.214495835 -2.191767715 0.245491720 -2.159318298 0.594459906 -0.924825848 1.285233326
22.921727986 -8.182585651 11.121575175 -0.168804203 -0.706698241 0.656279889 -0.203419378 1.050995135 -0.022456357 1.873056943 -0.003404847 -1.832217310 -1.372340869 0.027223712 0.105265132 -1.138950636 -1.076795680 -0.459899422 0.859067085 1.405112605 0.039274205 -0.004796463 -0.077916129 -0.291983604 0.477857099 0.439652548 -0.589200134
15.264798225 -3.497009724 15.820219830 -0.243417569 0.750880659 0.524194488 0.319603287 -0.737773075 0.296239659 0.017409661 1.889411939 -0.484052595 -0.231821747 -0.759891751 -0.143677747 0.741389723 0.493351134 0.585326924 -1.086004903 0.672825662 -1.715217201 -1.679715764 0.148691231 1.197843170 -0.453926448 -0.555870835 -1.092965559
25.508067654 -1.317407376 7.361102171 -0.440706181 0.383982143 0.517382529 -0.625020875 -1.032257517 0.656118445 0.219345066 -0.794088260 0.377762587 -0.920394964 1.522218341 -0.454297954 0.781256819 -0.658070678 -1.151665036 0.166048116 -0.734257591 -2.409985675 -0.554480866 1.269533566 -0.805733784 0.400820670 1.633777165 0.134097882
22.488997403 -2.804362359 12.166060973 0.386622283 -0.111492246 0.244515633 -0.882215844 0.417039232 0.522466004 0.173763143 -0.259572217 0.602400140 -1.123686449 1.184923453 1.073585279 -1.207232495 -0.079057741 -2.082277443 0.163693739 0.102563258 0.258089590 -0.800664965 -0.812779518 0.266250051 0.574685134 1.794098669 0.056356664
33.686358137 -2.343675857 12.826045239 -0.477722782 0.040408158 -0.257192489 -0.839047167 -0.148221145 -0.214498445 -0.157526408 -0.167421241 -0.974447831 0.766864790 -1.289941884 -1.424921078 -1.825220696 -2.092969557 -0.090611924 0.240713595 1.675884231 -0.638421209 2.314191789 0.711975184 -1.451293374 -0.822814738 0.015927764 0.736563382
27.151558071 -5.964257047 11.623426507 0.100879163 0.959677001 0.022967998 0.261373142 -0.116959128 0.695279046 0.343557436 -0.757917655 0.507077539 -0.700149960 0.618477297 -1.134025099 0.634302678 -0.732558397 2.366901476 0.849146056 -0.134245111 0.407573166 -1.788705920 -1.318694019 -0.779630387 0.478046672 -0.791201735 -0.651847533
22.370691622 3.644982717 18.234977322 -0.286924451 -0.161481169 -0.698801698 -0.635038879 0.426445578 0.561755613 -0.379689660 0.155553030 -0.050864537 -0.274667722 -0.293401061 -0.933602863 -0.018196694 -0.960159257 1.058014460 1.027610000 -1.273176293 0.367560091 0.615826714 -0.435230699 -1.557222684 0.983969429 1.383854408 -0.847319501
33.317603912 2.331518752 14.041101681 0.531932813 0.098303684 0.422704316 0.727120987 0.017546984 -0.273536436 0.560003428 2.174413650 0.026451412 -0.183134289 1.321354002 -0.638794862 -1.676398406 -0.914299726 1.041641137 -0.378389455 0.253358852 0.874477597 -0.577733012 0.706998070 0.867074068 1.417918089 -1.355627672 -0.903817259
32.359910444 0.762028304 11.382896899 0.648168994 0.109390059 -0.015889265 0.753431020 -1.687977964 -0.531497373 0.387753684 -0.607588795 0.217838731 1.631590285 0.755467405 0.474481234 2.091002355 -0.263607854 -1.328085995 -0.790884905 -0.060740581 1.035091847 -1.574599729 0.443844354 -0.082315086 1.011974275 -1.163706415 -1.493777284
20.290430251 -2.339650795 7.080390858 0.344499524 0.214508560 0.908525937 -0.099432273 -1.469335466 0.350201996 0.693466412 -1.566779150 1.114745198 -0.078643147 -0.545639957 1.043818969 -0.512537691 -1.882585126 1.101694083 -1.537612204 1.228142432 1.410041347 1.387802148 0.089402721 0.605615282 -1.275083931 -0.211209041 1.125564569
28.566813029 1.128775117 17.155094317 -0.162173029 -0.817854422 0.188208620 -0.519029448 -0.007254233 -3.226274720 -0.629650664 -0.845454096 1.237619513 -0.439951036 -0.170996634 0.429221865 0.137847467 0.160379519 -0.513450388 -0.804637797 -0.135574473 0.287541928 -1.631451373 0.931148223 -0.123990882 -0.877751562 -2.030843624 -0.278394564
24.503329187 -3.727450439 16.638953719 0.063362829 0.232666165 -0.902439647 0.357007409 -0.327851967 -0.531791914 -0.780881776 0.393501573 1.719544864 -2.460507952 -0.866260006 -1.116762774 1.284669748 1.004794410 0.321676291 1.269216850 0.753085248 1.034066435 -0.093428849 1.325012481 0.491366511 -0.054665335 -0.183189386 -0.836357323
16.721394212 -3.283583214 9.881614229 -0.549936295 0.706775502 -0.394561949 0.205813821 0.177825985 0.519994380 0.928578301 -1.198316373 -1.207137296 0.632219746 2.205539882 -1.379157897 -0.183800468 -0.436141051 0.295106141 -1.376427780 -0.425529717 -2.453921722 0.775062140 -0.872896096 -0.368092350 -0.357022422 0.131301223 -0.665036291
31.776304799 -4.873078942 18.765755888 -0.385504728 0.514360567 0.229716744 0.730786925 -0.091036381 -0.347383365 -1.149638346 0.859958700 -0.069901295 -1.148763100 -1.243156099 -0.497837153 -0.142466091 1.356348625 0.422362290 0.976688664 -0.236419963 0.632232068 0.426900411 0.423003536 -0.571812480 0.060588409 1.279122499 -0.539379881
20.294469349 -7.037582066 9.407847571 0.839057539 -0.084235870 -0.475966130 -0.249685816 -0.498407340 -0.001745453 -1.205938303 0.813010693 0.570676754 0.017337160 1.865592746 -0.870307327 0.574508160 0.267105149 0.203709007 -0.486040632 0.694487700 0.689965483 0.853184649 -1.722768686 0.086068493 -1.256138201 0.044632695 1.193875975
22.823397350 -7.756408212 10.751363478 -0.544535499 0.608598031 0.235335922 -0.526978681 -0.246729252 -0.617666814 0.800382233 0.997317024 0.257454357 -0.663596943 -0.952534311 -1.508641991 0.594787063 1.880488342 0.391239390 0.069568149 0.672309431 0.310105159 -0.381999421 0.471347138 -1.196414113 -0.240659174 -1.063159243 2.024288302
17.811209489 2.352713002 13.841868107 0.804258283 -0.402558610 0.316427957 -0.301643046 1.408718218 -2.025473932 -1.364102738 0.171321678 0.817043371 0.022437723 1.215139672 0.863183709 0.153482549 2.758422335 -0.820273869 -0.162898787 1.070001149 -0.589169359 -0.605253299 -2.479582537 -0.149786711 -0.148816854 -1.120220463 -0.178764502
26.745364728 -4.771882847 8.470165463 -0.138219131 0.714251570 -0.639379710 0.248864930 1.091913096 -0.386025331 -1.236066464 -0.047205070 0.356628990 1.271247869 0.596258188 0.030077851 -0.404917855 0.897134046 -0.087699722 -1.653651956 0.701154025 0.520656963 0.708388711 0.821249228 0.120284045 -0.738936028 0.190089865 -1.037085063
20.338349013 -3.141135499 17.316923955 0.188538451 0.190903029 -0.008574798 -0.963294222 -0.763987775 -0.682587444 -1.039501919 1.388284633 -0.003025550 -0.584071272 0.264989993 0.508128627 -0.105265170 0.248141116 0.140127857 1.752877987 -0.647176547 -0.921025010 -1.018598189 0.211736454 1.580409215 -0.325886185 -1.326840978 -0.135353320
18.604160336 1.313991676 11.633938237 -0.605311851 0.227319368 0.633623804 0.424787408 0.845073669 1.045185145 -0.815824045 -0.370492772 1.635502485 -0.007301489 -0.982106521 2.164426692 0.061304784 -0.317542797 0.122346353 0.207468130 0.585127672 -1.445021611 -0.495161867 -1.562877564 -0.885239867 -0.106826195 0.170333555 -0.583984442
29.992812826 0.959166537 17.709624831 -0.908377996 -0.301906960 -0.243791704 0.155779362 -0.182898030 -0.897186257 -0.199866062 2.139014705 -1.636832818 0.575642300 0.262073823 -0.222547177 1.273583318 0.400417019 0.056037161 0.249746894 0.428740010 -1.731956385 0.273621626 -0.248238629 1.022399620 0.144132209 1.525961926 -1.875915722
33.031494176 1.776728549 10.433674426 -0.466966045 -0.265387685 0.834232179 -0.124774841 0.947125915 -0.527673202 0.230627850 -1.029846309 0.170963460 -1.713474169 0.344024428 0.283644658 1.443934748 0.186607646 0.333180935 0.517020118 -0.599837800 0.349757219 0.370115788 -0.870661369 -0.282563543 0.343207692 -0.930567432 0.954552933
22.866136660 2.514291305 17.414025281 0.012406091 0.056003673 -0.190811630 -0.979949284 -0.556163621 0.543942876 -0.374921922 0.136514825 -1.025017539 -1.910665155 0.071839743 0.983624893 0.357676386 0.327471947 1.567261180 0.672180146 -0.824733502 2.007490992 -0.775951053 -1.158013418 -0.834464317 0.353167201 0.721519648 1.281200327
25.266199907 0.377019474 9.469581295 0.173405193 -0.598736979 -0.745741520 -0.235189828 0.370139845 1.506573635 0.440728887 -0.680312123 0.088625598 -0.447070093 -0.612485586 -1.396308974 -0.917861606 -0.610069219 0.536559765 0.353712964 -0.348935006 -0.106962284 -0.734557280 1.051007817 -0.674124107 0.171271630 -0.281187960 1.160972653
33.190238965 -0.055152634 14.190225271 -0.548307375 0.584761109 -0.571859402 0.174328118 1.470641820 -0.322219496 1.653350492 -1.948688634 0.064066382 0.495476696 -1.316510867 0.937454630 -1.065778303 -0.599131259 -0.983528195 1.285233127 -0.841429653 0.809878384 0.609688874 0.633880035 0.874855085 0.340786708 1.787487746 -0.534283748
26.258663297 6.345157143 17.723408006 0.801751547 -0.545156266 0.242050120 0.037561160 0.109773058 0.193889487 0.448292137 -1.139003035 -1.128797546 -2.026216433 1.723605401 1.648638391 0.519168624 -1.208637795 -0.437516769 -1.253241229 -0.221337873 -0.359554752 1.090845563 1.182647514 0.884606441 0.469218011 -1.827547017 -1.108772769
19.476332389 -6.339160257 12.600891031 -0.580487012 0.646318144 -0.467273354 0.164205050 -0.499459640 -0.447425717 0.998921717 1.678076857 1.039623535 -1.207072931 -0.098003394 -0.141504506 -0.684547721 0.738930872 -0.958562054 -0.006257481 0.782711153 1.294544259 -1.313251922 0.962912333 0.421218417 -1.224527622 -0.226249782 0.438123718
25.125734283 8.688782274 15.408568369 -0.465009158 -0.049042820 -0.877980063 -0.102529477 0.520192268 -0.269681216 -1.708494603 1.314402730 -0.710137394 -2.019131060 1.134341365 -1.867539870 0.520564780 -0.923926801 2.719254180 0.413741392 0.419829904 -1.630000619 -0.240797572 0.341071091 0.883023121 -0.003391594 -2.445809500 -0.555084415
25.181649009 -8.287697217 17.652294329 0.486583114 0.743811436 0.004724827 -0.458212938 1.027023290 -0.537971070 1.397860098 0.911489869 1.688337117 -2.041065013 -1.113961346 -1.708754295 -0.224170159 -1.492322631 0.385956006 -0.197635797 1.207114531 -1.863659747 0.660598779 -0.258143855 0.426282687 0.958428206 0.438230564 -0.451725242
29.573076185 -0.510782549 21.913508942 -0.346622179 0.192229519 0.642359149 0.655953963 -0.512084657 1.712427640 -0.009683728 1.935627414 -1.592404516 -0.054150650 -0.295519359 0.927467299 0.496690754 -0.583501559 -0.268501011 -0.208431547 1.383418540 0.061865022 -0.515647234 0.731402014 0.074376231 0.457618460 0.778480788 1.307208560
20.141212781 0.420244397 20.069030433 -0.768714884 0.394032307 0.286574427 -0.414356206 0.284987337 -0.010376108 0.496582415 1.411171364 0.996623674 0.581540558 -0.397276256 1.468092491 -0.292389624 -2.703546549 -1.707172772 1.096064766 0.830460393 -0.082912253 -0.427575276 -0.053151872 2.077679461 -1.187336695 -1.231343378 -0.251894267
26.994806057 1.094837145 14.200814528 -0.829381858 -0.492014780 -0.223299031 0.142072983 -0.509188224 1.497562797 3.163232765 0.492864834 -1.384283137 0.406121631 -1.038072349 -0.675506861 0.246362510 2.641858965 0.311177722 -0.327857612 0.779504233 -1.181289447 -0.423673123 0.148454423 0.338362826 -1.007849361 1.728492699 0.683474070
32.324925232 -2.249330583 9.048541461 -0.567427445 -0.559658898 -0.601582330 -0.053913937 -2.012765034 1.399770522 0.484440675 0.423195052 0.794011806 0.452257110 0.279117915 1.451102190 0.140962937 0.789122623 0.137193559 0.835631074 1.506610442 0.084710694 -0.394227610 1.909689874 -0.180866529 0.339839650 -0.978794326 0.319137693
26.717007872 4.599125293 15.157215593 -0.723090142 -0.179526948 -0.635893251 -0.201371533 1.372494640 -1.523785613 0.903821911 -1.556341841 -0.949052770 0.188503457 -0.349810485 -1.221791997 0.969587518 0.671318285 1.739796692 0.523837644 -0.950295712 0.619065335 -2.409941871 0.034301727 -0.336325671 -1.719633925 -1.343943083 -0.286278490
30.177238880 -2.076570611 19.736948483 -0.242406675 0.628027712 -0.147704224 -0.724571363 1.043254047 0.683014337 0.312167977 1.454043271 -0.924066711 -0.432901586 -1.569525383 -1.280574435 0.162363056 -0.362833642 0.799210687 0.308381199 0.781960026 -0.182693833 -0.850377836 -1.594769300 -0.421487581 -0.660841188 0.681292299 -0.054284237
25.821401155 -2.412563715 14.471210254 0.402336926 0.357073859 -0.466855869 0.701903736 -1.236440665 -1.859756055 2.445585629 0.591697555 0.436254187 -0.916897446 0.377334028 -0.033406535 0.896830081 -1.307559274 0.346826738 0.443633153 2.057179410 -1.388701167 0.600891479 0.830458664 -0.453208289 2.930850266 0.607684191 -0.875163190
23.574273223 -0.865714156 10.480001676 0.850831613 -0.502873093 -0.113036595 0.102112422 -0.257696648 0.009137694 0.944338508 -0.467852035 -0.077585540 -1.126077696 0.576222974 -0.798785053 -0.913235667 -0.482546680 -0.437851959 0.216076813 0.250506041 0.179622211 -0.046345915 -1.156957157 -0.722127987 0.117623332 1.612732208 0.543969757
32.610940468 -4.442795481 13.570374530 -0.649338627 0.614206813 -0.444252938 0.061226343 -0.987090187 -0.506785207 1.514641867 -0.382783076 1.289939351 0.362479977 0.286067076 -0.709436860 -0.447364474 0.101633449 -0.161862099 0.769346235 1.097617711 0.745139676 1.197294303 -1.413114410 -0.070413110 1.459462989 -0.498634746 0.556478051
21.831350819 -0.934674846 22.081285770 0.841143168 -0.357192265 -0.037387463 -0.404343956 0.611903043 -0.488264361 -0.137163008 0.630649185 -1.274784641 1.355482415 0.396784275 2.167824744 -0.681861181 1.167971700 -0.421094382 -0.581948784 -1.256935882 -0.404774126 -0.106037627 0.284041022 -1.543520527 0.841404942 1.062108441 -0.364988682
25.465865405 -1.144963915 19.194971106 0.019478346 -0.676051542 -0.089570421 -0.731130662 -1.529708311 -1.114026717 -1.796059282 0.502098866 1.368503131 -0.738586349 -0.091757674 -0.261492020 1.739629898 -0.841471340 -0.521233717 -1.388939621 -0.595246042 -0.971827173 -0.088842928 -0.428209599 -0.839307598 0.474038561 -0.819253745 2.241924089
29.994859302 2.581813436 17.120838459 -0.412895082 -0.142594219 0.244856959 -0.865580505 -1.018218931 -0.795429726 -0.891790450 0.002015136 0.295434570 -1.229072687 -0.599635737 1.203649034 -1.500834231 -0.631878591 -0.933067437 -0.156196421 -1.195439370 1.195137881 -0.534531055 1.502261473 -0.272206196 -0.954065652 0.808995017 -0.323725406
24.915917574 -0.452073395 11.046468112 -0.110115477 -0.177897748 0.961887776 0.176064988 -1.054329298 0.463833532 0.353139041 -1.376991756 -2.409802379 -2.075344323 1.568425165 0.791909923 0.768999409 -1.651238417 0.458851874 -0.598703703 -0.897776245 0.459782505 -0.857364444 -2.024300790 1.126798819 0.257328059 -1.834331488 0.257020716
