16.778028609 27.545250815 33.118313818 -0.555605016 -0.811611978 -0.177988211 -0.030153927 0.043601123 -2.306679815 0.175101171 -0.518196840 -0.252738303 1.333173832 1.276253332 -0.492314712 1.408294834 1.138497342 0.411779904 -0.967032177 1.936701641 -0.459203609 0.772399861 -0.240100379 0.046684346 -0.471929613 -1.223808692 -1.680558451
15.610997463 26.274613578 37.129374474 -0.793219897 -0.485636435 -0.149648857 -0.335506584 0.121784728 -1.001610088 -1.666405002 2.298191603 -1.041558286 -0.066993641 0.211321552 1.788405508 -0.622123810 -0.492860792 0.559086820 -0.760078993 -0.227815613 1.418356497 0.329940050 0.628756470 0.438134280 2.119615864 -1.382908952 -0.566368572
16.186495965 20.665262193 25.965626079 -0.250219738 -0.401853880 0.007144884 -0.880824893 0.914473795 -0.856651596 0.714418395 -0.622007366 -0.938572414 -1.045435920 1.102698022 0.933475467 0.031400951 0.642221351 -2.299140137 -0.229097492 -1.045964325 -0.615133568 1.365229014 0.762364463 -0.035915027 -1.341876676 -2.276752672 -1.336724679
20.827677886 26.880224927 38.991475341 0.790056682 0.375507997 0.234422445 0.424087609 -0.688184691 -0.318125218 -1.454640729 1.228384581 -0.004298156 1.583551217 -0.512425803 0.831720882 -0.378946386 -0.580637364 0.898756649 0.656187463 0.960354829 -0.212799045 1.654497292 -0.591188576 -0.862704751 0.640963724 0.185862703 0.547568124
24.342570221 26.306019440 36.654134476 -0.372483175 -0.712088923 0.592137389 -0.059657041 -0.868903280 -0.442175400 -0.315088971 -0.151491358 0.346739416 0.163408900 -0.569228409 0.135815413 0.891541840 -0.584711864 -0.353785204 0.765360319 0.823495178 -0.508789448 -0.671098819 0.930249610 0.878700687 0.520311503 0.337158892 0.951645166
20.660716317 32.325820730 30.862302471 0.245450482 0.526826353 0.366631882 0.726490962 -2.835958199 -0.193041647 0.917898116 0.949437583 -1.270034999 -0.185564971 0.519465556 0.834338270 -1.251878778 -1.142867335 -0.236245081 -0.384447575 -0.150090053 1.309384349 -0.406358005 0.778719687 -0.610020234 -0.778023275 1.225991949 -1.462361587
10.442635220 27.613773567 34.546040644 0.582886923 0.194417872 -0.635268582 0.467844370 1.953835955 -0.398813472 0.226311409 0.580431702 -0.408662098 0.316817684 -0.440897317 -1.792638785 0.516537041 -0.955093431 0.025423857 -0.155333305 0.137527782 1.349636247 1.034853087 0.521823412 -1.089799264 -0.399565717 0.804573454 0.114444749
16.088617781 22.142715599 23.919205277 0.397657116 0.224034354 0.837611008 -0.300142009 0.188134619 -1.240241707 0.578047381 0.340076562 0.490081391 1.903663706 0.204469003 -1.871498939 -1.315794061 -0.069363016 0.222101358 0.546156152 0.186242051 0.737956589 1.183401368 -0.885771827 1.164499434 1.066928382 -1.302042955 -0.684866932
24.868634597 27.650169936 36.539429788 -0.409542508 0.219236268 0.429306111 -0.774536414 -1.379835115 1.387705535 1.040230208 -0.295286642 1.611640788 1.183960847 -0.579688556 0.441576862 0.638314069 0.409531754 -0.479659420 -0.068154802 -0.786230770 -0.397434139 0.138919998 -0.149256432 0.414227652 0.728135955 0.653634381 0.994488219
15.677140413 30.660507945 35.311982395 -0.674303777 0.048832831 0.271128395 0.685141711 -1.955183473 0.457220411 1.187481382 -1.989402363 -0.583920694 2.040251030 1.188897350 0.108835866 0.297526003 -2.930426283 0.939526806 -1.083980742 -1.639130761 -0.132269515 -0.134333609 0.832275598 -0.279454900 -1.233942037 -0.162929836 0.763733996
13.917893312 23.067378744 38.126254371 0.754756310 0.049838099 -0.639221258 0.138763321 -0.310933098 -1.706090695 0.875894416 -0.866173660 0.032778162 -0.115703764 -0.165884394 1.032938781 0.176009430 0.038302285 -0.747059824 -1.420962315 0.461635327 1.770621175 0.657077901 -0.091533164 -0.309947463 0.260105859 0.384210388 -1.457491789
17.134398621 24.695523194 32.672041285 -0.376075739 -0.742959467 0.427981155 0.351298164 -0.503085373 0.403668902 -0.438529824 -2.228512607 -0.447898236 1.373963764 -0.681761990 0.512120903 -0.320036555 0.925051718 0.377498691 -0.306730799 -0.208053421 -0.521064337 0.370239232 -0.712866099 0.524940697 0.364242862 0.963098407 -1.070074399
16.716366315 27.295409458 32.903049310 -0.513874738 -0.516973647 0.495556099 0.472329498 -1.157619318 -0.348291005 -0.391288382 -1.518878982 -1.004155771 -0.038139081 0.351651491 -0.139701281 -0.499591403 -0.046262602 0.013382280 -1.465391475 -0.908582694 0.228864526 0.223108665 -0.606776876 0.546992608 -1.084084829 0.476310277 -1.622104940
19.405740121 25.236724835 25.961308168 0.040813517 0.426670100 0.723839262 0.540688085 -0.379503310 -0.422902719 -0.625540611 0.954169187 -1.555061053 -0.277971855 0.568019346 0.556240925 -0.785803500 -0.786573286 1.813112573 0.887388442 0.730968217 1.226591873 -1.025184982 0.712628660 -0.836955170 -1.633206474 -0.342860344 -0.186491823
16.656904141 20.109355843 36.113546555 -0.066851186 0.288975583 0.721636543 -0.625511575 -0.961605035 0.083661402 1.251569377 0.565093683 1.281349212 0.830981621 -0.782223702 0.509143283 -0.985818291 0.115429234 -0.899884417 0.394493765 -1.510997477 -0.304373770 0.398439574 -0.466403370 -1.100353182 0.653986551 0.152651096 0.552281469
16.110013705 32.508646024 25.148905007 0.336534862 0.804550355 0.056651564 -0.486038695 1.873217829 1.369198113 -0.066325045 -0.298369951 -0.735278139 0.944928434 -0.350266446 -0.451901017 0.485395183 0.732982382 -0.519652327 -3.045797513 -0.409512356 0.303401198 0.467180510 -1.825372068 0.972861962 -0.508051788 0.698619801 -1.219766501
22.262316466 32.844958777 28.972054562 0.008044236 -0.603091885 0.621471895 0.499988151 -0.979634785 0.344125973 0.288282037 0.779337794 0.288364109 0.591908330 -0.386166336 0.516249826 -0.460236443 1.493581053 -0.980918902 -0.571411571 -2.754347642 -0.713679261 0.834918498 -0.743670387 -0.017480309 -0.836531475 -0.666056365 -0.670835051
25.954834180 25.581238229 24.365866534 -0.411454701 -0.254163974 0.874806851 0.028612526 -0.492625544 0.732154654 -0.942656970 -0.462862814 0.271886551 -0.566072480 -0.133473822 -0.411312095 1.115471631 -0.512627086 -2.467582521 1.382509167 -0.120779217 1.293148325 -0.362368220 0.111265798 1.159727803 -2.401038923 -0.439649780 1.849758034
17.151795698 15.857294805 27.450425578 -0.377142996 -0.742350997 0.551929701 -0.045296401 -0.328183590 1.770997356 -0.469221907 -0.122546603 -0.660874543 -1.466661753 -0.398935058 -0.408709953 1.535044333 0.474865665 0.596502598 0.897722981 -1.990654648 -1.299555805 0.672143774 -1.063377050 1.258566694 -1.657224002 -0.209356469 -1.418982493
10.262763807 24.856624250 26.479268587 0.240757409 -0.592806647 -0.005397671 0.768496594 -1.044045317 -0.302221506 -0.603661635 0.583384541 -1.101404946 -0.052362488 -0.699993051 0.201240435 0.079514055 0.537825701 -0.706310170 0.561357996 -0.331810374 0.179577122 0.751091459 -0.000987181 -0.501209583 -0.418064999 0.802604601 0.473840577
24.310776577 25.077906429 30.460574287 0.031497067 -0.807453024 -0.120624934 -0.576608337 0.251981061 0.480442521 -0.340088852 0.453138352 -2.337063802 1.164163398 0.744515496 2.502571811 -0.168439557 0.254279353 0.818700006 -0.874815889 0.172852135 0.527180825 0.821336097 0.955355153 0.283252705 0.251290472 -0.178743034 -1.715383483
21.182086376 31.372813301 32.406874022 0.124202005 0.895578466 -0.418824770 0.084254882 -0.137800872 -0.770275081 -0.340088720 -1.011696067 -0.511975541 1.175276839 0.556511434 0.217834287 -0.997902693 -0.868628713 -0.758746824 1.343628189 -0.946106232 0.218394027 -0.847823420 1.987115170 -0.542762759 0.042186592 -0.762385399 -0.528059426
9.346356944 26.010464606 32.992805380 -0.437994973 0.490075182 -0.745783194 0.108600868 -1.333009200 -0.955124706 0.810745606 -2.070283935 0.724256899 -0.936310578 -0.627427582 0.680477134 1.072707806 -2.379472255 -1.437591673 -0.329175819 -0.571668687 -0.542287336 -1.271334710 1.157390227 -0.499629598 -1.256534419 0.888155266 -0.368522366
22.722401834 29.488137683 24.842414541 -0.271730081 -0.421340231 -0.593776730 0.629336450 0.872577808 0.019357147 0.639033831 1.518358643 0.135328934 -1.125502690 -1.149936718 -0.078912430 1.566587158 0.030954798 0.137467886 -1.283562518 -0.344843717 0.144332503 1.555534139 0.363352610 0.363908772 1.372381455 0.810120719 0.181374917
24.964039115 25.485146695 29.135972825 0.893239654 0.111459572 -0.429302674 -0.073477201 2.086138678 1.883083790 0.799959068 0.328903254 -0.181881231 -0.910400384 -0.925779567 -0.807733575 -0.997972331 -1.028080923 -1.352080512 0.156644326 0.697285270 0.081388526 -0.466517340 -0.355989360 -0.563428085 -0.459014365 0.045591197 -0.379149570
22.866718134 28.270830570 23.207018816 -0.013115556 0.048932076 0.544766345 0.837056309 1.278032380 -1.903815731 0.952210805 -0.929047645 -0.558503223 2.089869113 0.036446178 0.539886398 0.803660695 -0.212254527 -0.954157327 1.839085772 0.367902980 -0.426877334 -1.182833624 1.799556986 -1.472107325 0.332636440 -2.506316487 0.427810520
17.395075551 23.724428859 29.649071897 -0.886148615 0.382769664 0.260596437 -0.017818891 -0.983064899 -0.379362627 0.660243177 1.187496469 -1.042465713 -0.461881049 0.465898742 -1.591572892 0.634879939 0.040069507 -1.195829186 -1.372769725 1.889036020 0.103290749 -0.015742324 -0.919283770 0.367530089 -0.882940346 0.902001720 -0.079096206
17.225050252 25.781276134 21.198862485 0.832386408 0.067916164 0.530111379 0.146636246 -0.630842180 0.073170863 0.306345319 1.573493809 -1.077192842 1.009990819 -1.298265008 0.424701859 -3.270966963 -1.460364905 0.005212144 0.430243504 0.923032849 -2.733358112 1.478865375 0.649712396 0.588189017 1.002173708 2.200051084 0.503054171
13.714884994 32.156504729 32.895223370 0.294137230 -0.200441106 0.134915509 -0.924718583 -0.200840105 0.209957504 0.337561424 0.584040791 1.073090831 -0.993156845 0.218601655 0.149289912 0.292300633 -0.278420931 -2.089002426 1.311742087 0.271284704 -0.492263705 1.090355244 -0.338688432 -0.810087596 -0.101538702 -0.989628615 0.930360767
19.777259097 17.811042644 36.149625725 -0.709330135 0.074574317 -0.422420978 0.559329909 -0.919177551 0.446251164 -1.728651392 0.561456896 -0.178535927 0.388056923 0.509285210 -0.055358036 -0.072713326 -0.393106815 -0.936160989 -1.002398733 -1.116050993 -0.496015966 -0.835209263 -1.382119452 -0.799094314 -1.116620875 -1.071072234 0.738533354
21.436809831 22.597059044 26.276829736 0.685331684 -0.033496812 0.517571546 -0.511192860 -0.425040486 -0.752868037 -0.930513822 1.288692333 -0.850923917 0.007309732 -0.623129856 -0.879661893 -0.543035713 -0.477714419 -0.321548587 -0.364627644 -2.724494737 -0.141818666 0.367996600 -0.899490107 -1.497910116 0.666720706 0.206913915 0.295118858
22.286818640 31.448596436 33.299999037 0.733934285 -0.429460547 -0.525647715 0.024465941 -0.036261012 0.278975782 -1.182258066 -0.579913138 -1.275689026 -1.644293657 -0.934973764 0.803469522 -0.375919421 -1.149266190 1.183013858 0.553388613 -2.076586807 -0.778417594 -0.904556805 0.025396934 1.252778644 -0.638631433 -0.087754276 -1.006989073
25.362867825 19.512270322 33.014581363 0.923524721 -0.265876417 0.064667534 0.268756266 0.027771819 0.432520075 -1.406401427 1.099905049 -2.374309633 -0.676905805 -1.443562235 -0.155836856 -1.702283701 1.396757985 -0.253322924 2.213112892 1.324003598 -0.265821594 1.215060211 -0.263950251 -2.674582415 -0.858196983 -0.646271858 0.218893489
20.486509651 31.287798604 23.093516346 0.071773955 0.971514378 -0.224141867 -0.027726101 -0.655675098 -1.449095531 0.114131570 1.008517608 -0.177945605 0.602674159 0.046480470 -0.595971947 -0.303150139 1.150319633 -0.051577073 -1.232650963 -3.360505880 0.210725920 -0.446074750 -0.436641002 0.741320650 -0.250854848 0.283166862 0.089568172
18.257027232 27.222550825 33.477209608 0.212499767 -0.655147308 0.132136659 0.712857459 0.741942611 -0.416396888 -1.340611504 -1.170218614 -0.161631112 -0.395864983 -0.667053043 1.035484652 1.662697959 0.531834967 -0.760989573 -0.993911803 -0.053701597 -1.031066435 2.995024207 0.180079081 0.831807074 0.322489132 -1.156559458 0.426045571
10.574441393 22.574246485 33.521558762 0.284129417 0.699823297 -0.632801214 -0.170529910 0.457928939 0.482842652 1.212958638 0.387097204 -0.558302253 0.655388126 0.103306988 -0.730508535 -2.007737506 1.073009066 -0.476822734 -1.190032168 0.628161014 0.737989262 -0.305682819 -0.117903324 0.098405711 -0.291116807 -1.770705961 -0.073912125
20.260471212 29.755216898 32.757145246 -0.548298013 -0.701221600 -0.077069733 -0.449130062 1.688036600 -1.480911370 0.663235372 0.673357133 -0.025077937 2.003505546 2.107264789 2.201152563 -2.176237220 0.383491552 -0.519466310 0.316964038 -0.211025292 1.404938377 -0.931829419 0.772199307 -0.480007440 1.177420335 0.212805529 -0.011468864
12.459255332 29.060132860 35.350098780 -0.185611765 0.626569855 0.581730941 0.484301147 -0.688764335 -0.272459951 -0.901163384 0.675599017 0.426921516 -1.052798916 0.226117646 0.446284028 0.804417317 -1.617861655 -0.430098343 -0.547873188 0.510463928 0.427208627 -0.050133847 0.547908691 -0.701332400 0.224584346 -0.314288511 -0.742147148
10.472688890 20.714173784 26.462981462 -0.941798787 0.040798492 -0.023857525 0.332838317 0.664966658 -1.058456585 -0.841013654 -1.391883507 -1.375561262 -2.247700501 -0.231750559 -1.673709923 -1.107630698 -1.193026887 0.287783798 -0.657721124 -0.266675965 1.069978882 -1.981139198 1.938567716 -0.094936307 -1.002282079 1.130428814 -0.541238418
18.841146376 28.736374983 35.598517830 -0.275935500 0.802713386 -0.445167126 -0.285196512 -1.083380904 -1.521979235 0.299635667 1.047567935 1.087454708 -1.125505241 1.130746813 -1.853581999 3.355558190 -0.259294505 0.556569834 -1.203715134 0.162684083 1.422000019 -1.170432410 0.935793926 -0.666896750 -1.970389811 -1.312416593 1.422262935
18.665586171 23.141219488 24.876832561 0.473658354 0.375578858 0.713937733 -0.353385340 -1.649258914 -0.794720692 0.776139103 -0.844103379 -0.729641220 -0.932747124 -0.336486891 -0.979494668 -2.208047064 0.642204858 1.577382387 1.485146291 -0.482063560 1.725997778 0.269250697 0.016604988 0.309302218 0.269892226 0.616907809 1.406449264
19.042531282 24.653251423 34.813327404 -0.138547356 -0.217720986 -0.528762935 0.808586397 -0.596656720 0.719421536 -0.320760586 -0.584053193 0.478286696 -2.439025646 0.763053232 2.154037303 -0.949584656 -0.077728481 -0.098754309 -0.132403977 -2.024822899 -2.357350198 1.041116690 -0.707035076 0.845723850 0.342868698 0.053257736 -0.102387971
15.260400777 23.542112558 21.332992434 0.724454755 0.634002504 0.061895423 0.263391515 -2.538500075 -1.387952373 -0.358242362 0.324296276 0.846963213 -0.063417416 -0.962017104 0.770355196 -0.153185480 1.124952099 1.487214803 0.973836341 -0.237312189 -0.185962231 1.218560343 1.575856137 -0.213214774 -0.396611492 -0.340289434 -0.790265761
22.903389859 32.584707517 32.271778909 -0.905581092 -0.192301843 -0.182725553 -0.330989817 1.516982727 -1.046363664 -0.092272542 -1.052458856 -0.163339449 1.774200463 1.509598005 0.737337150 -0.101704867 0.554988972 -1.488051590 -0.188630870 1.265638551 -0.229819501 -0.431364569 0.118396464 -0.748199945 -0.851414070 0.951319436 -0.384070310
16.744696396 18.294881272 26.850942578 0.668023806 0.054275896 0.381857611 0.636382815 1.430175035 -2.054565580 1.026261484 1.115514514 -0.882786468 0.556951657 -0.273953011 -0.728845722 1.103991469 0.639886932 -0.377698881 -0.354115421 0.658159719 0.616671888 -1.143306271 -0.015626692 -0.934324147 0.551753613 -1.089797495 -0.626828321
15.252834521 24.742548698 24.614856054 0.870769592 -0.099420808 -0.384839809 0.289437631 0.867292783 0.424717885 -0.149049688 -0.079657158 1.380116014 -0.972772784 -0.347975024 1.606510359 0.395963205 0.171252422 0.473244702 -1.605027528 0.327000323 -1.148073532 -0.222048591 1.068875404 -1.408250817 0.326761979 -0.458263753 -0.459843971
19.014666963 20.958086555 22.075327208 -0.574252399 0.241138739 0.041341580 0.781266385 1.231873928 -0.340362352 1.687271489 1.673318054 0.738141407 -1.177753445 0.387249584 0.355101432 0.281285909 0.017199463 -0.289634354 -1.060014642 -1.300128790 -0.672080300 -0.716056727 -0.129141762 -0.541922965 0.387324440 -1.069139583 0.247434519
21.333017888 30.571943797 29.536348648 0.416087485 -0.155207896 0.826881291 0.345034846 -1.388110687 -1.302849140 0.069343469 -0.256023010 1.560413661 1.767772760 -0.352180160 1.531320215 0.900840959 0.511303006 -0.662470701 0.528988745 -0.174929716 -0.027878203 0.647318840 1.862770118 -0.666434932 0.421443049 1.743637670 -0.183946022
16.085982139 23.018626668 32.384231881 -0.496660465 0.182279811 -0.058440606 -0.846573770 -0.401187013 0.199516159 -0.857548244 1.025821813 0.564329249 -0.903983405 -0.647303507 -0.986609033 0.734905840 0.249112606 -0.488175412 -0.821783157 -0.205687753 -0.619395605 0.469463950 -0.418474060 -0.730867177 0.906250894 0.018689022 -0.497465653
10.995624243 30.581778174 31.756059858 0.010565084 -0.277310730 -0.652051364 -0.705560881 -1.381741630 0.391025209 1.973261184 -0.758339997 0.244077584 0.075410757 0.333644744 1.022635498 -1.016384386 0.677388238 0.221356050 -0.851950816 0.229193227 -0.278594685 1.486127340 0.171462552 -0.262564087 -0.054390203 -1.174330368 -1.069487322
15.820379000 26.078673304 24.489384668 0.836095308 -0.265463583 -0.386422075 0.284871377 0.268595032 -0.515167296 -0.544123777 -0.406009863 0.113988091 -0.033278440 -0.137597979 -0.242171644 -0.536236841 0.208968022 0.257114674 -0.676311599 1.335140496 -2.075632232 0.406693358 -1.202164782 -0.049705292 -0.900182639 0.467500574 0.533172184
15.962867373 29.786002154 35.624907813 -0.087893847 -0.709497174 -0.075369600 -0.695131538 -0.136864403 -0.670340772 -0.018573962 0.566112725 1.463325309 -1.050672606 0.260920977 -0.037133360 1.002465260 -1.928564641 -0.059168100 -0.909142270 0.345636230 -1.399582461 -1.662051862 -0.241480777 -0.808837549 -0.324133660 -1.136655998 -0.098701510
15.942020227 18.591002462 23.036533714 -0.023470543 0.308194250 -0.656462081 -0.688130056 -0.594752118 -0.110991806 -0.256021305 -0.658346660 -1.191265096 -1.814854720 0.479157746 2.757610651 -0.549639221 -0.867806698 2.152439777 1.330642371 -1.243610299 0.802927731 -0.275046602 0.974127402 -2.526946620 1.611165455 -0.294284149 0.741736803
15.473158709 29.944842386 22.087453938 0.781497663 0.300298951 0.477097807 0.267319333 -1.064737524 -1.282029469 1.190549234 -0.089485458 -1.361676963 -2.505473596 0.826205003 0.510442560 -0.644612172 -0.363341366 0.562845628 -0.838966606 -0.057091289 -0.240216853 -0.583408290 -0.018566329 -1.784082346 1.092388534 1.300630746 -0.888609745
18.513873535 19.492289637 24.449569457 -0.257443325 -0.518768507 -0.655695985 0.484422281 1.586123020 -0.053818299 -0.826382475 -0.942051487 -0.903126890 1.331081382 -1.144721570 0.680504471 0.673418492 1.814130028 -0.427650586 0.976886115 1.393832628 -0.036576084 -0.654343370 -0.529353535 0.827809529 1.001979784 1.625538049 0.057483973
15.162625158 19.737726563 23.076412822 0.656986984 -0.408353305 0.278124920 0.569440260 -0.565734719 -0.406754600 0.102654535 0.492345508 0.627988123 -0.327158592 0.564939084 0.867186773 1.399673091 0.190982176 -1.090786125 -0.537147007 0.658751144 1.981043366 1.375365384 1.481600102 0.331602845 -0.167558846 1.369877981 0.103733362
20.704159035 22.602818262 37.397864589 0.702384411 0.029953356 -0.707554012 -0.071597869 -0.861474227 0.120133636 -0.370356518 -1.861578500 1.093736205 0.118910487 0.804871749 0.339636814 0.230060449 -0.027694761 0.170065841 0.256746882 0.370694718 1.180144116 0.581061599 -0.091899321 1.610357403 1.495138329 0.350818760 -0.834307294
19.338414580 19.751190446 36.378979292 0.366969970 0.020345390 0.926761032 0.077673007 0.049451146 -0.676138205 -1.191357449 0.759482505 0.721423753 -0.816955660 2.307854518 -0.012696660 0.869563863 -1.411516613 1.994796208 -0.900824206 0.657965810 0.160799617 -0.425879321 0.720240944 -1.839068589 -0.053939738 -0.738953181 -1.242772102
16.774099666 25.245701694 35.673070904 0.405946511 0.037321969 -0.515522657 -0.753691509 -0.334026890 -0.987306001 -0.963274364 0.023149424 -0.125440323 -1.541519758 -1.464651796 -0.001586737 -0.307866738 1.381153440 -0.086458381 -1.127447393 -0.261228332 0.097192152 -0.729227281 0.305978114 -0.023443140 1.082640652 -0.098295544 0.685978914
18.027281680 26.544444243 30.156216499 -0.508055207 -0.250814155 0.821966920 -0.057814774 1.095037418 -1.182194979 0.169894825 -1.395772198 -1.430939326 -0.890632251 -0.211023850 -0.426991023 -0.070184059 -2.084983271 -0.237808467 1.464774479 -1.220289634 -0.138729806 -0.399548952 -1.172128507 0.899880338 1.036195282 1.064332333 -1.835583148
23.017126796 24.039094096 33.337593510 0.468616873 0.134029808 0.691304763 0.533415374 0.776815170 -1.562861788 1.221124742 -0.515473009 0.548828602 0.548490312 0.484721227 0.177975976 -0.054898389 0.570794594 -0.148008182 1.107558166 0.002919737 0.687723058 0.663236480 1.906753585 0.831139713 -0.339354751 0.624390427 0.889918894
20.706991292 25.485622348 37.145769416 -0.591469839 -0.014854549 0.267282004 -0.760593914 0.834638721 -1.116417596 0.499037142 -0.014168697 0.805197094 0.971955367 0.418463103 0.793910777 -0.638793598 0.649038613 -0.401032654 -0.899088120 -0.055435830 0.604172995 1.808425210 0.399350176 1.418385649 -0.303643984 -0.033301628 1.412736104
21.293271439 19.884514049 33.506130580 -0.630174890 0.232333210 -0.135351623 -0.728409793 -0.874120251 -1.771606465 0.873296657 -0.763941449 -0.750031321 -1.199532737 -0.833203163 0.366677139 -0.187277442 -0.750283573 -0.568390473 0.213778936 0.883333808 1.223791222 0.380526392 1.622535108 0.600877781 1.836357108 0.740144034 0.789838256
15.546114660 26.547865167 21.040361534 0.407167931 -0.626070453 0.199108982 0.634512157 1.242902074 0.476494813 -0.782432650 -1.168678106 0.673326114 -1.086042762 0.168116866 0.294981109 1.303484481 -1.990534232 0.115394098 0.713504077 0.714554494 -1.879073326 0.192890802 1.672462119 0.403906174 -0.009939364 1.949519230 -0.407922048
9.334036234 26.679329261 31.462917511 -0.414166122 0.424736282 -0.759466450 -0.266976078 -0.134956248 -0.988820259 -1.734162122 1.156027428 -0.035600693 -1.074411710 -0.688835843 -0.317967675 1.384428796 0.708650535 0.809230166 -1.242482755 -1.037562702 -0.479240931 0.677309697 -0.427864603 -1.454852769 0.263831412 -0.242834760 0.789697603
20.287637003 33.069812834 30.195390994 -0.208487183 0.838269541 0.210176645 0.457889778 2.301549926 0.214378328 0.616409208 1.360703518 0.706801142 0.957829525 0.013453446 1.580990861 0.504542294 0.972184088 -1.623633050 -2.209692695 -1.754226411 1.372449920 1.141453379 2.329315949 0.080166857 -1.155251844 0.987931040 0.615187239
14.473242625 17.521362141 28.448242299 -0.726383163 0.462612183 -0.410806351 0.299325260 -1.169412458 0.079393253 -0.641183690 1.203443337 0.593107089 -0.367439571 0.507295324 3.586417623 0.194939160 0.442448953 -1.104472332 -0.074443061 0.739489362 1.183731755 -1.465016781 0.322819197 0.303172160 1.039079884 1.754360399 0.066425045
14.077660371 30.772151197 23.471090366 0.473609990 -0.061729361 0.872670451 -0.101633394 1.961728164 1.212649132 -0.731583694 -1.212016195 -0.679364357 0.567041622 -0.350102735 1.109755343 0.881060157 0.892154959 -0.020531230 -1.077895151 -0.543157766 -1.307834133 -1.087832994 0.222971483 -0.396837391 0.814634807 1.332316639 -0.071374237
16.562510515 17.688134969 35.509075229 -0.110135685 0.103952070 -0.637796172 -0.755168949 2.429172650 1.893711766 -0.131649835 -0.414475310 1.551908739 0.500517023 -0.700419544 -1.412757646 -0.883589840 0.250998958 -0.504520930 0.391845043 -0.819457530 -0.223014450 -1.425742893 -0.468451132 -0.696451704 -0.211453228 0.727960344 1.450148247
15.353037174 19.475345055 25.501391864 -0.819515613 -0.367016415 0.326571535 -0.295032445 -0.866049458 0.382485865 -0.075436962 -1.646174787 -1.075533838 0.353557219 -0.432390255 -0.112153589 0.900014670 -1.819568637 -1.178447173 0.825342183 -0.308128524 -0.172165948 1.232217469 -0.001914941 0.906498964 1.324821160 -1.041910966 -0.751633583
15.632374661 20.626344689 33.973472660 0.049917400 -0.808559392 0.495127928 -0.313987734 -1.815093288 1.694114559 -1.068416708 0.572601776 -0.740168235 -0.300282269 -0.958272298 -1.076560113 1.103616300 -0.192498537 -0.057704654 0.975749937 1.154124187 -1.647651298 0.920250612 -0.853370369 0.369764602 1.084915342 0.871755922 0.579488727
16.900057820 18.761997312 28.462105173 0.622431086 0.588797945 0.388820884 0.338695798 0.024209560 0.981953707 -0.292254925 -1.496276346 0.483519315 -0.017355631 0.022365015 0.804939460 -0.592053943 0.100756008 0.691344274 -0.223383014 -0.153394418 0.039769409 0.810389283 -1.424754734 2.014517531 0.403491676 -1.919266832 -0.167914554
16.780920054 18.636691220 34.442571537 -0.686968198 -0.307180876 -0.657935534 0.028903930 1.419917442 -0.578569707 0.245529115 -1.132695678 0.207037016 -1.263626724 0.411646361 -0.443787852 0.563538466 0.871651619 2.065831045 0.337721603 0.219095456 0.867391452 0.904895463 0.141316254 -0.219109187 -1.040538709 1.503396707 -0.677669286
19.204582246 27.088891031 30.443054134 0.328211767 -0.196121439 0.046233496 -0.922862872 0.653755823 -1.061488676 -1.627545282 0.689607450 -0.233277260 0.130067642 0.824720826 -0.251746219 -0.528556253 0.179221692 0.331357349 -0.886829977 -0.685923515 0.671182967 0.663215905 0.428943097 1.013425724 -0.850304895 0.506492904 -0.101464043
18.266477880 29.130997755 32.574820744 0.328439332 -0.944476140 -0.004391707 -0.008552154 1.120158207 0.609952949 -0.019868286 0.343406353 0.962490290 1.307920705 -1.501295093 -0.318908865 -0.802624897 1.240127257 -1.294061913 0.621412961 0.246558548 0.642824721 2.016445317 0.622654531 -0.076676516 0.545898030 0.148592500 0.063846505
14.843664963 27.308751972 25.071972734 0.426711756 -0.020128111 -0.737760467 0.522705872 0.815349640 0.844976429 -0.240517398 -0.041224154 -0.042233263 -0.747157416 -0.042731247 -1.274001062 -0.408654447 -1.375382576 -0.744965055 1.680655506 0.404598449 -0.236069696 0.539041279 0.869103201 -0.607817487 0.177728473 1.042070583 0.297629236
24.634596035 25.877817569 34.534965243 -0.777905931 -0.531052332 0.333507458 0.040231322 0.171208151 1.368314753 -0.457119994 2.424712947 -1.224726574 0.029642438 -0.596057738 1.206261821 0.518560966 -1.369371626 0.283922817 0.959913293 0.403570001 -1.851954571 2.595046295 -1.221516857 -1.262568480 -1.197188104 -1.508014819 -1.740132711
18.906314415 21.729855193 22.954072375 -0.986862540 -0.103338333 0.063487541 -0.106737283 0.613343698 1.055388049 -0.982650187 0.202037043 0.234982446 0.002942928 0.582017121 -0.412327355 -0.399124908 -0.452997403 0.512329710 0.681044508 -0.446400867 -0.093667924 0.224658121 -0.292696856 2.216938796 -1.178351089 -0.183087547 -2.347535313
18.562599962 19.462463052 28.435875599 0.207143035 0.076919885 0.810290209 0.542775158 -0.268317188 -0.464671261 -0.612388259 -0.744548372 0.261189798 0.159714529 -0.224644992 1.254087100 -0.089752667 0.888247067 0.036081946 0.208807684 -0.680248122 0.123372884 -0.988532093 0.453236880 -0.476079065 -0.406064486 0.752345899 0.356598412
14.199147625 18.669935365 23.925399839 0.294834208 0.266767827 -0.917417024 -0.015928614 0.347480881 0.431766567 0.275633868 0.368005781 -0.418123438 1.486903313 1.569945915 0.145595412 0.626381433 0.563172526 -0.111687890 1.444692397 0.508477619 1.579549148 -0.122796329 0.110218382 -0.575042585 0.603153916 0.271624109 -1.152050122
13.224711379 29.848410822 26.109277543 -0.625627519 -0.082373032 -0.774424408 0.045516223 1.019859862 -1.675503001 -0.496640459 -0.212363172 -1.693253465 -0.696854701 -0.346888474 1.934347670 -1.035588969 -1.610687649 -0.451296884 0.313189035 -2.397710106 -0.160838165 0.591507901 -0.767066520 0.076246080 -0.054748105 1.392041014 -1.024837171
14.301386409 16.183552260 31.329595829 -0.220032804 -0.721651337 -0.085700656 -0.650738281 -0.334931876 1.658085276 1.156287983 -3.126961271 1.429547800 -0.351765982 0.935029384 -1.450232712 0.056670134 -0.790576298 0.319081042 -1.192347118 -0.480489866 0.972119353 0.168099618 0.270634719 -1.125999859 -2.241798219 0.303241410 -0.035810128
24.025523192 21.860644991 29.637408968 0.115590630 0.647042809 -0.578159491 -0.483431498 -0.886058363 -0.875613791 -0.509097146 0.454240017 -0.110704503 0.092336090 0.249407184 1.185768365 1.629263087 -1.225254464 -0.341740869 -0.169495203 0.337176241 0.251190743 -1.240401252 -1.388587139 -0.247088004 -0.094270232 1.578076614 1.064291133
20.417722876 18.932218701 31.967866220 -0.466158196 0.418258908 -0.506404299 -0.592714693 -1.277411074 0.722569462 1.714468977 0.669454693 -0.298548998 -0.627006447 0.184481121 -0.365855360 -1.082079913 1.011474646 -0.781311232 0.526026076 1.552428658 -0.070730599 0.174214563 -1.123958038 -2.145462814 0.837716067 0.926647018 -1.513704359
27.261986033 27.519365361 30.924552498 -0.595204374 0.178454810 -0.188236591 0.760560727 -0.543616539 -0.307994462 -0.557869860 0.826729916 0.823722318 0.569916276 0.790564823 0.244850757 1.966458630 -0.583666728 -0.770589726 0.780220281 0.964979317 0.581646766 -0.570048477 -1.635358528 -1.245401336 1.323968936 0.915403571 -0.662283947
14.290167235 30.169323493 23.997597048 -0.031755190 -0.569159426 -0.098627748 -0.815672559 0.762376625 -0.501747197 -1.124136053 -0.956869176 -1.305498426 0.989032892 1.391224496 0.513838406 0.285714478 0.609524601 -0.650416702 -1.205170213 0.861271185 1.465852198 -0.254588035 0.520852391 1.113432457 -0.227565100 0.930823621 0.059587153
13.988555172 16.698042393 27.527264876 0.010246559 0.720078625 0.237604421 0.651863422 1.051816071 -1.369604697 -1.059062259 0.149383203 2.076824429 1.142889407 -1.581347885 -0.460993802 0.267455088 1.755065988 0.977999169 -1.708619115 -0.220504754 -0.433090737 0.602388305 -1.592885807 0.070974190 0.636584472 -0.798729853 -1.658063598
17.595103032 28.209704731 24.342418314 -0.272582853 -0.317091977 -0.212605419 0.883147894 0.234978770 0.696286301 0.686655785 -1.029627457 0.106920933 -0.266278527 0.407192462 -0.032941608 0.763153857 0.110495002 0.859082392 0.562660360 -1.376279736 0.479320772 0.469250452 -0.733992119 -2.972092537 0.342432757 -2.537671282 1.626857546
17.384952069 32.486216892 29.212665672 -0.764851473 -0.311096598 -0.505994730 0.249380159 -0.781867698 -0.289367132 1.230031746 0.682319232 1.074746241 -0.474876794 -0.152710212 -1.291076569 0.341207324 -0.038400638 1.646760018 0.890161426 1.266127958 1.911779227 0.612064700 0.183590177 0.511956134 0.539427249 0.938601285 -0.969245033
23.719550886 22.173140294 30.158644074 0.868745684 -0.066741324 -0.488957498 -0.041798295 -1.232980627 -2.274439642 -0.322613163 -0.002446343 1.598607112 1.351221626 0.868667868 0.114129212 0.075534500 -0.325930764 0.863504746 0.009544240 0.358551224 -0.231756583 -0.402372828 0.218337104 -0.830662955 -1.531591426 -2.195236650 0.330499149
21.611553230 19.686624744 31.844526310 -0.352175013 0.433729818 -0.817840525 -0.137797247 -0.602371012 -0.453714010 -2.826637449 0.336349187 -0.550082997 -0.419097440 -1.159982633 1.187289503 -0.078781558 0.718121513 -1.928756761 -0.605817378 -1.627026374 -0.709625738 -0.418983981 -1.081122087 1.675357332 -0.400939312 -0.285039770 -1.049469420
21.156425351 26.408304636 38.256630388 -0.337391480 0.584152159 -0.086767940 -0.733078828 0.339869443 1.767582480 -1.799410732 1.584748057 -0.423862984 1.137893805 0.821395270 0.381354587 -1.908524926 -0.553961978 -1.967071329 0.269322700 -0.744128036 -1.272821508 -0.467003194 0.164618840 1.493262555 1.615160686 0.509697871 -0.831645747
14.535434722 24.778914786 36.254562044 -0.385311945 -0.429056482 -0.816960019 -0.004644205 -0.996282611 0.756484190 -1.713850793 1.531721032 -1.047934130 0.849419634 0.238334069 -1.615580004 -2.440632558 -0.615936304 1.006388900 -0.060578203 -1.441674939 1.058482790 1.182075213 -1.784066281 -1.033082942 0.504142657 0.589972035 0.215312340
19.624400292 24.136377509 26.705518531 -0.084570115 0.164512548 0.890853664 -0.414925615 -1.427058841 -2.001960253 0.006760185 -1.260252614 -1.070177409 0.714821819 1.354642178 -2.723364278 -1.463954901 -0.006175783 -1.199213131 1.267111607 -1.326142065 -0.132104758 -0.246911577 -1.148242607 0.757079504 -0.058312063 1.458981576 0.093733809
19.151162058 21.278062988 25.853696663 -0.360780891 0.141829734 -0.325473645 -0.862431668 2.012810133 -0.629693392 -0.682535791 2.407691960 0.356906692 0.185752151 -0.377861173 -0.420403347 1.429649797 -0.446082792 -0.131790260 -1.435472065 -0.828142398 -0.111105320 0.330852209 -0.769597524 0.388504715 0.163164100 0.670101952 -1.115798954
21.010123656 28.169663802 24.008851424 -0.062660242 -0.555691229 -0.816271898 0.144848684 1.839013265 0.294695402 1.825553966 1.586371971 0.352126677 0.852199361 1.664757655 -0.608327983 0.778722964 0.180506179 2.424452174 1.315507145 -0.428245714 -1.243665448 -0.237572839 -0.603236290 0.323879092 -0.743704218 0.265633090 0.705740154
19.283658421 25.165636957 37.122167705 0.534322738 -0.195729262 0.735873132 0.366987739 0.651362359 1.275807312 -1.660722647 -1.280816740 -0.821811885 -0.883785826 0.381937802 -0.606295707 -0.939371086 -0.682475776 0.744817148 1.176688772 0.882100506 -1.751647083 0.048379957 -1.570533145 1.141966114 0.608930129 0.154111954 -1.225487462
15.269328680 28.348109552 37.377281469 -0.377321979 -0.635876509 0.520365680 -0.427210425 0.497133397 -0.729362581 0.091995322 -0.741346150 -1.065271897 -0.820435219 -0.597993822 1.037749325 1.643537787 0.113818384 -0.055264973 0.403686567 -0.917468038 -0.663921087 1.235630969 0.360104079 -1.387718381 0.939252050 -0.816405325 -0.234968936
23.375139083 26.140984015 27.531160962 0.147545593 0.703889349 -0.678517917 0.149611223 -0.286445565 -0.188738723 -0.019615231 0.901316729 1.306961354 -1.326683737 0.674040547 0.632015133 0.289232332 0.741783352 1.055304879 -0.611072529 0.159531098 -1.411891923 0.487479319 0.027483918 0.850085177 -0.027963462 0.585632900 -0.822376840
16.985522199 28.495823442 32.081908447 0.970942576 -0.167516970 0.112479430 -0.128673842 -1.218838987 -0.559828560 0.760437910 -0.102360827 0.930567652 0.657842156 1.390695237 -0.075967188 -0.237668955 -0.496959100 0.093949178 0.917339429 -0.108976136 0.505442356 1.238685435 0.219075635 -1.129673652 0.517562857 -0.145356237 -1.065884470
18.001675102 28.073203105 21.357290163 -0.162029464 -0.905218579 0.362428676 -0.151562636 0.197299423 -0.277055083 0.086627260 -0.021555818 0.863938527 -0.739849599 -0.902208374 -0.165907249 -0.446503423 -0.553069910 1.790869552 0.260872711 1.130175459 0.391017895 0.302247894 -0.648904484 -0.067993537 0.864255934 -0.075635993 -1.917940113
14.603178919 24.222482861 26.351248827 0.394786393 0.481812480 0.152390422 0.767318446 1.212564790 0.767257083 -2.273718681 -0.054580048 -1.427166630 -1.440817216 -0.245096468 -0.933440754 1.838820115 1.016743167 0.509161350 1.013140598 -0.389942579 1.394681105 0.592778802 -0.308397354 -0.762220801 -0.592631557 -1.243864471 0.131712827
17.951589286 27.064615678 33.563948461 0.531052008 -0.014481551 0.815793833 0.228592371 -0.823720601 0.651331923 -1.602810298 -0.583372477 -0.953727326 -0.948570701 0.539856672 0.507546696 0.543191846 -0.284829397 1.047372522 -0.995037250 0.526716549 0.165746777 0.852668063 -0.865690299 1.433495796 1.446666654 -0.956865020 1.090273519
16.541602274 28.868606360 30.245883735 -0.698829325 0.339236504 -0.541514721 0.321431137 1.722986813 0.255668147 -1.542718484 0.889852486 -0.726966469 1.784955777 0.058125521 0.202720692 -0.023592914 -0.115722715 0.198135840 1.307239417 0.552043642 -0.522552244 1.353647356 -1.117753823 -0.079206423 -0.728150718 1.128343362 1.001776114
21.784478249 28.589269700 30.654661074 0.496236368 0.204345994 -0.309175036 0.785113354 1.812805514 -1.348257371 0.486003380 -0.989750032 -1.693084839 -1.734398748 1.962753920 0.379215378 0.973345364 1.412337547 -0.251192214 -0.468596907 -1.637988668 0.085612907 -1.999159265 1.028039173 0.093061489 1.034140292 0.494771304 -1.071554574
21.647794781 21.405235937 21.242321327 0.318363251 0.430992992 0.528284095 0.658639352 -0.286109717 -0.806872846 1.329500415 -0.919387901 0.912983727 0.757191560 -1.049892829 -1.674205452 -1.058153951 -1.304208293 0.471213910 0.089821991 -0.780960074 0.972013365 -1.070598933 -1.499207545 -1.590437690 1.471201014 0.310226483 -0.783074405
17.585804173 20.383237180 21.482428646 -0.379802735 0.534797314 -0.195429997 0.729073955 -0.173403011 0.034533840 -1.452305086 -0.993831656 2.725929168 -2.481331992 -0.914294910 0.568115701 1.035969381 -0.383421969 -0.741088373 0.731054447 -0.638592728 -0.786818987 -2.407448735 0.583023508 -0.364101816 0.963185373 0.116881160 0.994954128
14.664507282 31.286363329 30.030257624 -0.234074199 0.455383907 0.512542991 0.689299971 -0.349164265 -0.842641219 -0.782529683 -0.065367039 -1.336053381 1.070254665 0.608290680 2.783670302 1.198282574 0.306703490 -0.132073298 0.691342770 -0.621749573 -1.128864662 -0.001739433 -0.767576955 -1.012254790 0.195512962 0.214768082 0.825370155
19.544124949 31.578613207 31.728685594 0.339907489 -0.483083029 0.798038343 -0.119283231 -0.314599425 -2.192135273 0.049655380 -0.501308752 -0.518420916 0.108083664 -1.208459606 1.161222481 0.366422550 -0.790444697 0.637266268 0.522685031 -0.987216994 -0.536464562 0.696325370 -0.543151503 -2.332123212 0.514812780 0.530314314 1.474362030
15.602968976 29.017858644 29.564708447 0.358866617 0.759136168 -0.442350771 0.315044164 0.076367795 -0.384766235 -0.564430219 0.136554097 -0.226201590 0.054257685 0.556484864 1.654577903 -0.500825818 -0.375930928 -1.127968808 0.235209352 1.165344543 -0.156649233 -0.624518327 -1.774109615 0.743278324 0.836581468 1.366389300 0.719068916
18.446240039 20.273811071 33.860536996 -0.168169395 0.751071928 -0.622408236 -0.142190020 0.489951927 -1.775597314 -0.430872185 -1.287161403 0.112750539 -1.758630785 -1.015966076 0.035707016 2.554419181 0.080540408 -1.296360473 -1.163932052 1.962366877 1.610176869 -0.344307870 -0.826461173 -0.533803154 2.193685135 -0.353082005 0.125679151
18.291334201 33.789752214 31.215364289 0.054330168 0.863349306 0.455429296 -0.210381477 -0.572022984 1.249238075 -0.067311712 -0.602629181 0.328353654 0.706171565 0.424248723 -1.166040754 -0.314220245 -1.553134628 -1.801415857 -1.103366796 0.153495420 -0.520212491 -0.885695616 -1.486038156 -1.017148122 -1.059116412 -0.071858826 -2.740851825
24.948372944 21.046602639 30.999224869 0.221916561 0.421017551 -0.483778314 0.734476552 0.513990573 2.671769670 -0.415454150 -0.623658416 -0.756179608 1.191583928 -0.228344625 -0.202115135 1.246139975 0.546984633 -0.103927366 0.528690182 -0.076900108 -1.089407987 0.492201898 -0.396672863 -0.554974139 1.065887751 2.206740158 -0.652102709
15.586720975 20.165732282 37.707815846 -0.718085311 0.211058066 -0.611720203 -0.256137406 -0.460112581 -0.101627726 -0.760914811 1.946614848 0.024468052 -0.237641730 -1.113312708 -0.868170981 -0.253404714 -0.410891409 0.345854194 -1.523684963 -0.221289797 -0.048759832 1.255977251 1.839551288 1.314221620 -0.063221347 -1.883563299 0.469444607
22.505276532 28.356677977 37.612617618 -0.304224657 0.383323912 0.477802824 -0.729530396 0.610107326 2.051142596 1.272274068 0.494455893 1.740419093 -3.005850828 1.077438490 -0.741873918 0.534818149 0.570771653 0.024714135 -0.872343621 -1.196764266 -0.728856593 0.172058804 0.249608567 0.719848390 -0.193694154 0.482217197 -0.233641743
16.179713889 25.866890588 35.888518464 0.937834247 -0.127133213 -0.309974716 -0.090662815 -0.799759657 1.333441533 0.749241236 -1.048207640 -0.305892328 -1.155854758 0.434620843 1.131912744 0.534832236 -1.078238400 0.691285155 -1.361169162 -0.219775249 0.573792751 2.162208467 2.691968376 1.943992217 -2.161996867 -0.416363728 -0.255532480
17.717345668 19.172756203 37.507388567 0.016806780 -0.745152361 -0.481201479 0.461422396 -1.095163575 -0.631267616 -1.040014402 0.337856395 -1.185967926 -1.454760390 -2.086213068 -0.217310180 -0.978471111 -0.847375192 -1.001875298 0.298791769 -0.331412412 -0.351439014 0.886519488 -0.655859605 -0.690441043 0.086057552 -0.480517567 -1.041986920
17.068347305 33.848836352 33.572791977 0.735221349 0.648989229 -0.106687722 -0.163952062 -1.029863570 -0.269144110 -1.445217700 -1.523974253 -1.768860528 -1.014131862 -0.574608758 1.119842391 0.181575244 -0.964900391 -0.886700224 -1.242354304 -0.464788830 0.549098241 1.067877156 0.337601227 2.136458377 2.249261482 -1.012571123 -1.656008960
27.029642036 24.541654489 25.803161409 0.334957391 -0.289419930 0.590886951 -0.674457012 -0.664820938 -0.864129425 0.351511998 0.319480818 0.981600555 1.006950818 0.016000361 0.784583849 -0.221967421 0.429410951 0.288460660 1.044963696 1.405239373 -1.138501642 0.425127237 0.152397614 0.016482433 2.047453583 -0.735449774 -0.956228220
20.823558245 24.653680140 39.173012001 -0.462608417 -0.576334876 0.666806696 -0.095918686 0.292150988 -0.937290112 -1.181300581 -0.015342482 -1.094855245 -0.176541762 1.682900044 0.247632914 -0.638304494 0.121669136 1.322871319 -0.795002951 -0.672889186 2.073689080 -0.285825556 0.111318774 -0.244395737 0.861312914 1.887211099 0.318465348
14.440147783 30.448976547 35.875184128 -0.631709382 0.475187608 0.429480495 0.436676653 0.399550927 1.123381759 1.046999438 -0.306179910 -1.930144934 0.829572593 -1.330051580 -0.665297826 0.019998066 -1.032704373 0.156062609 1.212670642 1.212323020 -0.050638176 0.237881030 -0.335886676 0.079293194 -1.565462804 1.083538440 1.068514302
14.191984866 30.436051756 32.358944206 -0.623282504 0.398920909 -0.040409853 -0.671377742 1.887094445 0.461200691 -1.277863912 0.475211029 -1.211879390 0.793563080 -0.655822636 0.318463890 -1.157478732 -0.529597930 -0.911810676 1.888454012 -0.469392348 1.094054274 -0.241349695 -0.534072447 0.188760131 1.059898544 -0.717638585 -0.622127221
22.853538615 31.429030100 28.738456595 0.024528413 0.074198552 -0.963487794 -0.256094127 0.416566961 -2.734222701 -0.770398710 1.945521002 -1.812345923 -0.957245232 -1.092190736 -0.393316330 0.129164748 1.645103494 -1.514790939 0.923962857 0.257675041 0.312744132 -1.877402273 0.229973031 -0.655639332 0.074234920 -1.460619463 -1.015518313
22.218393655 16.052316331 29.089744882 0.427798195 -0.487156456 -0.592575396 -0.478039425 0.062620874 1.221613274 0.348277912 -0.704185763 -0.289894642 0.927028018 -1.270745865 -0.363484374 -0.379494995 0.563730276 -1.980902129 0.299314489 -1.563065819 -0.696072934 1.327299857 -0.338240138 1.133321644 1.605910985 0.526582485 0.202648292
22.896325519 20.013920176 22.615574613 -0.548437842 0.233576629 -0.781350463 0.184795415 1.356800273 1.522279313 -0.514779213 -0.189586158 -1.817129240 0.343531421 0.429338273 -0.885257066 0.066991871 1.161572989 0.026596878 0.682340029 0.107429818 1.175232380 0.795585877 1.316237408 0.069324956 -0.279292228 0.711881244 -0.744878429
16.297322377 19.119367399 23.530534534 -0.829119797 -0.125614392 0.537828840 -0.086726729 -0.464037881 -0.922790592 -0.739383182 0.181106177 -0.703889752 0.893121981 0.936558997 1.581743057 0.962161405 0.643153992 -1.381424651 0.613946418 1.243209117 0.353468504 -0.146011020 0.020966942 -1.261819490 0.211042050 0.730679651 -0.366435281
11.197132902 29.353864842 33.334852976 0.467307379 -0.285225255 -0.776577504 0.311765534 0.788674761 -0.868867012 1.143541231 -0.878714459 1.327540273 -0.396657032 0.937511877 -1.056549381 -0.628892066 3.022887132 0.119623216 -0.182231748 0.817088417 0.034178739 -0.095443484 0.129575805 -1.569120651 -1.642120060 -1.077841276 -0.859245850
15.882595288 32.666815899 34.563891203 0.381017143 0.310991128 -0.021221525 0.870436730 0.489103372 0.257044536 -1.443465719 0.058938216 -1.179636366 -0.764084481 0.950007305 -0.265681942 -0.369517455 0.313851842 0.050829348 0.436170506 -0.697149064 0.845482814 -1.948681613 -0.121043269 0.292021766 -1.448775809 0.354640103 -0.145281750
22.109914434 32.604797972 30.026853702 -0.269443405 0.519576894 -0.075315041 -0.807321341 1.852316211 0.788951730 -0.371916683 1.279264841 0.281174157 -3.336793417 -0.987387162 0.147336107 0.453762930 1.181438165 -1.354476388 0.106491799 -1.021645364 1.000788407 -0.111053104 0.557480197 1.564743932 -0.043793292 -0.826494986 0.746484965
12.258687446 21.067458726 33.232374073 -0.792857366 -0.045374023 0.207094271 -0.571340842 0.826497119 -1.382217710 0.411894588 1.357334646 0.771427355 -0.087687837 -0.703785455 -0.154910579 0.228792937 -0.190382690 0.285303455 0.151674170 -0.517383900 -0.335126509 -0.522277097 1.146647418 -1.166845459 0.976765911 0.314593034 0.494730566
15.661264219 29.769872992 26.881033209 -0.383367049 0.105082299 0.811214668 -0.428856828 -0.892038050 0.436264684 -0.388004175 0.850260486 -1.996617669 1.119924640 0.061305792 0.032573391 -1.673722376 -0.297284108 -0.482237374 -1.697599724 1.119960352 0.982538863 -0.614105921 -1.991731169 -0.306664988 0.251177437 -0.075985266 -0.307249664
26.415945469 27.917269297 33.634131882 0.363541558 0.112303690 0.924399446 0.026666114 -1.106004768 0.743524706 1.322971263 0.017283148 0.236425788 0.608468200 0.251752285 -1.220273153 1.276919986 -0.292186239 0.671706491 -1.628403454 -1.560426602 -0.640509673 -0.242436166 1.841819852 -1.281633917 -0.863663015 0.780954976 1.919832713
23.251979028 28.017505559 25.733984231 -0.364041753 0.263826345 0.892532124 0.035435428 -0.117546259 -0.583731175 0.417834364 -0.064320290 2.037042178 -0.533872752 0.296431716 0.799606618 0.186291811 -0.120015350 -0.771083668 0.461942715 1.441545087 -0.104198791 1.662835308 -0.092293621 -0.553572452 2.076298597 0.305468072 2.291036854
18.710090864 29.356077400 30.177388723 0.542828404 -0.165059401 0.710275700 -0.416654711 1.110468662 0.691190784 -0.304983787 -2.183602803 -1.648331391 0.205418354 0.196052214 -0.513325286 -0.261415152 -0.180289541 1.549992653 -0.384743762 -0.897396358 1.226187910 -0.024151974 -1.299685335 -0.357474119 -0.344708495 -1.763902295 -0.491612340
17.002264114 28.230703356 26.238153408 0.489593453 -0.839184105 -0.236779449 -0.001944524 0.220074186 1.057512309 -0.509019005 0.034509976 0.321660134 -2.052057811 -0.424662101 1.925937496 0.070159132 2.086399088 -1.265235653 0.913008515 0.056101372 -0.382519816 0.383914471 -0.386909920 -0.261403238 1.879733757 0.208144752 0.120258485
10.554434514 20.058165908 26.606068740 0.388499341 -0.888749458 -0.242919979 -0.013511012 0.285668988 -0.461105610 -0.215558235 -2.027718713 0.940992038 0.500759646 0.056007609 1.163614009 0.740216867 -1.466432684 1.777709286 0.887222415 -1.040536935 -0.629808060 -1.062102862 2.307251695 0.082130230 0.750051204 1.382541369 -1.065795452
18.715742284 25.901287490 38.147613610 -0.814941052 -0.379720853 -0.296587901 -0.322053990 0.315801175 2.187788234 0.292859079 0.247600232 1.513258252 -0.153066110 1.054047071 0.847323556 0.338086232 -0.869387758 0.693408127 0.242965050 0.151660092 1.964696964 0.325200729 0.292235713 -1.286163608 0.882942542 0.504662747 0.584841579
19.142681066 25.489495772 21.050957814 -0.731601287 0.481401452 0.099668957 -0.472311653 1.076937235 -1.258444341 0.436616720 0.262737883 1.027609499 0.452087994 -0.607140537 1.447563587 -0.870009442 -0.429887166 0.453849750 0.115492120 -1.589951503 -0.204576848 0.318863269 1.401882711 -2.675527009 0.179398012 -0.538897546 -1.895920362
19.549468497 32.394766037 34.784123513 -0.201839515 0.734029364 -0.344654850 -0.549249249 1.153556253 -0.028202783 -1.432794145 -0.037534222 -0.057300939 -0.200314921 -0.273333091 -0.539207198 -0.820018514 -0.444704306 0.806097221 1.476304983 -1.453388579 1.236686826 -1.110753389 -1.145806129 -0.489540397 -1.263323435 -0.550582612 1.081289627
16.729004677 24.221234190 29.851170470 0.943494895 0.306622439 -0.062778310 0.108898795 1.667356229 0.569663281 -0.519888717 1.120461116 0.664902713 -0.798020712 1.270140990 0.922434951 -0.879417154 0.412552206 0.032738005 -0.419434435 -1.287732165 0.463591859 -0.958761168 1.496234265 0.900495979 0.204824586 -0.871089124 -0.323395182
21.043826038 22.013784896 21.932781552 -0.203503320 -0.736731898 0.437946414 -0.473302703 -1.391365409 1.032182292 0.208130595 -0.963421561 -0.340598937 -1.231435823 -0.248469322 0.135624250 0.470921519 1.642732599 0.133025551 -0.399315550 0.076543274 0.214966716 0.059198088 -0.538235198 -0.551400317 -1.576935953 -0.690202391 2.180779944
19.224608582 17.372350754 26.390234880 -0.149740475 0.338211016 -0.853981633 -0.365932328 -0.260011367 -0.252780840 0.624323999 -1.710609200 0.196221914 0.271595414 0.211007342 0.974637232 -1.416885277 0.041793016 -0.465818924 -0.340493150 0.110071895 0.482612012 0.675462524 -1.423248544 0.630776800 -0.187294246 -1.126799871 -0.768147712
13.627494329 31.153944573 30.168676232 -0.203443656 -0.336328158 0.240400218 -0.887525653 -0.198772637 1.791770924 -0.071889319 0.598958912 0.432721892 -0.749575960 0.291991050 0.139311176 0.506185730 -0.142246991 2.318838211 1.186613923 2.030958871 0.518529914 1.441599326 1.723709195 0.937422630 -0.023867390 -0.437301404 0.112376363
25.643914717 26.460340614 35.215858781 0.034649381 -0.253137344 0.583531689 -0.770851266 -0.229615156 0.118104641 -1.691018450 -1.227954069 0.985560871 0.385120946 2.031596995 2.716429821 0.033077872 1.847975819 0.086816853 1.514788334 -0.359745160 -0.140215367 0.069790948 -0.883206634 -0.370851448 -0.802850637 -1.137950626 0.402510576
22.146905069 19.440402994 34.808013312 0.191926505 0.927002832 0.036598580 0.320141392 0.665171189 -0.524794494 -0.705834546 -1.093283210 -0.254284784 -0.678760528 -1.028974435 0.094604521 -1.390228286 1.062291480 -0.079457442 0.528175017 1.164570394 1.957074218 -0.589864924 0.280790339 -0.475646476 0.639566861 0.421423998 -1.672960540
23.440522340 20.240361940 24.501805829 -0.405510627 -0.091972702 0.841254834 -0.345532136 0.290040003 1.135743513 0.323633635 1.395799922 -0.129289227 -1.906048767 -0.998955280 -0.845131100 0.782527948 -1.258989489 -0.596844991 0.200481441 -1.607675628 -1.350282120 1.166164227 1.021517002 0.364635672 -0.322195271 -0.815901784 0.157459380
17.323913832 22.247101017 22.895086979 -0.240113729 -0.823508250 0.453689196 0.241548487 0.566833482 -0.679138352 -0.275980127 -1.875051144 -0.028028416 -0.437895962 -0.513487610 0.802966279 0.500983473 0.645042852 0.129984303 0.074224788 0.239558862 -0.389742088 -0.553363430 -0.511518609 0.083588833 0.879631588 1.244538549 -1.082557458
16.541448074 28.054528513 31.443728619 0.083906520 -0.726985201 0.680790114 0.031257536 -0.138355853 1.259023441 1.058096250 1.699196673 -0.402492862 0.617573076 1.718517249 -1.310736434 -1.796076568 -0.279860590 0.363915943 0.758841887 0.138076431 0.887440543 -2.226448106 -0.157315722 0.250215538 0.756672287 0.138575360 -1.564811362
20.392968849 32.995009166 33.798749761 0.575594458 0.045972657 -0.785118364 -0.223979216 1.151108522 0.979916101 0.729130468 0.225200629 0.274137549 -1.254998141 -1.165801472 -0.415438207 -0.544571874 0.248488814 -0.003206573 0.663876302 0.546951710 -0.154755663 0.405169673 1.629943534 1.054278163 1.029135873 1.513990525 0.241059427
19.643729974 31.907528961 36.153503507 0.298097166 0.444256128 -0.789803307 0.299975512 0.904737290 0.029311670 -0.126632652 1.324830279 1.001704157 0.996168595 0.233082583 0.941772482 -0.828489159 -0.014662047 -1.292861357 2.100635635 0.925766033 -0.405138279 -1.124179562 1.950814274 -1.590621355 -0.098608315 1.467003358 -0.949742271
18.834845487 26.326221720 20.511462065 0.634341881 0.144140980 0.718582639 -0.245912072 1.435798398 1.467486945 -1.137888186 1.135470300 -1.246129026 0.014375660 0.801608971 -0.072432605 -0.104926190 0.843768566 0.613922173 -0.499127678 -0.255071515 1.523766236 -0.319973745 -0.816088320 -0.690888400 -1.311070813 0.048288534 1.536729487
10.380577515 27.364176067 33.490523983 -0.758487063 0.334469527 -0.211559274 -0.517754946 0.569912257 -0.675040687 -0.716379489 -2.110130488 -0.921677433 0.247060336 0.066646246 0.069234930 2.159943767 0.968644098 0.081666455 -1.222244658 -0.225107065 1.269934999 -1.713504773 0.410255025 1.279821555 1.233445628 -1.020639472 -0.263559165
24.521364095 17.753248854 29.858378929 0.810269631 0.576379322 -0.004955243 0.105950213 -2.189760160 -0.479150696 0.184058580 0.068993467 0.831018204 -0.820803642 0.777069916 0.293005273 0.165775061 -0.294282804 0.588466331 1.814539104 -1.492389849 -1.123986697 1.849793899 -1.076562015 -0.035399443 -1.004944771 -0.347404807 0.207479074
23.451543831 21.573571727 28.227217746 0.768389380 -0.271473735 -0.441046747 0.375975450 1.049799864 -1.029322051 -0.742673506 0.477833500 -1.422112166 -0.171187895 1.745336189 0.583475799 -0.894660465 0.585920024 1.286073216 -0.979894094 -0.297609167 -1.009204646 -0.194223864 -1.220096125 0.624310575 1.029288865 0.533459885 1.601182422
13.216596117 22.347655413 25.122438060 -0.624702151 -0.446883834 0.131801625 0.626634178 -0.837880331 -1.097984373 -0.923221476 -0.723643139 -1.304775839 -0.649901262 -0.559933454 -0.445338060 -0.065575452 0.200570063 1.191927577 0.151239261 1.010895272 0.713500819 0.073340583 0.648732332 1.497156543 -0.144501019 0.076027060 -0.156841059
17.668228929 19.193107751 29.708074083 0.682412892 -0.220837682 0.164003097 0.677234337 0.527603623 0.169352096 0.992602612 2.189136303 0.712912489 -0.576132421 -0.334029257 -1.050151934 -0.099522504 1.301789323 0.154040249 -1.782993092 -0.141672957 0.981247539 0.153658542 -0.477943834 0.391368467 -1.390668929 -0.308353710 -0.807973809
13.732037263 31.204257448 30.247465952 0.978820275 -0.068798490 0.192241537 0.014860328 -0.222040937 -0.897942790 -0.309226133 -0.547658061 0.761528534 -0.862635499 0.595815724 -1.884664388 -0.988081540 -0.477517526 0.564914151 -0.500409988 0.427417519 0.470775433 -0.612851409 0.346604068 0.765673931 -1.426556517 1.322766425 0.631958578
12.915940127 22.410291697 25.038844043 0.843585427 -0.311542798 -0.406584262 -0.161226392 -0.341677195 0.370303947 -0.608065274 0.332960174 -0.182837545 0.207783304 0.780262549 1.216506952 -0.029871974 1.608897970 -0.008531865 -0.777400202 0.103368521 0.139887089 1.037949048 -0.423786731 -1.146061189 -1.407663288 -0.543989902 0.156097718
16.370046733 24.673810627 38.257973250 -0.797656673 0.116586510 0.559090335 0.193828314 0.516150542 0.067211630 1.258188774 -0.589573869 -0.465687798 -0.741150077 -1.733796169 -1.167277976 -0.929674751 0.994006837 0.168341459 -0.254942193 2.091166277 0.477151208 -1.646655295 1.608533270 0.493997967 -0.451929417 -1.272810722 -1.244762767
11.247851125 24.411421272 26.714718049 0.179526512 -0.298361340 -0.696970168 -0.626883822 1.907312964 0.238176968 0.466568916 0.559403881 -0.564226485 0.054208657 -0.949583558 0.489479607 0.948584832 1.136688640 -0.414160277 0.342294429 -0.428621733 -1.661123967 -1.009208470 -0.625839258 0.822750460 -0.514897166 0.947861511 0.673212570
18.806842182 21.315144015 26.922183322 0.678659545 0.085560767 -0.591102221 0.427432733 1.160833407 -1.793516453 -1.529715633 0.905366352 -0.620490463 0.539332812 0.321298457 -1.313864611 0.701281861 0.232084424 0.360211023 1.360224584 0.447993705 -2.084483322 -1.851953335 1.687381282 1.933590152 1.478970799 -0.530842030 -0.935334631
15.417365555 16.046789281 31.187583483 -0.447665143 -0.550222509 0.546569429 -0.445098832 1.471355168 0.098619096 -0.041508665 0.946649023 -0.550731138 -1.378993018 0.859992208 0.355887561 -0.931890106 0.075480101 -1.687428883 0.660394962 0.712607986 -0.939131253 -1.100731878 -1.370886210 0.649246040 -0.484490945 -1.996291869 -0.721118151
16.266602440 32.533853131 29.371491668 0.419797719 -0.751016255 0.141806074 0.489525789 -0.742107023 -2.102263680 0.540047108 -0.359960486 -0.787021325 1.982896317 0.242842382 -1.039892896 1.589586113 0.203709201 -1.712900836 -0.276735977 -0.032090369 0.832736983 1.482731518 -0.916263498 1.752384626 -1.423309830 2.033836731 0.973452670
9.169235509 24.226345531 26.605563306 -0.531785438 0.273768251 -0.757565142 0.261438804 -0.991110931 -0.055454740 -1.944814413 0.471965586 0.672887527 -0.314106820 1.041437678 0.526651188 0.648288685 -0.828657425 -1.655913365 -0.246493355 0.074418595 -1.638957074 -0.432917876 0.470036005 0.582995588 -0.396176392 -0.516891047 -0.342154225
16.469479842 24.003078195 38.221234027 -0.743296309 -0.619972718 -0.216515826 -0.127535576 -1.338379104 0.703171393 1.284963367 -1.191602075 -0.264772356 -1.138943685 0.298398413 -0.020313629 0.894771473 -0.911555286 -0.193962259 0.545124524 -0.092144723 0.018021373 0.457815161 0.704650754 1.661299919 -2.195357569 -1.337113421 1.720864964
21.690493157 26.195017099 31.660741434 -0.541476623 -0.143113310 -0.503145997 0.658153290 1.128940413 -0.969118114 -0.317738762 -0.961123434 0.751503722 0.395858532 -0.100808704 -0.693253957 -0.499563542 0.012646176 -1.859486251 -0.978497241 0.275591216 -0.178587234 0.043603310 0.480119346 -0.938643345 3.894346273 -0.667161308 1.613752228
20.260692736 29.241125322 36.839523174 0.509282376 0.859930738 -0.032182443 -0.010718082 0.877396965 0.832559449 0.900597115 -0.980033260 0.967585133 -1.245585138 0.153129417 0.408961089 0.113365181 0.575615781 0.840798360 -1.528218470 0.209747762 -1.665913880 0.175623270 1.439369337 -0.649864401 -0.157434276 -1.663854971 0.417175191
17.916494084 26.968991562 25.626827708 -0.181177399 0.780909721 -0.500014088 0.327628859 -1.391798691 1.765753675 -0.151672359 -0.890879895 0.650170154 0.909928146 1.662124532 0.063657628 0.726538397 0.803984021 -0.498446601 -1.891865802 1.003139725 -1.248717975 -0.432677172 -0.371501513 -0.178332821 -0.212907313 -0.930770107 1.115729441
13.390819841 19.577014576 35.708059763 -0.014689845 0.690406035 -0.126508894 -0.712123034 0.458317060 -0.374658145 -0.090414468 -0.551038094 -0.111327229 1.044186797 1.167986113 0.076966770 0.612107207 -1.021698904 2.211692879 0.240756386 0.027452307 -0.222151365 0.189924365 1.794694635 -1.416232384 0.787043960 -2.211573015 -0.082285345
23.711791544 31.059955332 25.427071580 -0.969318257 -0.036197783 0.233160377 0.068906277 1.462391243 0.401323661 0.055033797 -0.330931061 1.849820037 -0.006976934 0.034316417 -1.651725888 -0.278045145 -1.284583376 -0.524021482 1.493017824 1.777888699 -0.052427877 -0.729267901 1.136015541 0.025300345 0.854982741 0.424481782 -1.030894486
18.348604441 20.908727743 27.685169895 -0.428922262 -0.434579606 -0.748714076 0.258057148 1.105128718 -0.642627109 0.794164196 0.673919509 0.518260427 1.098140324 -0.143826655 -0.536635901 0.715609350 0.291860454 -0.743718656 -1.211652687 -1.535024066 0.107829694 1.001220343 0.280676209 1.212972847 -1.623829323 -0.522986935 -0.079429280
13.135783259 28.067506430 21.756673353 -0.312661731 -0.150819200 -0.812678909 0.468026925 0.382458759 1.084812106 0.553432601 -1.440495425 0.205484035 -1.306662907 0.110074779 -1.148428838 -0.713752874 -1.441397727 -0.737057054 -1.042264734 0.530194958 0.083779312 -0.553938177 1.690313196 0.304934704 -0.894597262 -1.061002416 -0.949293824
11.992660206 23.788083923 30.153657247 -0.312718827 0.670948044 -0.524910168 0.420124950 0.241369471 1.764288605 -1.575807534 -1.896152966 -0.067214429 -0.322892858 0.267898049 -1.220878309 3.312453245 -0.525555446 1.467830469 1.584404018 -0.019728273 0.916440880 -0.140538104 1.308722004 -0.104890646 -1.015496542 0.375100200 0.000599418
23.700593441 23.239758115 34.826639087 0.706567475 0.593057963 -0.221860697 -0.315946969 0.950849512 1.574859320 0.140100863 1.190711679 0.902838514 1.070597649 0.097055452 0.363962696 -1.073334799 -0.843968798 -0.428630257 -1.056842043 1.386856106 2.250892085 -0.570707455 0.501101498 1.974145766 0.814113170 -1.046849064 0.098411297
18.204344492 29.851720797 25.835029457 -0.186056787 0.592771697 0.393736573 0.677477748 1.964310632 0.373234161 0.895337395 -0.272660459 -1.239684055 1.415846100 0.285627462 -0.106304677 -0.623631837 0.538203158 -0.974647841 -0.074497168 -0.430230955 -1.950716175 0.567826444 -0.945254583 -1.142718671 0.951531264 -0.102092031 -1.788933983
18.398310385 33.352529002 34.553611825 0.224014969 0.734989861 -0.537071841 -0.348081938 -1.534795775 0.037793876 -0.561246088 1.218332533 0.139300689 -0.244498617 0.505553715 -0.777509021 1.586244417 1.325236916 -0.242459002 -1.585308368 0.741606218 -1.269784238 0.288880213 -1.951643478 0.759915982 -0.860505919 1.589786051 -0.687488521
26.733752247 25.730371443 30.502256625 0.517804345 0.739414460 0.391016988 0.179584610 0.359254352 0.927483938 -0.490548827 -0.383764226 0.692887994 -0.978699594 1.866841487 1.356042210 -2.478366576 0.593962517 -1.048891794 1.165219289 -1.923892448 2.577508852 0.184322802 0.606563618 -0.276168090 -0.692678344 -1.140064217 -2.077861792
12.235685578 31.459712460 29.685994224 0.615453903 -0.620824651 0.158831345 0.458874547 -0.499433300 1.451743355 0.682444630 1.342777667 0.717919282 -0.098524192 -0.880959466 0.493203450 0.184283146 -0.745976362 -0.498762102 -1.187259455 0.228781590 -0.584470381 -0.463528999 -0.088347980 -0.211722224 -0.358693500 -0.893597683 -0.917706325
18.443469940 18.214841970 36.968853480 0.059082963 0.290363082 0.883953710 0.361696451 -0.306909474 -0.903489939 0.167532179 -1.343273448 0.600163760 1.584102662 -1.117535641 0.165710267 0.539127444 -0.936020353 0.820662245 -0.703432963 -0.901039753 0.586881770 -0.479858658 -0.311401068 -0.645480645 -0.566760467 -0.586169734 -0.299102034
13.216962141 30.615372171 34.701333553 -0.490026979 0.517782283 -0.700900299 0.022668001 1.673288845 -0.148907788 0.579155252 1.831280841 -0.454092119 0.936554863 -0.753784760 0.485777405 -0.118870390 0.991515501 0.281365789 0.111306035 -0.369150162 -0.316207396 -1.677797088 1.526198449 2.745238506 -0.254171157 0.227581575 0.930288013
23.613625816 27.584633349 36.539394902 -0.125652062 0.149425705 -0.768994924 -0.608712021 0.609178044 0.686023546 -1.049782708 1.430390800 1.296215519 0.478123435 -0.343033648 0.258724334 -1.595647067 1.340865103 -0.064706432 0.563772325 -1.229012989 0.458023024 -0.493312674 -0.453460979 -0.488788292 1.169282866 0.599709826 0.367859490
17.531145324 18.685258731 27.956441102 -0.674736042 -0.676518182 -0.292433409 0.039206160 1.277287466 0.753417572 0.916592577 2.146535232 -0.967244870 -1.655363749 -1.534935556 -0.165295104 1.393795837 -0.333773648 0.421077079 -2.191184875 0.450206153 -1.195138773 -1.523701068 1.522969460 -0.543079010 -1.361362373 -1.337584558 -2.092197986
18.844441886 24.903874787 22.805192322 0.574948728 0.768177034 -0.091469873 0.266404330 1.832068351 0.112597324 -0.148807733 0.460153497 0.330933852 1.071893611 -1.102727201 -0.422767441 0.602243284 -0.393431935 -0.087547827 -0.392932730 0.627816984 0.359745835 -0.390934208 0.150358200 -1.112508222 -0.793815820 0.222976460 -1.493322185
18.805741267 19.509145948 29.508385183 0.371748786 0.698858557 0.150913903 0.592135585 -0.213110869 -0.600425277 1.216259732 -0.760883690 -1.459154155 1.386892536 -0.658798037 -0.476548992 -0.857261450 0.508277921 -0.740908705 -0.933940331 1.332004059 -0.166552873 0.258726029 1.091756415 -1.006363766 0.518679998 1.440711552 -0.724858246
24.054066972 19.631269783 24.093365563 0.933812831 -0.289512342 -0.041833507 0.205976109 2.394444840 -2.092830327 -0.184119156 -0.465796341 -0.430109676 -1.764597183 -0.392994688 2.796401251 1.104707050 -0.368597215 -2.613232176 -0.852897906 -0.964161329 0.072598545 -0.626266978 -0.582705693 -0.620770740 -1.257198953 -1.575243470 1.123823265
19.271604236 16.790912588 32.990668256 0.113003545 0.142067506 -0.133493165 0.974282607 -0.574324970 -0.717469233 -1.552736000 -0.150700412 -0.086903356 -0.564737166 0.492840748 -0.981948649 -0.757137288 -0.471966927 -0.055073769 -0.209150418 -0.397584251 0.005429364 -1.438656417 -1.143808083 0.634219437 -0.136278677 0.112869889 -0.859637777
20.574665194 33.686517913 30.808573953 0.233961113 -0.434139535 -0.590081096 -0.639209952 -0.605509223 0.601997373 -0.107561307 1.363038788 -0.225360430 -1.084912849 0.810124434 -0.933703445 -0.240564131 -1.106744335 -0.508791869 0.826527860 -0.696704222 -1.843804875 1.157154522 -0.986481329 0.796172351 0.993219673 0.704459985 -1.234068354
16.122658106 22.551657219 38.919235484 0.507843906 -0.337641245 0.754945980 -0.241142124 1.168477975 -0.850545356 1.185517891 -1.082028295 0.926307131 0.827986919 0.765533551 0.367758831 -0.341595296 0.005897206 0.988759945 0.051986744 -0.992213861 1.523234751 -1.513720473 -0.167496231 -0.508368064 -1.675683280 -0.688862960 0.988303286
17.256827118 18.343950869 27.888711106 -0.482311887 0.418007569 -0.181842476 -0.748049617 -0.029942671 0.115098762 -0.490662732 0.785788628 -0.500518131 -0.919342101 -1.171149336 -0.106079939 -2.436349118 -2.007916182 -0.346372067 -0.051036205 0.958462983 1.018859984 2.629315572 -1.989510070 1.184158640 0.481742921 0.268543004 1.226721224
20.914353381 32.876960994 30.098131934 0.664072335 0.289599128 0.685926759 -0.068152475 0.514662182 2.091532445 -0.299735456 -0.340102781 -0.073060416 0.770928930 0.689751325 -0.648682795 -0.784395793 -0.062225087 -2.067042654 -0.559162491 -0.151472986 1.832229229 0.389474866 -0.618957728 0.493309618 1.399346248 -1.769966232 -0.037598569
23.958975954 23.776065972 32.478620702 -0.212703092 0.644553135 0.530003787 0.508335162 0.319467754 0.099271237 -0.062320144 -0.259390100 -0.078128163 0.224780415 -0.922859247 1.233446614 0.020561547 0.362812597 0.377663833 -1.139491565 1.941689273 -0.255646656 -1.101895452 -0.266386728 -0.481500938 0.160618100 0.884288130 -1.881883887
13.992925378 33.613764737 31.030370751 -0.269792371 -0.113591861 0.320744717 -0.900795089 0.666988105 -0.987152793 -1.122879763 0.676146892 1.488563427 1.459744280 -0.720879814 0.515437698 -0.776402939 0.687318747 1.810820595 1.155576861 1.619527775 1.148493714 -0.051545539 -1.032537863 1.790460935 0.320080809 0.353028034 -0.738748925
12.236322951 31.608116900 30.040532210 -0.017847937 -0.975536772 -0.202926325 -0.082646019 0.043100475 -0.126743506 0.307784589 0.809254253 -0.201329807 -0.834777269 0.054896203 0.406451937 0.494401770 0.187638092 0.767948388 0.451684413 1.177879873 -1.162151042 -0.030317690 0.360935904 -0.175764374 -1.232796674 -0.257722741 -0.921359709
19.353477564 18.293063006 32.113316882 -0.354092888 0.430713345 0.811594667 -0.174408537 0.051469203 -0.030695022 0.167108198 1.298159049 -1.209409291 -0.893292651 -0.438824216 -1.574362211 1.069073112 -0.188515510 0.660598272 0.335053656 -0.341186301 -0.796864769 -0.151495770 -0.018173035 0.809572736 0.076508108 -1.617461513 1.239056482
22.248183578 26.423483241 30.050494789 -0.008415157 -0.041893866 -0.994024263 0.100448267 -0.672313436 -0.573825042 1.042429729 -0.267877671 -0.501885165 0.837133960 -0.772428646 1.739809879 -2.791260116 -0.711042458 -0.287024228 0.941998061 1.167885087 -0.042266736 0.572743142 0.581072928 -0.160664558 0.816319888 2.639244658 -1.210829295
9.028920459 24.365050394 26.728303955 0.063766512 -0.734220575 0.594789939 0.321059040 -0.206730290 1.548431883 0.942989252 1.743387437 -1.832632877 1.051527592 0.783212114 -1.690023256 0.093995652 -1.167807894 0.581555081 -1.856820107 -0.899299414 1.235369137 0.090660425 0.557302373 -1.166020917 0.268971264 -0.471018625 -0.523291617
14.474404791 24.973087631 26.987620672 0.691874563 0.140010463 0.664169473 -0.246141364 0.734683578 -1.215337919 -0.261847125 -0.097854370 0.003515411 1.593818284 -1.195965789 -1.544242830 0.325330828 0.488828047 1.083816789 0.804424472 0.007548797 0.926139462 0.687865626 0.798135987 2.118187997 -0.392321347 0.810170219 -0.857959341
26.069715511 23.485440074 26.396449444 0.956159381 -0.206742556 -0.172696557 0.114859277 0.915759926 1.178798286 -1.280402010 1.072988135 0.570996483 0.016662000 -0.976600829 0.580295919 -0.123015007 -0.632611972 0.921413984 0.475064071 0.237828582 -1.100654624 1.734501277 -0.113905281 -2.203871215 -1.831044019 1.004234616 1.170185971
19.631195223 26.176844381 29.839514863 -0.664034024 0.719248691 0.129483899 0.158031818 -0.971028351 0.151440772 0.472984932 -1.955637643 -0.851090987 -0.511677486 0.258375419 0.747041932 0.872049190 0.398611513 -0.587592737 1.297041491 -1.152384778 1.351917401 -0.477751978 0.657621899 -0.438971719 1.107812018 0.109267236 1.622013798
16.464868506 29.941681667 23.047075522 -0.789657482 0.078358584 0.348917081 0.498555778 0.501165788 -0.115449027 1.495873391 1.408400251 -0.459976764 1.074950526 -1.027452008 -0.581650159 -0.117205342 1.543072907 -0.427148487 0.861602695 0.172830330 0.871982944 0.278166587 1.210865977 -0.643026391 -0.413862727 -0.278175077 -0.510258403
