18.380161261 11.447443913 51.294136101 0.001740602 -0.856723765 -0.508627964 -0.085550894 -1.456082451 0.552002773 0.968024988 0.179642501 1.918700695 -0.290492147 -0.487842731 0.627830850 2.755445390 1.452924117 1.582797920 2.232698824 -0.386530183 -1.089165250 -1.420719262 -0.176036283 0.891114461 0.046878343 -0.257354626 -1.135111078
17.572996392 4.052375624 55.581554412 -0.295474086 0.141102047 -0.036792748 -0.944156539 1.830785301 0.547287618 -1.399035241 -0.730999227 -0.397618585 -0.168731649 -1.559327543 0.469076449 1.494697971 -1.681088359 1.419033175 -0.927103066 -0.909192604 0.439032520 0.490000841 -0.829429399 -1.154188056 0.633464953 -0.630134471 -0.167961954
20.106231394 6.286664909 52.842039626 0.187268542 -0.912787252 -0.255977912 0.257342641 1.475027782 2.490027516 -1.018758987 -0.152815397 1.550363574 0.124547094 0.424120208 -0.579688997 0.379296448 0.620022615 -0.128093847 1.108217347 0.920169812 0.502390316 -0.901771930 1.131032733 0.560272610 -0.082300165 -0.882882786 1.378028763
14.563343055 9.813620841 60.792519377 0.716720349 -0.089107421 -0.542716695 -0.428754473 -0.153428683 -0.385796348 0.132419651 0.838626802 0.075683920 1.201643920 1.023688159 1.706425271 -0.430178805 -0.566577853 1.516427683 -0.731009074 -0.566396346 -1.461633257 -0.747509594 0.061856902 -0.332630119 1.205926497 -0.063673003 -0.705390183
16.148816479 17.311263025 58.334830599 0.435355677 0.364846732 -0.454050758 -0.686432958 -0.218480585 0.324275464 -0.598631744 -0.994935167 0.764041230 -0.702168122 -1.157706931 -0.416812440 0.169394593 0.050146165 0.076286460 -1.875243247 1.451193488 0.750238975 0.698301718 2.055261373 1.553996243 -0.884077105 0.096132237 0.790891093
22.345227046 9.529109647 62.482522387 0.416237083 -0.810386649 0.318325688 0.262085723 -0.184566077 -0.885356234 2.079353190 -0.439832034 1.176926556 -0.941686141 -1.115466238 -1.076401731 -0.474263251 0.904723037 -0.508957513 0.602557049 1.236520248 -0.824432599 2.152197496 -0.025473306 0.365251261 -0.692688743 -0.790437768 -1.634225957
20.136391246 8.306838205 58.763247428 0.127914108 0.242973562 -0.406931088 -0.871211179 0.154828893 -1.639411250 -0.706285968 0.724779769 1.229109237 0.201290131 -0.356836430 0.714274646 0.151739611 -0.647895227 -1.506086023 0.052797713 -0.140310985 -0.630634928 -0.074064869 0.006992326 -0.457880359 0.257618118 0.571789983 -1.043651738
25.810238295 16.432683296 52.312395232 -0.224315630 -0.461764861 0.123290921 0.849267367 -0.545856538 -0.698528192 1.026658400 -0.274809848 0.717023636 -1.118995632 -0.497469436 1.535566721 -1.038527495 -1.442296357 1.043866316 1.072342285 0.213522901 0.883633747 -0.970451482 -1.955630193 1.454801036 -0.172668156 1.582050815 -0.209857378
13.538494950 11.216930926 57.984951429 0.682341098 -0.038449129 -0.237110116 0.690442672 0.055310479 0.173060761 -1.435378911 -0.706256069 1.079865770 -0.124391999 1.793114160 -0.551957306 -0.497202374 0.567969079 -0.750863383 -0.165860594 0.094528671 -0.893816966 0.806622588 0.472081541 0.531504392 0.379530823 -0.472399508 -0.206294853
24.750193792 6.898776627 57.127368686 -0.450429402 0.636880222 -0.299506932 0.549356473 -0.986374673 -1.258051544 0.047030954 -0.342334368 0.518703827 0.771672334 1.368162068 0.355695918 -1.595389011 -1.297437402 0.513063905 -0.812846071 0.847715661 -0.508653414 0.413316650 -1.925418316 0.872753156 0.722876081 0.279422604 0.044646489
21.749745773 19.055686432 57.339681068 0.560032263 -0.222488338 0.029044836 0.797508120 -0.773965503 0.972656565 0.627274825 -1.288535639 1.634454199 -0.124130241 -0.331448538 1.548606837 -1.603510087 -0.852030153 0.525461970 -0.253608852 0.165995048 -0.321065532 1.540609803 1.174406311 -0.476256511 0.249302717 2.329613766 -0.649611345
19.714805428 12.668707910 61.345843818 -0.418331770 0.673510249 -0.591225078 -0.147767997 1.578020876 0.513573862 -0.113466580 2.237584870 -0.170229346 0.656925326 -0.778226076 0.275028186 -0.989836353 -0.595405892 -0.574524192 -2.233004436 0.303299964 0.144024396 -0.583810190 -0.853821145 1.368935714 0.116199246 -0.549695578 1.410845093
18.395663797 10.045547363 50.786046106 0.036104377 0.211004047 0.963245619 0.162270278 -1.745155442 -1.008165076 -0.491270959 0.222108328 -1.719529245 -1.553584279 0.328818819 -0.089454557 0.052757234 0.931726643 -1.006041528 1.927580376 0.543288812 0.301835460 -1.130277435 -0.406624354 -0.048898377 1.034064412 1.670568508 -1.433654396
16.517482430 18.993120483 57.265889604 0.673767874 -0.479833253 0.451140212 -0.335066277 0.425984303 -0.295506331 -0.928642795 2.038459498 0.638688369 0.827836915 -1.601845038 -0.075201270 1.157652889 -0.975628843 -0.370153931 -0.541114550 1.056649847 1.374627317 1.338799920 -0.180520524 -0.775814556 0.153871511 -0.410774235 -1.012187735
24.965876045 11.220866293 51.768849598 -0.039149974 -0.142498248 0.974532480 0.168665276 0.365887407 -0.474329931 -1.233351876 -1.425477289 -0.774105990 0.312761401 1.491163332 -3.243213595 0.599590526 0.016370452 -1.418100668 2.264219966 -0.136615492 1.207881982 0.243845491 -0.008526407 -0.387969095 1.172992302 0.641540264 0.201631047
16.230094135 9.606177968 59.131733294 -0.241110435 -0.534362756 0.743995957 -0.320612259 -0.568595694 1.426339673 -1.881197906 -0.181190613 -0.013055103 0.495556774 0.725348366 0.048174550 -0.051193790 -0.982646595 -1.356719577 -0.959277057 -0.684622919 -1.149649021 1.015684366 -0.449773979 -2.009143977 2.686259129 1.166316587 -0.450420884
12.707978633 11.162495329 50.843539160 -0.210613630 -0.607545254 -0.394379993 -0.656502159 0.731317284 0.711188490 -0.358869053 0.027540443 1.063793204 0.337267373 -0.053400793 1.972716972 0.739568399 -0.587564007 -0.496258705 -0.415676876 -1.385148067 -2.735102168 -2.379346247 -0.573562418 -1.891158067 -0.512680643 0.723039019 -0.959231185
14.316067319 10.261264517 51.287911984 -0.611840182 0.454854589 -0.627056943 0.159870210 0.002124790 -0.051167753 -0.119029231 -1.328227819 2.833286110 0.916332018 -0.067333143 0.307677993 -0.372219961 0.150484717 -1.325642275 0.128536476 -0.860698496 -0.003493397 -0.694044481 -0.402193496 -2.171271240 1.508193770 -3.308266357 0.009315392
12.191401906 11.916119192 62.416679280 0.519445787 0.609940602 0.541595371 0.254603594 -0.428024344 -2.038423843 0.261465226 -0.701848370 0.099631947 2.091640760 1.100672393 1.159784700 0.550023411 0.175949097 0.029968782 -1.395182059 0.650570080 -0.933696594 -1.371870781 -0.330615615 -0.120502066 0.301683992 0.871351747 -1.194661562
20.174955797 8.070167143 48.886896357 -0.751424672 -0.063281691 -0.435979804 0.491200570 -1.106588860 0.614574447 -0.146740004 -1.115761907 1.247263900 0.451056949 0.346384712 0.286910607 0.838229294 -0.371026789 0.977537969 0.338668885 -1.976718224 1.002271844 0.802150071 -1.867106471 0.093163081 0.316440281 1.746846701 -1.165095000
18.008495957 12.267202364 50.437534808 0.260230473 0.304266693 0.846833341 -0.350107374 1.442759370 0.460591151 1.004228925 -0.537561811 -0.425018039 1.240191924 1.155971696 -0.529156184 1.068365243 -0.860795456 -0.143357929 1.237860395 1.061029850 -0.011628836 -1.049024110 -0.987762997 -0.673534830 -1.556546850 -0.657764867 0.901919894
15.956674096 14.592813635 64.584454464 -0.943541326 -0.240305259 0.022517337 0.226883491 -0.210879845 -0.680657403 1.874351216 -0.632572146 0.408783812 0.160274791 -1.460285191 0.789606585 2.069356998 0.541581815 -1.152176871 -0.599170692 1.341921258 -1.944832617 -0.519639460 0.627271683 -0.708183209 1.161265272 0.746956857 -0.833926742
15.043091940 9.442033266 60.065198668 0.274357319 -0.420530825 -0.853736658 -0.137897082 0.299020661 -0.823296734 -0.563600741 0.284716991 -1.067738011 -1.755132777 0.221900107 -0.052615018 -1.171786013 1.407879146 0.892316753 0.638413500 1.499849184 -1.209427804 0.030683299 -0.556413877 -0.432082085 -2.385958496 -2.223899601 -1.208141575
21.175476866 10.495665055 52.585542041 0.414535052 -0.847016457 -0.328136859 -0.055226942 0.948610130 -1.262967841 -0.261991419 0.648013323 2.076901428 1.179189528 0.493018869 0.019582573 1.516709719 0.794418266 0.149436019 -0.362259883 1.500866502 -0.418124959 0.349086739 -0.821662324 -0.378517725 0.861607173 -0.439085887 0.485975908
19.991020684 18.821693707 62.360629592 -0.044352783 0.414684930 -0.627876629 0.657145477 -0.317147643 0.107781772 -0.509548388 1.256085259 0.764485101 -1.231724430 0.641168991 0.513679965 0.662602570 0.003380523 0.431863417 -0.061933624 0.371498292 -0.016791123 -2.435442279 0.509223670 -0.760925233 -1.112050198 -1.650328374 0.123443499
25.078827568 18.756639636 57.024893848 -0.854018316 0.394589220 -0.053833758 0.334744663 0.019508369 -0.381092507 1.307016522 0.056285435 -0.334948833 1.067220626 -1.496154311 -0.329111016 -1.352706117 -1.056373421 -0.394373644 0.012919829 -1.964043432 -2.395631967 -2.254830040 0.083185589 0.385671644 -0.286854964 0.089964748 0.396343632
19.900509748 9.897139927 52.583257834 0.482235441 -0.379104029 -0.504436295 0.607678483 -0.697404947 -0.207704917 2.787570149 -0.848443526 -0.140334532 0.924319578 0.207762417 -0.418660165 -1.327374823 -0.623763724 -0.067413994 -0.359079189 -1.904709919 -0.367015544 -0.244931870 0.456000025 0.291937431 -0.074319024 0.778260448 -0.486145011
17.121586275 10.888113192 50.737974955 -0.739760957 0.459257550 -0.487115733 -0.067486979 -0.851458959 0.138470396 -0.633642836 -0.932623865 -0.480597631 0.449935448 0.312214832 0.606587545 -0.674179729 0.487473840 0.064050808 -0.335474987 -0.706750000 -0.441085906 0.267452463 0.761109847 -0.077633313 0.093952280 -0.292189796 0.184080218
18.353111327 10.711182972 61.316098297 0.172345377 -0.246770227 0.914984118 0.268710979 0.320304650 -0.455001296 -0.693002209 -0.145710231 1.334117901 -0.111557767 0.121721117 0.747847576 0.483556170 -0.203896597 -1.124943987 -1.335887431 1.503813590 0.441047666 0.795173850 -0.313694385 1.976534648 -0.294641292 -3.165370594 -1.038522625
25.225631752 11.740340427 55.356713751 -0.721305347 -0.403979840 0.555288893 0.090405370 1.189539019 -1.048344447 0.843398864 0.166936275 0.429662590 -0.400344594 0.181255030 0.753306090 -1.666198909 1.142123984 -0.116704225 0.343475194 1.048742203 -2.161758901 0.806379057 -0.355904877 0.061067514 -1.389186163 2.410587323 -0.542169709
17.343097635 7.293907059 51.545609021 -0.967640725 0.141742695 -0.086564201 0.189965986 0.488144612 -1.514611428 0.701106994 -0.483170493 -0.728035133 -1.246572341 0.330615535 0.577132127 -0.578245010 0.485689423 -0.225480040 2.373842256 -1.637327879 0.525651258 0.735638904 -1.472571322 0.951860757 1.987395465 0.792137785 0.332700726
9.979531414 9.173730818 54.073699640 0.102202389 -0.543432859 -0.569424370 -0.608269090 0.900264935 0.367918112 -0.688063195 -0.671282717 0.169181534 -0.327331068 -0.675456815 0.556283455 -1.879343983 0.970854341 0.972359945 -0.460302177 0.182067915 0.253768365 -0.302329570 -0.236631678 -2.180404520 -0.357651671 1.071466013 -0.218681768
15.925580928 6.545884749 52.272705312 -0.573120620 0.716238753 -0.391302067 0.073603635 1.985961727 0.206641401 -0.024289042 1.442184877 0.944823053 1.442439083 1.105614668 -0.673929270 0.524536954 -0.442244048 0.438763984 -0.404313060 -0.847746030 0.285298178 0.178830237 0.561156359 0.497347519 -1.734457805 0.758334328 -1.527677773
24.681000527 8.165927539 49.607773922 0.394291853 0.110661912 -0.397186506 -0.821298213 0.793291301 1.683094779 0.435222714 -0.080644975 1.670828704 0.492522746 0.526704366 0.741474773 2.894691418 0.997660714 -0.702671687 0.552215550 -0.444997516 0.518169589 1.136630133 -0.708996821 1.234627816 1.126629065 0.078370940 -1.653745744
25.144316368 5.403079727 58.435004631 -0.203483740 -0.131534898 -0.282976479 0.928017915 -1.823907098 -0.911908798 -0.527304232 -2.619244010 -1.427980897 1.548177976 0.163801197 0.422645468 -0.503813136 -0.002193114 -2.141810634 -1.952193495 -1.003012439 -0.102936749 0.198527006 2.326030972 -1.478176778 1.415090778 0.853856785 -0.601049776
21.769062645 15.021755794 51.547262304 -0.188090779 -0.676045164 -0.606847905 0.373256501 0.554365487 -0.585577696 -1.212260843 -0.030999094 -0.477286385 1.051002743 0.213699096 -0.415223750 1.551966108 0.760075836 0.833935666 -0.608782928 -1.894127472 1.750218199 0.579420199 -1.110868062 -2.416148824 0.424676651 -2.521735429 2.421473579
23.426018606 5.238033043 52.756104573 0.038472118 0.808513308 -0.352618501 -0.469559708 -0.768222090 -1.725332566 -0.645762051 1.019190897 0.080709526 -0.890885710 -1.824047176 0.881094497 0.160295235 -1.282401975 0.590120104 0.046262974 2.249684964 -0.256746069 0.392286760 0.023395168 -0.284669035 -0.014363324 -0.892983241 -0.026659511
23.729488400 9.349632557 49.830351393 0.341130815 0.449583586 -0.109617068 0.818222748 -1.944491719 -0.849964268 1.519999801 -0.533026447 -0.150401572 -0.652472199 0.321733503 0.663797101 -0.971006601 0.426773690 1.028121078 2.990552244 0.619070649 2.577063479 -0.853162329 0.049323307 1.553379010 0.903386438 -0.829759268 0.475732193
9.494695624 9.428787770 57.554475734 -0.666071115 -0.687261266 0.263888078 -0.119934583 -0.397190438 -0.306805236 -0.274973002 1.753457985 -0.833726073 -1.147318784 -0.118312155 0.819570100 0.784179578 0.440498723 0.467816787 -0.252453035 0.893650875 1.020527888 0.818525261 -0.735765419 0.055689277 0.647677952 -0.299688818 0.449385157
17.189849824 13.213852957 63.214594648 0.854158071 -0.382379814 -0.350079001 0.040550712 0.250181706 -0.914489771 1.435768392 -0.056841864 -0.295877349 0.854330946 0.559522734 -0.217492149 0.269645588 0.433583102 -2.131257937 0.540235642 0.541397428 -0.086754186 1.028146957 -0.568701980 0.393128293 -0.118646361 -0.053019455 -1.040406509
16.520707264 2.287783391 54.935509082 -0.666643546 0.504155481 -0.282788026 0.470578969 -0.218390021 -0.070383841 -0.160930975 -0.187921195 0.634196867 1.022727595 -0.508829810 -2.051836113 -0.693921732 -1.325354964 -0.483745437 -0.543741281 0.171221799 0.059942071 -0.711056302 -1.456853919 1.406650843 -0.487113462 -0.831831630 1.330536156
26.914143501 13.234136290 50.720131827 -0.874097719 -0.282526553 -0.310694886 -0.244132365 -1.812846321 -0.591583885 0.480031849 0.270598736 -1.154622982 0.688764471 -0.596523543 -1.147856757 -0.417919941 1.743492849 0.471425660 0.788843014 -0.282680859 -0.088715944 -0.301391425 -1.052724121 -0.097336182 -1.152731093 1.231149829 1.720536087
26.301686423 15.719308517 53.378339465 -0.826388530 -0.324505343 -0.337747423 -0.312577922 -1.045762142 -0.793546809 -0.085971730 -0.618721032 0.304145749 -1.187086721 0.037524681 -1.051508335 0.383016041 -0.628598930 0.659584072 0.339357284 -0.843118334 2.194444209 0.148201155 0.890243041 0.024905098 1.432952973 1.364837488 1.179892484
18.116593092 6.150842629 57.386974657 -0.719149487 0.393823437 0.387640019 0.421262782 0.041127605 0.111220600 0.124304726 0.304753662 -0.057853889 0.573749632 0.785990462 -1.186743230 0.035428690 -1.623430758 -0.606475690 -2.161134427 0.322613442 -0.151176762 -0.620691383 0.412257394 -1.728693210 -1.509452567 1.080180462 -0.774301547
13.135285943 11.663183955 51.376170598 0.332739842 0.822040651 0.286634181 0.362455806 -0.929724449 0.412294394 -0.067337929 0.066978183 0.065484112 -0.634545366 0.291639437 1.680877024 1.191846808 0.434949793 1.388571709 0.326493504 0.339538749 0.193205398 -0.569795596 -0.992212398 -0.943234437 -1.983650766 0.629587378 0.891090363
10.053887621 10.825242012 53.053029909 0.481108168 0.561361038 0.656909026 -0.147916350 -0.546128071 -0.582188683 0.034149859 0.899320098 -1.287385171 0.290585381 -1.064665363 0.194950246 1.157149355 0.726530420 2.227157945 0.116192832 -1.044614753 -0.654041661 -0.710188511 -0.610044003 -0.316477348 -0.969417716 0.124998732 -1.139419477
14.013777429 18.818262695 59.173819578 0.500479984 -0.592763683 -0.464179706 0.427420406 -0.264443352 -0.917813974 -0.022580400 -2.343350096 0.467770821 0.680836151 -2.414778750 0.082516680 -0.469611182 0.683091500 -0.167411029 -1.378810996 -1.273682655 0.111372551 -1.725219327 -0.493919508 0.195054720 0.690417797 0.019120851 0.225814517
15.259654413 14.954217050 54.739229806 -0.609825362 0.369705511 0.691978236 -0.112236283 -0.096869523 -0.085657520 0.733587429 0.229465693 1.316088186 -2.385016325 1.379943535 -0.994125596 0.357121506 0.585815790 -0.437132919 1.226044453 -0.609784396 -1.618258341 2.021184462 1.117283334 -0.098509403 1.514795148 -0.068898424 -1.385863142
13.985320740 13.865381201 62.514479940 0.374888181 -0.891543770 -0.232327489 -0.103113998 -1.401356985 0.049009262 1.071572618 -0.265232942 -1.135424631 -0.371542463 0.502360410 0.136750049 0.693548052 -1.538875509 -0.920959976 0.618012122 -0.786898098 -2.517868543 1.222615696 1.903260536 -0.992497957 1.701707373 1.628352937 -2.028754569
17.659647087 5.476459416 50.771275547 0.808721425 -0.495160912 -0.300959826 -0.101037179 0.068304846 1.156159552 0.459777246 -2.002888548 -0.134627102 -0.247700989 1.440013306 -0.878940516 1.415825840 -2.138372117 -1.385764916 1.214503603 0.390031831 -0.365344056 -0.463230315 0.132406530 0.108812957 0.365311478 0.581406505 0.495009070
23.545942449 16.613431508 56.923460015 0.084472268 -0.334840963 -0.924883293 -0.159175564 0.971768587 -0.949065073 -0.823599618 -0.225419219 0.733658636 -0.217169275 0.017309410 -0.881332646 -0.792488435 -0.588300694 0.339935591 0.351158622 -0.385429861 -0.815770533 0.863511705 1.108578940 -0.710840571 -1.766396548 0.455119022 -0.303557144
23.509739608 18.366782632 55.739889841 -0.087919063 -0.174696531 -0.895496295 -0.399797130 -0.676999560 0.421811529 -0.832250537 1.324232964 0.054523488 1.577385765 -0.223477915 0.636724308 0.854339951 -1.063288759 -0.605555584 -0.378427065 0.800310064 -0.530731756 0.273865755 1.653734823 0.094157430 -1.229248904 -1.508191967 -1.287860160
21.122407338 9.526597544 50.094084196 0.370471223 -0.491659768 -0.509496972 -0.601194296 0.132951336 2.206286272 -0.065906758 1.954491800 -0.859054487 -0.261218692 2.330316924 1.384571573 -0.019517141 -0.429293637 1.505585044 1.090987348 0.328463810 0.979209493 0.571746169 -0.493929094 -0.008322034 0.509740131 0.199771259 -0.354288414
18.486875814 15.413042348 60.246041614 -0.012529005 -0.479180665 0.876781380 0.038513966 -0.414772001 -0.278274660 0.922936444 0.108278115 -0.036423912 0.719841078 0.470104275 -0.791737906 0.422547656 -0.587597553 -1.225033348 -0.332497297 1.082094835 0.351195291 -0.557224078 -1.243926067 -0.733556169 -1.009033081 1.334000071 0.973454094
21.660352142 15.449007763 47.175965500 0.845537131 -0.258455274 0.272757795 0.379303331 -0.351930126 1.683261626 1.944952715 -0.161943478 0.285992715 -0.425474594 0.804685982 -0.064508847 -0.338108181 0.983202428 1.041164057 -0.083059882 0.746012882 1.236873266 0.059471843 1.350095946 2.769164439 -1.221281743 -0.074386814 0.414552125
24.240278858 9.311144181 57.744642085 0.136347848 -0.740192585 -0.531594638 -0.388498831 0.702317765 -0.462630755 0.413779091 0.789945890 0.723748905 -0.939837749 -0.647625244 0.465887800 -0.600114098 -2.152859358 -1.052002428 2.509148020 0.047373986 -0.531195763 0.791061611 -0.038438629 0.461575949 -1.129164180 -0.703887586 1.248849336
14.799417760 12.133722686 47.110601194 0.104364503 0.266491826 -0.157982599 -0.945056430 -0.273055570 0.424890365 0.379635204 0.880321822 -0.743517874 -0.886809953 -0.794428973 1.062417129 -1.521175180 0.999334025 -0.487861237 1.114225416 0.527194484 -0.996065133 -0.399668212 -1.389981298 -0.641431781 -0.115227826 -0.825674269 -2.931889632
20.354934732 16.679954274 58.392183785 -0.808005349 0.153285432 0.179663089 0.539770421 -0.491340487 -2.283792499 0.366263923 0.368674592 -1.700047902 0.112806028 -1.478295120 -0.421463804 -1.883913880 -0.238529739 1.040589044 -0.755372070 2.095955518 -0.326391626 1.136119504 0.130086736 -0.521316922 1.060494964 0.893309618 1.958840768
26.183595830 11.535797490 59.919922844 -0.678918673 -0.680602539 0.038478252 -0.272706881 0.067356546 -2.003262203 1.797598821 0.748503148 -1.028556008 -0.753330636 -0.989994122 -1.331609440 -0.304496091 0.323954271 -1.126103925 -0.545261166 1.578885854 -0.466713065 0.293865789 1.396144647 -0.748223766 0.305218538 0.056993347 -0.012654567
22.537100173 12.818199801 50.375828066 0.450942856 0.579121527 0.401857908 0.547520794 1.696702823 1.331907633 -0.703823076 0.121577377 0.728795752 1.453897486 0.925115681 -0.376382345 -1.028288203 -0.837152171 -0.976800808 0.940193169 -0.183114950 1.282895672 0.830975099 -1.203622661 0.792125935 -1.427251918 -0.027874970 1.196744743
11.574164411 8.711430593 61.120819825 0.360173348 0.189903002 -0.774805223 -0.483620591 0.664111230 0.288549691 0.258262383 -0.115112693 1.768258816 -1.417251912 -1.708632537 0.362554954 -0.466162784 -0.338047288 0.938803925 0.655501304 -0.354492174 -0.938169398 1.539541681 0.286956939 -0.191060410 -0.646779303 1.922004430 -0.168183005
19.134595995 5.728967570 57.261124653 0.197603639 0.602957468 -0.728425867 0.258439259 1.829890971 -0.534140310 0.766463819 0.281965804 -0.538605864 0.355053516 0.919003444 -0.860700712 1.210365755 -2.993698862 0.185588368 -0.601864173 0.018054176 1.529172962 0.778916358 -0.882602041 -0.574797297 0.836329699 -0.462919471 -2.335221491
23.994025236 15.705045786 61.765773017 -0.782131726 -0.349529892 -0.479278577 -0.190763893 0.114513370 -0.192076891 0.706134540 -0.094819169 0.250479656 2.139193205 -0.238117590 0.290706047 -0.224460179 0.228247011 0.447513400 -0.424523889 -0.336956497 1.213675035 0.460842808 -0.209483605 -0.137870662 0.434874718 -0.375655736 0.529777004
26.097136528 10.952543007 56.813089552 0.071708942 0.154504909 -0.773519158 0.610454071 0.477441707 -0.052090528 -0.577589875 0.433274322 -1.524333593 0.470812273 -0.082727579 -0.268623041 0.180920622 0.171686561 0.841778261 1.040854101 -0.484702044 0.673000237 -0.790338506 -0.617342144 0.209089453 -2.886018654 0.470652111 0.864689281
14.825589927 16.938821959 56.087299812 -0.813154886 -0.178721855 0.087493911 -0.546975726 -0.133804536 -0.031537525 0.550626606 1.580894315 1.329180256 1.444076066 0.467157511 -0.407874213 -1.177356623 -1.819931040 0.536081988 0.534798776 0.911588570 1.087783251 0.033869595 -1.450107859 -1.823346076 -0.476137428 -0.390119400 0.928051321
16.521147942 7.096100062 54.926647308 -0.120415890 0.735281650 0.240363301 -0.622162674 1.086382975 1.821705657 0.207255296 -0.790042009 -0.430135782 -0.454200881 -0.978618073 0.742921650 -0.722877335 0.029673232 -1.918534975 -1.425357241 0.628022658 0.066907048 0.298814201 -0.555055823 -0.004015251 0.398994369 1.189903564 -0.437307730
21.863800751 7.967719000 57.373169497 0.744549889 -0.104151740 -0.526089157 0.397527454 -0.104827241 -0.162682728 -0.234294895 1.901235074 0.390237629 1.152147364 0.216477201 -0.708583948 0.347772783 0.860326847 0.045164473 -0.347708037 -1.125457487 0.805592505 -0.750204361 0.134888194 -0.430759325 -0.421737604 -0.641924535 0.576441858
18.223343981 19.426733947 56.382752245 -0.581101994 -0.219888200 0.752249219 0.219296064 -1.330473151 -0.657731792 -1.443560226 -0.443465471 -0.748744455 -0.720590760 -2.034334418 0.796363014 0.818234130 -0.718843685 0.403866302 -0.248912326 1.961352363 -0.495627946 -0.590359318 0.637555078 0.719083332 -0.663011013 -0.743236785 1.025168212
15.956298994 12.276783517 47.801176919 -0.589542568 -0.545250534 0.536683059 0.259061208 0.835865177 -0.966305558 -0.676101086 -0.090773903 -0.652162024 -0.546641883 -0.386891278 -0.619267043 0.652944918 0.876390971 1.185943098 -0.053545654 1.394105543 -1.493647600 -0.119812557 0.929026086 1.656740715 0.089906990 0.278896946 1.305872291
13.708636232 19.463487329 57.364909346 0.673222439 0.584876334 0.439631323 -0.106843443 -0.962479244 1.032413332 0.328069959 -0.289447974 -1.342281652 -0.316546006 -0.691656837 0.414846925 0.194042214 -0.212290102 0.112174851 -0.454652997 -0.717843060 -2.144105474 -1.614559159 -0.207727225 1.836761763 -0.329742065 2.320482010 1.340673830
20.829936101 17.107218067 63.179056493 -0.766043837 0.460631086 0.369479017 -0.253931287 0.193850073 -0.385773764 0.322186516 -0.490728706 0.388273450 -3.009277675 -0.853866564 0.222065327 -1.393772535 -0.335633086 -0.165426448 -0.180363111 0.807731325 -0.021278564 -0.268342283 -0.887044657 -0.101005208 -1.306231081 -1.118420910 -1.615986813
22.398023875 18.507889575 52.985299277 -0.007841652 -0.663305156 0.688084224 -0.294117118 -0.550947109 -0.362335116 -0.330495969 -0.139522649 -0.468987315 -0.624868385 1.073913027 -0.378879880 0.347168468 -1.439194342 -0.225253676 -0.019683640 0.588219552 0.634436433 -0.503623360 -1.155333677 -0.632731582 2.523319519 0.798973000 -0.435159721
11.436019364 11.179557582 56.254436396 0.450327688 0.159371542 0.658694688 -0.581314882 0.926537891 0.170416464 1.185469899 0.786835515 -1.288845589 -0.705530238 2.180676617 -0.467695632 -0.517481692 -1.156194787 -0.831678657 -0.011299874 1.039204495 0.197618354 1.264003252 0.692388257 -0.018865324 -0.307444250 1.520244365 -2.438054553
20.722394309 19.195462870 56.963266218 -0.569792419 -0.443709260 0.567846723 0.394979482 -0.976431021 -1.688047869 1.181648624 -0.993209755 0.349306037 0.783840203 -1.440774246 0.753322921 0.947870603 -1.111890757 1.302285689 0.582096214 -0.938653430 -0.771502246 -1.288936431 1.342488754 -1.473817992 0.100054075 -0.090095254 -0.112099670
17.401364756 10.982329051 58.020539709 -0.270250370 -0.029894219 0.848115780 -0.454720460 1.153116919 -0.025911173 1.030306852 -0.620132609 -0.611537320 -0.525487851 0.876517359 0.434541805 1.069534496 1.429188584 3.432086987 -0.286128205 -0.757951249 0.335114953 -1.463491691 -0.053187534 0.654570005 1.315049474 -0.201716981 -0.232820977
25.843239503 16.089782426 59.905721556 -0.531407163 -0.122228104 0.306309078 0.780282940 -1.295651423 2.625437970 0.135460681 -0.214522585 -1.083910928 0.377515259 -0.678491861 0.822137732 0.280084655 -0.273958478 1.686091145 -0.084257752 0.019918555 0.143115823 1.858677292 -0.423573981 1.394050431 0.948435199 -0.580689587 -0.527681530
23.789363841 15.780661750 56.619040079 -0.526256340 0.428423412 0.107028198 0.726672284 0.943838920 1.805428291 2.018749054 -0.389847187 0.664520248 0.133940775 1.183441928 0.676458588 -0.197388066 0.468332314 0.525364271 -0.924687378 0.554067714 1.193217548 -0.307164684 -0.761112139 0.790287466 -0.307556311 -0.934555109 -0.072489082
20.054187606 8.721263278 57.897731312 0.690936165 -0.646445690 0.227346746 -0.230279487 -0.483758541 0.453536376 0.541601362 -0.839043639 0.497944427 0.645075206 -2.673222440 0.636163309 -0.989999563 -0.895220622 -0.247681982 1.000948073 1.884023120 -0.624110896 -0.119207531 0.923840428 -1.506620977 0.728231829 -0.269317443 0.341440527
14.029081878 10.879860570 59.753933959 0.054549323 0.376270628 0.234327303 0.894726495 -1.913596619 -0.872871446 -0.178219746 1.225855186 0.401231873 1.346596803 -1.971432146 -1.399569028 -1.229491509 -1.473102994 0.629953429 -0.160473558 -0.687143821 -0.958587726 -1.439975600 -1.023380166 -1.522361848 0.565157685 -1.286474763 -0.008738905
27.199887474 9.763484547 57.019001589 0.395008184 -0.356230477 -0.076409563 -0.843344509 0.722684736 1.941749428 2.099028665 1.086935782 1.015419503 -1.101988433 0.369405036 -0.619975555 -0.222758751 -1.191018251 -0.810851670 1.513103975 0.241972478 -1.274210784 -2.626314812 -0.588594936 1.249295365 1.073170560 1.630548040 0.251947680
25.163293090 5.855840939 58.884412088 0.213444802 -0.615261028 0.479612359 -0.588104726 -1.210907515 -0.577983392 0.868442293 -0.415788853 -1.285850324 0.056496174 1.256546901 0.025130910 -0.596388234 0.255409523 1.438928284 0.117519752 2.672050380 2.023660065 1.102375587 -0.622710649 -0.969788825 -0.744544822 -1.112370441 0.710423309
24.582216379 7.598519251 60.380265022 -0.145823065 -0.537828764 0.789023719 0.258684025 -1.010015026 1.034267720 0.278212445 -0.699627719 0.420707730 0.531462595 0.735660678 1.155416132 -0.421772376 1.264153809 -0.642601402 0.826340702 -0.751966756 0.490616595 -0.745736363 -0.763742850 0.073484996 -0.961547314 -0.128242225 -1.863059325
11.207022168 16.402153430 55.062903513 0.120063880 0.612475399 -0.514768880 0.587768280 1.368339750 1.272842644 0.153359634 -0.442434119 -0.535642763 0.868014310 -0.658842315 2.221475560 -0.596514501 -0.240879571 -0.809881994 0.197316745 0.059327514 -0.333725605 0.298333705 1.242499677 1.895139394 0.739831465 -0.866989928 -0.800155160
18.730988065 9.937180107 53.375975639 0.021935716 0.318819496 -0.387110137 0.864880741 1.191598515 0.700409341 -0.920617283 -0.045184874 0.420654278 -0.588759431 -0.334083665 0.328998475 -2.775236464 0.850349818 -0.111392571 0.352014311 -0.756276565 -0.365665204 -1.543042454 -0.130423004 0.190634814 0.172497792 0.912308809 -0.008129152
12.811573501 14.927274521 54.788482570 -0.030539966 -0.781783463 -0.136556529 -0.607646478 -0.306497857 -0.875360988 0.682780522 -0.119927202 -0.229060608 -0.776904568 1.283831242 -0.848255677 0.481045009 1.277950552 -0.813166712 0.442823407 0.255746440 0.843328398 0.324947666 -1.346155951 0.334437246 0.462018512 2.068806843 0.346939249
15.720091584 7.665434760 58.315928945 -0.755471232 0.454617524 -0.471734150 0.007281167 0.073452666 -0.421785098 0.814595078 -0.537941999 0.042142853 1.116532276 0.051525851 -0.988671355 -2.240647384 1.833725953 0.892818925 -0.900917502 -0.593520907 -1.752451509 -0.324784703 -0.594075955 0.413638503 -0.321452869 -0.784162127 2.255751768
19.068918376 10.675292616 58.735336374 0.142095095 0.946690799 -0.248596789 0.147597936 1.028746697 0.638540261 -1.677680438 -0.242555756 -0.829864173 -0.409221148 -0.727200250 1.363905667 -1.162834135 -0.079568181 -0.135637777 0.899901194 1.865533092 -1.045339240 -0.617716518 0.585007885 0.943887754 0.792612005 -0.748311302 -0.575267166
18.599966620 5.612608638 59.331760220 0.001109277 -0.486180943 0.231533451 -0.842626324 -0.596725368 -2.404721342 0.355133794 -0.407473501 0.042392570 -1.344850441 -1.209329687 -0.752166796 -0.500011395 0.494246606 -1.372886255 0.077915929 -0.843162447 -0.685885850 1.144948227 0.782540650 2.584633032 -0.336562018 -2.216532024 0.166630253
13.693022657 8.602109275 49.379271409 0.494013950 0.738751960 -0.443581835 0.115891821 -0.488343579 1.351494996 -0.640470666 -1.226414234 0.338286792 1.631254962 1.648042356 -0.221826963 -2.170189690 -1.199378786 1.736938616 0.463925530 0.648643335 1.947178114 -1.439037372 0.898203961 0.990688624 0.679276250 -0.441526602 0.840868594
16.397416407 4.585585975 59.820101351 -0.589385791 0.585917408 0.046526160 -0.554220621 -0.364668530 0.270865292 0.172530205 -0.641233882 2.105975378 -0.174443761 -0.206899041 -1.229890060 1.122396108 0.016484684 0.867233137 0.768977474 -0.564421993 -1.633142447 -0.627261757 0.685689015 -1.595610112 -0.968707557 -0.383260924 1.515060517
15.709470323 5.015339931 58.033850240 0.804005166 -0.247543997 -0.020277319 0.540265206 -0.453590472 1.351326401 -0.311810556 0.449427089 0.772368976 -0.016693899 0.470160843 1.118891699 -0.183349782 -1.832905423 0.016299513 0.005129163 -0.625353408 -0.096707468 0.259609465 0.409091563 0.674176970 0.409347741 -0.343130234 0.807133577
13.102756341 8.657686083 60.041806931 -0.749942183 0.279390682 0.305001132 0.516238200 0.749738670 1.454656625 -1.067026172 1.211604258 1.427385311 -0.379348345 0.346466484 0.532458491 -0.031111639 0.955016736 1.989369663 -1.196114395 0.013332157 1.975798318 -0.878101288 -0.731240162 -0.076869397 0.266878293 0.117366975 1.166629458
22.767072007 20.093124520 57.119901085 0.493510825 -0.268961938 0.743480833 0.362412461 0.327446475 1.101047402 -0.207655673 0.282932643 0.261094955 -1.835118801 -0.843719355 -1.543856697 -0.680833240 0.134821361 -0.558615026 -0.414774607 0.150402712 0.476496235 -0.658845468 -0.070791487 0.165696070 0.516033452 -0.974820796 -0.911823695
20.211351577 11.824906479 63.228857174 -0.433986508 -0.596429231 -0.650052570 -0.182645939 0.331596842 0.587186321 -0.600402271 -1.242309011 1.714820935 -0.736267493 -1.139391430 -0.377343275 2.312376022 1.643747856 1.382821514 -1.430911707 0.593928200 -0.262276982 0.034530559 -1.300439018 -0.401401235 1.126414706 0.364048300 -0.432335109
12.020027925 5.951493485 53.224339691 0.062975452 0.964527234 -0.235239834 0.101899593 -0.686281624 1.021131817 -2.021896979 -0.563669503 1.402403671 0.965827633 -0.458514975 0.528565573 -0.995063313 -0.421488853 0.914714639 -0.219723618 -0.645559955 0.294109944 1.798351121 0.983657699 0.794460191 -1.553353838 -1.670102728 1.971360718
17.164586051 5.590793164 62.187830479 0.755780637 -0.499412926 -0.363466027 -0.217427700 0.726694487 -0.312618437 -0.067780470 0.155860726 -1.205746100 -0.387119241 -0.764410391 1.668589980 -0.517957551 -1.096310111 1.466024384 0.161815891 0.061316303 -0.626565661 -1.301898340 -0.250705910 0.843130947 0.118161813 0.034987324 -0.383472174
22.065519571 11.408182289 48.814361462 0.252868700 -0.022724919 0.967206650 0.007231532 0.589186893 0.875432940 1.703305948 0.798167386 0.462790102 1.041999872 0.072790155 -1.083572312 0.381142754 0.344619863 0.426197079 -0.367832168 -1.733432092 1.178381204 -0.744834203 0.937184700 0.602659356 -0.274047183 -1.609320409 1.809775776
26.009158946 12.381241494 59.106156833 0.564388198 -0.537129980 -0.262113024 -0.569433147 2.147233308 0.268263766 2.348873040 1.054686590 -0.740070675 -0.728665151 0.533358307 0.462112378 -0.275680698 1.473081770 -0.350542496 -1.010897648 -0.549561825 -0.300778030 -0.592803065 -0.085275440 -1.971648387 0.627188732 1.096072555 1.533377237
16.170426876 20.920036083 56.837428564 -0.326097250 0.670360045 -0.005051462 -0.666522675 0.574484839 1.401543927 -0.730663940 0.932717164 0.006263981 0.419544155 0.739000689 0.879514915 1.200525438 0.536907296 0.711689998 -2.242916382 -1.112185082 0.940364484 1.130952085 1.034152814 0.525018908 0.008768961 -0.796835696 1.080988456
19.442611797 17.218241374 55.001516417 0.150699312 -0.544408779 0.275395143 0.777860087 0.706586627 1.655540693 -0.126886409 0.166297906 -0.772523309 -0.711128065 0.919549444 0.733473744 -0.273470817 -0.156545831 1.089020561 -0.081851863 -0.558150088 0.996845355 -0.176889930 -0.283147594 -1.177406552 0.794216688 -0.451303628 -0.237835962
21.977595584 10.894633588 60.358069797 -0.686173097 0.629899511 0.014688865 0.363561994 0.467221138 0.361843819 -0.526957115 1.793785984 1.357068459 0.587739057 -1.741005553 0.870633168 0.166051761 -1.299778754 1.303859490 -0.718412333 0.216840155 -0.855267948 1.630286913 0.348542230 0.605823606 -0.549894444 -0.828620461 0.023156647
25.291866132 8.055191474 54.059131257 0.299232140 0.046909960 -0.315585742 -0.899258150 1.130294761 0.330570621 -0.061551517 -2.063219759 1.444722905 -0.360988999 -0.856083827 0.802450650 -0.559841673 0.910240520 -0.976085155 0.236797862 -1.283032783 1.159882639 -1.242755546 1.000382744 0.068693551 -0.656767650 -0.694424775 0.892514890
24.145825234 7.406254562 61.925700559 -0.919729429 -0.155728582 0.165283173 0.320199718 0.085968850 -0.666063025 -0.433709289 0.354419272 0.211447026 0.486660905 0.707718269 -1.402681431 -1.065844770 0.519915579 0.293746492 -0.243873545 0.272658877 0.291972784 0.295590285 1.077797189 1.068175008 1.650693671 -0.077526350 -0.920708607
16.125044926 17.532854955 51.759225467 -0.241345632 0.710193657 0.147770376 -0.644624831 0.716433557 0.360220310 -0.239316110 -1.064319892 0.020757920 1.051154694 -0.693870382 -1.316121905 -0.348935725 0.915256996 -0.275474028 0.580431311 -0.161836868 -0.659253146 -1.284343812 -1.093388068 0.793564503 0.215774369 -0.464195028 0.363361536
9.887594723 11.875790648 59.771099608 0.061415969 0.870244572 0.199104178 0.446385472 -1.345442532 1.329280222 -0.008999990 0.633167902 -0.762727586 -1.339203923 1.484389324 0.211840510 -1.048368811 -0.026141367 -1.894199069 -1.623924128 -1.946982254 1.537063852 -1.090569254 0.790051806 -0.087279034 1.619630855 -0.077215111 1.182286288
18.271828251 10.428876948 51.610790117 0.825380006 -0.458847634 0.037210772 0.326836430 0.803499848 -2.191704256 -0.774397549 2.466552505 -1.177028427 -1.097961024 0.654674582 0.216421196 0.187082659 1.760273463 0.927031529 0.417482372 -1.284269355 -1.335576624 0.248545703 -0.247124050 0.678412799 -0.362163494 0.220491592 -0.160487805
20.198461909 4.489155303 58.124678611 0.063312883 -0.804066215 0.481052444 -0.343595034 -0.449919166 1.223913403 0.233823845 -0.093493482 0.536446469 -0.269209219 -0.272617577 -1.084512190 0.534117054 0.292555792 -1.263158747 1.469739545 1.858672518 -2.115897829 -0.607160564 -0.612053258 0.266208739 0.521018556 1.421428954 -0.823722119
23.689816529 12.139543652 61.511448167 0.198563916 -0.487182743 0.785248711 -0.326511576 1.065692294 1.338695452 -0.514827605 0.959805004 0.166943687 -2.573600010 -0.194848450 0.334772520 -0.827443292 1.164290455 0.997478683 -0.788246689 -0.676347330 0.122091527 0.911112802 1.044122057 0.830441780 -0.031629228 -1.482327789 -1.089598598
10.646283015 9.204306741 58.759501146 -0.167142065 0.655331182 0.311420352 0.667549201 -0.839446658 -2.609803412 0.911885659 0.324731791 0.473705779 -0.069924035 -0.262031661 0.223367349 1.106449302 0.384520383 0.858715070 -1.111190219 1.341678079 -0.128857650 0.618429094 -0.966365374 -0.161344414 1.319088290 0.510948533 0.145158239
27.284490389 7.783633926 54.948211476 -0.116476170 0.671735544 0.641476563 0.351727850 -0.873077165 -0.899440320 0.179688955 -0.052209654 -0.624463368 0.952040762 0.150587297 -1.362458023 -1.237810054 -1.075410736 -0.221744340 -0.734124526 -1.541938314 1.108708229 0.859238901 0.503205242 -0.465939000 0.375734983 1.788888726 1.928156384
25.222764636 7.519212159 57.119524737 0.125793348 0.078938983 0.974596439 0.167649787 1.132066665 -0.158804067 1.297580362 0.268975075 0.243337690 0.396306257 1.795925911 1.127205627 -0.534084519 0.228285036 -1.371518506 -1.071340234 -2.859328119 -1.208647435 -1.081498543 0.084507373 1.082562225 -1.941408652 -0.090404210 -1.507328104
19.976773433 3.432386810 53.200572319 0.882831720 -0.042232732 -0.319603277 0.341582049 0.069080865 1.295639027 -0.947284245 0.333685234 0.968657230 -1.462012804 -0.282436490 -1.075246297 -1.094254179 -0.835272703 0.690205120 -0.617506089 0.050564966 0.047546082 1.063699600 0.438007393 -1.281153465 0.812133969 0.027351527 -0.298638126
17.905337793 13.899447116 58.059553464 0.959185411 -0.229676254 -0.019706677 -0.163779766 1.412880463 -0.106711924 1.404945496 0.191278324 -0.554831119 0.923463716 -0.202992032 0.307454287 -0.906857628 2.713118516 1.006141085 0.636888247 -0.157440833 0.229143381 -0.015562597 0.466674860 0.662219006 -0.533068737 0.003667201 -1.005746889
22.026208777 10.592743960 62.454112652 0.925325835 -0.103738824 -0.064772718 -0.358907857 0.853924419 0.801285283 1.362520204 -1.574013708 1.240060464 0.575014548 -0.820031956 0.209890843 -0.434657285 -0.617996739 0.512546098 -0.515519564 -1.372281228 1.187284398 -0.728436569 -1.412302973 -0.267461785 0.337010443 0.219505365 1.483268337
10.940710789 7.324732189 53.274386412 0.348082431 0.068364965 0.543827866 0.760536722 -1.447044861 -0.515327745 -3.162254714 2.403156032 1.169690934 -0.318486722 -0.114996682 -0.178654905 -0.501986596 -0.408740864 0.746035776 0.778210719 1.628753984 1.568494090 -1.793269893 0.574662616 0.634377682 -1.799764146 1.090778256 0.666377581
20.790374282 16.454469563 50.346292795 0.454771315 -0.156802013 0.835940349 -0.264196731 -1.013633054 0.030414427 -2.672274314 -1.048119626 0.595238555 0.141778720 -0.591620237 -0.005517141 -0.057259516 -0.595484233 -0.124290856 0.466265769 -0.083437225 0.164728009 1.091783941 -1.528085462 -0.909275201 0.729469664 -2.004507103 -0.896615100
19.162570592 9.946069210 47.015867888 -0.695348603 0.182730411 0.600329981 0.350291066 2.486399878 -0.062860662 -1.369798594 1.516120642 -1.691916540 3.718331395 -0.769390967 -1.446475587 1.043916109 0.537182656 2.177917788 -0.795009774 0.464732447 -1.191587633 -0.198411886 1.387578049 0.506675185 0.405687676 -0.615970183 1.480077924
11.089408144 14.015616858 54.474362354 0.505344868 -0.808532868 0.151959937 0.260402271 0.995975397 -0.647271574 -0.190929038 0.627062417 -1.273316294 -1.052563319 -0.523139733 -1.445742237 1.165018074 -0.388243670 -0.209483238 -0.943790555 0.203108815 0.351868587 1.548290190 0.697753826 -0.055836692 -0.767721978 -0.820262077 -0.286495498
11.514368828 13.708197137 54.796731931 0.742761023 -0.593593531 0.100985095 0.292839193 -0.882034570 1.388583986 -0.991848361 -2.256341689 0.311589805 0.570543478 0.375741586 -0.587508203 0.504954141 -1.604287180 1.367504233 1.223672088 1.929598398 -0.363338987 1.472550144 0.282288311 0.360779288 0.861118186 1.069057751 1.106460185
18.349879258 2.197617906 58.173638778 -0.107051817 -0.938204942 -0.181491742 0.274539874 -0.738059104 -1.296621142 -1.738455149 0.288652835 2.066195053 -0.776378373 -0.706168832 0.617293580 -0.635982935 0.303296988 0.840701403 -1.511000059 1.000897209 0.968161064 -1.068612865 0.305250912 -0.438497881 0.259905857 -0.180380542 -0.249630270
14.540816727 8.068053585 48.865780556 -0.504632029 0.460695737 0.618505598 -0.388016465 -2.005855241 1.210362473 -0.935593084 1.024560622 1.074160218 0.988631439 -0.751519239 -1.927345414 -0.590213931 -1.334559476 -0.770729161 0.566079447 -0.148703520 -2.164879095 0.734444302 0.190733043 0.559299718 0.932161869 0.297932671 0.188614906
22.665206214 13.937084279 48.711582148 0.624312228 -0.629532946 0.071670330 0.456930931 0.396251561 0.720483117 -0.600396146 -0.186538031 1.322988434 0.886786429 0.011984265 0.856223016 0.610957660 0.573527338 0.797072884 1.324177144 -0.679498542 2.281984060 0.015567979 0.473934796 -0.523453744 0.546381003 0.395258392 -0.349277899
17.373453386 6.079994993 53.445254505 0.502104123 -0.152338625 0.742530435 0.416332735 0.275073626 1.847251422 -0.358929261 -0.692157919 0.229009317 -2.151275203 -0.708790357 0.803447794 0.023693368 0.000874583 -0.729873775 -1.095363530 0.581420314 -1.732316740 1.393554147 -1.721399644 -0.646260683 0.560717149 0.718294553 0.583688937
24.246317910 10.837505056 61.932471673 0.119070554 0.872466356 -0.157168117 0.447127325 -1.351641031 1.261659144 -1.897263837 -0.619471358 1.104449283 -1.388370299 0.139265374 0.149810108 1.014972284 0.983312613 2.549320853 0.580117888 -0.423193856 -2.381255050 0.652449309 0.148803595 0.285761230 0.401273178 1.232076863 -0.511355035
16.765150153 3.868384700 51.943606565 -0.560432296 -0.455806058 0.671265140 -0.166010815 0.062366041 0.918152282 0.620932372 0.389236000 -1.081678710 -1.060077330 0.780792371 -0.281267182 -1.163236853 -1.169755571 -0.719388066 -1.091792796 -1.174672102 -1.982289540 -1.498765155 0.541893178 1.490193444 0.161970640 0.888029788 0.313744546
22.366137504 12.652242358 53.545655737 0.139693380 0.440699612 -0.211800963 -0.861051661 0.539350696 -0.670528785 1.174743437 0.701316988 1.015672600 0.422253844 0.912273622 1.172372487 1.076102728 -0.239921358 0.842347768 0.993996922 -0.687224186 1.042426290 1.019694212 -0.804002033 0.218557778 -0.310504051 0.695156133 -2.028450492
22.318508631 8.878834467 61.384367327 -0.602694047 0.257680417 0.292469164 -0.696291948 -1.735058213 0.579269299 0.210129669 -1.461736233 0.458620324 0.044207261 -0.283423046 0.110977708 -1.036827995 -0.161566479 0.289026610 -0.403881069 1.041957338 1.801497201 -0.196101386 -1.128387702 0.053001579 0.016172290 2.289029136 -0.667912790
18.982420709 4.527152291 60.868359656 0.138379167 -0.033095125 0.924393249 -0.353911062 -0.327983329 -0.681950680 1.806410902 -0.019207157 0.139882160 -1.128090644 0.359375308 -0.724233324 0.989056807 -0.570294271 -2.123175435 0.630661892 1.456817985 0.491102436 -0.399857506 -1.419501414 0.448660232 1.138397771 0.572620880 3.088668363
10.597495421 8.867589390 55.769529211 0.699436617 0.031666627 -0.333317645 0.631415071 -0.408218295 -1.557752489 -0.251614115 -0.602674936 -0.756471553 -1.212796273 1.937838251 0.981118423 1.066793108 0.892584814 1.215812547 -0.304313757 0.361089388 2.311678918 0.584275200 -0.412416265 -0.288611236 -0.070898590 0.323981702 -1.393703600
23.603739487 13.421925084 51.380307857 0.702139218 0.708138349 0.072341260 0.017531079 -0.315726128 -0.717307766 0.055485692 -0.624459126 -1.202153414 1.136679172 -1.819074492 -1.201259835 -0.293511512 0.222355276 0.378025334 -0.455806891 0.777185658 0.620233473 1.444587928 -0.497169487 -0.963915344 -3.111524194 -0.731539354 0.543458875
11.715992437 12.395727310 58.605045181 0.936812866 0.238902228 0.208667020 -0.147531196 0.382348862 0.102347201 1.657840682 0.017321574 0.548728434 0.180061292 0.322002071 -2.216804039 0.582452747 2.060032243 -0.544246253 -0.423640997 0.366474997 -0.810722069 0.265848887 -0.676254414 -0.596125715 1.085473804 0.321025854 0.911320707
21.195370812 12.008152793 55.582768439 -0.144556659 0.231584422 0.459016120 0.845444398 0.555885636 -0.963309812 -2.292533629 -1.833938236 -0.323990982 0.555117022 0.530437891 -1.022782317 1.549439931 0.065903590 1.079861692 0.475289001 -1.512718402 -0.267468767 0.834171475 -0.620700317 -0.285516182 0.152970061 0.113442377 0.604752114
19.575957750 14.927060376 64.049061854 0.027347822 0.117000555 -0.965398844 0.231447703 -0.619527108 -0.242234521 -0.249241203 -0.550433347 0.411570098 -1.362676919 -0.011481190 -0.718467591 1.668686337 0.529005789 -0.493980431 -0.309668538 -0.767348333 -0.995821723 -1.728636500 2.538841819 0.509431693 -0.872659299 0.872515916 1.232963799
18.350177452 20.828233848 58.860616312 0.311747610 0.584781053 0.275364452 0.696433030 -0.552029303 2.047793414 0.226564115 1.072509842 0.294969314 -1.527798958 -0.201233844 -0.587466369 2.297778568 0.696153804 1.809310470 1.029366945 -0.552002761 -0.931878129 -1.175972391 0.425235511 -0.105547543 0.712518885 -2.242673372 -1.927628687
17.227904588 11.770196430 60.308659354 -0.149432546 -0.469005899 -0.758891051 -0.426365752 -0.592960526 0.513136710 1.334268801 -0.948180785 0.795562888 0.084078279 -1.306161873 -0.702390575 2.341861748 -0.183582618 -1.062920004 0.982536442 -1.215882821 -0.097417230 -1.021125157 -1.524971944 -0.177333934 -0.610707126 -0.532044800 -0.372207971
13.311119723 9.986534946 54.533902695 0.641707169 0.700441856 -0.094349930 0.297810687 -0.526246282 -0.179375054 0.608951196 -0.828887715 0.735999102 3.243608298 -0.494862010 -0.084183604 0.946682441 -0.045097435 1.285046814 0.240778759 -0.338590855 1.477108695 -0.140321361 -1.762947318 0.059017329 -0.177059736 -0.256469706 -0.396181005
17.664752228 15.308262582 48.029173360 0.076390083 0.122303775 -0.867293767 -0.476453421 -0.408019122 1.558002911 1.116640397 -0.686001313 1.697055130 0.081224952 0.054459621 -2.037657345 0.724410898 1.639999210 1.400766965 0.443631138 -0.314527470 -0.397475562 1.149672149 -0.053485975 0.826381210 -0.231392660 0.713781437 0.822132759
20.332073113 17.819724205 60.078844017 -0.175964563 -0.055179109 -0.557681411 -0.809310313 -0.325636526 -1.933802732 0.115104768 -1.583745465 -1.185248125 1.314599846 0.351638713 -0.205422473 2.218348570 -1.515821973 0.096472614 1.657145162 -0.119540688 -1.055267741 -0.369395439 0.096928722 -0.864716389 0.611550654 1.184692331 0.173271735
26.087594711 12.261245152 52.054273656 0.358342629 -0.157954707 0.696851955 -0.600864564 -1.321032152 -2.081036871 -0.402583790 0.221551982 -0.181841263 -0.404459662 -0.117177077 -0.103067343 -0.397842874 0.233595178 2.272097322 -1.403763762 0.872516920 0.377017387 1.373443411 -0.850554384 -0.096302104 0.352788840 1.308981479 -0.347644497
16.865631270 10.091874292 50.523385875 -0.072769678 0.455513993 -0.735163950 0.496734883 -0.952441449 0.096730815 -0.240291209 1.452580043 1.025646193 0.925997908 -1.357049592 0.522421258 0.367357121 0.185779527 -0.797585964 -1.300404655 -0.633288753 0.203871115 0.079688170 0.075391690 1.581715885 -0.032668240 1.440766870 -0.589757316
13.603418060 11.854742261 50.573708393 0.317283551 -0.788299915 -0.457307012 0.262268352 1.040346813 0.247770585 1.396620515 -2.894588202 1.114780311 -1.321121644 -1.230975467 -0.239412028 0.304487541 0.114793439 -0.974729666 0.098858500 -0.198556065 0.402881745 0.242703318 0.655457960 -0.384071759 -1.134044561 0.549905187 1.655362546
11.115121495 12.768371041 59.585463282 0.045564079 -0.959411143 0.269340327 -0.070071118 -0.097874400 -1.393313482 -0.819025282 -0.359686413 -0.779885251 -0.649998054 0.956306399 -0.612269917 -0.229170638 0.288763443 0.173742685 0.186458703 0.513047686 -0.260854178 2.061871273 0.761110487 2.846129940 -0.605845344 -0.052820641 0.482490285
14.876334951 8.277197240 58.255413165 -0.405515463 -0.062274019 -0.641183975 -0.648507723 0.075090700 0.174667092 0.355197778 1.649375611 -0.361402127 0.038669226 -0.784009430 -1.035675922 -0.661050542 -0.582917188 1.066474989 0.604358039 -1.412694359 0.126920095 -0.406082235 -0.445625752 2.322285714 0.930225383 -0.450911976 -0.329823954
17.512275532 9.307940660 46.801572040 0.254167592 -0.360848220 -0.233078322 0.866522875 2.012162906 1.617854465 0.203554109 0.187922919 -0.546921740 0.081874412 0.256223294 -0.058753803 -0.061513039 -1.278273506 1.235024358 0.544447534 -0.472087733 0.581753468 1.151084364 -1.397718673 -0.733324219 -1.062633653 0.230105205 0.391156731
24.399513315 13.271859791 51.696414222 -0.724267901 -0.314083088 0.141684578 -0.597254804 0.830757609 -0.456214264 -1.328773186 -0.767626071 0.040582160 -0.580100898 1.494926907 -0.209064004 -0.237672359 0.366781010 1.075072697 1.201961827 0.476489640 -1.101406761 -1.031196837 0.698493634 -0.650337055 -0.518167674 0.209775965 0.380007600
17.373934578 6.166666419 63.773349915 -0.109792265 -0.425758106 -0.614964312 0.654594981 0.665921659 -0.299888962 -1.147597372 1.238379679 -1.116834423 2.147596416 0.516231178 1.384543891 1.040037691 0.300461179 -2.069901878 -0.305910397 1.103291239 -0.177004055 -0.428593467 -1.206787740 0.911335596 1.494321051 1.685793390 0.747208285
22.806592082 6.064611637 54.188317972 0.552743953 0.073947883 -0.314416599 0.768210931 -0.856034586 1.514758111 -2.950484046 -0.100459038 -1.013181729 -0.019508116 -0.507906587 -0.574457437 -2.333751056 -1.485834877 1.192859600 0.707637163 0.723650545 -0.323764982 -0.272675370 -0.475638709 1.450102039 0.104495662 0.118613035 1.246367125
13.205236983 16.499337429 58.780206509 -0.264528633 0.907625076 -0.155083356 -0.286688815 1.290015211 0.867254722 1.547386664 -0.225443371 -0.448533878 0.122416744 -0.749797232 -0.783825373 2.411460455 2.138836386 1.256037322 -1.619141499 0.553669903 2.151072412 0.884501696 -0.038586026 -0.330413347 0.525241261 -0.369215414 -2.377644623
17.256137741 2.262074088 53.884674311 0.126865524 -0.987124390 0.043875618 0.086979925 0.905565370 0.346373513 1.226759183 -0.163528441 -0.897740083 -0.594368465 0.310213531 -0.712834236 0.016399230 -2.312171278 -1.324602956 -0.518437167 -0.052449710 0.357051231 -1.691885996 -0.290969253 1.181533846 0.884557790 0.987505691 -1.468195923
13.711870216 6.267403704 50.734755645 0.445879360 -0.315816156 -0.261844635 -0.795543298 -0.298167198 0.060962142 0.086122174 1.013392344 0.489589545 0.405363674 -0.582657943 0.102444996 1.247992959 -1.132912188 -1.336118708 0.747212898 0.712669156 -1.287267487 1.530185274 -0.441515569 0.016159621 -1.676813823 -0.360208451 0.001223196
10.560106921 8.369257610 55.334400377 -0.053184100 0.542506832 -0.032852514 -0.837722210 -0.365940068 0.470550236 -0.395584545 -1.125044895 -0.817320540 -0.460122607 -1.732170802 0.661661862 -0.203412534 0.022537369 2.875065303 -0.080249765 -0.884259997 0.655128471 -1.879515999 -0.547142031 0.479777212 -1.199955166 0.632367391 1.593577605
18.202585379 11.695296977 52.953353866 -0.527834367 0.724451763 0.438432058 0.065862397 -1.146612477 0.546042099 1.509749317 1.221371067 -0.111616867 1.328281542 -1.139023078 0.260651736 -0.100839262 -0.677663047 -1.891521335 -0.959239992 -1.305282405 0.028748057 0.089236930 0.170115816 -0.916258632 1.561797275 -0.357404039 0.495712135
9.447721711 8.040079440 55.604105839 -0.162306041 0.474612372 -0.821910142 0.269932516 -0.163055279 -0.656317078 1.033471496 -1.851819109 1.240726089 1.058150613 -1.395177016 0.161808080 0.045088481 0.786597650 1.074468939 1.580864522 -1.356251509 0.999486741 -0.380601356 -1.902387257 -0.113714782 -0.064966569 -1.092087274 0.153572080
12.576805033 13.519924769 60.139804700 0.016509762 0.746701806 0.196077260 -0.635387715 -0.229917806 -0.510003682 0.073779631 0.720429692 2.683793116 -2.579276676 2.434848820 0.124279919 1.864833174 0.301230894 1.615206238 -0.722880252 -0.183170863 1.061201180 -2.298770869 -1.560317446 1.593752843 1.388751234 -0.687475012 0.030627358
22.834852775 7.870224563 53.577674385 -0.552387462 -0.468977023 -0.630237222 -0.278800443 1.040454700 -0.957325773 0.554017486 -0.810161888 -0.205873995 0.880778235 0.347487000 1.181432663 -0.019004957 -0.082990029 0.944938601 2.782249595 0.527795918 0.759174371 -0.502404342 -0.648969990 0.950417635 0.096040629 0.356732855 1.091054919
18.360134550 12.337285859 49.283645095 -0.701904106 0.613027613 0.216394300 -0.291034841 0.389818472 0.207720214 -0.423329430 -0.809994131 1.541061346 0.092229323 -0.675217678 -1.291850267 -1.457213790 -0.431417391 -0.646662349 0.256399232 1.319403251 1.423192783 1.593881846 0.398291948 -1.026214612 -0.781470845 -0.310961671 -1.157760579
20.942344454 2.685423993 59.065726427 0.710583521 0.219281295 0.537938077 0.397000501 0.787614928 0.450219114 0.254857107 -1.164393918 -0.668902772 -0.411784743 -0.533012946 -1.299487963 -1.181320300 0.195374953 1.001240955 -0.484853863 0.401093239 1.467792521 0.350393029 -1.219132551 0.983914533 -0.522309448 1.008708770 0.043105844
13.198818345 7.578986712 60.477985722 -0.848187377 -0.103643020 -0.081392441 0.513041488 -0.763733645 -0.485504107 0.159261719 -0.193051099 -0.634916435 -0.496215117 0.108054769 0.068856776 -0.935364565 0.805819402 0.427180296 -0.058732249 -0.141559962 0.238850364 0.227948280 0.132546383 3.218143828 -0.360808184 -0.135264400 0.960355386
24.451613683 3.730122865 56.031348997 0.362896271 0.293665111 0.183890570 0.865015235 -1.561026493 -1.654839749 0.632947158 -0.464389630 -0.322295502 0.403820241 -1.005840854 0.920173146 -0.861915812 0.155940473 0.106735509 -0.486480705 -0.384757184 0.176358893 0.149005201 0.584943991 -0.690108398 1.076596785 -0.566253877 0.139520549
14.847242739 12.564233605 52.249518939 -0.771563883 -0.477648972 0.387100332 -0.163382883 0.363127089 1.428375542 0.475685428 1.173033129 -1.019617690 -0.028620243 -0.093458591 -0.445925140 1.650743746 1.919827741 -1.037417158 -1.452481968 1.022980294 1.196804225 0.038965681 1.603107867 -1.532652044 0.379091740 -0.761040734 0.179857192
24.482519762 15.361939729 60.364983313 0.594140794 0.188520079 -0.448275820 -0.640707177 0.285867493 -0.064199089 -1.293373734 -0.476127236 0.245569715 0.401603607 -2.001776942 -0.559083202 -2.093099161 -1.318420334 -0.681930032 -1.057228387 0.140383281 -1.184763033 -0.290066762 -0.542213879 0.549085604 0.101731648 -1.034577024 -0.109104360
18.671020311 10.994903909 53.394349827 0.657923785 -0.445981163 0.065990022 0.603226668 0.729971755 0.390016215 -1.023701578 0.629269925 -0.046318232 2.171302028 0.322372409 -0.737366623 0.657060547 -0.410935447 -0.336021571 -0.659923313 1.393117649 0.047844454 -1.104223613 0.879611808 -0.199260030 -0.598104005 -0.329805437 1.340395681
13.915432849 13.866788738 61.921619318 -0.372281281 -0.136066062 0.917681007 0.027463499 -1.643039602 0.515168056 -0.368069008 0.986951742 -1.180780858 -1.102455957 0.838680780 0.914266648 -2.089517497 -1.112118533 0.680761197 -0.791303169 -1.604951854 0.407141400 0.990469653 -0.199819360 -2.157886812 0.111883677 0.103112734 -1.631261070
20.232864279 9.716969168 62.729223964 0.031950144 -0.173887595 -0.860688228 0.477449544 0.775869622 1.418632234 -0.291373716 -1.294546240 1.584632986 -0.406450067 1.668447114 -1.828559172 0.495283229 -0.960329081 1.905950944 -0.922272846 -0.898671084 -0.181630703 -0.753741661 0.820018590 -0.859050541 0.623557321 -0.516037202 -0.010430114
10.211599161 13.619524254 55.928333877 0.936165233 -0.318857986 0.033202325 -0.144297774 2.424102742 1.057498355 0.495066467 1.500987732 0.089611554 0.222820147 0.244614030 -0.847354759 -1.364736330 -0.465759004 -0.039747944 0.435002240 -2.098039125 1.083508717 0.651337468 -1.628890953 -0.840097707 -0.439564989 1.358226911 -1.165841841
13.376446764 11.162448736 60.509573280 -0.719150572 0.380144652 0.569276660 -0.119317154 0.178049715 -1.014053542 -0.473655114 -0.743647548 -0.560800625 -0.307219260 0.938214926 -1.357554492 -1.205516275 0.317452312 -0.584849539 2.268159888 0.018129856 -0.179286347 -1.065702515 0.006316892 0.622713552 0.378859165 -0.172275158 -0.420244492
17.881601079 13.008981507 47.263200150 0.591352868 -0.040039549 -0.721115660 -0.358735034 -1.137239502 0.483089278 2.189696815 -0.219245272 -1.175626194 -0.877977101 -0.469549851 -0.515985277 -0.022229489 1.449585075 -0.271160296 -1.316311564 1.026620287 0.954723175 -1.070650432 0.288589047 -1.584238643 -1.395166066 1.312962946 -0.055444670
24.661703901 19.117570089 55.023768870 0.037327384 -0.326037515 -0.906957037 -0.264074116 1.591491575 -1.143357567 0.489795541 0.107711756 0.884420070 0.942195479 -0.769469655 -0.235613149 0.284601171 -1.216976979 0.665293429 -1.674714190 -0.988960533 -0.065558930 -0.701906860 -0.718941128 -0.147957483 0.844486884 2.491058528 0.292601243
26.075542078 7.940871101 54.406813443 0.697888998 -0.319708720 -0.137168300 -0.626036851 0.758613797 -0.187506629 1.469718957 -1.471516555 -0.382800236 -0.503002026 -1.932118579 0.163593253 0.175730241 2.509970947 -1.641960967 -0.104364838 0.183658833 -0.220229459 0.758603581 -1.986828754 -0.220881435 0.487796157 -0.487752027 -1.204810698
24.625245748 9.966856018 50.799810820 -0.575192692 0.197760006 -0.786927045 -0.103875757 3.316151783 -1.502543697 -0.476277578 1.093386218 0.225637077 0.674476457 0.051255749 0.501593883 -0.546046032 -0.087336060 -0.982301419 1.257377519 0.372579451 0.317520478 -0.371213650 0.058033461 0.303710354 0.964084766 0.390277654 0.537727515
22.382145547 18.607817671 49.876151772 0.164461441 -0.518356740 -0.671259328 -0.503656271 -0.580921088 0.751026617 0.814003556 1.517619443 0.744170909 -0.461426804 -1.062313052 -1.215873701 -1.576191248 -0.953661070 0.674415502 -0.266580318 -0.679012491 1.432804978 1.795170663 -0.002640947 0.343577130 1.248372298 -1.011957592 0.638248718
14.842837518 5.942219144 61.483111831 -0.213303407 -0.456205695 -0.828881041 -0.243586206 -0.566034623 -0.371966981 -1.005166755 0.001514974 0.290086153 -0.213816678 -1.611431942 -0.253617866 -1.195229507 2.581964410 0.796198269 -0.638350482 -0.532092300 -2.106376881 2.419034372 0.731127078 0.092160055 0.929286602 1.997141012 -1.652175011
25.634484861 12.682222210 51.248940234 -0.428108374 0.637470965 -0.612751722 -0.186786821 0.986232112 -0.171037629 0.471824945 -0.791135192 -0.355934385 -1.034829692 -0.626724304 0.781513452 2.241552732 0.537980442 -0.866498505 1.470361260 1.280345010 1.482260363 1.020936579 0.671947402 -1.280288495 -1.614573822 0.118525956 1.126354216
11.556491251 12.859151638 56.670087916 -0.554724703 0.656939515 -0.497722231 0.113945416 0.674814498 0.647118743 -0.570514073 3.619433187 -0.242682453 -1.916415259 -0.496781988 0.134454471 0.674268102 0.610485803 0.626813066 -0.149240506 -1.056958036 -0.110516887 0.874735742 0.653505720 1.086527621 -1.233615147 0.956930483 1.030978121
14.192695742 7.745007885 56.179554512 0.703368668 -0.665892634 0.230196891 -0.094174882 1.057132923 -0.418151281 0.330989768 0.236556910 -1.656479056 0.579424866 -0.453575795 -1.298590684 -0.933291728 1.374708780 0.233109872 -0.092065372 0.026229010 -0.413717703 1.387533557 1.705627725 -0.157860236 -0.041029195 0.759691784 -0.319228674
17.307801911 19.019297653 54.407829525 0.024928795 -0.298906044 0.949499375 -0.092112259 -0.643758372 0.358359232 1.057273849 1.158402391 -1.786766255 -1.285951608 -0.440393479 2.063005441 0.622499044 0.922503423 0.393823924 1.571847159 0.874482512 1.985690370 -1.121664181 -0.252430762 -1.707540919 -1.303003954 0.519271730 -1.046660590
13.898011729 9.448374473 63.089730728 -0.637036556 -0.583330208 -0.317911602 0.390950775 2.814208581 -1.151245169 -0.632568797 1.350278155 -0.509074989 -0.293576756 -0.994571401 -1.635774162 -1.185160845 0.290768789 -0.246520772 -0.173181464 -0.072406746 -0.412504791 -0.369431860 -0.193957911 -0.700494274 -1.151204582 -0.780865154 -0.656983512
20.499481857 17.040866417 55.569534510 0.642502672 0.350817199 -0.112285321 -0.671944652 -0.815685758 0.079911076 2.005564390 -0.703087643 -0.406676081 0.212021652 -1.107817873 0.371700798 0.656973944 -1.198583860 -0.596465873 -0.513430144 0.263151800 0.389032929 0.539702965 -2.447963857 -0.390975065 0.663444902 -1.600495470 0.337889562
21.237240633 15.151583118 56.700790829 -0.565224469 -0.353601016 -0.619180445 0.414853224 2.173265919 0.975053692 1.983693132 -0.398649979 0.926447516 0.882285416 -0.064943788 -1.451392302 -0.560562186 0.283079348 -0.275561295 0.433856149 1.270087445 0.126397116 -0.908035882 -1.812883237 2.448104113 -0.096859572 1.002258156 -0.581257924
25.235362296 8.733967831 55.811933201 -0.113857341 -0.355037657 -0.917656972 0.137442532 -1.142045766 -0.112902549 -0.781691467 -0.715438171 -1.507262932 0.720501251 2.718822074 -0.726318973 0.331196981 -0.763560744 0.962942371 -0.436261204 -0.040381182 0.584005958 0.331806976 0.157846259 -0.029703774 1.355577543 0.062351090 -0.332429466
14.579317523 16.265668066 56.477695442 -0.612324642 -0.679294738 0.376641870 0.147506250 -0.626854420 1.072770861 0.369195238 -0.089621292 -0.308768216 2.636516147 0.408770370 0.530296472 0.206908604 0.015833950 1.422545348 0.232094039 0.003947796 -0.439019894 1.641228278 -0.563237188 -0.965539618 -1.251105697 -0.753449978 0.467351485
16.270835961 4.796917922 55.994334862 -0.294048097 -0.620976535 -0.231774528 -0.688625027 -1.500292333 0.128760582 -0.927292453 0.514394336 -0.462857792 -1.044589561 -1.354842294 0.747611665 -0.694940961 -1.379701947 -1.678410032 1.995781574 -1.936457155 -0.442618783 -0.720461038 1.532286859 0.893449968 -0.015357132 1.511139466 0.019083122
24.790313347 6.274606741 54.688482141 -0.467526676 -0.340443506 0.792270802 0.194483941 0.995052499 -0.686842157 -0.457565163 -0.454358865 -1.194912295 0.176882001 0.064519064 1.776578125 0.456563694 1.073733903 -0.281947881 0.601269356 0.107065661 -0.094472069 -0.362259494 -0.741107917 -0.710992120 1.660496896 -0.078148572 -1.254045909
18.639652121 2.694076584 56.699674221 -0.249025140 -0.853402444 -0.278505992 -0.363490248 0.252455454 -1.822600360 0.649181190 0.720824046 -1.768155707 0.471560445 0.412549100 0.117568174 0.751689583 0.004567814 1.265395142 -0.584828846 -0.041215419 0.410776389 -0.421853833 -1.660887292 0.154403650 -0.908792921 1.190049567 1.074658171
22.921112106 8.392176899 61.545994547 -0.814705809 0.462600341 -0.315408620 -0.150906502 0.700116044 1.640097867 2.576017362 0.078615016 -0.958767610 0.062874460 -2.727559903 -1.290294471 -1.833670521 2.424207971 -0.309372412 -0.546121755 0.276358315 -0.226696826 0.560007616 1.107260378 -1.591216576 0.657821099 0.361095734 -0.747856824
25.634553381 16.738240065 58.168246163 -0.609706743 0.771778728 0.154648530 0.093269043 -0.479673826 0.298171332 0.333455275 1.921677542 0.292853253 1.048212273 -0.909535218 -2.036926084 -1.511795978 -0.284119049 0.506161165 0.102038051 -1.254937201 -0.269814119 0.596571006 0.126004614 1.916485594 -0.207647433 -1.374332032 -1.420193655
22.682189477 19.333279784 53.080647871 -0.250571131 0.592280471 0.411182670 0.646023811 -0.084237152 -0.160030767 0.261531570 -0.687761085 0.524221454 -0.440034785 -0.358781624 -0.427820081 1.958071553 0.159027230 0.405654065 0.171707053 0.455064060 -1.818198140 -0.374174703 2.849687020 -0.425812657 -1.802658776 -0.591449683 -0.887471165
20.951726339 12.671565476 50.527284807 -0.076712877 -0.076400130 0.377835725 0.919520701 -0.827756733 0.475046022 1.446314707 0.742584898 -1.262496280 -2.816802445 -0.055842107 0.456229358 1.038431192 0.318282624 0.022972200 0.483094753 -0.024413618 0.881366653 -0.508735327 0.290200475 0.322370499 0.418448070 -0.582125959 -1.805843793
10.859681909 16.214965557 57.488229853 -0.501761822 -0.137319261 0.246275323 0.817757274 -1.079587333 -0.433701425 0.581690246 -0.612593388 -1.425323883 2.593107148 -0.116523197 -0.374439695 1.073221189 0.435946365 0.466945501 -0.241598526 -1.891115817 -1.154800963 -1.038951935 1.664282607 0.186788381 0.713060587 1.145816036 -1.277157240
17.119922714 13.478521478 46.916174109 -0.330652436 0.753888594 -0.564317015 -0.062187305 0.289668683 0.461450043 -0.145997803 -0.091641432 -0.243153203 0.553573047 -0.379656687 -0.391384038 -1.585683446 -0.386205202 1.371917455 -0.705287997 -1.672237520 2.233058871 1.621045463 -1.715520187 0.004835910 -0.591468156 1.729504578 1.109523271
22.119884085 14.088534958 52.668566840 -0.164078701 0.959832301 0.217752566 0.066211429 0.428877445 -1.099983526 -0.688568835 -0.672685336 -0.340892263 0.540474847 1.678652315 0.251754643 -1.275485795 -0.077739318 -1.287028464 0.226159507 -1.178755763 -1.061670766 -0.069087503 -0.719920074 3.413887986 -0.969522225 0.120817805 0.370996847
20.986863207 3.027232333 56.227421112 0.711258402 -0.541549664 0.440048090 -0.084812298 -1.251030879 1.173176776 -0.439271888 -0.737368177 -1.687428320 0.562084569 -1.451605847 0.102221032 0.719941401 0.941434503 1.400273387 1.004696150 1.268698387 0.830547889 -0.678192608 -0.035895274 -0.730923332 -1.018267894 0.476551253 -0.632107560
26.614253284 14.658128819 56.831151350 0.784181996 0.064245945 -0.536939153 0.304347500 -0.503049509 0.319299008 0.294934022 0.424775598 0.654785517 -1.269801290 0.594648803 -0.211116177 -0.459568441 0.401351530 1.553986797 -1.151578208 1.299898737 -0.534828334 -1.479907425 1.025624428 -1.146159587 -1.372906228 1.919741090 -0.527153904
22.076979446 5.067038784 52.341303092 -0.433856052 -0.196880845 0.762510285 -0.437704152 1.283796141 0.988631227 0.042450628 -1.080400565 -1.501500092 0.384458093 -0.489066495 0.689819959 -0.007356430 0.514406864 0.931960703 2.552610368 -1.349911152 0.857722227 0.366524055 1.034792747 -0.898585307 1.837455598 -0.311380279 1.501162832
21.998437564 17.939069208 61.194329604 0.162029935 -0.589578618 0.499502612 0.613710432 -0.332597327 -1.458291232 0.062251437 -0.464995598 0.050463918 0.373920213 -0.560110525 -1.287549234 0.146718613 0.129572236 1.290150636 1.080272880 -1.472689246 0.121042095 -0.007704302 0.319006262 1.242350457 -2.102317044 -0.297504191 1.392184015
24.793090758 3.643790393 57.575980627 0.243400810 -0.526997936 -0.807178804 0.107198883 -0.117848664 -0.332599343 -0.169942422 -1.370619596 -0.772435224 -0.246805593 0.055503330 1.699147340 0.670384615 -0.850308231 -0.681205620 0.053996688 -2.020109240 0.998631153 0.688069894 0.379422005 -0.136226214 -0.081063965 -0.444766123 1.002165547
15.564359562 8.966859384 53.144037137 0.808223866 0.508428706 0.095316872 0.281405629 0.827776467 1.326468451 0.275648702 0.313607777 -0.026787389 -0.019759502 -1.550612626 -1.532166399 -0.688245653 -0.967130673 1.123313524 -2.146372699 -0.444815619 0.599189392 -0.243076927 -0.839348963 -0.799443241 0.027219513 0.653843941 1.112922531
22.385876799 9.176336373 49.984353228 0.146911295 -0.087930011 0.136002552 0.975801563 -1.076244972 -0.500659519 -0.607804447 0.218233455 2.012257157 -0.862751054 0.656257976 -0.680494687 -0.977314901 -1.581808987 -0.170100624 1.185823241 0.946336359 -0.373062146 0.109264582 -1.270707310 -0.395275403 -1.066190629 0.465905116 -1.060114142
13.047946863 9.553146947 50.832944875 -0.085069107 0.086784847 -0.923603519 -0.363576920 0.470637796 1.504025512 -0.274175463 -2.184587283 -1.379160923 -1.584233742 1.277089795 0.400426176 -0.248573594 0.275385564 -0.849960617 -0.256006178 -0.527047304 0.442183742 0.567240705 -1.302190629 0.410350513 1.342657577 0.321714152 -2.008261252
18.467471598 15.222131758 61.750057617 0.942484785 0.181668673 -0.177188883 0.217538554 1.151042808 1.837093195 1.165989919 -1.172568934 -0.240189386 1.309210080 1.385993752 -1.039019894 0.910770375 -1.966180240 0.628233889 0.863369911 -0.547547538 -0.485801253 -1.881177494 -0.406174675 -1.207010515 0.299210029 0.236077122 1.026770553
