-2.916828946 -19.357516432 -55.555763038 -0.755390243 0.039130970 -0.172434943 0.630967938 -0.733182145 0.431112641 -0.805103291 0.272039059 -1.091359930 -0.180196608 0.318774426 -0.528756847 1.116926683 0.750143858 -0.867725349 0.855194310 -1.144544768 -0.419523449 -0.238651725 0.977512322 0.213861803 -0.716770929 0.603465065 0.873417850
-3.996650814 -21.033539177 -49.778274092 -0.086183455 0.630028880 -0.072661048 -0.768346533 0.466385447 1.493688799 0.233353041 -2.050443937 -0.455388156 -0.440770046 -1.302509150 0.999387657 0.619212284 1.806717467 -0.262363953 -1.032890234 0.176787025 -2.581726508 0.795416056 -0.443467018 -0.714720941 1.671706054 -0.041343439 0.393741218
5.430248776 -29.377087388 -52.867648722 0.792606613 0.342687836 0.502928873 -0.037448009 -2.910042738 0.812237561 -2.365975201 0.143148547 -0.426267685 0.407099789 -1.213009559 1.273963938 -2.139268491 1.732533457 0.331420024 0.086587747 -0.278338836 0.127597705 0.701296789 -0.054237298 0.743608869 -0.808225206 1.650078872 0.771181034
1.541439278 -16.005415675 -45.027594858 -0.580397544 -0.724536754 0.055601597 -0.367550874 -0.747678854 -2.149989657 -0.118373594 -0.908172722 -1.390717688 2.458358233 -1.058883421 -0.956826807 0.060947158 0.131701597 -0.057454622 1.209517355 0.347873758 -0.411996244 -0.354262173 -1.188214751 -0.751012359 -1.062648158 0.322500510 -0.408888780
-1.553659085 -20.194290240 -48.149231697 -0.719449507 -0.487025335 -0.380416174 0.316989376 -0.442902130 0.693289579 -0.412361307 -0.809574906 -0.984935000 -0.671382397 0.631439632 0.537231458 -1.452385595 -2.093386254 1.577520690 -0.743470560 -1.222961706 -1.216128931 -1.154920475 -1.005714838 0.142120778 0.888964693 -0.457900437 1.159854058
-3.961581935 -13.559326741 -51.325688861 -0.226811307 0.536359670 0.516215234 0.628010165 -1.179169589 0.466047959 -0.945637896 0.792823591 0.947807405 1.014279525 -0.775416207 -0.128784689 1.762713252 -2.270599654 0.804080334 0.503575287 0.578327848 0.775807876 0.341370960 -0.980651256 1.667982552 0.144008615 0.376859703 1.147951234
-0.964551345 -21.594732576 -44.870756009 0.414604150 0.840540529 -0.120131910 -0.327358125 -0.561078346 0.114849910 0.061602169 -0.349989375 -0.582085370 -1.079358806 0.083205374 0.050864814 1.258865584 -0.971193228 -0.823106280 -2.275327325 -0.030692769 0.473354581 0.298560978 -0.000185997 1.113569312 1.074946489 -1.259148347 0.171740141
-6.054885018 -15.276221177 -54.595615531 -0.410888546 -0.753232059 0.256607818 0.444932013 -1.483438233 -1.644945473 0.674188431 0.471225806 0.780211450 -1.650625852 0.774185686 0.440593928 -0.221731703 0.276069420 0.259321381 -0.860384201 -0.112952271 -0.554560555 0.747048453 1.124410875 -0.470513557 -0.353884607 -0.132664344 0.034280571
-5.193683798 -22.593372143 -53.584250195 -0.478263984 -0.780557755 0.195651348 0.351729588 0.581102316 -1.083509242 -2.757436125 -1.311861175 0.306145461 -1.263140979 0.789633505 0.913186608 1.536391707 -0.211221317 -0.016448165 -0.680999735 -0.168109064 -0.269730593 0.003542813 -0.538506154 1.189359349 -0.267375275 0.726819103 -0.642471844
1.586547928 -27.179843576 -45.949026050 -0.506046716 0.616741449 -0.508484226 0.324022374 1.230624390 -1.245059635 -0.577258080 -0.909546933 -0.368447927 -0.911991541 -0.328220686 2.254314261 -0.263014367 1.447567764 0.603504245 -0.824392307 -1.329651461 -0.122344238 0.848168045 1.186568079 -1.698252304 -1.299881937 0.217491925 -0.883790622
5.735207187 -23.106849011 -46.446573570 0.087300013 -0.471527879 -0.871256047 -0.104656911 -0.843114580 0.932762692 -1.532983627 -0.538903941 1.010289320 2.097008707 -0.584840446 -0.258091183 1.701833081 0.588626208 -0.113773456 -0.808994298 0.855593864 -1.516693491 0.275329618 0.488207978 -0.656695491 1.396057102 1.005504318 -1.166566961
4.503181882 -21.866781756 -44.407601850 -0.023601508 -0.972655012 0.211094241 0.093938368 0.035711362 -0.242657272 -0.487984973 -0.225307445 1.085342515 0.446931027 -0.418192264 -2.163455264 -0.720117779 -0.690646224 -0.764847819 0.087200447 0.119820679 -0.005230787 0.261331415 0.325772012 1.053206616 0.765879831 0.330317990 2.444235956
-0.962546799 -18.066398787 -57.069108525 -0.127588148 0.290861163 0.252832405 -0.913891035 -0.203572632 0.535697765 1.295306113 -0.667384798 2.238787708 -0.917783819 -0.233627627 -1.464372813 0.276387037 0.522930970 1.472353144 0.039520286 0.182152096 0.040961098 -0.704858500 -0.618895359 0.387514134 -0.222617298 -0.336820663 -0.379702250
0.972292122 -27.305460815 -47.364386250 -0.281345039 -0.469140938 -0.629274650 -0.552055399 -0.325573651 0.744385404 -0.225703793 0.678347513 0.239364262 0.611693942 0.666451888 -0.553477359 0.114240622 -0.530389952 -1.533919593 0.690474799 1.505942607 -0.475990908 1.687117837 -0.111576781 0.089839847 -0.072545890 0.766038717 0.207623038
-0.192452934 -17.139278605 -54.252564942 0.704971076 -0.409625200 -0.016764826 0.578741668 -0.880954981 2.424956771 0.934284874 0.938111766 -0.359342978 -1.371112930 0.021603226 -0.848619690 0.891496640 -0.327373691 -0.422395238 0.557124963 -2.209853575 0.234753525 -1.646291835 -0.191090731 -0.318478757 0.679629993 0.435716759 -0.513721813
-2.713281275 -21.461349952 -60.649072431 -0.666241924 0.539528783 0.232869450 -0.459132019 -2.143418888 1.399450182 -0.014965554 -0.003371154 -0.073689843 0.497733252 -0.926472819 0.669681124 -2.427306521 2.012182594 0.416202298 -0.837107441 1.133484459 0.239862588 0.278941548 0.906346991 0.830225402 1.011487303 0.215271411 -1.514248127
5.244792195 -13.168344263 -55.266200112 -0.056048701 0.172782343 -0.040283446 -0.982538574 -0.701263580 -0.500869013 0.891750014 0.780759004 0.630882047 0.271624510 0.210949322 -1.639146376 0.556278144 0.687702162 -0.390617308 0.538803564 0.434305712 -0.792786795 0.448323445 0.102871841 1.050273073 0.388840705 -1.858383905 -0.345225284
-4.457515823 -14.995261052 -48.414296596 -0.016788958 -0.356975376 -0.872264917 0.333827240 -1.069302616 0.702083518 0.477828023 -1.299170650 -0.382800357 0.360260066 0.561912031 -1.409825228 -1.448473310 0.197781737 -1.497879014 0.663162791 -0.308946279 1.139154524 0.355114416 -1.068814873 1.261463704 -0.349876125 0.956274528 -0.166661562
0.269381643 -12.370699214 -53.697078086 0.056496377 0.557653420 -0.823792145 0.084837048 -2.192975922 0.240140112 1.437245542 0.706581695 1.822372023 3.178308999 -0.113534695 0.706596665 -1.078787656 0.532840268 -1.364814885 0.672360596 0.516019594 -0.393371754 0.585870004 -0.234605255 1.365698600 -0.101890912 -1.637406428 1.530300162
7.907014333 -13.258249966 -49.364908375 -0.019238249 -0.375396309 0.168347825 -0.911244485 -0.166937919 0.042684058 0.643672089 2.092414976 -0.802628544 1.357575013 -1.300698504 0.020760572 -0.328906011 0.938353198 -0.423669383 1.628908401 0.146108460 -0.061822325 -0.005701862 0.031081178 -1.868962128 -1.412837009 -0.317664352 1.306583638
1.669086219 -24.414025725 -52.249878751 0.942520822 0.112856515 0.289719516 -0.122394888 0.126197062 0.210791871 0.109730418 -1.352572999 0.883848544 -1.231948372 0.507516936 -0.212074044 0.159906091 0.334765367 -0.845486211 -0.230423888 0.388743680 0.657296651 0.144069278 0.365166046 -1.041752697 1.051456216 -1.191204908 -0.531410829
-3.319687473 -15.035065487 -51.432949856 -0.757510191 0.509778144 0.392664781 0.110085986 1.713517471 -0.107520960 -1.622901523 0.796318889 -0.146492320 -0.549275092 0.014730983 -0.720592016 -1.691973115 -0.958285119 0.295210239 -0.012771292 -0.297711988 1.429205945 0.271538512 1.253062047 -0.321818836 -0.518174354 1.049156898 0.254069074
5.334703030 -13.957259634 -53.871229008 0.139220170 0.881746845 0.412232200 0.182222005 1.101780214 -0.378065414 0.573436977 1.269919052 0.907880241 0.055067917 -1.133620210 -1.828485793 -0.641958293 0.352462410 1.245257602 -0.185979138 1.381807268 -0.162224570 0.209824151 -1.920920124 -0.867824673 0.339359380 -1.724276245 1.283603362
0.520128614 -18.640708533 -60.074215999 0.578976962 -0.119200905 0.281010872 -0.756048749 -1.354590897 1.139681384 0.831754186 1.326080110 -0.196077271 0.740980403 -0.986341535 0.356454445 1.114122047 0.827146943 -0.315900304 -0.856145929 -2.238771050 -0.738797015 1.789459537 -0.156763357 -0.085481034 0.506387255 0.550533159 0.057881600
4.560690917 -16.495486427 -47.299464894 0.460876672 -0.821666909 0.290159498 -0.168117962 0.847470964 0.435047226 -0.238384487 0.823117810 -0.760050380 0.651023384 -0.187286605 0.046138432 -0.978427386 -0.105927974 0.507259360 -0.889523093 0.148942177 -0.869832611 0.439977901 0.715833847 0.065528181 -1.051480951 0.262546030 1.438584701
-1.589515220 -23.571811159 -49.407665874 0.139575792 0.410792496 0.407696314 -0.803462407 -0.764951536 -0.085534224 0.189347305 0.102583021 -1.088129765 -1.922581309 -0.801280298 -0.093060790 -0.246489463 -0.368350773 -0.116280613 -0.083261130 1.544925095 -0.576684930 1.023376012 0.152182445 0.781559475 -0.247587434 0.974334044 1.869081929
2.532369947 -12.312373047 -48.083318668 -0.827350011 0.366231385 -0.372721176 0.206022951 0.423312284 0.053639767 -1.511350660 0.079115221 -0.895744220 0.714169126 0.626714885 1.011887281 -1.117893892 0.394921783 0.879318497 -0.994929528 1.572136844 -1.272807048 1.375743153 -0.280343778 -0.792620483 1.701452088 -0.905664379 0.687953394
-5.202617951 -25.231714680 -49.484219451 0.105426335 -0.501241585 0.208648506 -0.833131420 -0.197379745 0.278523840 -0.413932247 -2.400250668 0.109584525 -0.408991041 -2.295816848 0.025836534 1.183166607 1.117909105 0.360312805 -0.086709356 -0.608056938 0.234975876 -0.596363742 -0.686288887 0.125375764 -0.211252461 0.920618753 -1.652793687
1.425348096 -27.300518548 -50.701527810 0.611160791 0.249447142 -0.455276737 -0.597479458 -0.233930723 -0.667282063 -0.194069300 -0.376265629 -0.650029124 -0.017855834 -0.505541688 -1.376415272 1.141537684 -0.414775910 1.411940541 -1.270002646 -1.079170602 2.740083956 -2.379306382 1.290918424 0.177825054 -0.177736300 0.701047023 -0.369928196
-2.064205514 -23.583703883 -52.755865600 -0.294268714 0.703098782 0.405451335 0.504645660 -1.851447232 -0.299726650 0.330721830 -0.407244727 -0.434189168 -2.215288971 0.600777546 -0.693863739 -0.006638105 1.458300068 0.724508101 0.004602751 -1.479923043 1.083606875 -2.027466589 -0.958222513 0.240030409 -0.724138316 -0.495255503 0.485099799
3.676943924 -25.254027450 -47.217893789 0.430645589 0.703220034 0.155402140 -0.543944974 0.156334780 1.922467053 -0.603233656 -0.655543061 -0.446083121 0.301429089 -2.444427633 0.606349377 0.984980133 -1.477843061 -0.245589766 -1.464079110 -1.385542418 -2.261870245 0.370146654 -0.321481778 0.942149579 -0.630636862 -0.568854273 -0.357961241
7.545293995 -27.124672796 -52.333321899 -0.577785694 0.608805126 0.541990587 -0.042026352 0.177443671 -0.320626310 1.272356735 0.532649445 1.118085024 0.921448044 0.932627669 0.626187905 -0.408629929 -1.876592196 -1.879071595 0.727764646 1.463179329 0.154550961 0.480383993 0.961849991 0.113841229 0.676932552 -0.638560660 -0.668645799
1.001458092 -21.584129596 -60.206134681 0.525271723 -0.714565006 0.054429048 0.458828888 -0.115806560 -1.038485104 -0.084545793 0.935578082 -0.929630770 -1.810269911 0.146729681 -1.770137771 0.930686379 -1.830018974 -1.438419479 -0.527633383 -0.559132195 -0.364934441 0.702535527 -1.961321869 0.081508455 -0.306113153 0.541369966 -0.696685563
2.951338350 -23.980293193 -55.028352092 -0.442446633 -0.308949455 -0.722587119 0.432040585 -1.437505343 -0.708594709 1.411974234 -0.871911337 -0.207231364 0.124632370 -1.252725700 -1.914695462 -0.885078250 -0.975826401 -0.061755132 -0.741058953 0.257082536 2.405688835 -2.348898278 0.474571275 0.303706377 0.402186060 0.206727359 1.276658659
8.331022247 -25.562939497 -55.486628329 0.708469600 -0.321352093 0.249980110 -0.576466480 2.234786379 -1.488504468 0.704021083 -0.098753438 1.212184564 0.285391775 -1.583939779 0.483578049 1.274268392 1.133296292 -1.263778922 0.772734969 1.236375151 0.302877180 1.285793963 -0.938541057 -2.084799588 1.659017960 -0.164651572 0.561121523
-2.297372191 -24.373093163 -54.652844806 -0.620008922 -0.691483568 0.029315097 -0.369567365 1.058905592 -0.239608058 0.880278092 -0.489668820 -0.110351541 1.709440408 0.372019508 0.197115748 -0.199397556 -0.152113787 -0.173676240 -1.080130825 -0.132232478 2.830132104 0.262146136 1.695285370 0.226982662 -0.730905239 0.800663169 -0.248674410
3.708628608 -16.933296621 -53.917392035 -0.345091955 -0.017898246 -0.609013343 0.713928528 -1.450732490 -1.701788776 0.833500982 -1.679380093 1.103306006 -0.899956892 -0.203757636 0.889683271 0.816978458 0.816155148 0.393473250 -0.285687468 -0.944206352 0.945821513 -1.404459228 -0.217316589 0.489345271 0.121946744 -1.233441535 -0.039016680
6.506364984 -28.080468162 -53.928348794 -0.497056173 0.794413550 -0.336157474 0.094023535 0.709421267 0.597294411 -2.003933241 0.540940580 -0.261339056 -1.989935686 -2.018094129 -1.610198923 0.339968444 1.684057233 0.494298766 -0.358531766 -1.210042117 0.615570328 -1.336094798 0.215812505 0.184045955 -1.152305314 -1.523481500 -0.050579919
3.729868992 -16.631057342 -56.585246645 -0.858020097 -0.190882531 0.406563503 -0.249141509 -0.737293368 0.582816973 -0.127411428 0.852035083 -1.390183068 -0.060076741 -0.551901881 1.503920689 -0.291483651 0.299630269 -0.874831496 -0.824648358 -1.164303287 -1.733554969 0.756519103 0.883730807 -1.049939603 1.305171639 -1.355078446 0.476301194
5.118697810 -13.924986365 -58.992997378 -0.533589235 -0.004423512 -0.844799750 0.039703190 0.133614328 0.209979299 1.029954519 1.802369050 -1.105557058 -1.512412387 -1.948480071 0.093070693 -0.397401100 0.241078481 -0.828519173 1.364387630 0.327009084 -0.356365339 -0.232166618 0.286172303 1.887012513 -2.020218693 0.661418871 -1.249534449
7.006671179 -17.637664287 -46.408365212 0.005740365 -0.851461821 -0.346992446 -0.393161617 1.496735459 -0.276046036 -0.971161710 -0.530716958 2.352282634 0.264113488 -0.590093020 0.693299882 -0.408601189 0.473911374 -1.628892365 -0.393698465 0.983289557 -1.879763090 -1.672859144 -1.324902901 -0.202841975 0.819852084 -0.776369275 -0.326563676
1.991630445 -25.420834248 -52.477180763 -0.420962420 0.872690770 -0.017102430 -0.246797424 0.103917417 -0.327296865 -0.049769980 -0.317736957 1.445867008 1.544654528 0.712219267 -0.798190197 0.285615402 1.703995376 2.189747777 1.570404564 0.989811328 0.937284172 0.743862207 -0.757876821 -0.959205195 -1.410376171 -0.042249201 -1.105287296
-2.498360916 -14.329637864 -49.324053220 -0.609735639 0.334947203 0.453370986 -0.557214116 -1.515569992 0.953416973 0.686861201 -0.367516488 0.133615540 0.929500603 0.843641103 -0.212630405 -0.298575456 -0.548367517 -0.422317620 1.800834263 -1.011994897 -2.460188713 -0.666169355 -0.074914547 1.492031050 -1.054409980 0.624011847 -0.911050463
-1.755030951 -20.665681705 -58.502312271 0.468934169 0.273381364 0.548436248 0.636066865 0.188523726 0.446282311 -0.956986499 -1.704658830 0.760062225 -1.935951432 0.034714536 -1.124838047 -0.100194756 -1.404863636 0.717401411 -0.510442071 0.325516581 1.364356737 -0.604713283 0.602420372 -0.428524278 -0.543944206 0.522996115 -1.434541020
1.691086343 -18.075204912 -54.201139597 0.557764167 -0.677041817 0.309823944 0.366773276 1.687171517 -0.878782613 -0.152989023 0.473651635 0.693315289 -2.282583446 1.283574404 1.143222335 -0.173413050 -0.528246261 -0.273889023 0.869630027 -0.221813749 -0.768240755 0.042200367 -0.653083414 0.480877474 0.909569282 1.519387451 -1.213016457
-1.122052131 -24.986660656 -52.955411608 0.676493037 -0.466949798 -0.494019528 -0.283301539 -2.460183924 -1.507796505 -1.008621388 1.647145106 0.142354174 -1.028129534 -0.602822732 1.803708260 -1.833017786 -0.034925215 0.063787041 -0.803636966 1.220265012 -0.015896790 -0.452563250 -0.623682221 0.959340671 -1.333200593 -1.894724626 1.474079449
-3.044101447 -18.302566600 -57.470230221 -0.292319295 0.620254287 -0.190669754 0.702480671 -0.256286074 0.640736657 -0.220093842 1.692103062 -1.520380262 -1.221456574 -0.369311211 -1.039724565 -1.172107935 0.530959262 1.313827310 -0.028474586 -2.275134983 -1.126329731 -0.120099380 1.320139445 -1.131614226 -0.264829420 0.500105905 0.442596532
-0.479129227 -25.939714786 -46.776169884 -0.328105793 0.699746813 -0.630731171 -0.069851105 -0.109719361 -0.313544869 1.085072988 1.168773250 -0.564606781 1.903964181 -0.270271499 0.215294562 0.487902925 0.440339200 -0.101080971 -0.572817943 -1.385322856 1.844217188 0.832781137 1.059024585 -1.083472581 0.915544314 -1.608037624 -0.060929503
2.852433442 -10.821001802 -52.218214431 0.684393595 -0.082609680 0.345679974 -0.636621083 1.058529865 0.122297462 0.824597898 0.545878278 -0.847467184 0.003537408 -0.200161750 -1.761912087 -2.351586482 -0.409611730 -0.721015230 0.906894754 -0.235887620 0.644609534 0.899118811 0.944715921 1.579949018 -0.532964260 0.657605690 1.553519310
-0.798917761 -19.120281085 -44.943514383 -0.247749225 0.340168371 0.905836646 0.048639206 -1.316404843 -0.207150238 0.689606996 -0.046881667 0.342731950 -2.120067113 -1.431541056 -0.197351169 -1.594683774 0.361396447 -0.458489443 -0.508410357 -1.159259575 1.356953640 1.043624000 -1.577535971 -0.309694620 -0.060488730 -2.399072037 0.835920231
5.036972285 -28.323301066 -54.420474609 -0.068449533 0.804729204 -0.124787948 0.576327631 0.069183336 -0.023672280 0.249799526 -0.229177535 0.318198300 0.734782882 -0.090743080 0.074863972 -2.102104071 0.208132665 0.763638594 0.572741690 1.647179203 0.422601994 2.044686471 -1.290848704 0.929137067 -0.399723263 0.650442188 0.770589825
-4.485094310 -16.984516736 -53.836305268 0.202862503 -0.086971338 0.620067842 0.752860321 -1.386921046 0.273329888 -0.635317436 -0.272030161 -0.884188335 1.532675530 -1.135082012 1.609110317 -0.633119454 0.522837557 -0.374693112 1.895669604 -1.185256219 0.088841902 2.520414047 0.209164689 0.614044151 -0.088387378 -2.018110394 -0.935448907
0.710655502 -27.241974469 -59.148967997 -0.137288057 -0.189340625 -0.961710476 0.142881342 1.222705156 1.505517691 0.239018996 1.988608192 0.355136611 -0.496766748 -0.336938604 0.008408986 -0.736842557 1.434051560 -0.751992257 -1.311398864 1.277579414 0.194059341 2.251108915 -2.001644397 -0.276749019 -0.792336653 -0.485633862 0.389905061
9.639302297 -24.221840670 -53.310634885 -0.131417614 0.409850740 0.451120612 0.781819656 -1.208011526 0.332875252 -1.031607452 -1.249610066 0.810469300 -0.542015480 1.393698836 -1.749355339 1.368878413 0.773985396 1.003094071 -0.216481022 0.501711064 -1.189811043 -0.143060566 0.872400718 -0.179236530 1.792076725 1.254925868 0.456870258
5.611017601 -24.645796694 -56.255116922 -0.142352787 -0.861782222 0.486692970 -0.014037073 -0.104772313 1.661922037 -0.748396691 0.543709857 0.868390754 0.305233621 -0.569993542 1.242435938 0.026343409 -0.522935835 -0.093641715 0.466935742 -0.127336567 -0.122495968 0.117520896 0.593533325 1.580098232 -1.188304493 -0.347129281 1.135997716
0.909855236 -15.831942207 -50.818222755 0.261503190 -0.949203299 -0.129078184 -0.118186301 1.063307645 -1.363422543 0.750298959 -0.753919932 1.460600296 -0.225522073 -0.523582306 0.251237468 -0.949451215 1.364077493 0.787306732 1.801809078 -0.400138865 -0.913174065 -0.248280237 0.588455018 -0.388995457 0.403902898 -1.455443168 0.776724518
7.514082304 -23.947523966 -50.119185858 0.297645209 0.823422260 -0.240256619 0.419117964 -2.365776360 0.043928309 -0.848679806 0.869257815 -0.037573016 1.975999707 -0.171693695 0.988617971 0.558069111 0.054687051 0.601359706 -0.531561317 0.707880069 0.683766657 0.982265376 0.165751870 0.072398383 1.029454646 2.060057443 -0.758383386
7.416771761 -15.913894176 -56.212157723 -0.238827132 -0.838021877 -0.296519074 -0.390841877 -1.063409062 0.021372861 -0.167712138 -0.740001051 -0.129062615 -1.781696868 -1.876497113 -1.842885645 0.840023151 -0.765441845 -0.184250889 1.045141899 0.907939149 -0.713267122 0.305677479 1.224243100 1.664004905 -1.691264179 -0.698719922 2.754728719
-4.232593879 -16.403879028 -49.273322766 -0.458630015 0.255652719 0.679191144 0.512834853 -0.356950269 0.927595943 1.155386314 0.836682937 -0.322578389 0.902954725 1.283272777 1.817670265 2.641896781 0.568353826 -1.385488692 0.076459984 -0.993072422 -0.139393118 -0.182259677 -0.313452326 -1.713758729 0.396291667 0.816046340 2.291133476
4.833803272 -25.797245794 -54.485069197 -0.348202219 0.674637121 0.559343286 0.332798826 -0.409849550 1.021766174 0.647099753 -0.262517979 -1.153947889 0.663251415 -1.052335165 0.758807436 1.527903157 0.877179190 1.593218531 0.435740300 -0.286523557 1.199136285 -1.772531610 0.472230288 -0.219324343 0.380652148 0.405964928 2.117323017
7.371162606 -22.693852206 -49.830748084 0.164905201 0.755176675 -0.631431117 -0.061718793 0.381066330 0.108698879 -0.129647597 -0.844687497 0.380134630 -0.589433008 -0.475576383 -0.688239684 -0.002532338 0.235665823 2.377986872 0.430456453 0.131144668 0.006313892 0.464053361 -0.297924422 0.514701539 -0.531471480 0.481070599 1.877816022
8.518810544 -20.919002628 -47.021219123 0.727755978 0.473532107 0.485185092 -0.103605055 0.453471976 1.445699365 0.228194535 1.727300475 1.411833529 1.046546510 0.238998720 0.114276625 -0.270987457 1.539239445 -0.901454693 -0.482232757 0.476486756 -1.083081251 -0.351786476 -1.251346340 -1.357167653 -1.086063486 0.909418770 -1.270101678
-0.607940505 -16.348302305 -47.586750849 0.041962121 -0.285718779 -0.869020376 0.401755581 0.429366516 0.528421061 0.334613873 0.211111660 0.595926433 -1.171753017 0.885566067 -1.208722832 -0.186842946 0.456663229 -0.018590801 0.283053166 1.016356600 -0.936670607 0.986427374 0.156333044 0.859450847 -1.622053148 -1.202293994 -1.962011727
2.843936160 -15.365307712 -60.095472771 -0.575031611 0.710961775 0.083847447 -0.396032329 -0.879077267 -0.996301971 0.157120015 0.894607741 1.249543533 0.708208858 -0.182980103 -1.481506002 0.963285034 1.288638616 0.705955044 -1.208941840 1.508024810 -0.489531103 0.780230135 0.765806195 -0.321437215 0.350327516 -0.473348241 0.707422719
-1.111851852 -26.039554450 -52.455435728 0.562112478 -0.309030527 0.577105597 0.505449132 0.312115821 0.578112728 -0.841429834 -0.857449311 -0.348051222 1.226509484 -0.000284002 0.675239685 1.735200199 -0.178699001 1.198915570 -0.530771702 0.452553955 0.027865878 -0.815916166 1.075730384 1.142112861 0.360355408 0.334979269 2.044415636
9.692272578 -23.104612027 -51.732629934 0.674265826 -0.532049779 -0.314271961 0.404378243 -0.770525755 0.334307989 0.651229930 0.808476718 -1.199277993 -0.155280213 -1.141967122 -0.532534540 1.047757907 -1.220596325 2.783596036 1.710232578 -0.593389277 -0.049687832 -1.364077564 -1.412022406 -0.232876790 0.486558640 1.054712460 -0.212261334
-2.184950217 -23.011322796 -47.406924441 -0.572385996 -0.588587862 0.106917234 -0.560809509 0.575884469 1.150009244 -0.228430809 0.207330903 0.962987244 -1.093990508 -0.246737402 1.955091139 -0.360520860 -1.255365049 1.612733872 -0.265280149 -1.420079695 1.729949768 -0.439061911 -1.401871302 -0.750579095 0.034124046 -0.165304309 1.528429611
7.912435008 -13.561031887 -51.451131453 0.023804001 0.936938264 0.264059234 0.227712055 -1.517958862 0.465682269 -0.507446026 0.347956332 -0.767734246 -0.047325973 0.524052907 1.101005981 -0.500476644 1.473084987 -1.162354319 1.200492785 -0.202034217 0.115944948 0.583013538 0.100788859 0.709817115 -1.064852555 -0.299071520 0.062500501
8.247705724 -22.290673999 -46.936890799 0.528954257 0.485734245 -0.685166532 0.121722888 0.143298323 -0.208512575 0.418810868 -0.348263367 1.106059789 0.313379133 -1.354599739 0.134594393 -1.023028773 -0.712192263 0.566720855 -0.849975429 -0.124892026 2.388206974 0.109541896 1.995217386 0.050584212 -2.418222208 0.722937686 1.085416524
-2.935286220 -25.071662628 -45.982503009 0.528338819 -0.291267565 -0.228394453 -0.764105537 -0.548368807 0.526361423 0.926619870 0.586333956 -0.504292853 -0.885106608 0.665431087 0.222989627 -0.819554862 -1.232329899 2.498067451 -0.062993213 1.292596533 0.256827987 0.763215304 1.724837857 -1.595782199 -0.712252753 0.677335590 1.232805367
5.123183333 -12.196183381 -55.159197163 -0.191989945 -0.744667423 0.265965601 0.581268088 1.052801361 -0.707428953 -0.804338234 0.148414201 -0.356984820 -1.323612820 -0.156167449 0.583909922 -0.212072986 -0.159369153 -0.471153696 0.224685988 1.535409603 0.593269635 -0.853879023 -1.325750457 0.561964561 0.559830602 -0.639868191 -0.103488973
-0.862353170 -29.658768696 -51.312949233 0.089307301 0.964100704 0.195096945 0.156432799 0.529919408 1.386192677 0.786589088 -0.514147225 0.081755674 -0.278464464 0.057298820 0.453407509 0.356924148 -1.062936221 -0.596285704 -0.022142222 1.862792037 -0.161571435 0.326327126 0.800518191 0.030637424 -0.304060569 -2.036500431 -0.962561656
3.182662875 -21.408794172 -57.588127300 0.184389544 0.090651169 0.453818466 -0.867082270 0.732229803 1.323155313 0.351861521 0.920713236 1.266554980 -0.353407450 0.331681575 0.178182807 0.580989082 0.932609077 1.168245561 1.591141010 2.244739689 -0.597056829 0.868150971 -0.265822746 0.097278674 1.047317289 -0.996485607 -1.008942689
-3.634345106 -17.383032193 -49.664730339 0.543360787 0.235257461 -0.738101792 -0.323448183 -0.366066558 -0.117055782 -0.441919671 -1.282650879 -1.443772729 2.390898590 -1.325857746 -0.307767976 -0.753788572 0.412107827 0.000379093 -0.423177413 -0.830933138 -1.194700519 1.405261342 -0.339521307 -1.194590273 -0.202799666 0.250763819 -1.168030360
-1.445403088 -24.331616575 -58.607380023 -0.224503785 -0.196477577 -0.829949294 0.471358443 1.818116054 -1.203592052 0.717419711 1.321402330 0.196240750 0.193819224 -0.569773569 1.169566233 -0.748148282 0.381246441 0.001964071 0.001528448 -0.021329942 0.599506344 0.981537650 0.468823977 0.954287610 -0.931260201 -0.711666628 -0.897259399
7.492616772 -22.681343128 -49.303760785 -0.343667372 -0.836980993 0.379621135 0.192985357 0.055760702 -0.776621110 0.316030191 -0.382351830 1.215979754 0.743086085 -0.070338336 0.406986028 0.910252177 -2.067996081 -0.621269802 0.607773495 -0.381481932 1.395753384 -0.785195629 -3.264518469 -1.025838665 -0.654691348 -0.661391397 -0.057982885
8.595049538 -17.330882194 -48.423254835 0.653832777 -0.162210304 -0.242760150 0.698038700 -0.384169373 0.127742405 -0.727436403 -0.775356087 -0.218721008 0.383724654 1.236558608 -2.083541486 1.351201828 0.816254683 -0.504228031 0.421089338 0.381271795 -0.297433652 0.585922297 -2.242883963 1.191272464 -0.335159465 0.009663020 -0.244104335
6.814534846 -18.462302096 -46.160028542 0.003505526 -0.527050670 0.805211930 -0.271733417 -2.227230973 -0.439969313 -0.157885775 0.718642035 0.551444393 0.176669142 1.048372143 -0.043212346 0.498579848 1.017390647 0.403066599 -0.992959719 -0.789559949 -0.947942923 0.224419836 1.946554329 -0.336344985 0.487017114 -2.043819575 -0.390527943
-5.133002958 -15.711870709 -52.908099347 -0.026999050 0.649388899 0.641251006 0.407875295 1.643103697 -0.398734933 0.122022742 2.517219305 -0.150571690 -0.254329061 0.137906381 -0.146160649 -0.454340351 0.590084129 -0.278471385 -0.173369913 -0.556876722 -1.330491999 -0.703584508 1.948373630 -0.939756965 -1.075505774 0.847452464 -0.196251200
1.910048202 -25.984724061 -59.798911847 -0.957699662 -0.227108618 -0.022732333 0.175260591 1.221780300 -0.870346530 0.297448107 1.281622108 -0.806444782 -1.067304932 1.583862860 -1.731904726 0.645313292 0.928920322 0.616451061 1.335957621 -2.640463060 1.014683850 -0.488013134 0.019294227 0.359384814 2.213678321 0.587979770 -0.989139857
-2.497217926 -14.826328891 -56.160810445 -0.330043123 0.588321432 -0.667024227 -0.316272208 0.516672418 0.609873530 0.120401067 1.010546605 0.231433246 1.200725083 0.824289408 2.686536959 -0.986613302 -1.462984286 -0.068056515 0.304113450 1.719022899 1.559585237 -0.577279220 -1.235528739 1.471104600 0.853528980 0.017418951 0.107227316
4.761983292 -24.542342171 -60.197311421 0.270345054 -0.522736081 -0.776123569 -0.226479021 0.274152401 -0.085450514 -0.140379433 0.458283226 2.128833464 0.027582286 1.542365219 -1.551891430 -0.884144069 -0.047497873 0.081120076 -0.284391374 1.508425812 -0.936001128 -1.673578718 0.395675512 0.578642461 0.943149007 0.182215374 -1.925766513
0.925869027 -15.886406639 -50.222609407 0.116586384 -0.295491005 -0.946984619 -0.048091718 0.486232030 2.870630870 -0.323661009 0.589551820 -0.103647928 -0.283890933 2.289342951 0.302159564 0.523021852 -0.286255375 0.294587896 -2.230992985 0.823654192 0.273155134 -0.351652691 -1.390044832 -0.142072182 -0.297275169 0.304682872 1.288761593
8.430610640 -18.337646460 -58.737838711 0.577692252 0.018047269 0.446691449 -0.682944147 -1.661971218 0.552276694 -0.887276435 -1.174388498 -0.649891746 -1.104845919 -0.951835514 -0.957642107 -1.548841728 0.083396349 -0.012029045 0.839598219 1.243380954 0.837662939 -0.079566390 1.286410035 1.102799138 0.040445274 0.859635278 0.100624163
4.617825050 -23.805360444 -59.698900429 -0.256849138 0.289687339 0.588850065 0.709482464 -0.856344032 -0.027788484 0.645409528 0.149965568 -1.388247854 0.788072390 -0.052268561 0.199409760 0.122278278 0.394476424 0.307890367 -0.364942957 1.878110496 0.146841510 -0.157105944 -0.601509981 -0.184178034 0.906675667 0.076964997 -1.345112258
-1.282677070 -25.132172063 -55.534405075 0.634073355 -0.216470883 -0.417356396 -0.613925872 -1.315340213 -0.079401595 0.765809706 -0.189858703 0.652398046 0.151832883 0.750747494 -1.469058216 0.237281258 -0.736877089 0.073790324 -1.335063732 -0.724850011 0.260164461 -0.922074300 0.097381378 -0.894243429 -0.257219410 -1.264487157 1.083458775
1.883691466 -21.690593575 -47.204959797 0.864136496 -0.051415139 0.036456195 0.499295048 0.520273110 -0.606128464 -1.119061372 -0.193632469 0.735553652 -1.800945975 1.057398355 1.715416133 1.069633988 0.055957508 -1.125440460 0.547648874 0.203585700 -1.508636547 -0.619954884 -0.624925815 -0.116844654 -0.353311112 -0.444980077 -0.360143471
6.728297338 -14.610780251 -57.167081780 -0.180187364 0.607510055 -0.773477554 0.014018570 0.267272119 0.290593215 1.118850569 1.052706459 -0.857132790 1.239048488 0.353793247 1.996811326 -0.719336421 0.419513129 -1.335225189 1.831399066 -0.138015223 -0.411284731 0.157120109 0.651704828 -0.249579655 -0.582364563 0.389711562 1.901241971
5.828140712 -25.285889927 -56.492974611 -0.415468555 -0.069184744 0.870374976 -0.255042648 0.446801130 0.441878647 -0.614186972 -0.130480742 0.472288004 -2.069264394 -0.428829113 0.466841021 0.189081607 -1.253244121 1.895157275 0.821410610 -1.365011113 0.196187220 -1.035806069 -0.724115379 -0.019122938 1.406859935 0.605392027 -0.160814498
-2.687734938 -21.253850926 -47.183618916 0.481560451 -0.381766040 -0.759998549 0.211557151 -0.115035511 0.629613903 -0.077505475 0.215274732 -0.067164230 -0.413022129 2.100062899 -0.118314555 0.949133197 1.586136834 0.923918533 -1.049220426 -2.689637519 -1.666522298 0.218055067 -1.308744704 -2.462233212 -0.386154733 -0.815694674 -0.132543148
-2.683965573 -23.826071736 -55.283822280 -0.464192638 0.155875639 0.220395740 0.843595696 0.937835385 0.131157775 1.379345687 -0.185204474 0.580381996 0.735863521 2.475153984 -0.984321209 0.775515830 1.407631954 -0.769868784 0.617675782 0.511090362 1.745449681 -0.390709580 -1.122806976 0.365356634 0.889500285 -0.379253055 1.290765999
5.678055123 -23.361111557 -50.553640685 0.157448706 0.813967063 -0.234589515 0.507577861 -2.561238479 -0.684947378 0.870376503 -0.568929886 0.848098490 -0.960045307 1.157751274 -1.781497946 1.093867039 0.121484590 -0.789138994 -0.565649178 0.031273302 -0.144082939 -0.758053147 0.018834147 0.354819925 -0.245459347 -0.586172629 -0.419073462
-7.073506251 -21.111943774 -49.423371638 0.433236994 -0.071807341 0.071294503 -0.895581658 1.007670852 -0.052989390 1.646019814 0.897063484 -0.550848449 -1.295434569 -1.200554308 -0.274591963 0.641152209 -0.001444607 -0.920934338 -0.360928675 0.335208312 -2.085854004 -0.407095802 -0.541719583 0.366481212 1.209239974 -1.727979040 1.450431927
6.316759908 -15.966355481 -52.414441050 0.643282304 0.672420971 0.184299560 -0.316340936 0.443853642 0.218402092 1.266742572 0.482055648 -0.123312718 -0.826102658 0.026115538 0.973234853 0.380593527 -0.833166061 -0.866094729 -1.237949758 1.358722726 -1.747586572 -0.136270830 -1.823882565 1.130787599 -0.590235136 -0.778917811 -0.019488215
-3.045881866 -21.865670175 -49.979179323 -0.816222117 -0.420813247 0.004426897 -0.395825807 0.022456997 -0.698335920 -0.657341515 0.149049899 1.305217307 0.699837257 1.494697548 -1.058990421 -0.127028322 -1.499627461 0.350202210 0.138401111 -0.197258815 -0.276944803 -1.905446106 2.593640769 2.238951816 0.824909198 -0.003316260 -0.200484922
5.343782049 -24.853446880 -47.054827089 0.361496900 -0.494707078 -0.787282220 -0.069076796 1.874395501 -0.474048966 -1.454287911 -0.118167305 2.484823782 0.756380621 0.664565412 0.231228982 0.507756444 0.022792334 1.426121613 -0.598886705 -1.017878836 -0.466040943 1.347606780 -0.728124147 0.556286905 -1.495209620 0.523190613 0.459776140
-7.001490844 -23.395371518 -51.724114542 0.630750775 0.383494649 0.670521345 -0.074070506 0.965282450 -0.564476700 0.800848283 1.496808588 -0.266050276 -0.342450706 1.035093579 0.297184553 -0.202667375 0.756929441 -0.438780232 0.917876484 -0.380048766 1.416937194 0.697065043 1.060366345 -1.298322747 0.538381573 0.856577036 0.160494650
-3.305426857 -19.728241417 -59.242202023 -0.171073954 0.367413560 0.895569394 -0.183565900 -0.183221122 0.599502858 -1.184930869 -1.121412768 3.212751438 -0.838406891 0.886193976 0.907624062 1.533228333 0.568513699 -0.748977507 -1.076529243 -0.020837607 0.988535161 -1.730934350 0.487805086 -0.561871262 -1.028550079 -0.078312669 -0.417681300
8.318819035 -26.818479609 -55.481680010 0.303038964 -0.642801083 -0.611789776 0.347400956 -0.979698441 0.894265883 0.069912682 -0.205165573 0.872844341 1.113680001 -1.066571596 0.791505743 0.138502750 0.593200270 1.518512424 0.465046933 -0.304853255 -0.369144720 1.229085819 -1.182657188 0.199012713 1.978873387 -0.391150747 -1.293204782
-0.452079342 -24.861209447 -60.198219335 -0.731624544 -0.571526853 -0.276487262 0.248268759 0.658205189 -0.097299324 1.421740507 1.048025756 0.440037013 0.903943694 0.262164721 1.085165898 -1.962686310 -0.510685211 -1.053549027 -0.176270597 -0.193204100 -0.610727552 -1.349173361 -0.173205868 -1.091444502 -0.030357805 2.039957406 -0.146086004
4.964449607 -22.872240017 -44.262595665 0.270498303 0.565830398 0.277375384 -0.727825202 0.279710427 0.838597786 -0.108486258 1.654170154 0.218023554 -1.086285802 0.607836967 0.177550467 -0.640830036 1.325016519 -2.636240118 0.659392009 1.654530624 1.355306958 0.074230110 0.543349410 1.692008799 0.091252263 0.755867949 -0.766744817
-3.054718970 -21.651742098 -53.580612166 0.031777193 -0.045175447 0.203477298 0.977520526 -0.820300943 0.670355376 -0.356826456 -1.181695100 0.975317419 0.928468578 -0.057703474 0.363834720 1.026738335 1.182090504 -0.330249026 -2.088203367 0.298853265 -0.648868679 -1.105545617 0.632577667 0.450953644 -0.520087983 -0.897389113 0.251322576
9.445761766 -23.841702090 -47.587701744 -0.771134196 -0.213143378 0.262037349 -0.539683593 -0.478013388 -0.101698776 -0.533354971 -0.174582591 0.063143469 -0.179661947 0.706254264 0.065686142 2.398780308 2.027509925 -0.002995963 -0.882510712 0.107724872 -0.302024049 -0.642658137 0.559897509 -0.261699892 -0.221630230 -0.328452600 1.201281816
-2.849162232 -22.977540258 -46.262676397 -0.042853615 -0.530588439 0.335564168 0.777197636 0.509372161 -1.181608162 2.014555052 -1.394828459 0.470111588 0.760533161 -0.007834598 -0.353388976 1.305848180 -1.128385558 -1.205632724 -0.400512869 0.193392209 1.057786760 -0.553747964 0.192986617 1.736937563 0.729871745 -0.025880988 -0.339629109
-5.058933041 -25.447417297 -52.708457025 -0.484957139 -0.730026535 0.102549335 -0.470490665 -1.199548132 -0.065723145 -1.465530295 -0.482818706 -0.792935862 -0.099874300 -0.439103466 0.209110386 0.512902394 0.982763071 0.463633990 -1.189827782 -0.836481051 0.673627872 1.723078241 -0.342910664 -0.131729740 -0.624321204 2.929688987 -0.855867613
3.758404744 -27.657407665 -57.558862074 -0.269013578 0.824214790 -0.095702463 0.489022201 -0.601168920 1.084424000 -0.399719731 -1.491518867 -0.601813363 -0.314163193 -0.346051422 -2.380551437 -0.915372350 -1.231499223 -0.447183186 1.520711802 0.699572275 -0.779793297 -0.294167604 0.448895586 -1.359317163 -1.227407258 0.418340129 0.727874278
2.449073405 -27.217491594 -53.930305442 -0.277773797 -0.828956430 0.268637729 0.404359648 -0.116431743 -0.725469520 0.635520650 2.837735524 -2.415840930 0.591592387 -0.948771000 0.098800166 -1.310380086 -0.569209036 -0.214432156 -0.712103650 0.891601856 1.551603495 0.485243600 0.312452370 1.172145141 0.261246846 -1.089991269 -0.176194493
-3.889044945 -14.937426005 -52.738228263 -0.671243108 -0.490007591 -0.254849678 -0.494344912 -0.754335601 -0.185320473 0.470329195 0.379275903 0.757098045 2.066101612 -0.711897805 0.062811483 1.208319518 -0.235584287 -2.516119938 0.647070256 -0.064742411 -1.026708572 -0.509411942 -0.210379159 -1.194886863 0.925418338 -0.575963278 1.493196613
2.127747120 -19.815682807 -46.922179966 -0.872320186 0.040994565 -0.485459770 0.041300723 -1.070142953 0.694654130 1.363376912 -0.719065695 0.631308307 -0.401384462 0.241834347 -0.073603731 -0.400210145 -1.163403985 -0.881014270 0.240761370 -0.559703428 -1.246029588 0.081461800 -1.693671742 2.401792181 -0.047119143 0.405535165 -0.346913923
-0.618429638 -11.512650171 -51.909628265 0.889781055 -0.130205695 0.213665691 0.381684585 0.831949951 0.717468198 0.779546609 0.451142110 1.137105949 -0.186303446 0.139523616 -0.057705431 1.234022579 -0.334311134 1.233399842 -1.082785399 -1.297938557 -0.992806077 0.058579531 0.450989912 -0.424478177 0.338006248 -0.818739564 -1.976195992
6.504030057 -17.096099431 -56.969367692 0.408320176 -0.141388580 -0.896328565 0.099393190 1.205938699 -0.105560253 -0.431171761 -0.147557174 1.623660927 -0.201150627 0.011151231 0.016667720 0.014162353 -0.971873500 1.733628812 3.058653001 -0.053678707 0.436737754 0.321905546 1.668834523 -1.142884125 -0.966972313 -0.771847823 0.265011404
-3.164537991 -20.413119358 -47.660769501 0.373866865 -0.790217334 -0.428258649 -0.228855110 -1.264687938 0.630701261 0.352499063 0.005156212 0.233600924 2.196846710 0.342739741 0.349288582 -0.342727831 -1.183563283 0.097624011 -0.298309135 0.177444596 -0.746758230 0.594214788 1.064689659 0.056406065 -1.005302236 -0.052817975 0.401910821
-0.954398467 -22.921529486 -47.657727128 -0.644500948 0.067072642 0.328805214 0.687027598 0.149553746 -0.571701335 -2.368313952 0.309510167 -1.968810254 0.213062242 -0.279694037 1.465481322 -0.216837290 -1.136966166 0.858831685 1.328143121 1.531605840 0.725773334 0.077183129 0.284581161 0.569676004 1.028719555 0.626343554 -0.606841135
-4.455939816 -26.815738052 -52.277040472 0.001242894 0.451956806 0.675062572 0.583115790 -1.901481917 -0.466456862 -0.366320134 0.876884043 -0.933908289 -0.018488693 -1.046024775 0.942516051 -1.044927846 -0.492075880 1.437253865 0.386793011 -1.928864444 0.693164228 0.864365519 1.281251672 0.091955191 0.403807904 -1.183529437 0.433335448
-0.745056691 -22.763791117 -43.345901070 0.670177256 0.330731194 -0.328613852 -0.577487887 -0.859024774 -0.722187294 -0.938658714 0.735026814 -0.146259517 1.730757313 1.305829071 -2.379189024 -1.630905913 0.324860120 -1.161981088 -1.028658871 -0.183222023 -0.991184293 -1.634509051 -0.681870385 -0.523639082 0.489216665 0.808220946 0.423463943
-0.791465893 -21.108262735 -45.283447622 -0.806546466 -0.357899160 0.362901326 -0.299488926 -1.300143763 2.161867757 0.239389255 0.463945301 -0.281748265 0.093522557 0.149627431 -0.302484713 2.577123743 -0.568153020 -1.048146971 1.587351926 -0.754783157 -0.728020864 1.037157764 -3.597061402 -1.458027070 -0.875136940 1.153510552 1.278768802
1.642008498 -22.789254547 -44.229577268 -0.589643691 -0.252133213 -0.504260207 -0.578334509 -0.589406662 0.950814488 -0.860340517 -0.000404551 2.204980042 -0.165200555 0.215460943 -0.262268344 -0.018406467 0.060702235 1.921491539 0.213140991 -2.308255559 -0.567035166 0.757696863 -0.583499616 0.058833860 -0.229653748 2.449469066 -0.451973527
-0.964251201 -26.077527008 -47.110187212 -0.790841260 -0.115919944 0.305848692 -0.517290291 -0.632867318 1.174181507 -0.011966192 0.344041814 -1.250923741 0.003319220 -1.301268418 0.693206234 0.380297341 -0.963197961 -0.255284219 -0.354165635 -0.073418375 -1.065621965 -1.291387273 -0.358804013 -0.711531617 0.286950207 -0.417759410 0.471158646
5.998778641 -24.889456087 -48.801017014 0.167381131 0.187151110 -0.907855000 0.335793563 -1.857127351 1.888793964 -0.398932249 -0.534710510 0.628857142 0.355301105 1.384233652 0.409875233 1.244311714 -1.306634449 -0.314228540 -0.719104248 -0.870617529 0.929202469 -0.877724550 1.241087800 -0.661232801 -0.898149749 0.558543492 -0.098144301
-2.698466615 -23.451108467 -60.308853304 0.974956789 0.212505783 0.025319495 -0.060493601 0.517383961 1.441517177 1.284630590 -0.325190934 -0.441502064 -1.000588414 1.205642480 -0.153205958 -0.057074238 -0.368481036 -1.186023803 -0.786763832 0.163481391 1.133208067 2.046310606 -0.237733530 2.211860929 0.911822863 -1.134468982 -0.335829226
5.001288358 -13.058463073 -48.696745726 0.174586562 -0.211906690 0.308728160 -0.910660206 1.000276948 0.439560757 -1.125412581 0.945662512 -0.626409947 -0.599051536 1.311880065 0.656264803 0.789014588 0.565631575 0.531219950 -0.367109757 -0.261402980 0.774874956 0.722376217 0.613819714 0.607575602 1.038298540 0.243586836 -1.308290478
-4.453821002 -23.174318012 -50.441727632 0.606863013 0.180730360 0.666012929 0.394310283 -1.699330599 0.381563138 0.226827479 -0.562101695 -0.512369136 -0.608226114 -0.321120301 0.751240448 -0.914542863 0.802288305 -1.063053769 -0.088503511 1.211960664 0.058196483 -0.843938983 -2.117521974 -1.204289896 1.108521126 0.865484856 -1.957963416
-0.127154393 -23.600343880 -53.049224988 0.272575900 0.424269646 0.863291269 0.020635699 -1.685415924 0.359506714 0.276010717 0.831658196 -0.545544021 0.479235518 1.282761056 1.404667577 0.722419540 0.340228328 -1.253888732 -0.927656275 -0.922501876 -0.082542300 -1.380308958 -0.857833484 0.343736426 -2.332134503 -1.636994721 0.345414948
-1.929289191 -27.803771230 -56.695301591 -0.669174899 -0.199670351 0.714150399 -0.048227715 -0.038971672 0.383001553 0.178184265 0.687383333 1.376987197 -0.447723287 0.141278334 -0.975673700 -0.841110948 0.550977566 -0.212864458 -0.180859279 0.216966743 -0.602047590 0.759762506 0.694496434 -0.104390989 -1.744447075 0.924031713 -1.886196416
7.730932510 -19.498062508 -52.330813355 -0.492825165 -0.755923785 0.383651233 -0.196250655 2.178229841 0.471908491 0.864065626 0.407419600 0.655181479 3.254986860 -1.118263548 -0.655986261 1.212884227 0.882869250 0.742161303 0.805385689 0.911323846 0.323289339 -1.023865143 0.153976364 -0.966815375 -0.310564519 -0.545153326 1.259123438
7.676554945 -12.443798927 -50.667627325 0.075669660 0.848736514 0.349118505 -0.389918841 0.281931387 0.422901647 -2.007218201 2.350610604 0.476522916 -1.021273487 0.156018018 -0.371096740 0.661650785 -0.981656397 0.316211116 -0.317734458 0.107234800 1.966315031 -0.672884786 -0.222120618 1.710262134 1.344257321 -1.233947088 -1.220394462
6.441087030 -23.312871509 -55.525768510 -0.842261477 -0.176667435 0.431842949 0.269992388 -0.815817070 0.128164344 0.050945779 0.525392255 1.374513461 1.958559660 0.524158446 1.459363402 1.089036047 0.356175174 -1.380477923 0.372728666 -1.806417506 -0.030530338 0.601287141 0.527916704 1.522988082 0.076173912 -0.099144386 0.763572570
0.338963799 -15.803495169 -44.984552551 0.208692212 0.782563007 0.358971327 -0.463877447 -1.089830504 -0.403931970 0.214709165 2.582579686 -0.604841390 -1.710412616 -0.199241862 0.237019612 0.839035269 1.779698233 -1.575066482 1.323644955 0.668271708 -0.005936288 0.214925085 0.514216912 -0.264543236 -0.799545020 2.076679432 -0.144822470
-6.343987990 -23.614110094 -54.079710377 -0.030562339 0.048751049 0.988667693 -0.138655945 1.440237529 -0.232980654 0.920460871 0.955044720 0.636859310 -0.684273466 -1.019458437 -0.035663375 0.122011424 -0.252122682 0.588587234 1.265459395 -1.461782565 1.723598942 -0.964462535 0.284712209 0.065737802 -1.324184442 -0.057674222 -0.697525448
10.310789490 -19.693798738 -55.068110146 0.185732652 0.296432675 0.840398378 0.413958472 0.709142334 0.013777489 -0.701001010 0.044090933 0.167689172 1.369193535 -2.451952415 -0.977699716 1.656206452 -0.604953912 -0.837661344 2.124854805 -1.037970527 -0.172251342 0.211135507 -0.681784020 0.307990177 -0.014386799 -1.379905854 -1.087005158
5.216465735 -24.132946943 -51.769203156 0.310553494 -0.912030460 -0.017115368 -0.267327575 -0.156249243 -0.420689186 0.729388291 -1.356612536 0.321634145 0.318783913 1.441230401 -0.173616330 -0.583299966 -0.331070935 1.513217308 -0.061035074 -0.322183168 0.124289367 -1.751387448 0.361231750 1.487533108 -0.458511713 1.628513599 1.354802122
0.948664279 -27.924556139 -53.644691459 0.530586471 -0.272617842 -0.730419557 -0.332633102 -0.081090705 0.925714664 -0.739753220 0.800233617 0.045879156 -2.022938743 0.582116578 0.152921478 1.393053332 1.340323057 0.160492558 0.145581818 0.514016893 0.510631749 0.085586695 -0.456638602 -0.268411319 0.225478692 -0.440154977 -0.896784276
9.836115889 -24.127136920 -49.358664084 -0.437107744 -0.393616129 -0.435994222 -0.681111005 -0.422511924 1.195575276 0.361798030 -0.717947879 0.099630021 -0.361989620 -1.289100281 -1.229289480 0.229042817 0.413439734 -1.397432669 1.140197429 0.119159147 0.116456293 -0.687659072 -2.000671116 1.810279946 2.266263362 1.464141267 0.663567987
6.143462314 -11.660370388 -52.817475974 0.803137623 0.528448973 -0.191337478 0.197741274 1.595726847 0.022713403 -1.622608467 0.579937163 1.229804584 -0.084861354 -0.684638864 0.162819959 -0.667162703 1.187875076 0.607389554 0.585249261 0.485370730 0.420111385 1.294642430 -2.236920451 -0.965567151 0.045904709 -1.364801783 0.089862336
5.687012667 -15.025166459 -49.229556359 0.815817006 -0.571046211 -0.026123273 0.087558049 -1.019955538 0.114562522 0.550677261 -0.697038857 1.236269693 -1.625336228 -0.645906035 -0.669404136 1.220223162 1.111748334 0.036989110 -0.987995685 0.110449310 -0.183940110 0.473011363 0.011254207 0.396605642 -1.313531612 0.279877872 -0.794720887
-3.181609064 -28.206304999 -49.377756606 -0.120383558 -0.155403561 -0.957624780 -0.210504899 -0.288303390 -1.594106412 -1.783375456 -0.796226054 0.660702600 0.165434129 0.258546380 -0.310269485 0.126205232 -0.179915504 1.148709662 -1.024804558 -0.299948664 1.120793182 -0.012992105 0.681094008 0.351101754 2.350626488 -0.909521901 -0.897784358
-4.243679619 -13.738138974 -54.632249416 0.115418246 0.187589428 -0.964511052 0.145627147 -0.286381038 1.386241504 0.951565357 -0.027023077 1.153354564 0.587764445 -1.600304127 -1.611151221 -0.609821501 0.221818536 0.262046706 0.536590312 -0.277938601 -1.009242180 -1.515752972 0.781180552 0.782892329 0.192141334 0.164643540 -0.011051232
5.311028943 -13.397430747 -49.152014857 0.240609195 0.899117751 0.348206230 -0.111565703 0.100129268 -0.590682183 0.235543889 -0.689529515 0.784828947 0.957952394 -1.005978303 -2.195344145 0.192945564 0.192617683 -1.228888093 0.006702086 -0.949582638 0.069695798 -0.131488029 1.280029034 0.616740699 -0.821937056 0.103170666 1.688843446
-3.526350410 -12.495875112 -54.057917231 0.624176277 0.733824352 -0.187932729 -0.191277507 -0.001191861 0.644882886 -1.145501817 -0.113345597 1.305496543 0.871052860 0.321989617 -1.384964107 0.214841988 -0.666239951 1.946059060 -0.430264362 -0.600278049 -0.878109493 -0.329906819 -1.102314804 1.228644900 -0.656408897 -1.367349345 -0.110759306
-0.404064909 -23.373837898 -43.459993874 0.750505892 0.058483161 0.096856220 0.651106365 -1.635740642 -0.745652035 1.182965548 -1.834677192 0.235806678 -0.486047675 0.929381894 0.891660545 0.388251009 0.525188358 -0.804962343 -0.996571187 -1.564941730 -0.024102004 -0.053828377 -0.621827491 1.093552034 0.743413578 0.170239329 1.085143630
-4.213520971 -23.423807845 -58.913401790 -0.413416245 -0.325875211 -0.148651813 0.837134991 -0.610495583 0.193044174 2.015892986 1.064708697 -0.095048629 -0.916013526 0.731067046 -0.295339101 -0.202681174 -0.137100874 1.041583869 -0.008719065 -0.799756835 0.454181574 0.452257360 0.748484415 0.048075158 -1.284253598 1.141634968 0.188934892
6.647235399 -18.525101575 -53.876535606 -0.665804111 -0.193766014 -0.691034352 0.204037108 0.083356047 -0.213128401 1.661822739 1.230903598 0.591794555 -1.593573423 -0.075142161 -0.344395374 -0.670568108 0.283370659 1.072408442 0.149208691 -0.035793413 1.289887825 -0.162696379 -0.860626925 0.529342442 1.039540796 0.932729854 0.220825978
-2.160536941 -23.925699539 -46.541879465 -0.467130478 0.236360654 -0.189622079 -0.830642056 0.462018795 -2.116774818 1.273896953 0.332348960 0.071682681 -0.270704623 1.531413088 -0.016728577 0.556258294 -0.511436038 -0.474989486 0.648634257 -2.211261977 0.392189902 0.554798596 -0.871593945 1.514849523 -1.490007672 -0.925784380 0.261828828
0.689748061 -19.066678000 -48.688486959 -0.953922500 0.256724380 -0.004477469 0.155255947 -0.009421586 1.043507135 1.360547133 0.055020386 -0.663280653 1.257180156 -0.226378865 -0.681144708 1.258984593 0.163307596 2.944031919 0.407310865 -0.373988008 0.064765737 -1.101044268 0.019976959 -0.117283263 0.869440303 -1.687601618 -0.135889033
9.049602642 -23.739625769 -49.842831270 -0.440419835 -0.544328377 -0.550221064 -0.454965677 0.610830236 0.160906964 -1.228615470 1.919006009 0.687861523 -1.155116005 1.500631935 1.721550373 1.310521698 -0.794805309 -0.741493853 1.804721028 1.441968089 -1.914310990 -0.948204563 0.466360048 1.350320373 0.492784763 -0.129134012 1.041725845
3.603464769 -15.378136475 -58.624962401 0.227919958 -0.538238764 -0.269776785 0.765226772 0.457865323 -2.568779706 -1.593925053 -0.389307214 -0.236130143 0.193062305 -1.232365837 1.141729030 -0.900278896 1.417436478 0.361597900 0.159365650 -1.131033695 -0.691595438 -0.048914474 0.530110757 0.082059932 -1.139711968 -1.264505538 -0.140705404
-1.245665483 -13.841866094 -55.171965652 -0.030274298 0.590406516 0.134538208 0.795237753 -0.680420719 -0.183215851 -0.390231512 -0.705561502 0.523452599 0.001986246 0.633923858 0.422914345 -0.585312397 1.406629080 -1.709709948 1.084882730 -1.333408361 -0.842072956 1.471380951 0.157068962 1.789810725 -0.463745390 0.553066487 0.368252456
4.203816078 -25.115001675 -50.244871129 -0.821833043 -0.313522944 -0.253535444 -0.402509120 -0.349799997 0.793218487 1.941451088 1.780183641 -0.149532005 0.539547764 0.738446176 0.805582166 0.932723448 0.287751316 -1.799683398 -0.134590243 1.170780820 0.799064602 -1.407086500 0.665721260 -0.190567653 0.263390369 0.988338881 0.094838656
-2.540721714 -27.943204268 -56.875811328 0.433910904 -0.798927773 0.411841913 0.061822159 -0.919035652 -0.732981461 -0.110607192 0.419118079 1.319843479 -0.279993690 -0.616567871 -0.334385925 0.408063981 -0.646058072 -0.481531680 -1.059141864 0.551802403 0.696024861 0.235110661 -0.301416694 -1.089668903 0.699104776 0.487188303 -0.259946983
0.522809283 -20.852136683 -61.621069719 -0.084224148 0.568680109 -0.764117916 0.292631232 0.545560008 0.127269313 -0.641710192 0.709198683 0.261489913 -0.460646459 -0.016974451 -2.380326457 2.326635656 0.238818620 1.516230154 1.090231323 -0.526426663 0.419396149 -0.490897998 -1.426291491 0.960344251 -0.346572940 -0.782773733 0.675353964
-3.191074590 -16.159432226 -52.647664730 0.252918232 -0.253412054 0.492619970 0.793183626 0.914504466 0.210719783 -1.093817329 1.148343784 0.679836717 -1.520229711 -0.081254433 -0.970288719 0.643988718 -0.163333183 -0.128394211 -1.981657491 -1.004971020 0.192801923 0.753127859 -1.179597853 0.394867048 0.190782116 -0.232870221 -1.040681003
-2.734612852 -28.132588633 -53.820617908 0.759516644 -0.645430908 0.055696636 0.058747726 0.686706504 -0.761975337 0.264502112 1.215996695 0.586951052 -1.760777275 0.348198212 -2.294274237 0.371842724 -0.008432131 -2.055899810 -0.981678699 1.254405029 0.763288220 1.170137869 1.165792148 -1.249899325 0.873991281 -0.007543961 1.111849534
-4.167556240 -26.493774805 -49.040113796 0.694233471 -0.418894316 0.287762807 0.509666564 1.866429468 1.732763815 1.597083740 1.264434623 -0.368808888 0.992781946 0.801386228 0.679060459 -0.770184235 0.579600591 0.630720639 -1.702429893 0.553292476 1.280875262 0.341629356 -1.672380289 0.440411815 0.640145757 -2.188903229 1.298720619
9.177396344 -17.798179865 -46.397868368 0.550476043 -0.469669272 0.412736784 -0.553204526 0.333537097 -1.010569698 -0.215486797 -0.490149819 2.031623553 0.873588173 -1.135531321 -1.264173214 -1.407115982 1.500488424 1.438410132 -0.421087943 -0.276323483 0.331478438 0.510434660 0.222408722 0.307647608 0.002242386 1.100412646 -0.100154938
8.089999791 -19.073867068 -47.013091482 -0.575352417 0.403081179 0.702105168 -0.116376510 0.046122473 -0.625493187 -0.165053687 -2.308087856 -0.706381174 1.560337349 0.242655557 -0.946205022 -1.463655940 0.056237045 -0.306260875 -0.407047527 0.663870963 -1.786777120 -0.609580297 -0.734970788 -0.233365511 0.515508145 -0.572421266 2.116129504
0.103557397 -26.528957673 -52.905425074 -0.180321144 0.031789993 0.558574236 -0.808992277 0.625593642 0.295662857 -0.424243391 -0.115276285 -0.394554750 -1.398086726 0.427687674 -0.214698813 0.716242543 0.281508048 -1.960367726 0.470566559 1.193299652 0.306027527 0.200641195 0.778777865 -1.715755315 1.417905107 0.392119807 2.888166559
3.196303153 -29.027764815 -52.359541576 0.227531386 0.176878894 0.169555565 -0.942440574 -0.038591997 0.215271142 1.132448586 0.522734250 2.173848629 0.641414754 -0.775916901 0.195398621 1.552472063 -1.120169666 -0.546129389 -0.296999873 0.025060182 0.237087484 0.733596502 -0.880821671 -1.463332948 0.141572584 -1.502483451 1.735745611
0.671062069 -19.230731854 -43.862942838 0.923896668 -0.107956695 -0.296601931 -0.216304398 -0.213412017 -0.748563823 -0.165224578 0.034921758 -1.084599169 0.423199565 0.707340851 -0.885178805 0.027533181 0.384184675 -1.700934516 0.835623691 -0.571260694 -1.084129442 -1.879424931 1.198407750 2.659715509 2.145635019 -1.988157897 -0.514156086
5.694356075 -22.405012081 -54.809466790 -0.535419610 -0.465930190 0.703400808 0.038238749 -0.715650920 0.794225083 -0.707929620 -2.367526101 -1.275835014 -1.476921769 1.893901257 -0.402544880 -1.152532663 0.739238198 -1.302041462 1.242609071 2.329337562 1.331724479 1.558022725 0.507415917 0.537049614 0.171656790 -2.084041080 -1.014836064
-1.374095253 -16.072124810 -47.750239757 -0.135390116 0.159828368 -0.559757148 -0.801745810 1.408479299 -2.664329653 -0.237942977 0.109084049 -0.734829340 -0.760404735 2.508560980 -0.996351077 1.097919452 -0.617525572 1.146225565 -0.473201342 0.524371664 0.984606961 -1.437149671 0.169123579 -1.348885706 -1.637788738 0.628980082 0.703975939
0.247538207 -26.641618917 -50.171358983 -0.508218958 0.791103412 -0.018945672 -0.339867539 0.097063490 -0.157058200 -1.684048172 0.698765691 0.637261192 -1.159580846 -0.132513998 -0.494703415 0.289834248 0.576632029 -0.514936625 0.683800172 1.708999326 -1.262937383 0.631287863 0.346385736 -0.362445888 1.328997219 -0.216185438 0.124118552
1.896793330 -13.174757342 -48.970625662 -0.597798992 -0.122797945 -0.692017290 -0.385576322 -0.312742389 -0.923286002 0.883867240 -0.352631463 0.675931111 0.784970572 -0.569568846 0.933804788 -1.037153631 1.014515352 -0.598439981 -0.965108406 -0.455079206 -0.709741556 0.066124416 -0.659626691 1.417206659 -0.381522382 -0.797496130 -1.357005164
-1.309224148 -26.356983159 -44.825137128 0.057742111 0.133619904 0.268371749 -0.952254259 1.056383577 0.314385425 -0.152491658 1.133918387 0.773818170 -0.459195483 0.165918537 0.500864077 0.607285032 0.905985901 -0.794668182 0.602313652 -0.061117349 -0.282336231 1.826931510 0.711228489 -0.322859859 -0.389847090 0.350274515 -0.331560345
8.557007527 -16.608306860 -51.913701440 0.389183509 -0.863067244 0.158903253 -0.280001580 0.519052924 1.769132435 0.546447514 0.178039511 -0.023509547 -0.011660435 0.845057971 0.997996550 1.204690292 -0.565361604 1.238899896 0.863341623 2.007904167 -0.022158682 -1.918593387 -0.824131963 -0.148304045 0.374192703 1.744168198 -1.322329273
0.087218663 -22.594834298 -47.027227719 -0.356160318 -0.915478560 0.054762669 0.179024813 -0.797450281 -1.193039916 -1.860599894 -0.992658885 -0.686654574 0.073606847 0.336119376 0.507819789 0.211100337 -1.309967283 -1.017603676 -0.191722508 -0.059638824 0.401851072 -1.578204471 0.952934817 -0.906584051 0.611549261 0.071578895 1.086686641
8.312643004 -25.250389066 -46.491329761 -0.586637466 0.176766562 -0.139128948 0.777980206 -1.728325814 0.470395463 -0.844023855 0.641439175 -0.939069270 1.045333939 -0.548947924 -0.168045215 -0.490093696 -0.693040882 -0.150507720 1.825174747 0.095769102 1.127685759 -0.690384805 -1.625614977 -0.635216593 -0.966684564 -0.031378598 -0.932876865
3.647268005 -18.101061595 -56.188505229 0.293259059 0.565433909 0.466568469 0.613675389 0.519264205 0.989618046 0.362196087 0.347000483 0.145716650 0.076024568 1.324147217 -0.165371619 -1.807437753 -2.713311127 0.097813113 -0.133673253 -1.784350926 -2.077769960 -0.923318730 -2.884706907 0.992674258 1.119755592 -0.376885369 0.819161711
2.662699821 -25.142094064 -57.739265098 -0.290848200 -0.449379236 0.811105431 -0.235740550 -0.639579159 -1.410107768 -0.984847597 1.147182735 0.737760169 -0.171649951 -0.746768196 0.114176992 -0.953223139 -1.622592049 -1.995184821 1.123906230 0.208812941 -1.934385563 0.523448579 1.143742214 -0.133562731 0.685634651 -1.380976421 -1.031874872
3.796898155 -23.006503785 -58.136179974 -0.515643144 -0.494996600 -0.548317232 0.434095297 1.134147954 0.504898228 -0.897775383 2.172913533 -0.313593781 -0.698498850 0.975226599 -0.396112134 0.653777794 -0.155845272 -0.906745606 1.161696001 0.707052779 0.736688635 0.200942230 1.438923074 -0.543922848 -1.570452460 -0.248076499 0.395589556
5.716163953 -28.173708752 -53.188556466 -0.342330646 0.419035746 -0.592495604 -0.596797899 -2.098818935 0.382640148 0.044210424 -1.583127575 -0.119758533 -0.945519458 0.876372632 0.357876237 -1.257320587 -0.845441266 -0.447390269 0.105785076 -1.568937865 0.507502293 0.704572309 -0.556000350 0.367250433 -1.466386239 0.490573752 0.186579598
-6.585043705 -18.916746588 -55.156218463 0.435793648 0.094309075 -0.023202930 -0.894791215 1.267132901 0.822814703 -0.645486492 0.355807378 0.130941635 0.438897950 0.340957588 1.906268023 0.014652027 1.151523194 1.739209991 1.563099085 -0.846749600 1.017019208 0.984819982 0.572118109 1.114799244 -1.226622967 -0.703565075 -0.865922259
-5.852236514 -26.004459582 -54.996623153 -0.749287567 0.658082199 -0.016120192 0.072360911 -1.074299850 0.096378631 -1.737346964 1.152910390 -0.340111117 1.763264511 0.682598843 -0.175238149 1.286919814 1.155086032 0.125822848 0.122499887 0.957957156 0.244642710 -0.071698001 0.402413114 -0.180811113 -0.934652137 -0.431190891 1.590303488
8.064071798 -18.909819000 -54.452297210 0.016303981 -0.982926211 -0.096872655 0.155582560 0.945990215 -0.525333470 0.918742531 -0.088037192 -0.406542545 0.564601261 -0.776798903 0.962175507 0.014331120 1.391773062 -0.624919396 -0.307661959 1.026394478 0.504913467 -1.392876943 -0.527027616 0.303336503 -0.683710429 -0.292283130 0.862137976
8.233183701 -25.347858344 -49.898179852 0.090210210 0.104920239 0.279643573 -0.950080698 0.781611391 0.005911680 -0.018991672 -1.945924258 1.887028249 1.451583898 0.178381568 -0.999894472 -1.550933004 -0.321576729 -0.231484567 -0.945640449 0.572957299 -0.282712575 -1.332857779 1.879857334 0.525581648 1.095619465 0.791062660 -0.337696815
0.016185263 -25.115078285 -60.659293493 0.346575968 0.185697640 0.007090271 0.919429830 0.609685865 0.626317546 1.234002724 0.332905708 -0.393259340 -1.550144878 -1.365435780 0.506012543 -1.067789054 0.725552394 -0.389844274 0.045216620 -1.057029673 0.026215569 -0.354622688 0.603897882 0.016627529 2.220102205 -0.217108001 -0.977189227
-4.618609496 -27.173565953 -52.127469650 -0.205770271 0.770977674 0.465707312 0.382581654 -0.265922716 0.894401485 -1.127980286 -0.911239463 -0.830322111 -0.125140362 0.210849539 0.462116082 0.767103126 0.273906910 -1.246980975 0.610454553 0.373445796 1.366337693 -0.322299663 0.153563357 -0.177199440 -0.243670430 0.649800312 1.144475230
4.079313393 -24.149144910 -45.954914771 0.041287070 0.954092630 -0.196811965 0.221963242 -0.468299832 0.673776267 0.537986995 -0.876306200 0.113333178 -0.470718603 -1.988723790 -1.255337725 -0.702743233 -0.664525662 0.522877332 -0.255891990 0.408159741 -0.025545860 -2.152666937 0.580431390 -0.450633557 -1.035929878 -1.114620872 0.233958651
2.123634393 -24.244766953 -47.408185911 0.597949028 -0.147940805 -0.481827795 0.623227450 0.477282527 -0.561049600 -1.960299963 -0.503859741 0.615688771 -1.763752499 -0.257593516 -1.259998843 -0.813502161 -0.324359980 -0.594585180 -0.147415316 -0.303081736 1.846376886 -0.829363318 -0.804442539 0.815180008 -0.643970977 -0.541362621 1.804634883
7.071855654 -23.125448091 -52.776349859 -0.849249876 0.143546761 0.498086859 -0.100391518 -1.571937031 -0.980351770 -0.036626186 0.291213769 1.087830340 -0.640467377 -0.371612703 -1.716663614 0.395019492 -0.861442730 -0.496642287 -0.376155705 -0.243769615 -0.016875553 1.320596936 -0.105691667 0.781652945 0.964191477 -1.303871245 -0.806949527
5.033116660 -26.357379282 -58.958494206 0.429676373 0.739728066 0.294491553 0.425975737 -0.984853114 0.892477869 -1.898019139 0.586911712 -1.303320585 -2.000151821 -0.593193504 0.305716100 0.124625042 1.298339199 0.750259721 -1.163241721 0.032252161 -0.174590216 0.600957637 -0.977233645 0.269297960 1.283580636 -0.450728856 -0.424927564
7.744017887 -13.326798013 -50.375575958 0.579827104 0.129557624 0.756850779 -0.272382542 -0.739260935 -1.234383801 0.623961047 0.055057689 0.343741422 -0.593153594 0.473801061 -1.155340904 0.963662571 -0.611173392 -0.614869324 0.786704560 -1.325455227 -0.917612157 -0.713909072 -0.992114553 1.037402059 0.212478871 -1.325082381 -1.452518077
3.530262482 -21.771328228 -42.578092190 -0.217544076 -0.001143419 -0.933554138 -0.284868282 -0.544008372 -1.097712305 -1.398929853 -0.276040695 -1.294570369 0.715869172 0.103411516 -0.256635087 0.661179003 -0.374589753 -0.944463165 0.192540063 0.788806603 0.776519562 0.949026880 -0.410692318 2.200167823 -1.046967836 -0.540817849 1.635349023
1.573314228 -14.914959795 -54.161587022 -0.215590189 -0.138168276 0.961440430 -0.100312996 -0.080323016 0.252185594 -0.328882557 0.177221653 0.409954169 1.582837946 0.432152530 -1.250101866 0.675281264 0.293983906 -0.512943455 -1.438042576 0.946545569 0.179900998 -0.991061470 0.251886974 -1.402657774 -0.742354938 -1.111445627 -0.196739285
8.900598583 -15.630582588 -51.939853637 -0.270395527 -0.919578932 0.279483652 0.056122498 1.252331637 1.165388496 0.773600268 -0.345845332 2.021949959 0.493868459 2.087056278 1.398202507 -0.536451111 -1.094866816 -0.971232879 -0.031576445 0.831827805 0.465530884 0.466126164 -0.410131551 0.723843385 1.667315001 1.075318657 -0.007123435
0.786731926 -21.812817527 -59.503409403 0.345701899 -0.737237680 0.580283203 -0.015562913 0.173461255 1.933564495 -0.752433200 0.134826373 0.560423417 1.243078146 -1.772485235 1.985120474 1.021579652 -2.260811260 0.743395747 -0.071886024 -0.247406523 0.050711336 -0.772741354 0.565722629 -0.237681396 -0.747314660 -0.810755762 -1.075271198
5.882545480 -17.376195597 -54.904351538 0.185225709 -0.564818568 0.621617359 -0.510160054 -1.221321721 -0.308004706 -1.353476071 0.498766402 -1.056226809 -0.104578420 -0.173262110 -1.186432302 1.104384632 1.154423137 2.945502162 -1.525370126 0.295487486 0.930634312 -0.081012061 -0.113538221 0.587841968 -0.510338951 0.062636356 0.487007253
10.188727416 -19.700467310 -47.266389896 0.343281780 -0.425781160 0.299498543 0.781772759 -0.465379901 0.267379565 -0.865862106 0.603561159 0.445246018 -0.516124776 -1.485961671 0.746216046 -0.620269388 -1.177189957 0.879305857 -1.604528095 0.285037176 -0.685524455 0.394709283 2.284191110 0.808393083 -0.944106526 0.122406026 -2.471286438
-0.491156583 -21.959326063 -58.941478460 -0.142629880 -0.284656751 0.566125221 -0.760348266 -0.300318984 -0.590978065 0.484641807 -1.188627386 -0.262874551 1.183878982 -0.019353343 0.136889050 1.379078660 0.472795716 -1.255476273 1.203328119 -0.186777134 0.712646019 0.625928051 1.067912718 3.735908770 0.029831970 0.069363994 -1.463887903
-0.912492382 -29.633642060 -53.927084060 0.750895260 0.259819691 0.606741371 0.022692423 1.349962993 -0.676236342 0.725016439 -0.752687021 -0.724861087 -0.987416009 -0.560140188 -0.863639109 -0.725205920 0.842215252 -0.097637603 -2.291264907 -1.123757153 -1.202531455 -0.998089386 -0.626558850 -0.135214200 0.009024289 0.688205109 0.682498605
7.686713567 -14.726514620 -47.727806357 0.079776040 0.729697185 0.222477104 -0.641624298 0.355834865 -0.476273359 -0.624745753 -0.291505897 0.696447897 0.466963662 -1.774833316 0.554002288 0.948157318 -0.594468746 2.728345405 -1.278516400 -1.636376655 -1.064239280 0.869973158 2.208837988 0.176411421 -0.685087896 -1.463140137 0.332068764
9.308990391 -22.535448061 -51.977192548 -0.175071343 0.706077850 0.026055595 -0.685656766 0.495149148 0.238110144 -0.703127929 -0.587597212 0.261838819 -1.526634651 0.269801156 0.600386529 0.188332158 -0.595873659 1.784313048 -0.468761413 1.563203484 0.339329444 -1.131845254 0.185253116 -0.337026688 1.846851547 0.617769751 -0.608085038
2.553721473 -28.247557980 -54.919861427 -0.149688291 0.272128731 0.870444082 0.381924691 -1.467846682 -0.759999746 -0.028452504 -0.579318779 -0.934711914 1.237409550 -0.693468023 0.881595150 0.286894536 -0.215964216 0.704358461 -0.856206157 1.336222436 -0.363230593 0.384978744 1.408206127 1.161794727 -0.293083431 -0.874721816 0.350669249
4.073552311 -18.959421942 -45.215382777 0.385740859 -0.591348855 -0.278443164 -0.651137410 0.825531122 -0.439889849 0.217504781 -1.143107514 -0.025032033 2.256905822 0.422519587 0.769516443 0.236945187 -0.182577891 -0.612818104 -1.303632028 -0.042345052 -0.119220447 0.468772223 0.066878505 -1.594907263 -0.301805059 -2.864541149 0.305276976
0.526707380 -28.143947991 -46.870856395 0.144429619 0.140959387 -0.979235017 -0.019217669 -0.310141699 0.488358450 0.505194727 -2.224444431 -0.659884827 0.595258691 0.262914074 1.151243920 0.805368283 -0.767918677 -0.286843272 1.351013000 0.782077096 -0.155011117 0.149409019 -0.622430053 -0.716413505 0.999887772 0.579076606 0.812404891
-3.423818153 -14.875965524 -45.823303203 -0.394924666 -0.910445467 0.109935878 0.055114995 0.365946520 -0.795262402 0.298191307 0.031957933 0.862919020 -0.297054023 -0.628321811 0.360713018 -0.308878266 -0.946886519 0.957361242 0.233753736 1.155335242 -1.887715511 0.483019685 -1.578968752 -0.443067157 -1.720464937 -1.885567460 1.719818352
5.200417854 -19.133157154 -60.832090252 0.340032772 0.425343429 0.835013893 0.078819279 0.326743051 3.647892034 -0.861022729 -0.330794720 0.255052171 0.943954181 -0.896121093 0.438732875 0.087785349 0.269845881 0.563910246 0.769858613 1.024075238 0.044216818 -0.935224436 -0.041521277 -0.296840787 -0.544089044 -1.858062768 0.019026065
-2.039284640 -19.550697910 -51.109859532 0.074290360 0.690475820 0.584527874 0.419584615 0.287777572 -0.062900054 0.958294468 -2.532981702 1.449268877 0.873803882 0.596408767 0.268250748 0.739530796 0.966959875 -0.660952238 0.212446649 -1.017293600 -0.226935198 1.045512617 -1.274127230 0.439523960 0.877675422 0.307647257 -0.538273810
-6.855783503 -21.859273885 -52.328346957 0.165161213 -0.538051659 -0.719283712 0.407250695 1.340110995 -0.295355154 -0.049065903 -0.757359236 -0.418424758 -1.463795939 0.947782297 0.164793619 0.135604657 -0.518833374 -0.276094335 -1.841403568 -0.475097232 -0.694730132 -1.227822940 0.076811638 -0.225996709 -2.005473230 0.087637487 -0.108171939
-2.036044831 -23.659529241 -52.844741257 -0.049311000 0.370146638 -0.040129623 -0.926795288 0.989362175 0.418505705 -0.846878054 -1.109068759 0.086389153 1.414502623 -0.289298712 0.905932192 -1.222487215 -1.427134313 -0.154840289 -1.592720163 1.263358236 1.421586862 0.059210865 -0.398646165 1.431439050 -0.247099921 0.519858647 0.001288659
9.596848012 -24.062340336 -54.957612416 0.078096412 0.865871302 -0.175991516 0.461730251 -0.495612223 -3.198965924 1.497849681 1.045101080 0.979560388 0.618767629 0.395518383 -1.059082046 1.387444609 0.061290932 -0.132114025 -2.381817890 3.098749041 -0.702879921 0.040951061 1.619652869 -1.268464503 0.112801166 0.867909820 -1.547461792
