-41.617460198 -33.885916563 6.368121064 0.696361939 0.675905995 0.236750736 -0.046692876 -1.284207577 0.305317562 -0.860498574 -0.033871436 -0.052368715 -0.782477355 1.316320712 -0.525879451 0.696374303 -0.221802136 -0.411756277 0.601639025 0.213531988 0.159136312 0.836289525 0.560381417 -0.187537269 0.890282259 0.315710791 -1.383329624
-29.751457231 -36.547209403 3.174684919 0.235434470 0.002546945 -0.076007085 0.968910236 0.624423956 1.564829280 1.182999469 -0.545820760 -0.496933821 -1.177393801 0.341297436 -1.444071705 0.219374834 -0.719617773 0.238926747 -0.082343236 0.771080579 -1.068175725 1.013561858 0.154870432 0.151523220 1.066379451 0.932006409 -1.065836733
-34.889359694 -28.816878739 -3.382619905 0.375554954 -0.537982522 -0.428836626 -0.620993101 2.104364679 0.120556432 2.712250642 -0.499941417 2.227249898 -0.184005326 -0.006265351 -1.707922303 -0.570337732 2.078289368 -1.248529306 0.083472321 -0.350786309 0.897963817 -1.783321579 -0.730580716 -0.614255927 1.384315770 0.217703338 -1.307470240
-33.404660167 -22.186842056 5.044286484 0.662430552 0.184377331 -0.675330403 -0.266682603 -0.208028544 -0.476756412 -0.892026343 0.303779590 -0.768414748 -1.023878314 0.720368569 -1.039372919 1.340459385 -0.492710138 0.230325594 -1.249060806 1.831670689 0.829158427 0.397896591 0.525705694 0.582917834 -0.402715728 -1.807404329 0.148224628
-30.531322222 -29.505062644 4.310687921 -0.386349861 -0.599444222 -0.700839090 -0.014999328 0.253704350 0.108823385 -0.607321630 -1.796672392 2.063672358 -0.107176122 -0.443964503 0.352756959 -1.654195064 0.112245250 1.893838551 -0.668487555 -0.501891446 -1.749394060 1.029559406 0.512803588 0.134012059 -0.692619591 0.117551257 0.763029157
-34.911191831 -24.583075555 6.756362195 0.582108579 0.180749182 0.233958293 -0.757458152 -1.907850644 0.619608685 1.418570667 -0.551134375 -1.652931121 -0.690612926 1.855707220 -0.064647195 0.229117200 -0.545723925 -0.820138855 -1.651422108 1.350281777 -2.730132703 1.234846154 0.258082605 1.246014907 0.844977132 1.253727079 0.943311538
-40.886885211 -37.591770225 8.566126064 -0.687413983 0.219550411 -0.656676815 -0.219169328 0.817491729 1.075893835 1.068758469 -0.191958295 0.239364971 0.918740825 1.561251678 -0.580963879 0.330559843 -0.185751293 -0.220321939 1.066074834 0.526290561 0.004833880 0.599402760 -1.868728213 -0.466627774 0.053575078 0.762261294 1.284786979
-33.535267375 -32.052318166 -2.365941549 0.678148598 -0.531313186 -0.443379864 -0.247457214 -0.526533350 -0.542534175 0.030676276 1.626874215 0.392416918 0.357458308 -0.470778076 -1.021757411 0.284738251 0.712059092 -0.326689712 -0.431995684 -1.004282558 0.354135358 1.619052521 -0.913081769 1.275021358 0.792936189 -0.733746262 -0.316169457
-43.731236305 -31.067199157 1.225455304 -0.426807117 -0.889321575 -0.101534336 0.128971316 -0.057833300 -1.230344219 -0.388283011 -1.335672452 0.009312362 -0.255695177 0.932537944 -0.540329394 1.232093877 -0.546989681 -0.152650537 1.826127882 1.064505233 2.393635815 -2.441861999 -1.977634821 0.529407192 -1.671330299 0.567680938 0.284553903
-29.912502305 -29.753647444 6.865046073 0.610634657 0.572905458 -0.495855203 -0.230287364 -1.152297645 2.476974315 -0.741916765 0.400735692 -1.582633741 -0.096567957 0.162893815 -1.489724491 -1.514496714 2.381619745 0.210975761 -1.384637917 -2.115972776 0.479697511 0.589678238 0.704609213 0.258909746 0.531782092 -0.230031669 0.533868720
-44.883800877 -28.612032411 1.991700293 -0.092928109 0.512122692 -0.587787200 0.619355247 -0.549857951 1.020805497 0.342699848 1.096148711 -0.273148731 -0.716400728 1.107456558 1.598941077 0.924939716 -1.654424760 -0.917251458 1.938845759 0.342738396 -0.675408862 -2.750855963 2.641159899 -0.433144411 1.870519008 -0.973898585 -0.282476192
-39.295797024 -24.769577344 1.856994920 0.582391940 0.340824152 0.200633899 0.710214450 3.087739088 0.727086385 -0.269353028 -0.140540262 0.220739391 -0.420035174 -0.918488834 0.413212088 0.751067665 -0.583922507 0.101581123 0.193192634 -0.124652137 1.255759181 -0.046009466 1.979159874 -0.509361354 -0.516991317 0.460795038 -1.143794560
-30.767821192 -35.894517108 6.941323308 0.346966610 0.921241535 -0.068873302 0.161816790 -0.887527887 1.561325028 -0.943956669 -0.312317879 0.211317271 -0.477333050 -1.075147271 -0.168873100 -0.553657307 -0.237924242 -0.475405162 -0.005133712 0.567334601 -0.446020596 0.657233824 -0.425922299 0.619931559 1.197201572 1.512541980 -0.251588818
-44.205384633 -24.071051393 4.980533952 -0.609646194 -0.338268730 0.413759718 0.585413256 -0.868817361 1.981757462 0.187665268 1.390073543 -0.510554198 -1.804392249 0.402162657 -0.508984852 0.058246887 0.239631652 -1.944564544 -0.204548919 -2.002789047 -0.830607678 0.328775537 1.197212821 -1.067905065 -1.226794066 1.130413513 -0.338384427
-35.006754427 -21.603794930 5.139592518 -0.198933836 -0.121053286 -0.621041316 0.748384336 -1.011708534 -1.095826875 -0.825993204 -0.050028677 -0.202033476 0.435249807 -1.256613965 1.117479212 -1.368052751 1.624658265 0.667426551 -0.742145423 0.188312265 0.565610501 0.475975150 -1.444771888 -0.082905480 -0.123275163 -0.308235161 0.778029952
-37.398899408 -35.069331500 -4.936821042 -0.663687166 -0.080257779 -0.298142535 0.681314217 -1.191183092 0.854545975 1.611817619 -1.847731694 -1.098786272 0.242143176 -0.099166110 -1.280550758 -0.527175731 -1.678505374 0.391940153 -0.537608371 0.499424621 -1.518782777 -0.155148006 0.352915107 -1.277129345 -0.187584699 0.367974787 0.214718894
-38.315769307 -24.683360545 3.755791003 0.653059283 -0.126244807 -0.510624859 0.544828483 -0.126872097 -0.762632336 1.674613561 -0.080040703 0.856504081 1.220067306 0.459348296 -1.378324510 1.053911134 2.399609080 -1.531923716 -1.032559608 0.131830359 -1.466582312 1.563359731 -1.495277279 -1.350496283 0.282708496 -2.595066783 0.244452397
-35.238123041 -23.941895158 10.375090803 0.199201639 -0.229281630 -0.882898184 -0.358105345 -1.372390809 0.059352566 -0.306846024 0.738397986 -0.438065841 1.039075292 1.850878438 0.806008667 -1.513038015 -0.795088607 -1.382109419 0.683138510 -0.559341620 -2.055881496 0.145531422 -0.306589037 0.316389204 -0.191128971 -0.487064645 0.000408856
-30.737064450 -29.222743035 -4.525219859 -0.292602666 -0.564845606 0.322593267 0.700904206 -0.945901488 0.294415502 -1.946065602 0.481287695 0.062543566 -0.248818954 -0.261478935 -1.146054520 -0.859879677 0.229615991 0.710731075 0.517983842 0.126014185 0.094186151 0.988797779 1.034457780 -1.213080021 -0.740588896 -0.015285944 -0.740511032
-36.433794525 -28.045656621 -5.560131807 -0.179915846 0.706708847 -0.381665488 -0.567912272 -1.508688816 0.687912056 -0.270242965 -0.713266576 -0.545233860 -0.714321678 1.419955728 -0.863042301 -0.018795780 1.125568932 -0.546303400 0.810631790 0.327776265 0.645720982 1.726565250 0.942525863 2.598119576 -0.008216389 -1.223143187 -0.043068916
-37.623994893 -33.617581272 12.184544634 0.278196887 -0.344717258 0.496555273 0.746464577 0.584258147 0.177068885 -1.166357319 1.341626983 -1.053108644 1.366432329 0.516575421 0.108704649 0.735482815 1.571254510 -0.056974427 1.212153000 -0.225799119 0.407708037 0.902689643 1.010269654 -0.948130327 -0.430890234 -0.105960838 0.206334664
-35.523197752 -27.981708298 3.493660969 -0.531457795 -0.241501584 -0.609816048 0.536054088 -2.078859706 0.235728969 -0.718112984 -0.398066111 -0.966339774 1.558990108 -0.170153995 1.226494196 0.396575775 -1.566332126 0.258890375 -1.681555467 0.836080045 -0.479902435 1.581026279 0.553715778 1.102320179 0.485513231 1.362934164 -0.317277100
-36.628753728 -23.563061634 9.562476109 -0.721913851 -0.489004946 0.333494147 0.358463677 -0.578797996 -0.132864625 0.324616001 -0.267754971 0.981641572 -0.644537834 0.740305348 0.927323519 1.433576551 -0.824598410 -0.362442233 -0.962387389 -0.551906236 0.456506988 0.149664970 0.320648395 0.257427789 -0.227211172 -1.501263658 0.624488088
-36.274881381 -23.221303079 1.732853785 -0.206199135 0.353698602 -0.753418670 -0.514528447 0.550876459 0.136236928 2.061906651 1.542926043 -0.744689652 -0.754421698 -0.108947674 0.327999626 0.431548771 -0.279965410 -3.087004555 -0.611233090 1.013010740 -1.145738642 -0.603090645 -1.666526943 1.009204485 1.315545967 0.859519123 -1.253040325
-44.298072819 -32.843447660 -3.051824199 -0.580323108 0.406626730 0.701537177 0.075666258 -0.366645158 -0.705964045 0.661051659 1.213824630 0.273624665 -2.119013658 -1.599895879 -2.370190171 0.293518528 0.310222314 -1.854591584 0.324368166 0.322847951 2.199937633 1.255159712 0.534810201 1.950503352 0.123953953 -0.100029643 -0.157811244
-38.622467116 -23.393649432 -0.441329602 0.259994615 0.205026127 -0.921892183 0.201201119 1.915436556 -1.461832375 -1.291715272 -0.695187462 1.920859628 0.574321024 1.034036076 0.472595667 -1.095137805 -0.847640591 -0.165655219 -0.654337105 0.478635323 -0.046543467 -0.608376067 2.234334392 0.253438483 -1.121283799 -1.496199627 1.001660849
-41.310557619 -32.441933888 -4.390105347 0.461472350 0.123877580 0.872118029 -0.105393348 -1.208290257 0.284523229 -0.406076457 -1.845000109 0.506419986 -0.444182761 1.360604844 -2.004063258 -1.360528574 -0.458811081 0.160089808 -0.560024800 0.320146208 0.710507641 0.795915482 1.001607259 1.906245522 -0.281525873 -0.347812104 0.627031434
-34.124550107 -25.454681273 -0.761748957 0.361844841 0.081169832 -0.435561378 0.820223174 0.755397184 0.509913362 -0.561110974 -2.389396177 0.864607495 -1.548506128 1.392597790 1.608422435 0.719136376 1.279023198 -0.613720517 -0.283174770 -0.421195454 -0.197393352 0.084977964 0.476019405 1.523724935 -0.328318480 -0.798154602 0.167656121
-36.729490602 -31.124335087 2.093562267 -0.312340561 0.317847409 -0.346962133 0.825247646 0.144834490 0.047281971 0.097587783 -1.847901898 0.270082217 0.328304135 -0.061711709 1.748016960 -0.327815309 0.813295778 1.464372080 -0.044464507 -0.062301565 1.193518671 0.784025881 0.144659565 -0.293469812 1.588073912 -1.003534742 -1.136347753
-35.770355082 -28.496961180 3.719774111 -0.173061104 0.547209571 -0.817924136 -0.040145334 0.514403984 -0.186305021 -2.873515508 -0.165165543 -1.869430786 1.307586465 -0.611116206 -1.045834670 0.383690051 0.467398931 0.149736959 -0.856844730 1.124444840 -0.087954968 0.448996315 0.224408003 0.065567407 -0.565325630 -0.233486855 -0.154066950
-42.661787020 -23.281104327 4.187358909 -0.571605300 -0.594258943 0.058117996 -0.562801909 -0.141682613 1.039857458 -0.751961353 0.733560187 1.152292170 0.340820423 0.376764347 -0.511022435 1.594652640 0.330271650 -0.591751040 0.266697377 0.914499348 1.276886873 -0.024491394 -1.598810502 -0.125679659 0.537638419 -0.016664129 -0.754660184
-33.715642879 -35.532649334 -0.372480827 -0.158938378 -0.054915422 -0.305189006 0.937327349 -1.224272368 2.749209580 0.617502901 0.797906528 2.398449092 2.248718618 0.399036315 -1.548929837 0.787144604 -0.389633985 0.630830507 -0.627398146 -0.488150800 1.257167003 1.077617927 0.892245015 1.005251053 0.497458109 0.329224498 -1.828515223
-31.266097545 -24.183758999 0.242187149 -0.252681319 0.962984353 -0.091907565 0.019138625 1.558691241 -1.064057285 -0.287805353 -1.800665046 -0.798698495 0.062832728 -0.652608880 -0.061434843 -1.741770230 0.487612952 1.349076160 0.458292467 0.059043732 0.141097615 0.362729888 1.925377672 -0.268708774 -0.065180480 0.668868441 -1.431750554
-37.410992490 -33.252849408 -1.858728840 -0.788100926 -0.286888153 0.318302769 0.441899837 1.443466069 -0.127316437 0.630402921 -0.867609203 0.932720094 0.907466410 -0.753931111 1.455137096 -1.363368375 -1.168166676 0.888198051 -0.121828520 -0.744045894 -0.051873628 -1.270315991 0.692418669 0.775233985 0.747857674 -0.904576097 -0.677757165
-31.476497939 -29.385998657 2.609151077 -0.007117114 -0.721653360 -0.352869975 -0.595523766 1.192923479 0.580883354 0.240806458 0.762031871 -0.754939183 2.156021681 0.444605858 -0.897427707 -0.467811464 2.140914938 0.925533108 -0.569478742 -0.812005821 0.526536838 -0.425429517 -0.027336055 -0.681040383 -0.051950181 0.647887139 0.425220306
-36.853035018 -35.910134481 -4.482168360 0.214303560 -0.492554975 -0.071973364 -0.840406697 0.618014335 -1.921838251 1.920488138 -0.337285608 1.052738273 0.338186714 0.522115382 2.436055348 0.902303819 1.042974732 0.071669745 0.768798217 -0.813379773 -0.280951319 -0.505991058 -0.476677000 0.164988821 -0.559552497 -0.099394110 2.099961439
-38.054669643 -25.739791562 1.119802431 -0.427981367 0.423289573 -0.629578501 -0.491211562 -0.711964956 1.138035506 1.017538727 -1.182105707 -0.327855742 0.551702443 1.283237099 0.343869352 -0.912445836 0.461199038 0.955534814 -0.575580436 0.487908756 -0.193655670 0.595678871 -1.706189536 0.775845073 -1.400771711 0.657609814 -1.576676721
-27.773130238 -32.828023082 3.998328890 -0.120576211 0.877296992 -0.453705122 -0.099814966 0.183766775 0.723895737 1.296629720 0.220779582 0.365659181 0.415006269 1.336058822 0.498723235 0.159899009 -1.022719196 -0.511471757 -1.639789514 0.384487319 -0.569409106 0.387579129 1.435514577 -0.951053382 -1.226505580 -0.272845445 1.052498755
-39.950086944 -36.908583112 -3.190551506 0.794695397 -0.453332909 0.166828661 0.367582232 -1.086039493 1.089332546 -1.954666673 1.088195379 -0.134671326 -1.649305221 -1.656462806 1.338672406 -0.197172753 0.662702497 2.065397122 -0.117501252 -0.298954814 -0.933963296 -1.159693090 0.024031510 -0.402394012 -0.830518146 -1.381495164 0.504611192
-37.130674322 -39.101088556 2.158061326 0.006354557 0.465211763 -0.142393734 -0.873648476 0.360937761 0.117967164 -0.436492615 -1.338519940 0.408443871 0.458702389 0.314368334 -0.271660894 0.373426419 1.087370668 -0.478143883 -0.579046517 -0.242153363 1.596710148 -0.053923455 -1.428264729 0.728050050 1.201211302 -0.339905714 -0.440389591
-29.493488544 -34.901931498 2.202730577 -0.177250709 0.079468205 0.595651804 -0.779401000 1.148930246 0.740413765 0.440665108 -0.508035715 0.551268665 -0.043986873 0.565368724 0.057157617 -0.637918518 0.091754467 -0.788489370 -1.368703864 0.040071380 -0.621611979 0.416327063 -0.339672160 -1.107785083 1.033807097 -0.969190745 1.196900190
-35.129638685 -23.159589546 2.877041962 -0.628915183 -0.650174530 -0.303460093 0.299417344 0.449549393 -0.667026376 1.705434289 -2.599814598 -0.845784863 1.010628098 2.132818490 -0.338637092 -2.163007421 0.392498229 0.272763246 -0.490545305 -0.145747705 -2.224483579 0.312698878 1.124727831 -0.408791724 1.238748798 0.814607143 -0.344091669
-36.977349269 -26.055948150 0.052566910 -0.014263789 -0.786889995 0.073959963 -0.612479064 0.629869962 -1.364404301 1.112502969 0.790781721 0.223180241 -1.836964617 -0.583837721 0.289491744 0.991080621 0.915810447 -0.696604301 0.310584961 -0.139247802 0.806041735 -1.043065084 0.806970719 -0.292157277 -0.129857385 0.525566333 0.986684511
-43.830464772 -31.442903020 2.586846211 0.492435864 0.859104822 0.074162895 -0.118091874 -1.423684074 -0.665489789 -0.853619704 -1.345636388 1.355440276 1.105018878 0.694290927 -0.008020921 1.330200602 0.791644496 0.072699006 0.444016687 0.127544240 0.697396433 0.515126539 1.252171532 -1.675308988 -0.924846793 -0.660281561 1.344203689
-40.456252220 -36.808123869 3.490418034 -0.391940682 0.016217664 0.770677034 -0.502171683 -0.135775873 0.467801881 -0.629357976 -0.363859968 0.031391161 0.644980110 0.916851066 0.748975674 0.820496688 -0.420989531 -0.750329180 1.435089660 -0.210423883 0.182305101 -0.893237670 1.692063670 -1.241586318 -0.758103314 0.608548558 -1.183554440
-36.824047081 -29.434162377 0.605839695 -0.537318318 0.488946129 0.684660672 0.058825788 0.188504947 0.923714245 1.525838360 0.154931553 0.720477085 2.026466348 -0.167980809 -0.844738044 -1.005032174 -0.618725482 0.887117793 0.474337802 -1.156976964 0.510859430 0.196164520 0.676245599 -1.432707830 -1.350101173 -0.822865788 -0.704480108
-37.458953409 -30.801955087 2.120570087 0.468775379 -0.841537823 0.210178096 -0.166999715 -1.742487678 -1.508193252 0.553817135 -0.803012084 1.232246463 0.272509544 0.474715932 0.274786196 0.753483175 -0.203520889 -1.106288114 -0.154323628 -1.132797824 -0.812300710 0.284871544 -1.114928786 -0.117928623 1.187106810 1.272099060 -1.033601950
-36.970994962 -32.748498456 -1.252075356 -0.253505279 0.924330756 0.270163036 0.091431182 -0.959788962 1.370678489 -0.108489434 0.181462823 -0.632069953 1.972976460 -1.690198358 -0.017694948 0.068868413 0.669539515 -0.257130172 1.432446279 -1.458747157 0.603424209 -0.494278022 0.497385922 0.652598350 -0.246163791 0.072439340 -0.695860854
-33.398159708 -32.104963110 2.791066479 -0.218033119 0.956000057 -0.151097380 -0.125279818 -1.337053961 1.598230719 0.382848978 -1.251491625 -0.225891014 -0.046621690 -0.116385521 -1.461259796 -0.091307273 1.727913034 0.792150066 0.897539389 0.195918689 1.792906702 -0.806424127 0.074161895 -0.153599509 -0.448600723 -1.037932369 0.209145612
-37.054190251 -37.225753857 5.542384132 0.762734662 0.243702938 -0.299664410 0.518696399 1.077424692 -1.391320831 -1.495848803 1.147465417 -0.054525003 -0.159047463 0.452403758 2.233248390 -2.162949011 0.958010752 0.050033785 -0.524637642 1.095167447 1.509664159 0.581911847 -0.119704262 -1.908884146 -1.766427571 -0.340851301 1.014304761
-40.883001658 -22.059856736 2.222412011 -0.217931969 0.859984472 -0.443494162 -0.127457025 0.486568965 0.141447236 -0.249308328 0.562870773 0.014417581 0.164390820 -0.907717380 0.938184930 0.290083434 -0.544830330 -0.864220451 -0.341250103 0.982953684 -1.163778902 0.484853527 -0.460777682 0.102295590 -0.947740697 -0.200601967 1.705920207
-42.763927830 -22.748884107 2.094003858 -0.890180545 -0.170803649 0.029189905 0.421369981 2.119805902 1.020042967 -0.483198166 -0.873762499 0.522141412 -0.789691241 -1.039399848 0.896788128 1.657757084 1.270940044 0.553797158 -1.253494231 -0.900998474 -0.345655597 0.663776971 -1.051972875 -0.108035889 0.668598411 2.521652762 -0.056575862
-37.547468550 -35.094090309 9.942142017 -0.236237893 0.307275693 0.811102492 0.438048004 -0.606402011 0.100350621 -0.163183431 0.010331804 -1.448979103 -0.071165174 -0.305436447 0.756926740 -0.260556057 0.861067094 0.868941109 -0.598111904 -0.766043900 0.685780944 2.323035683 0.716967747 -0.951751924 -1.422458976 0.214636031 -0.586487059
-40.732447521 -35.768908350 3.627814412 -0.795210727 -0.389986455 -0.292461764 -0.360578121 -2.159447848 -0.742776415 0.826008014 0.337345106 -0.286515345 -1.207252815 -0.640972367 -2.564418209 -0.153157397 -0.570163780 -0.310917615 1.535535466 -1.159508866 0.451285475 1.696647456 -0.023831168 1.860396528 0.838629623 0.996816673 0.664270607
-32.429004496 -24.864700706 5.378113725 0.195246560 -0.243954900 -0.945124323 -0.095419085 -0.940526141 2.445522389 -0.486207335 0.617149836 1.090520188 0.201200651 -0.981579560 -0.104635839 -1.149556076 0.669262581 -0.490573680 0.797622888 -1.029494077 0.476034378 0.460831867 1.138546258 -0.552326537 0.643682089 -0.747739747 -1.097684872
-37.226695847 -36.860446936 -0.946285914 0.449535170 0.289749569 -0.829518517 -0.160817747 0.680853628 -0.423620892 1.690493078 -0.117442347 -0.801176657 -1.141073114 -0.093989240 -0.946182568 -1.501878494 -0.577244343 -0.535468944 2.205414674 -0.374159391 -1.176516740 -1.004145668 -0.031129944 -1.016980932 -1.199956583 -0.975621212 -1.074087337
-37.759519296 -24.205507765 10.765018674 -0.776388334 -0.275574295 -0.335583971 0.456796849 3.246979958 -0.567427583 0.018933183 0.266774059 -1.293553013 -0.223550531 -2.498550141 -0.585836849 -0.024786290 -1.075982377 1.302164814 -0.677774363 -2.501362550 2.122854213 -1.594925579 0.132358612 -0.296292530 -1.341934677 0.325335727 0.220538850
-41.156778206 -27.468734129 -2.463789002 0.062709189 -0.726643466 0.648074244 -0.219218169 -0.262285404 -1.161868679 3.015613605 0.122902917 0.094733845 0.149359266 -0.558538595 0.687610301 -0.884770067 -0.154250918 -0.505585110 1.079360242 0.862240968 -0.672041325 -0.425532433 -0.748458545 -0.837583318 -0.364971730 -0.120005125 -0.086853463
-34.440273686 -31.373586752 8.944299745 -0.845152210 -0.012223042 -0.061705760 0.530811397 0.324278387 -1.702909314 0.093084466 -0.376109278 -1.402868288 0.336613168 1.588260711 0.324836689 2.247362559 -1.468752551 0.524008255 0.828101706 0.074758958 0.210192525 -1.415924845 0.236145831 0.193737068 0.117538054 1.444264786 -1.432713313
-41.619526760 -38.217981540 7.529417458 -0.621253240 -0.613722929 -0.355427998 0.333255933 0.531272575 -0.256580477 0.594585025 0.473514243 1.041172213 -0.028900693 -0.155737254 0.158195633 1.186400954 -1.334430511 -0.785729269 -0.298965771 1.306566687 -0.389422079 1.215610806 1.085467866 -0.636724004 -0.723483277 0.419071260 -1.546178778
-40.331213030 -31.103252022 -2.555125181 -0.213589855 0.075115963 -0.528475676 -0.818199503 -1.257059079 -2.978631723 -1.216856232 0.191155606 1.100254676 1.040474278 -1.608490695 0.506563158 1.743996657 -0.695583139 0.760849572 -0.226901965 -0.250075202 0.076268425 -0.443353820 -0.154094207 2.170596168 0.181169566 -0.028309802 0.992597023
-34.614031419 -28.324706173 1.283594788 -0.531644096 -0.033721133 -0.833869389 -0.144496652 -1.733961176 0.974808009 0.689832336 -0.965816866 0.807100718 -1.007938080 -1.181100118 0.476687906 1.185083046 0.257415094 -0.588582784 -3.354369215 0.322309836 -0.667898861 0.624111920 -0.957019235 -0.579714169 -0.354082659 0.051049490 -0.305814535
-40.815143328 -30.020205988 10.313563280 0.145136272 -0.510396946 0.445809884 -0.720891093 -1.941471245 -0.035154095 -0.995653358 1.492979996 0.129180218 -1.488024411 -0.786524779 0.941918614 -0.627524110 -0.218317743 -1.984467936 0.201771730 0.788023662 -1.401331262 -0.163383796 0.113272620 -1.107615860 -0.776714806 -0.170605284 -0.258182743
-32.099646980 -29.114620412 -5.411178187 0.349075027 -0.143584126 0.281682869 0.882147939 -0.849195923 -0.680763617 -0.178259259 0.481074817 -1.137589741 1.012407533 0.702563005 0.225907504 0.860678855 0.768934412 0.889510095 0.310037350 -0.245562760 -0.038619956 -1.135645835 0.820841905 -0.130982042 -0.436914466 -0.682906605 -0.160427432
-43.021686140 -25.857343501 5.740591112 -0.333395587 -0.338637844 -0.562242457 0.676797763 1.058104604 1.139319767 -0.499880497 0.304472013 1.357730620 1.067623722 -0.087393424 0.037505767 -0.528208879 1.900493483 -0.152400074 -0.373824083 -0.513162499 0.741808971 -0.558409443 -0.084094235 0.237489291 -0.097544456 -0.219772546 1.107174110
-30.737209720 -30.540950851 2.420626059 0.779665790 0.331944131 -0.481256768 -0.224335181 0.802637222 0.197127222 -1.058437669 0.720823030 -0.408683073 -0.753789660 -1.628872531 -1.315326679 -0.459079526 -0.072884846 -0.114429498 2.075018553 0.961809949 -0.432679179 0.477879559 -0.145087780 0.612021978 0.254040668 -0.606971175 0.698265626
-34.928007167 -24.031067550 3.285280459 0.052474979 0.536212935 -0.768558542 -0.345021496 -0.059165699 -0.701158109 1.003722968 -1.156850037 -0.290334882 -0.620798485 -1.699052569 -1.557018765 0.025633363 0.101711563 -0.818498227 -0.070688237 1.088052706 1.842060274 -0.227041902 -0.573413082 0.567215913 0.557090546 0.436892396 -0.800420449
-37.535534608 -28.441918773 -1.675959190 0.058654197 -0.113493290 -0.683160754 -0.719006497 0.886449897 2.006463113 0.893534671 -0.091634680 0.788273781 -0.269553358 -0.943396472 0.632659337 0.472645595 -0.127799384 -0.262805507 1.070987140 0.485957115 0.241037029 -1.129194795 -0.104212562 0.701248869 -0.683137754 1.295512513 -0.013335397
-35.081697444 -36.743963285 -4.428648614 0.222831161 -0.201238231 0.600438741 -0.741163118 -0.962288559 -0.102597635 0.266722942 0.568293149 -0.745267692 -2.034204509 0.886587947 -2.960424042 1.247417698 0.300152791 -0.710848984 -1.061768504 -1.717486829 1.939813510 -0.350518147 0.062521026 0.847797717 -0.822278300 -0.651144268 1.266182553
-36.338908589 -35.843916664 2.392632524 0.294410139 0.641480798 -0.526559171 0.473878144 0.570454655 0.076221293 -0.136238833 -0.945790950 0.087246602 -1.418818584 -1.133292298 2.729172681 -0.601219219 1.250605269 -0.919932313 -2.203265005 0.775811383 0.498681386 -0.371278359 1.868200195 -0.101008747 -0.277691318 -0.575197012 1.760037765
-43.079637150 -28.423854718 3.831214060 -0.242283739 0.219564282 -0.931448634 -0.159667025 -0.586419215 0.585039162 -0.469003397 0.813326365 0.040884260 1.037651971 -0.021202649 -1.097172356 -1.261397690 -1.473733792 -1.428692369 -0.540785596 -1.334800290 -0.268088664 -0.111518605 -2.249779289 0.561565524 0.858596357 0.364395435 -0.846117990
-37.483646352 -28.950923438 -2.014635386 -0.793931915 0.164567948 -0.542809691 -0.218968362 0.376523355 -1.447858325 -1.552722058 0.039360498 -0.489104399 -0.059002761 0.892551405 0.341428397 1.259644043 0.853628938 -0.906839182 -0.155142837 -1.015147570 0.693682943 -0.213491807 0.044286117 1.103323988 -0.774198814 0.265334471 0.412803696
-41.476916599 -30.565255312 1.110559003 -0.196516925 -0.090124999 0.974820483 0.054622427 -0.778298666 -0.603035512 -1.623037176 -0.173267647 0.990399959 1.026191375 0.346534419 -0.660612606 -0.857543952 1.996159871 -1.639861333 0.365375531 0.771986957 0.212467593 -0.413603259 -1.873255317 0.365765347 0.254004906 1.367140075 -0.474729458
-33.604608163 -24.122255681 7.124399857 0.860751780 -0.061567849 0.467996616 -0.190512310 -0.381593887 0.206970691 0.570388573 -0.325512784 -0.107552936 0.771474132 0.814490334 -0.275186748 -0.436684744 1.442714651 -0.419071589 -0.325909241 0.807619787 1.454093548 2.204438724 -1.234855132 1.067281344 0.494353469 1.398548301 -0.457365924
-35.052518836 -24.528480154 5.380249516 -0.914573623 0.080699428 -0.106266652 0.381772300 0.174822454 2.390972449 0.372960140 -1.309888371 -0.012764929 -0.187746137 -0.150870167 0.305644590 0.061317340 -0.470221348 2.130836327 1.207133664 0.374289727 2.003932056 1.239864387 0.403627933 1.535185455 0.241086683 0.372500132 -0.939501280
-43.797124422 -30.540586677 6.528670914 -0.520426430 -0.852633328 0.021979894 0.041105024 0.529459807 -1.266888663 -0.942784848 0.829959842 -1.590726829 1.009223224 -0.223486955 1.509522339 -0.378454818 1.825067060 -0.033408126 1.294075320 1.609321346 -1.602666940 0.261545783 0.382719915 0.946673857 0.147828023 -0.285292549 -0.894535678
-44.862318592 -28.488038671 6.032915635 0.725235310 -0.398171037 -0.555191535 -0.085181750 2.433569859 -1.407722811 0.846605352 -0.767889718 1.381628164 -1.024520148 -0.101777149 1.048227942 0.353426858 0.093414933 -1.245054227 -1.033038074 1.031960709 -1.994451268 0.104534261 0.647472994 -1.420677558 0.926502255 -1.039898081 0.046019857
-42.742175840 -25.266911817 -0.736097740 0.324439738 0.778825316 0.368127796 -0.390706936 -0.618725989 -0.601810916 0.265102404 -1.313748757 -0.340661648 1.302606964 1.019074583 0.705388504 0.200189814 -1.671707878 0.947664952 -1.699592479 0.228100584 0.331787318 -0.233455542 0.501001570 0.821149371 0.541135820 -0.506225852 -0.835913635
-37.323740029 -36.409049976 10.221547252 0.556798366 0.497038379 0.614126672 -0.256469999 -0.251072858 -1.211107490 0.393722004 -0.469344876 1.017058612 -0.254861612 -1.848376736 0.640903639 -0.429538738 -0.748834883 -0.082523534 0.715724931 -1.258085156 -0.838973600 0.139096667 -0.474402601 0.078061487 0.723274132 -0.881682478 -1.992826533
-35.412309119 -28.482325670 1.622578813 -0.630185381 0.604889956 0.267108320 -0.406973797 -1.854808104 -0.663159598 -1.047631044 -1.406652644 0.732829612 0.828384857 -0.350174971 1.140284993 1.292335972 0.226774331 2.424601166 0.967148572 0.278068567 0.590648324 0.042939818 0.149672603 0.101948498 -0.250758258 -0.603197277 -0.375854880
-39.274387217 -28.968517018 8.854323969 -0.513674953 0.235337013 -0.039338004 0.824140191 1.969426341 -1.235674852 0.413170896 0.275636572 -0.979438471 -0.508638788 1.595448981 -0.906196592 -1.039493275 -1.408275703 -0.443570299 -0.270103423 1.593297482 -0.388350393 0.346516387 0.163264260 2.022596466 -1.089208760 -0.055091802 0.507526882
-42.584193895 -36.406286079 8.001029060 0.569020642 0.602725688 -0.558965546 -0.022243457 -0.068825379 -1.406103644 -0.320635919 -1.201195773 -0.386787781 0.587303568 0.806126254 -0.660921431 1.561256392 -0.003780917 -1.277122397 -0.371081811 -0.632249037 0.364377792 1.088277780 -2.113147428 0.741968773 -0.498514874 -0.243974216 -2.681186056
-34.886493823 -29.783939731 11.007062118 0.408714233 -0.053461331 0.795960698 0.443329595 0.196609741 -0.028029585 0.031718226 -0.037017664 0.386044286 0.469682035 -1.341799508 -0.193502676 -0.608605025 -0.886508508 -1.107413839 -0.424763446 0.641724333 -0.754574707 -0.597549032 2.131841087 0.192200283 -1.081897094 1.659940330 -0.588991488
-44.533227945 -29.208694986 -1.137924082 0.351263305 -0.266301438 0.849385371 0.290244941 -0.697322415 -1.534463452 -0.151703250 -1.051961948 -0.134514151 1.413674371 -0.034278794 0.702969177 -0.478053580 -1.773091247 -0.715680158 0.199200000 -0.314646511 2.308234915 0.507470905 -0.024002313 -0.336722111 0.791893045 0.241401406 -1.526114064
-36.256621785 -28.862903183 3.629479146 -0.940038383 -0.261357138 0.219040032 -0.006461297 1.853167284 1.755538899 0.043007514 0.450101220 0.626278245 -0.664997630 -0.566302243 0.625798714 -0.671468443 0.737512943 -0.388566237 -0.701472999 1.886446722 0.266978884 2.232080834 -0.609323433 1.635164235 -0.631106300 -0.072345576 2.672875959
-37.899222177 -34.855297722 9.908149120 0.127195194 -0.434027063 -0.891372994 0.029934546 0.752010518 1.217530205 -0.433183243 -0.627023225 0.108547776 0.087400143 -0.399387167 -0.553952846 -0.991207936 0.082298528 -1.331103562 1.631696352 0.297487645 -0.602043694 -0.301251990 0.131165229 1.416165939 0.234589263 0.609888647 -0.243542080
-38.973568966 -34.957673334 2.867176714 -0.089359174 0.513785204 0.463288942 -0.716521499 -0.327036487 -1.684336525 0.827087275 -0.838866933 -1.777424525 0.241429297 -1.489769595 0.112372855 -1.477593081 0.147803965 1.542098801 0.638923842 -1.216821237 -0.302663018 -0.031432043 -0.458421840 -1.814960353 -0.133534706 1.005197031 1.016438020
-39.567503384 -31.452592172 11.580304024 0.759751702 0.222833286 -0.606869819 -0.069510432 -0.205905162 0.776123676 -0.179913041 0.064925244 -0.003169694 0.186371659 0.959645238 -0.226264468 0.680659927 -0.661670709 0.850665186 -0.488722429 -1.155534876 -1.476375640 -0.680054200 -1.044808914 0.567659278 -0.921733572 -1.485287304 0.329415011
-42.784523340 -35.193512500 -3.313371973 0.513395613 -0.238960043 -0.775366229 0.279517893 1.552548486 0.804810046 0.706276730 0.039849518 -1.330695010 1.436901515 0.660966522 0.478382132 -0.521862602 -0.126885679 0.231221708 0.518946172 -0.664850148 0.195936029 0.528736457 -0.290454870 -0.715859575 -0.902485181 0.974267836 1.009588045
-39.110767862 -33.930828932 4.063874592 -0.213782619 0.241179082 -0.170609208 0.931140237 0.820408365 1.251000637 -1.587471621 -1.188501671 -0.881485725 0.246723788 -0.112942870 1.505028716 -0.275132806 0.145707484 -0.476351460 0.803792039 -0.725362844 0.347192193 -0.111902097 -0.189642961 -0.442719122 -0.341794475 -2.725958366 -0.231406999
-38.282415686 -24.003165598 3.046324093 0.613942105 0.025850157 -0.410944656 0.673447363 -1.597220328 -0.082701878 -1.649591246 -0.978907916 -1.114344439 0.849461817 1.659133509 -1.390285700 -0.164838367 -0.116284646 1.020492919 -1.204113382 -0.337746935 -2.256607115 2.133123465 -0.054301795 -0.273387065 0.570829101 0.380039610 1.922341535
-43.674035219 -23.693745723 2.209862456 -0.580568502 -0.134170938 0.800309527 0.066656094 -1.093376613 0.998358941 1.035351150 2.591845662 -1.781109230 0.176505540 -0.528902080 -1.346375211 0.275882193 0.054046551 0.800399617 -0.662538114 0.816138625 0.876214923 0.624788286 1.112655043 0.522203153 0.269956817 0.222800142 2.001824268
-39.381017667 -31.734759462 0.956145216 -0.704499920 -0.307623052 -0.071211963 -0.635591675 -0.509153595 1.592168641 -0.458321116 0.045489506 0.837494959 -0.084945659 0.132233103 0.056944994 -0.678469687 -1.301181938 -0.945429202 1.437029636 -1.310956153 0.144883627 1.909473173 0.458297258 -1.756749358 1.050788044 0.448081272 0.167273431
-32.592044815 -37.433035648 1.927977299 -0.167357755 0.605981564 -0.093137814 0.772077116 -0.331164676 0.064507279 0.261724505 0.048109211 -0.750911056 -1.764084077 0.561151096 1.580970652 -0.411785990 -0.703228842 -0.461383627 1.270355575 0.272108287 0.485216875 -0.525196595 0.386625968 -0.692509970 0.266630912 -0.822211937 0.734218380
-34.168033288 -35.448874402 6.581045363 0.121272225 -0.718366263 0.682264366 0.061304924 -0.400847028 -0.591903214 1.575721082 -2.406011951 1.874711786 0.099112263 1.421575054 0.079409269 -1.303592046 -0.039336498 0.382434091 0.150571252 -0.309718111 -1.124611658 0.460617951 -0.361893595 3.034186618 -0.993566635 -1.469653389 0.656633316
-39.871199727 -24.109916540 8.670262467 -0.471229908 -0.038047967 -0.863357769 0.176374855 0.492918527 0.743710236 -0.845975004 -0.615651136 -0.847051240 0.755749987 0.847620099 -0.101607714 1.364352086 -0.618660164 -0.017528279 -0.760847467 -0.436896772 -2.355515007 0.397408519 0.882025044 0.397950659 0.100409814 -0.650521302 -0.068936929
-42.958579298 -37.582310873 2.461000553 -0.453254962 0.615251235 -0.344471408 -0.545312119 0.563280615 0.953440108 0.669753746 -0.156800789 1.166325330 0.792913796 -0.206025936 0.112990984 -2.778323999 -0.229380461 0.380622174 0.663032836 -0.158480169 1.034213644 0.191391175 -0.013342952 1.104130591 1.028139211 0.153826862 1.137104494
-30.288054012 -29.463414630 7.289999664 0.152992998 0.531931290 -0.041869223 -0.831798782 0.786495578 1.025509486 -1.512098165 -2.029772910 0.635473879 -0.607106262 -1.064274273 0.940970283 1.059018702 -0.899669381 0.323744256 0.633521075 -0.242295881 -0.722854640 -0.679738889 1.163627404 -1.182596738 0.238276660 -0.424775341 -0.694241948
-37.825845257 -29.079827542 -2.437461380 -0.350573562 0.403239760 -0.002894618 0.845273622 -0.625792237 0.579909780 0.532253748 -0.664280887 0.410155359 -0.359570181 1.197353156 -0.874561581 -1.990284966 -1.698306718 0.050781156 -0.364332681 1.260766460 -2.534387228 0.203656043 0.382586943 0.015552540 -0.785511101 -0.058863181 0.240977809
-45.621282019 -30.584993712 2.719986433 -0.827986040 0.259142003 -0.142832758 0.476322731 -0.296182336 -0.157166720 -0.401982201 -0.365262388 -0.787304716 0.567553274 -0.234233052 0.393570162 -2.552092683 -1.690723361 -0.674257782 -0.397838388 0.028710662 -0.375361586 -1.018975955 -0.788584039 1.383364143 0.153432094 0.840130400 0.607253570
-38.647314126 -30.508694382 3.753992436 -0.618784964 -0.369734755 0.399181837 -0.566617366 -0.500166765 1.247546324 0.766078724 0.681463232 0.447077223 -0.896420335 0.073635605 0.446645150 -1.395719601 0.313404249 -0.230526292 0.158039888 -0.535275391 0.541473028 -0.398904816 -1.097516537 -0.349070618 0.930892091 0.297817695 0.652586462
-39.429204541 -36.051124671 -0.556443125 -0.968653827 -0.226526326 -0.101776054 -0.006101043 1.018869854 -1.917147321 -0.131054520 0.453870553 0.153945008 -2.333230633 2.025716658 -0.929426170 0.881126767 -0.254376050 -1.796785756 0.992450266 -0.535348490 -0.219835366 -1.022243399 -0.095562653 -0.617381136 0.341040552 0.207565209 0.514024545
-45.242340698 -26.462463758 0.798178004 0.287125294 0.376793320 -0.422364226 0.772783489 -0.638041439 -0.622207678 0.826070391 -0.240310182 -1.442217195 1.087968188 -0.359628165 0.957285990 0.320981423 1.484571163 1.079671093 0.377961672 -0.761029403 -0.555377559 -0.205046979 0.136922659 0.162510467 1.305828983 0.292226174 -0.884193444
-37.741244946 -34.816890582 7.626514881 0.382602781 0.367702240 -0.106659680 -0.840853071 0.727037920 0.820067804 -0.036949753 0.070628976 0.074780000 -0.718393469 0.506695931 -0.179996571 2.125384640 1.549526840 -0.360157635 -1.346927124 -0.890812679 0.691981706 -1.260892698 -1.212643081 0.626336263 0.320977793 -1.017440636 1.551424778
-40.720220800 -28.809344456 6.063065364 -0.126844662 -0.734901402 -0.314951661 -0.587056907 -0.227052634 0.195296998 -2.246138589 0.859760722 0.376886532 0.536958923 0.580788073 0.317998164 -2.237138116 1.829058508 -0.591419591 -0.308907092 -1.246909520 1.649166208 1.214308872 0.524159024 -1.512701184 -1.602489598 -0.021205842 0.366310147
-39.208841922 -32.282521350 10.698099204 0.565589394 0.492228614 -0.356442709 0.557465894 -0.159886768 -0.621340776 0.147870929 -1.479390419 0.527532036 1.008031161 1.250694180 0.134045244 1.897168431 -0.702725832 1.065267378 -0.177866816 -1.919400320 -0.761310702 1.363254872 0.232405885 -0.053636090 0.370249618 0.009594110 -0.235661359
-38.680186171 -28.850184183 3.644655046 0.652318988 -0.134282333 0.736092994 -0.120893741 1.493473889 1.632061940 -0.429507165 -0.291324578 -0.393980781 -0.548603172 -2.202111445 0.777443106 -0.190513100 1.239634780 -0.294783969 -0.682236200 1.193794071 0.855285261 -0.420759550 -0.394174671 -2.141768538 -1.351069416 0.852982931 -0.782622483
-29.342470779 -30.407119673 7.298835332 0.595633032 0.447438206 0.477340813 -0.466010828 0.746297819 -1.672668037 -1.936943401 -2.386151847 0.373266406 0.247809773 -1.476481417 0.100764265 0.429704426 0.572625923 -0.154124064 0.303836170 -0.684704919 0.990136704 0.294331634 0.852315052 -1.072381344 -2.647336582 -2.457648108 -0.442926401
-37.749993589 -28.861557442 8.928409236 0.477394012 -0.784618327 0.053492901 -0.391927988 2.533027922 1.196961319 0.951609236 -0.706809178 0.372311745 -2.053687156 1.362566880 1.291774197 0.631535623 2.596722900 -0.163521647 -0.041137874 -0.669973088 0.041425957 -1.280978136 -0.697409175 0.825012040 -0.307634190 -0.183740367 -0.061494932
-31.911558730 -27.845214542 4.429296862 -0.132893115 -0.496099148 -0.854032010 0.082791188 0.081987279 0.170703345 -0.900155717 1.061237892 2.392486885 -1.396588641 -0.787738543 -0.384473723 -2.505942810 -2.168179460 -1.656007109 1.962775714 0.420577854 -0.291896498 0.609861841 -0.297150606 -0.057581778 -0.168540726 1.336627788 -0.458703166
-40.562207502 -39.226347670 1.425553996 -0.710212388 0.423240935 0.107120374 -0.552259631 0.323288945 -0.545966286 0.648121765 0.780398023 0.656046732 -0.279638535 0.547711349 0.290431109 -0.839153228 -1.894466914 -0.137997953 0.349014936 -1.806095900 1.133811737 -0.902466233 -1.239159355 0.096343859 0.010440003 1.742981373 1.140720885
-40.973590595 -28.419742509 7.203776209 0.593034547 -0.666226860 -0.443085659 -0.090149297 0.696551185 0.387955326 -1.155167369 0.186477580 -0.057227267 0.759051827 0.092826292 0.685883040 0.117750424 -0.798362512 0.557441406 1.347267316 1.067308338 -0.816409400 -1.178151124 0.546758259 0.429953291 0.565767070 1.296967163 1.115818811
-37.068884658 -30.934395123 -4.622593749 0.813319081 0.528883188 0.222432094 -0.096532949 1.356758080 -0.897680534 -1.533428580 -0.632519712 -1.225549208 1.392025284 -0.584129088 -0.717790992 -0.577452765 0.694326052 0.579501347 -0.660457539 0.149125793 1.614949195 2.598593028 0.668415714 0.977578695 0.019856661 -0.520967971 0.674410266
-34.720018932 -26.068001373 -0.018041154 -0.440200206 -0.477776114 -0.472296565 0.595726211 -2.125904705 -0.475832531 0.822215816 1.985198879 -0.027315892 -0.684315719 -1.202478614 -0.757724604 -0.369150029 0.391933217 -1.191097802 0.922614769 1.070792329 -1.170113938 -0.059066231 1.075943938 -0.379681165 0.298720626 -0.057327945 0.721031675
-45.562239110 -25.489183504 3.389401311 -0.108032280 -0.600839057 0.748675704 -0.258468846 -1.038064927 0.743637594 0.682838115 -0.152778885 0.972340849 -1.635605567 -0.461866023 -0.687089037 0.320654496 -0.601840199 0.633443034 -0.038063331 -0.357296579 -0.451510296 0.178676120 0.432236724 -0.819722150 0.599103866 0.372201763 1.118935242
-33.033814113 -24.668307465 -2.836337837 -0.361447948 -0.333662504 -0.785962182 -0.374550615 0.819740473 -0.392936805 -0.314854914 -0.242775600 0.189395407 -1.129886820 -1.614883912 -0.434946649 -0.239859080 0.500071764 -1.313261487 -0.195649738 -0.630349455 0.635915155 0.295664224 -0.755599781 -0.634436873 0.209229079 0.496843598 0.942408184
-33.615040973 -23.277653007 -1.499693251 -0.668542720 0.237289092 -0.665954609 0.230757398 0.269997675 -0.832958429 -0.238445168 0.663496166 0.829461120 0.172955774 -0.187375213 0.788246750 -0.132239353 -0.941939779 0.301600526 -0.637507361 -0.817034475 -0.128017603 -0.601754740 -0.261964548 -0.036131660 0.753017088 -1.303490384 0.059629261
-38.193155960 -22.716085642 1.729044438 -0.884853251 0.026844863 0.167440464 0.433909863 0.334450964 -0.723507119 0.563702171 -0.986895171 -0.789932217 1.213356924 0.067298536 0.354788095 -0.352674916 0.984107714 0.282009153 -1.359798526 0.568710943 -1.901023485 0.569349600 -1.550493807 0.010411384 1.697157324 -0.427524442 1.166161974
-42.467153584 -27.643224731 10.290720546 0.283107429 -0.129268445 0.925480756 0.215928747 0.501420305 -1.419273039 0.640642154 1.861643706 0.097392053 -0.854787001 -0.239848403 -0.165874181 0.059113826 0.711524803 -0.638817568 0.854050665 -0.242479029 0.986790354 0.194024840 -1.285635639 -0.288365241 -0.745561917 0.114593338 -0.348634611
-32.273576048 -37.857450687 1.030013708 0.446263947 -0.059886371 -0.347188187 0.822631433 -0.873892496 1.091955787 1.121197039 0.268976922 -0.852836158 -0.210185457 -1.124086377 0.508391260 -0.810199291 0.925974877 0.283373386 1.215666548 0.181037089 0.913804951 -0.775092159 0.683239100 0.495019735 0.671457533 1.634180460 -1.098683933
-44.690292084 -33.555463895 -0.778892565 -0.662361368 0.270448682 0.695088941 0.070613685 -0.132753974 -0.674215385 -1.038705875 -1.852764475 -0.050255928 -0.988775504 0.434200613 1.415561759 0.011109800 0.487011318 -0.562861451 0.808295037 0.478839565 -1.272112994 0.088839409 0.006305624 -0.605159211 -1.175772676 -0.030679955 0.073715815
-43.021183062 -32.780382749 -2.175442549 0.270037409 -0.930529710 0.207596069 -0.134529286 2.410130353 -0.590911981 -1.060203352 -0.073023962 -1.513038841 -0.224537575 1.312320795 1.226793961 -0.435676617 -0.540290769 -0.209339588 -0.121126020 0.301470953 -0.858855197 -0.701211275 0.760088753 0.288243748 -0.030222835 2.133381907 0.400989860
-37.736309480 -27.477047595 6.541255427 -0.525324915 -0.325723005 -0.623792584 -0.478352453 -0.617386520 1.026433779 -0.575288305 -1.640053000 -0.373847830 -0.472168109 1.402252340 -0.672722812 0.957332999 0.958713344 0.943842071 0.057195244 -0.836327358 1.435032541 0.617005661 2.014032251 -1.165539307 0.980347502 0.926080399 0.358283344
-40.136826565 -29.222578420 10.734247056 -0.169385101 -0.840911369 0.501991311 0.110369747 -0.028369460 1.263886176 -0.286380753 2.563958479 -0.251089639 1.113512693 -1.405444112 -0.278168329 0.774298122 2.478783720 0.304465374 -0.029684657 -0.974057810 0.271654726 -2.429847757 -1.769089746 0.422613674 -0.681944095 -0.746802575 -1.723387413
-40.861437536 -29.686963399 12.133303524 0.281426996 -0.401425146 0.156779506 -0.857366249 -0.679143866 1.058125784 -1.669203108 0.270438471 -1.593644206 -0.423401467 -0.094572015 1.550630420 0.375584165 0.185604043 -1.965166146 -0.450885077 -0.520485682 -1.426660602 -0.574593581 0.363550234 0.183603840 0.248979474 1.033376875 1.615258058
-31.483802428 -26.297509647 5.669218034 -0.046051872 -0.531757599 -0.050351832 0.844143219 -1.221610230 0.143970565 0.421929863 -1.708337135 -1.530123242 -0.029368955 0.270083138 0.115452268 1.484868153 1.080603462 -0.470047857 0.324909383 0.623476073 0.715956809 1.152315473 -0.255272266 2.104377220 -0.042927903 0.465094240 1.835748069
-32.843850642 -27.141622023 2.056977744 0.391409656 0.851376462 0.056795113 0.344573529 -1.073228037 -0.857263075 1.500337840 0.206608143 0.301196786 -1.492096240 -0.489119704 -0.201882000 0.091135372 0.382569878 -1.037586847 0.271463644 0.865475761 1.680844968 -0.874556712 0.258691218 -0.894917524 1.906118867 1.249750727 -0.069423687
-29.931930547 -35.942508507 4.041387116 0.671544071 0.170333636 -0.691956644 0.203004963 0.357625078 1.610244366 0.503839792 0.112897651 -2.143825473 1.420779476 1.234592363 -0.955365912 -0.370932333 -0.528570899 -0.176400109 -1.669852859 1.965783511 -2.052030607 0.046102854 -0.280599905 1.956986309 0.922848735 1.326040164 1.701185070
-35.985009840 -28.132679687 0.262180756 0.153646669 -0.501387688 -0.145211929 0.838997368 -0.649243199 0.748134109 0.804947867 1.013355549 0.720401147 -0.646622889 0.867269814 -1.109952988 -0.263754317 -0.500705436 0.828186635 0.856777901 -0.856286925 -0.665123717 0.530341637 1.060336034 -1.379595802 0.750094484 0.008882427 -0.921823874
-30.268472623 -24.068113534 6.333706915 -0.067685757 0.380439077 0.109542624 -0.915797554 -2.161384375 0.834838416 -0.859121975 0.322224483 -0.319750539 0.411529253 -1.614991408 1.257894051 -0.299044633 -0.265521659 1.498213515 -0.153952659 0.616494166 0.403743727 0.743047522 0.352669631 0.159023934 -0.090512765 1.625783993 0.495170267
-36.421688590 -38.192055626 -2.206971079 -0.670485071 -0.411397641 -0.586297026 0.193539527 -1.070785343 -0.039182734 0.491321809 -2.018669670 -1.086533898 -0.654271237 1.253207793 1.263999848 -1.363986840 -1.476291490 0.568136274 0.054771252 0.939522554 1.092513457 -0.204081300 0.198820904 -0.328399424 -0.905358506 0.710233872 1.577290398
-27.448680935 -30.937895960 0.821110889 0.553306373 0.063236607 0.522467509 0.645663141 -0.237931740 0.443434796 -0.153706072 0.893167487 -0.917993254 0.867929178 -0.615149557 0.054162569 0.504852976 -0.798962105 -0.257465207 -0.290077155 -0.294774485 0.392767562 -0.701684407 -0.604155555 0.062219328 -0.970987022 1.141234669 -0.851906582
-36.410074098 -36.956184155 1.649464029 0.577724247 0.309771088 -0.615177274 0.437988001 -0.511902311 0.505645318 -0.181647017 -0.765239098 1.179742716 -1.034277274 -0.216194465 0.624356040 0.460526351 -0.111571749 -0.799782418 -1.768419937 -0.155018883 -0.221135053 0.362714976 -0.917571041 0.425186611 0.414768900 0.786517916 0.696897699
-34.980421399 -30.045448336 -3.908556286 0.786569910 -0.132902747 0.095899678 -0.595355262 1.994953967 0.074399393 -0.058124510 -1.157405940 -0.943862358 0.390470921 -0.179878345 -2.483002254 0.465498635 -0.510647050 -0.019425557 -0.441445969 2.073431475 -2.172942082 0.241533810 1.353542005 -0.541119401 -1.003377709 2.587357191 -1.287715973
-31.288108822 -24.661274057 0.845256946 -0.062130561 -0.306742851 -0.645823434 0.696391204 0.464794732 0.551376376 -1.818802478 0.968398318 0.448419748 1.980277122 0.464783309 0.860723557 -0.253849280 -0.659147319 -0.421647120 0.887160203 -0.045539224 -0.307996435 0.783440889 -0.505900023 -0.302388530 -0.279145153 -0.619928487 -0.345062181
-28.398101356 -28.619648084 -1.128949345 -0.538199039 0.815129939 -0.041678568 0.210161544 0.553933087 0.620277641 -0.905033988 0.596543820 -1.214483646 0.499529671 0.653805716 -1.850539907 0.270350049 -0.082368350 -0.149392821 -1.335354084 -0.423026716 1.290995886 2.013427045 0.575781092 -0.499375983 -2.931337324 -0.821710878 0.666545189
-38.060806367 -27.881337032 12.105543699 -0.536703464 -0.173073703 0.628988364 0.535134117 2.380998483 0.158813441 -0.734639906 -0.250256430 -0.784797352 -0.454557367 -1.447315666 1.073755102 0.094158470 -0.865613147 -0.459433953 0.249075266 1.280060166 -0.431196951 0.487602916 -1.261444963 0.013294463 -0.278714974 0.309753228 -0.685429710
-31.604002554 -37.021046382 -2.184628297 -0.138967498 -0.856415602 -0.202838271 0.453979060 1.684201187 -1.265621048 1.694050972 0.379675563 -1.386587313 0.029663980 0.168314463 0.612027741 -0.122328720 -0.259861719 -0.224657116 1.763375223 -0.063747059 0.539115059 -0.726949193 0.949427035 0.851013593 -0.883632480 -0.364657132 -0.249299859
-40.765666908 -37.051796496 3.839040006 0.732180574 0.126665092 0.441066691 0.503316735 -0.400497936 0.105009035 -1.054082916 1.888639643 0.687056194 -1.171575875 1.048442004 -0.055179879 -0.196090793 0.674013541 -0.278958275 -0.097370604 -0.639676993 -0.083835105 -1.644248657 0.885729573 -0.631458765 -1.214003787 -0.549583631 -0.612457055
-33.300124873 -25.422243316 1.300408182 0.515936680 0.668885547 0.236216040 0.480211879 1.344292292 2.258062894 -0.026050936 0.273362404 0.214866862 1.751398940 0.657470494 -0.757809547 -1.056658879 -1.020414007 -1.540804308 -0.868110761 -0.614928816 0.075469780 1.421458992 -1.049876396 -0.426642562 -1.120075413 -0.894106687 -1.235909769
-45.016420013 -29.056213006 1.345126977 -0.328938801 0.272267544 -0.588825918 0.686260656 -0.106119298 0.105570208 0.763101254 0.452620349 0.125400871 -0.865973504 0.501689890 -0.751996444 0.769093627 1.008972077 0.832510672 0.662572346 0.412863690 -0.736582061 1.770347718 0.757034638 -0.504801171 -0.349597255 1.804983888 -1.232070068
-31.732555623 -27.389613941 4.157567950 -0.709754937 -0.403523634 0.548257586 0.181191127 -1.054758208 -0.631116098 1.890718519 1.183588485 1.349085558 -0.565837378 -1.451372214 1.085892583 0.146509883 -0.913371224 1.193335372 0.104535574 -0.989237325 -0.235372781 1.203954670 2.075294117 -1.056657465 -0.339561216 1.092085080 -0.223728419
-34.482904398 -34.017001552 -2.724506269 0.270204979 0.446524259 0.761355520 -0.384633757 1.594904914 -2.071254003 -0.366910090 0.270571119 1.616498523 -0.189339612 -1.159111190 -1.108863857 -0.272135626 0.137314896 0.455282424 -0.312700885 0.532178883 -0.370720599 0.273383379 1.286492190 1.161548674 0.188830763 0.973239012 -0.696504454
-39.908371157 -38.512633095 2.602226498 0.855032616 -0.484434078 -0.074312776 0.169471120 -1.831169877 0.023321606 -0.403035651 0.244774265 1.536057397 -0.286907636 1.091822058 0.038489303 0.930378733 -1.397479993 -0.993040193 0.845345900 0.982194452 0.139928813 0.758634331 -0.421957255 -1.621308850 -0.549816701 -1.465808060 0.918332949
-39.575947719 -22.746970765 6.005846947 0.188021678 0.973446935 0.008362930 -0.130303395 -0.654582750 -0.794141362 -0.512319862 0.033008774 -2.118287355 -0.513036903 -0.467877400 1.207243798 -0.234100390 0.601389972 0.151507212 0.915394824 0.723249202 0.323257480 0.366491715 -0.590831136 0.591660846 -0.022859370 -0.930001102 2.014130531
-40.388291634 -28.766711790 11.332520491 0.436356433 -0.493286540 0.730247538 -0.181658982 -0.194789340 -0.623755385 0.402374361 -0.856281185 -0.815503884 1.018987777 -0.525681663 -0.222720191 -0.858196575 -0.364665294 -0.052739904 -2.701259085 -0.185466864 2.113353637 -1.581586257 0.600444769 0.359666603 -0.285122375 -1.052926249 -0.497894066
-34.317615722 -26.605165158 11.759663184 -0.668634697 -0.366947168 0.504305789 0.404911211 -2.182597376 1.088724879 -0.244383515 -0.228912407 -0.816387093 0.173490645 -1.263183882 1.046562714 0.189663174 -1.231741088 -0.545618704 0.424972101 -0.078984966 -1.826162736 -0.650083488 -1.600893233 0.890241911 1.363842933 0.490928137 -1.440061064
-30.539271724 -32.682038154 -1.141254147 -0.217275782 -0.789127298 -0.153499717 0.553630905 -0.954291545 1.794881333 -1.410425881 -0.301254354 -0.450894262 0.447525913 0.310074354 0.426033276 0.443272379 -3.279109743 -0.136646949 0.281403789 1.481480124 0.985953756 1.785611889 0.635285366 -0.396970274 2.272214625 1.640374512 -0.668818604
-38.717067063 -35.646003346 7.887040577 -0.697635509 -0.473278855 -0.404356079 -0.354694211 -0.452681087 0.191237840 -1.413615456 1.482576126 -1.645576208 -1.126674949 -0.139464431 -1.026396670 0.317423123 -0.418050149 -0.319473251 -0.387901680 0.111515065 1.532768289 -2.172547858 1.238903229 -0.845588040 0.256753140 -1.086196409 -1.645786634
-30.215611851 -28.030509296 7.390825817 -0.730327059 -0.074475068 0.314520446 -0.601791276 1.455816407 -0.900442976 -0.637760176 0.488365352 -0.675562307 -0.786517735 -1.372914436 0.493378865 0.315152430 0.773420674 -0.151332976 1.701099639 -1.734239195 -1.146809838 -0.547043860 -0.331264647 1.972235678 1.153650949 1.610645062 -0.815916272
-42.874406538 -30.028820070 0.927966449 0.116118264 0.309267424 0.603006546 0.726122107 1.013127518 0.151855076 0.579765952 -0.533809131 -0.079226054 0.586867378 0.773877001 -2.448777190 0.912221352 -1.637460440 0.918064797 -0.190647549 0.492634354 0.856840840 0.762038657 1.270098809 -0.151231314 0.279005660 0.880334129 -0.061976583
-32.041621162 -32.458471156 0.866466005 -0.102039711 0.315916157 -0.824432381 -0.458362443 -0.520219853 -0.628201361 1.339230195 -0.360713144 0.182003187 0.647812258 0.800309864 -0.969612138 0.562295614 -1.047006678 0.458821204 0.914432127 -1.655844962 0.458025566 -0.360398227 0.420722941 -2.243954791 0.289936375 -0.513805088 0.022144401
-45.176608925 -33.342390615 1.454320734 -0.016565566 0.950612776 0.309810951 0.008837850 -1.671034342 -0.683765067 -1.414456785 -0.191013987 -2.086450359 0.914526278 -0.381263180 0.409700997 -0.936252827 -0.814001288 -0.284857682 0.587748311 2.390009842 -0.991779298 -1.654375673 -0.487411904 0.310375070 -0.372231113 1.760227248 -0.570361146
-44.712726352 -36.173657384 3.437379821 -0.655745850 -0.650057045 0.179581867 -0.339372320 -0.166941611 1.869164525 0.363070668 1.329987646 0.615919991 0.971449883 -0.221456846 -0.776477118 -1.772893549 0.021592753 0.056979672 0.787703524 -0.519556878 0.415267694 0.938588976 1.319522575 -0.085862561 -0.275993365 -0.789421563 0.381933692
-33.967801148 -32.245822865 8.147867549 -0.099487020 0.494755376 0.631383929 0.588790103 -0.370288478 0.079995378 2.115666985 -1.672052843 0.949941090 -0.584747112 0.813264962 -1.975238028 1.492936155 0.552719089 -0.340805273 -0.467007718 -1.124667608 -2.585685113 -0.978298993 0.847124285 -1.333259271 0.936323127 -1.513427595 0.789782245
-44.272240488 -26.605223454 2.729405786 -0.260530036 -0.251943353 -0.901894655 -0.235020593 1.763795385 0.097496450 -0.119502458 -0.040958712 0.331285455 0.176379591 -0.065975747 -0.901535101 -0.380039518 1.274257096 -0.005903043 0.606670554 -1.125823250 1.111369490 -1.604044654 -0.402984943 0.490351541 -0.411415755 1.519136736 0.976762121
-41.492814722 -34.716100624 4.960897034 -0.413059317 0.899613809 -0.090411385 -0.109099845 0.464478927 -0.489293597 0.618987202 -0.409185016 0.106946799 0.035490005 1.379198071 0.953567791 0.470318546 0.622222354 0.402856065 1.765249926 -1.437636487 0.222307461 -0.350244248 -0.858006571 -0.691563642 0.350927920 -0.233356680 -1.138785191
-38.729298042 -27.005547639 3.867371941 -0.014712690 -0.996780342 -0.016709821 0.077027718 0.631749360 -0.427499542 -0.347562159 -0.374808263 0.984538640 1.355869599 0.150201393 -1.114737402 1.367138258 -0.052738423 0.527170007 -0.279296864 0.719364173 1.039381443 0.241749599 0.200373414 1.145686833 -0.736127229 -0.452709688 -0.219309279
-42.618521112 -29.940824658 -2.535430190 0.873975530 -0.090200423 -0.346084143 -0.329023439 0.778414855 0.496701800 0.428215945 -1.027758978 -0.040156328 0.073561409 -0.001235635 0.840260049 -0.927104669 0.924977297 -0.496369795 0.909848557 1.377789450 -0.092503200 -0.291252359 0.016910812 1.074202149 -1.077641618 -1.523586755 -0.285094134
-41.456914320 -23.910021658 -0.352749843 0.103094226 -0.015894021 0.580788677 0.807343467 -1.902282515 0.023175149 0.738849288 0.233359039 1.661911286 1.402777394 -0.427815463 1.496430000 0.759499210 0.273026612 -1.456861875 -0.563933481 -1.758918594 0.394513868 -1.907408065 -0.003548608 1.346060538 -0.420196165 0.012450958 -1.213080942
-36.356791304 -34.047630735 -6.110374175 0.347449846 -0.127478197 0.460580518 -0.806779710 0.405102164 -0.408923892 0.334176683 0.000906681 -0.488816977 -0.578494488 -0.007101042 0.388937712 -0.151821209 1.379235602 -1.151080470 -1.059082298 -1.647005275 0.001178234 -1.082954635 1.059056546 0.619286878 1.067196515 2.090166323 0.719212001
-34.379338135 -24.296222473 5.489290994 0.806865066 -0.247010778 0.419862005 0.334171120 -0.044709533 -0.153117347 -2.389834825 0.178739635 1.077814487 -1.545345051 2.004401106 1.772376180 0.993781828 0.209907967 -0.843431078 -0.381005827 -1.694660734 -0.972358265 -1.117409258 0.977349382 1.334823374 1.406924993 0.167253236 -0.213609854
-40.905415090 -26.179213588 -2.255182113 -0.105444595 0.131627425 -0.313864728 -0.934368552 0.730941140 -0.426204837 -1.493185881 -0.256172141 -0.496517897 0.408258594 0.288010835 2.198512387 -0.327776568 -0.132567757 -0.674135300 -0.573722309 1.018915967 -1.214211508 -1.242247917 -0.639112879 -1.547848269 -0.382915235 0.866705267 1.815275403
-41.039602797 -26.622449886 0.393621862 -0.033771792 -0.200950331 -0.691082986 -0.693457091 0.553368803 -1.070242691 0.480604444 -0.106009969 -0.570655443 0.067445258 -0.352132610 0.592055442 0.487326122 0.626323212 -0.824107862 -0.892830546 0.042234375 1.686029906 -0.500484912 -1.384744387 1.034688486 0.106927991 0.261016236 2.759177670
-37.889111890 -31.420994089 1.904329602 -0.239899556 0.014002148 -0.968919706 -0.058708995 0.777486201 0.249530978 1.087762597 -0.292890097 1.740185962 -0.183113756 -0.328587798 0.337562849 0.674243320 -0.676463812 0.313438605 1.409814963 0.868561764 1.195430472 0.313724580 0.114243948 0.350818291 -0.668239792 0.136167581 -0.887190575
-41.269383710 -31.692192432 6.039782921 0.455175542 0.475581443 -0.464362833 0.592456476 -1.399360938 -0.966692651 0.422187730 -0.476592258 -1.196079112 -2.023348144 1.701597236 -0.474723993 -1.286654733 1.934839642 -0.753492078 -0.410851149 -1.045393184 0.114029228 1.293692250 0.217468556 -0.298333652 -0.817206229 0.288995922 -1.461225999
-38.288151832 -32.412766474 8.638953511 0.442217881 0.661585277 0.546704018 0.260505247 -0.051957929 0.792357290 0.811464145 -0.763111010 1.534365057 0.902854513 1.163632373 -0.576545952 1.849858161 0.340563420 0.435818553 0.071356460 0.957805040 -2.013027294 -1.029528073 -1.451806899 -0.550212404 0.515227908 0.242802464 -0.176805575
-33.696321522 -34.502279639 -5.095035188 -0.375720770 -0.001732849 0.722604746 -0.580235539 -1.459525731 -2.035712479 2.072475876 -0.079911753 1.339588894 1.369415310 -0.418932628 0.210817394 0.615433522 0.615487791 -0.512251408 0.892589988 -0.758154928 0.734888128 -1.637934755 -2.228796029 0.588372617 0.606048939 0.278124841 -1.268966935
-32.212018174 -36.566085971 3.482999755 0.652613960 -0.195110276 0.732107189 0.006787014 0.290143498 0.167503470 1.004381619 -0.762938317 0.393828013 -0.949946784 1.058928079 1.302946258 -1.272270112 -1.698396773 -0.446407696 -0.055974534 0.572917097 3.032020895 -1.051630306 0.062564613 -1.061961416 0.778336731 -0.760354869 -0.676689615
-28.452452702 -33.077334014 4.072839211 -0.547974183 -0.059140390 0.700175437 0.453851371 -0.183034170 -0.181944177 1.229409061 -0.004133696 1.092357734 -0.538663250 1.621752936 1.149866197 0.744161085 -0.331482240 -1.601858823 -0.550649165 -0.404218961 1.071498689 0.395350396 0.204578309 0.540355513 1.573185285 0.827401191 0.821885467
-32.893121466 -29.064509022 6.474934562 0.260951283 -0.081438106 0.507978197 0.816841731 1.509772328 0.724198210 0.790945704 0.369267845 0.273490442 -2.308165956 -0.891862386 -1.183741056 -0.144157067 0.756266383 0.392439548 0.356976721 -0.772438826 2.394618077 0.088158596 0.533954353 0.151764951 -1.288452692 -0.647729096 0.586513766
-36.651639204 -30.606419722 2.764979638 0.023231828 -0.859148073 0.061718160 -0.507460087 0.813153824 -0.299279690 0.181709362 1.293138169 -0.398162074 -1.460810133 0.791811615 0.715061074 -0.317281962 -0.833017541 -0.323394195 0.397747844 -1.233254728 0.383839679 -0.182362993 0.656782987 1.225969864 -0.187218342 1.743236101 -1.451261595
-38.613251366 -26.013430001 -0.427462964 -0.053290920 0.820183410 -0.258281823 -0.507690606 -1.009084204 1.574721965 0.820248502 -1.513930229 -0.080509307 -0.040046549 0.950694191 -0.244046642 -0.485041724 0.233208850 -0.322407367 -0.704016683 -0.592137794 -0.042288745 -0.703184927 -0.290035009 0.424360626 0.805324714 -1.812730190 0.356912170
-34.388070209 -28.242091787 6.386872274 0.024166850 -0.013205785 -0.997145740 0.070298960 -0.994195180 1.147695258 -0.669885071 0.357944688 -2.563221824 -2.990017927 1.478618789 1.439536709 0.425220041 -0.883948593 -0.562116874 -0.532994412 1.636712961 0.761603645 0.036824198 1.000908794 -3.354117497 -0.405722122 1.898612142 1.200872002
-38.526511706 -33.476947833 -0.025671626 0.865414499 -0.342770161 -0.187249362 0.313853529 -1.355508969 1.838923994 1.111106070 1.196120495 -0.838532840 -0.586760880 -0.714389647 -0.237491005 -0.133017312 -0.721375747 -2.353325749 -1.188308513 0.300107135 -0.296267157 0.255427285 -0.517486002 0.513648695 -0.748619221 0.613347371 0.778233403
-36.481859897 -38.880250651 2.577141365 0.212113458 -0.380255282 0.845052037 0.310323793 0.602555845 -1.244137299 -2.074418639 -0.038327648 -0.030497693 0.500016239 0.006165895 -1.240131860 -0.257229082 1.603017810 1.698746280 -0.215343007 0.200375796 0.425399195 1.919533479 -1.849717516 -0.120798473 -0.056598308 -1.330092879 -1.248312548
-31.041210262 -27.708143943 -0.494206174 -0.586441097 -0.190061451 -0.354713854 0.702952037 -0.528241712 0.685144978 -0.180104109 -0.493127650 0.533322480 -0.293147834 1.479970772 1.999513300 -0.940003744 0.624638770 0.186133573 -0.112596911 0.594993961 3.131860434 -0.843531716 1.732436253 -1.329244655 0.967399490 0.234452256 0.366555112
-41.723231173 -34.817187497 9.456587228 -0.160038350 0.743792020 0.078100340 0.644252663 0.325397459 0.262883679 1.110960939 -0.407291109 0.521592056 0.252409332 1.076565178 0.835824565 1.167745339 1.468773899 -0.907181752 0.927772330 0.506980563 -0.789100928 0.488243317 -0.003063402 0.514922513 -0.405681465 0.907598730 0.316321125
-41.179701120 -36.589270399 0.969157176 -0.581927013 -0.198581811 -0.547531991 0.567569322 1.511031251 1.156776656 -0.399706088 0.581529660 -1.069892732 -0.480607811 -0.888616634 -1.146040965 -0.000213092 0.277918768 0.519031452 -1.302688347 0.321837680 -0.262263228 0.303709941 -0.452027272 1.335199311 0.195543263 0.008135026 0.625331511
-32.418209155 -25.399307656 -0.033560716 0.316869579 -0.664208956 0.312036929 -0.600876932 -0.683811400 0.307482346 0.303702663 0.016623027 -0.257094449 1.391947557 0.068045161 -1.531508260 0.253565213 3.215058805 1.077053869 -0.771738126 0.787578127 1.551626698 -1.155631981 -0.177708282 -0.475423450 -1.113107656 -1.719153014 0.009224834
-39.786148422 -25.413590892 1.930170798 -0.286344853 -0.696175211 -0.113090328 0.648503877 -0.692430600 0.752604360 -0.146122719 1.388938284 -0.994672337 0.516944430 -2.508553733 0.910811332 -0.995833868 -0.721891435 0.539109834 -1.082459637 0.057412236 0.948129670 2.283365396 1.131792816 0.760127662 -0.909330564 -1.249712675 1.173420352
-30.304782991 -31.859322762 1.871111691 0.188788348 -0.856307872 0.186875017 0.442914796 0.218185254 0.010726849 0.105546502 0.525256517 -1.017745964 -0.916087021 0.489244357 -0.665916170 1.166469479 -0.664095859 0.397455274 0.175737362 -0.177353734 0.357600880 -0.044825895 -0.611056380 -0.420812965 0.094463784 0.587947832 -1.530751724
-34.066721528 -28.964861379 1.130699164 -0.362307651 -0.859510790 0.315232447 0.174936767 0.650101615 -0.867687761 -1.148783206 0.737938075 1.289108699 -0.214341633 1.507646125 -1.626224958 -1.374395666 -0.853796578 -0.870309442 0.045386145 0.336925422 0.737408887 0.546708844 1.294999437 0.143093749 0.385001267 0.229438762 -0.705659452
-40.480065364 -31.942726280 4.315524509 0.420977425 0.732008193 -0.283332043 0.454604187 -1.745476250 1.017087989 0.302503511 -0.772426388 -0.972630499 -0.557479951 -0.104958041 -0.883050441 0.854373242 0.914501071 -0.107628768 0.088417330 -0.149588421 0.881626419 2.750913037 0.107913142 -1.129921528 -0.365569137 0.836453214 0.897113634
-41.378677031 -34.035272630 4.842163995 -0.710437468 -0.030389104 -0.603492804 0.360765216 0.054682847 0.994175372 -0.160343258 0.223192995 -1.508341960 -1.745948009 -1.281175070 0.815247277 0.665534633 -1.471976907 0.162089913 -0.007609216 -0.997981173 0.752491734 -1.004856060 0.487296250 0.312700508 -0.772776038 0.755820974 1.971759696
-39.784463905 -27.403565542 3.385185835 0.196702447 0.714212359 0.055434559 -0.669429506 -0.555706661 1.926688998 0.216465827 0.076411042 -1.082455826 -0.881577285 -0.871095645 1.365346614 0.260576793 0.693646299 -0.509908608 -0.469878191 -1.179223931 -1.873861591 0.164607272 0.137995219 -1.342620687 -1.194346427 -1.117940502 1.271750405
-36.416080644 -37.477504395 -1.313233164 -0.751280782 -0.099707808 0.633255806 -0.156915975 -1.383336185 -0.732051443 1.379606579 -0.787166995 -0.615580094 -1.029035937 -0.244482945 -0.652558275 -2.143841636 0.190437417 -0.272470871 0.422167419 0.804769342 1.375149157 1.338917703 1.732938815 0.344502423 1.357380252 -0.820422313 -0.329856745
-36.853457072 -38.840345002 6.578726619 0.042963540 0.905998636 -0.418939505 -0.042547571 0.642771411 -0.216874131 0.182524415 -0.342559248 -0.117304949 1.552964077 -0.193053287 -0.188423654 0.566830401 0.252914590 0.093335466 -0.890538580 0.884235355 -0.404599346 -0.096411113 -0.119512359 0.764899241 -1.276040085 0.421055377 -0.055554114
-33.166420403 -29.446763710 -3.159018419 0.703063709 -0.653880614 -0.086488143 -0.265822055 0.476698291 0.477517722 -0.258895299 -0.464576054 -1.096132112 -0.539465274 -1.074175406 -0.764446867 0.650045504 1.293176218 -0.160678353 -0.786385083 -0.495553730 0.751257583 -0.012671003 1.337415399 -0.649287639 -0.323824692 -0.833449512 -1.336273966
-32.161987981 -29.342551734 2.876657908 -0.211817451 0.521997653 -0.738807233 -0.369886052 -0.427736960 0.520399434 1.717123532 -0.164988524 0.682661498 -1.237824097 -1.127664455 -0.837480498 0.098712729 -0.297711877 0.372218304 0.300034798 0.122434774 0.485000106 -0.681421788 0.015725179 -0.786763178 0.337657179 1.207943764 -1.496164897
-43.826922857 -23.967765821 5.588307786 -0.224155577 -0.199702837 -0.848185215 0.436411382 -0.787745824 0.399781650 0.854466299 1.346092198 -0.526626592 1.285916257 -0.113852816 -1.345003280 -0.273653635 -0.512160097 1.993085766 2.441208553 -0.343485634 -1.668056615 0.995911684 -0.914351135 -1.759470122 0.934134071 -1.150098778 0.094641865
-35.954391412 -33.675428032 -2.523403801 0.879860386 -0.112300359 0.460487530 0.034432031 -0.783593973 1.174603521 0.841883837 -0.567857339 0.402477676 -2.242062280 -0.739542678 1.099641358 1.093500551 1.286296573 -0.328278807 -0.207156851 0.222477799 -1.579385434 -1.313417798 1.443421344 0.767191291 -2.466143370 1.883217180 1.270626801
-37.298315499 -34.024619450 -2.885305724 -0.099543342 0.782256442 -0.277608117 0.548725537 0.621423275 -0.066468508 0.010551785 -2.085035327 0.204725562 1.089762481 2.302216698 -0.978426292 -1.801105619 -0.286608890 0.120237891 -0.530463941 -0.610247251 2.079444848 -0.673092435 -0.443989146 -0.205016450 1.387127767 0.509002646 1.220167535
-41.949585252 -26.105130302 5.277754776 0.471130666 0.021298310 0.789758993 -0.392253758 -1.558125444 1.250398881 -0.664603483 -0.638672546 0.296790276 1.174791077 -1.090701208 2.697535891 1.110681562 2.862762450 -0.957647763 0.091730581 1.593559149 0.805468653 0.588663708 -0.664291196 -0.200448463 -0.008323192 -0.806098408 -1.036155137
-42.195873059 -30.909088505 9.621551046 0.524787303 -0.311873968 -0.707126533 0.356798236 1.800707518 -0.906581343 0.138535116 1.478956238 -1.325707929 -1.115976205 0.202237118 -1.395762544 -1.346409015 0.903537449 -0.134610649 0.305725427 0.785579687 -0.690711673 -1.446336333 1.077347415 0.995816736 -2.625293801 -1.038171959 -1.146970585
-42.084395569 -26.411635786 7.735117155 0.221168095 0.498067200 -0.825089431 0.149134735 -0.121676653 -0.301978438 -0.533336928 -0.198277270 0.361855392 -0.222080224 -0.061253275 -0.520287060 -1.787647769 0.217195691 2.388246563 1.826444328 -0.528470934 -0.223424168 -0.364306032 -0.912720732 -0.234169809 -2.473045619 -0.116782383 -0.011560480
-33.423003208 -22.568707896 7.108904391 -0.871658084 -0.156056814 -0.254730701 -0.388549515 0.008694908 1.392879951 1.225059631 0.037678667 -0.671446162 -0.012090429 -1.662817102 0.056284754 0.998720523 -0.698858872 0.435297431 0.623675179 0.853242619 -0.632863987 1.029226305 -1.490542570 -0.127554925 -0.456533402 1.141905721 0.174142891
-37.748031911 -24.605917215 2.165516396 -0.420086032 -0.826318431 0.353741782 -0.124869240 -0.467157078 -0.074366289 0.302975013 1.241328837 0.429718033 0.246367659 0.347047404 1.445798131 -0.092064757 -0.133069723 -0.255542577 0.314005051 -0.629938455 -1.352774216 -0.278960606 -1.264692343 -0.621088582 -1.246699329 0.201423312 -0.789887885
-27.339588799 -30.560788436 4.826851347 0.174610679 0.339648655 0.123675521 0.915889877 0.276024390 -0.584682103 -0.412406559 -1.266994758 -1.337435822 -1.606450890 0.367611309 -0.631226354 -0.046453459 0.010589544 0.192208835 0.896635921 0.167172871 -0.280063474 1.358068223 0.353434392 2.324072696 1.396108135 -1.686198502 1.289062985
-41.228933625 -32.193270561 1.222065289 -0.226317062 -0.916768396 0.029982449 -0.327745860 -0.292943768 -0.484721403 -0.962021050 -0.262657747 -0.184532912 0.959666970 -0.436333344 -0.462956481 -0.106081385 -0.725507987 1.664641209 -0.514369462 1.115084651 -0.287325248 -0.081994648 -0.289409231 0.405178778 -0.853205407 0.877654245 1.437205325
