-27.135233841 -28.178599039 -8.301119169 -0.638682731 0.377563401 0.667905281 0.058589953 0.121497155 -1.614691869 0.052198777 1.174482772 0.625832657 -0.195417315 0.896510110 -2.125495769 -0.458268775 0.475126073 0.959332783 0.867445915 0.268255306 1.257758019 -0.024094458 0.325874959 -0.624450070 0.420526990 -0.156779570 2.097313457
-14.397282957 -30.990674895 -2.627537448 0.086969808 0.848772189 0.047393741 0.519399516 -0.834707021 -0.228445120 -0.519091110 -0.191669392 0.335625895 0.066813275 1.131880335 0.104796159 0.392207615 -0.492016335 0.150782981 1.244052992 1.152911489 -0.996031202 -0.931954727 1.151428407 -0.809801480 0.370755551 1.594503741 0.769540816
-12.212304669 -31.144368765 -8.458538991 0.895291208 0.156291125 0.398890394 0.122119571 0.114430598 -1.699837265 0.118660908 0.071340641 -0.547291117 0.237465898 -0.283485291 1.143252289 -1.306134761 -1.319099853 0.662131477 1.670167755 1.414877947 0.549772505 -0.146771903 0.603759885 0.263212683 1.065498121 -1.915878375 -0.547371927
-19.889266079 -22.940064589 -3.541578289 0.320731801 0.613616034 -0.340932824 0.635901945 0.019817596 1.885947859 0.966745719 -0.683439661 -0.655400296 1.738694346 1.025486707 1.884888884 0.170747180 -1.292387741 -0.116079194 0.122329730 0.213131749 -1.400203676 0.499538068 -1.822676114 0.958642288 0.081356289 -2.550163725 1.254450338
-18.001322427 -21.291449577 -9.094395016 -0.495940259 -0.543615700 -0.310378842 0.601822403 0.833635806 -1.379636062 -0.101283476 1.355630753 -1.899716744 0.632435227 -2.238443110 -0.617209195 -1.380300453 -0.268168217 0.563327230 -0.623988345 -0.013285099 0.564727204 -1.809692958 -0.235265850 -1.795805415 -0.611365902 -0.427083977 -1.481092634
-15.002239719 -29.745188371 -8.086396069 -0.438549985 -0.128256764 -0.126735241 -0.880433014 1.093370719 -1.064750591 0.566910538 -1.712496978 -1.356257278 -2.018563534 0.753147997 0.759039054 0.259147167 1.908519950 1.147983456 1.803625252 -1.006401926 0.267898992 -1.385397641 -0.660206390 1.065307197 0.375467213 -0.636226010 0.603640357
-16.792759621 -29.040597495 -1.679359801 -0.058294582 -0.479798530 0.346463503 0.803964025 -1.602182519 0.881537482 1.830575431 -0.046069579 -0.136158929 -0.920838928 0.202183900 -0.257870571 -0.172326550 -0.185311254 -0.687844078 1.538782481 -1.230829095 -0.989326577 -0.697753173 0.001363687 0.424791792 0.579162506 -2.173386068 -1.690817541
-19.837113705 -21.965169771 -9.309433484 0.104582590 0.923983987 0.249726497 0.270097667 -0.991130226 0.250352643 0.551451725 0.331755402 -1.140601186 0.196817319 0.511828258 0.932741352 -0.683091840 1.101012185 1.843808448 -0.563312574 -0.343556769 -1.643904002 -1.510185141 -1.559625727 1.179498519 0.599748863 -2.819472666 -2.268682104
-10.416059717 -32.343601607 -7.101749545 -0.012014813 0.593060728 -0.796646533 -0.116141803 -0.952091052 0.724277634 -1.014120119 -1.415531807 -1.390245851 -0.661999245 1.540436739 -1.698051881 -0.335721728 -0.306305265 -2.098521130 -0.814544822 0.351381346 -0.968365715 -1.542002276 0.533598195 -0.758644556 -0.070043672 0.051822074 -0.165440494
-17.353699560 -29.137660975 -7.874370250 0.335388929 -0.328933218 -0.796860561 -0.379908477 1.248210242 0.828927434 -3.211011960 -1.046566380 0.252715273 -1.064830811 -0.103967121 0.952602213 -0.873515739 -1.592004765 0.590387042 -0.514519227 1.478803641 -0.533563564 -0.014463958 0.791575421 -1.201488435 0.409487984 0.878487252 -0.270884681
-18.452022407 -31.247699221 2.029602512 0.702518183 0.101496765 0.696699376 -0.103810351 -0.353862086 -0.334542229 0.554123942 -0.650097527 0.398523010 0.202543724 1.441580256 -1.079468843 1.652082722 -1.772029416 0.376895713 -1.805875822 1.754959650 -0.044453012 0.027098214 0.299218756 -0.238381093 1.010202882 1.610161180 -0.122387458
-17.267860113 -22.449502755 -12.019089653 -0.392872601 -0.560293063 0.200834157 -0.700991044 -0.821021056 -0.816045539 1.626509984 -0.525902050 -1.197007782 0.297228139 -1.483209748 -0.962351856 0.757906960 -0.708521507 0.278182678 -0.906520670 -1.425850411 1.070664134 0.392572902 -1.026080495 1.171166382 -0.455502565 1.023056479 0.457126467
-16.250713181 -24.570866927 -1.728001538 0.074013721 0.839601516 -0.504420129 -0.187487592 1.009490275 -0.201207198 -0.413323447 -0.118527181 -0.906182682 0.841084829 -0.675244791 -2.189028036 0.712347951 -1.112835090 -0.000581636 1.855992538 0.403178299 -0.629812762 1.193207640 -2.746409466 -1.390364075 -0.147188490 0.156187141 0.376453844
-19.864539474 -37.880796818 -7.858498825 0.780254876 -0.459836856 -0.211883840 0.367229672 -0.441301992 1.402080290 -0.173203916 -0.783201839 -0.085063643 0.250709819 1.364128772 1.248793200 0.896143853 -0.971098477 0.840774873 0.888378045 0.331062677 -0.404498000 0.643476080 0.321583665 0.881669725 0.036540774 -0.010151203 0.467960004
-16.067957819 -27.472531724 0.638103006 0.350631179 -0.729074343 -0.030410917 -0.587012397 0.997673055 0.782230963 0.031393740 -0.397807461 -0.236350684 -0.998637183 1.394119571 0.038393039 0.715385602 -0.726845531 0.218735074 -0.084521441 -0.596205572 -2.610303409 1.017319859 0.770740814 -0.546590154 1.498324279 -1.010977906 1.649129991
-12.582212536 -32.061393488 -2.902310815 0.627577837 0.171185581 -0.757707904 0.052156381 -0.983188100 2.040371511 -2.282305835 -0.454162950 -0.060133395 -1.769942674 -0.150898260 2.387876351 0.188838077 -0.160801436 1.079587078 0.269421878 0.632018185 1.175018639 -0.349472747 -0.929201886 0.053842576 1.571869600 0.935711220 0.965971436
-11.607008382 -32.406453177 -0.778409921 -0.267171433 0.577824544 0.480646687 0.603089533 -0.395556194 1.540906489 1.270294687 -0.186892554 0.100289113 -0.538911912 -1.348766972 -1.016238162 0.437052128 -0.082562874 0.138594811 0.849136120 -0.277740098 -0.935324031 -0.170271847 -1.054063622 -0.396244836 0.130173054 -0.434139315 0.281531282
-18.711727263 -22.174021250 -10.432894952 -0.082094037 -0.154740493 0.369365853 -0.912625233 2.326575517 0.617853632 1.140744254 0.871988790 -1.031932045 0.288430198 -1.966482394 2.030933498 -1.339940527 0.307312105 -1.731815734 1.307910213 -0.581442797 -0.541033979 -0.280479623 0.120261859 1.752888621 -2.905556148 -0.212092820 1.520647192
-18.787607653 -29.965397443 -12.262250765 -0.142973705 -0.438231143 0.363720690 0.809456141 0.226600635 0.377989501 0.325522187 -0.392156265 -0.784867235 2.645716402 1.355719533 -0.091113437 0.384931183 -1.619076980 1.351822083 0.375285792 0.181594225 -1.409368916 -0.130096773 1.788236055 2.129460507 0.157860887 -0.975046433 1.047987895
-17.428822023 -31.301625354 -2.306493485 0.911236690 -0.125140658 -0.312422953 -0.237443484 2.035067772 0.337639333 -0.345463333 0.324929251 -0.319999583 -1.318096202 -0.447284604 -0.580944568 -0.815506456 0.504038124 1.394946535 -1.893925173 0.255041074 0.642625919 1.455903734 -0.135230349 0.390469139 0.852215117 -0.090336190 -0.949001139
-17.850825292 -38.918990134 -4.556701160 0.082804673 0.192161570 0.977674720 -0.019221337 0.821731630 -0.393960718 0.346823833 0.178849325 1.056774872 -1.891874181 1.075111218 0.673002288 -0.566310536 -1.202418098 -1.441219701 0.087187058 -1.196754929 0.748874512 0.479922872 -0.782509403 0.371598352 0.904532683 -0.522300316 1.265791013
-14.893493157 -33.013233259 -9.274632861 0.469861969 -0.861927300 0.109816667 -0.155728482 0.254533542 0.603278993 -0.001796298 -0.702639980 -1.066396372 -0.486313427 -0.152955391 0.270612685 -0.922778173 -0.538712618 1.347017517 1.369903569 0.294357000 -0.280534295 -2.479154141 0.212275267 1.413807414 0.412267344 0.887040066 -0.063297507
-14.969667605 -37.443314843 -1.986138620 -0.365878658 0.520913462 -0.117005942 -0.762293633 -1.052459027 -1.345970524 -0.781725715 0.587234215 -0.542557087 1.043763322 0.247684903 0.373151126 0.469419139 0.297913646 0.370336408 -0.018749552 -1.135839835 -0.664658532 -0.976455925 -0.612453935 0.467224307 0.109713142 0.091787151 0.120735996
-15.063690409 -28.956382775 -8.997532839 -0.496426917 0.154397541 0.710841873 -0.473735735 2.218212855 0.973056490 0.509099820 0.358622813 2.092700801 -1.024902986 0.026951155 2.068702188 0.798866386 -0.435785686 -0.475687233 -1.661485670 -1.320434260 0.920453175 1.584456269 1.221256203 -0.313318264 1.525644174 -1.220308907 0.969248593
-20.054099703 -23.252357339 -8.847402673 0.531124698 -0.581772511 -0.412926702 0.457098283 1.886328395 -1.376813678 -0.072046733 -0.387426055 -1.451222163 -0.955846611 -1.566214465 -0.551839832 -0.848185217 0.719141924 -0.076415146 -1.855354217 0.313606850 -1.475689958 -0.599191645 -0.573884679 0.271734183 0.579391460 1.609650254 -0.530267109
-15.192532846 -31.784520219 -0.681593034 -0.692401388 0.601775158 0.376393144 -0.129519025 -0.269321159 -0.490568002 1.292457868 0.052071856 -0.161348215 -0.077665272 -0.318039147 -0.983536428 0.255693524 0.046140747 0.620751862 -0.470647586 0.446128914 -0.469185191 -0.903827750 -1.554186188 -0.599013426 0.069535113 1.282050216 -0.861068556
-17.949617892 -30.351756377 -7.345429061 0.262848982 -0.714966977 0.641300707 -0.092011080 0.760831209 1.845820658 -0.212251044 -0.958568231 1.392867044 -1.769478211 0.286335296 0.109112883 -0.118051467 -1.003483203 -0.375276670 0.570765126 -0.083461815 -0.955455324 1.277690424 -0.044621590 -0.933558684 0.752521325 1.273156711 -0.542074212
-11.284621071 -28.598300310 -10.918555477 -0.149426053 -0.568321155 -0.528635695 0.612557933 0.278251824 -1.672124858 -1.643790869 -0.698893382 -1.167864835 0.430736653 0.958001270 -1.229120022 0.834762179 -1.606926888 0.274440021 -0.426676014 -0.155683847 -0.513297444 0.937010427 0.218803192 0.162199545 0.096593969 2.014460121 0.147508770
-15.075599200 -37.373841672 -11.239041807 -0.194221719 -0.459651954 0.667663736 0.552470037 -0.048312402 0.481434730 0.374964209 -0.912616262 0.415757701 -1.273046361 -0.295126897 -0.435560683 -0.204297100 -0.112784826 -2.086242850 -0.941658929 0.574727368 0.941394000 -0.569268630 -0.494776330 0.451749010 1.198742881 -1.381195001 0.971491051
-19.479016521 -35.599965022 -0.896072800 -0.055809661 0.287672011 0.946767481 0.133272023 1.234057732 2.022282073 -0.014410625 -0.056393877 0.167897290 -1.291953524 -0.012432059 0.611573731 -0.209580995 0.801682104 -0.078340526 -1.497113117 0.673421846 -1.019924665 1.427327674 0.629096909 0.109755846 -1.787983711 -1.636293425 -1.686147796
-21.265687015 -34.902078913 -4.868634836 0.237565596 -0.002045090 0.243759107 -0.940287139 0.043852081 0.458053230 0.414976240 -0.789374484 -0.554905669 -0.995563215 -1.087390876 -0.700559636 1.596996565 -0.766090289 0.709000052 -0.323291888 -0.594876199 0.969419214 1.093811953 -0.141544825 0.843309353 1.806945429 0.467854249 -1.687403102
-15.726177898 -22.258008289 -6.410010310 -0.181060467 0.616440330 0.583711846 -0.496486564 -1.192233604 0.922221568 -1.058264642 1.004011358 0.606648760 0.594889727 -2.165752866 -0.371198477 0.179266186 -0.393916705 -1.977821018 -0.276901488 0.810339050 3.723996082 -1.511528779 1.701201416 1.398555610 1.395569895 0.747780358 -0.651815245
-20.250132578 -33.897613613 1.373728704 0.278526106 0.814579723 -0.309572985 -0.403791591 0.815119719 -0.449297686 -0.956302386 0.875632716 0.470194669 0.016257781 -0.242024500 -1.316866696 0.596571347 -0.042949382 0.490627361 0.832480267 -0.881548419 -1.100718817 0.389668445 0.511309622 1.381973298 1.671230632 -0.229920700 0.886901408
-18.967567205 -23.697733616 -6.481201947 0.531494200 0.792821564 0.050646025 -0.293909618 0.053719250 0.594346848 -1.202501509 0.910388720 -0.991565297 -0.741753427 -1.391924288 -0.366525645 -0.091686888 0.847332007 1.978850672 -0.767862186 -0.384537872 0.960121291 -0.544854657 -0.317284251 1.596355202 -0.289113953 -0.979268298 -0.929321243
-22.403039591 -39.364114017 -5.502599968 0.166600445 0.197925833 -0.949081491 0.179760897 -1.224965744 -0.601401851 0.970661571 0.903058049 0.319335780 0.294679200 0.346407777 1.212062053 0.830641181 2.283499485 -1.736144803 1.058082856 0.930227268 -0.686051243 -0.476807173 -0.681441827 0.224846904 -0.342516557 1.045595828 0.525532796
-15.973058259 -27.912855974 -8.904307171 0.755172334 -0.373221687 0.286794160 0.456255879 -0.614910332 1.411337365 -1.795677991 -0.557355188 -0.290484970 -0.713666483 -0.463382415 0.518548010 0.187130871 -0.271346596 -1.020434333 -1.189699076 -0.019977521 0.429779946 0.155913729 0.101457813 -1.078835356 -0.397079314 1.306281683 0.253745049
-18.930996151 -34.869840424 -11.552707646 0.418250246 0.175786396 -0.376255381 0.807835233 -1.243830978 -0.048374039 1.800601763 0.290577078 0.931761497 -0.997124698 0.677548804 -0.688203909 0.434165503 -0.497979545 -0.083005199 0.699153247 0.667282865 -0.978902796 -0.131792551 -1.205488763 1.161594713 0.444293035 1.745208948 -0.209542394
-17.068883101 -33.391728219 0.006098507 -0.409317291 -0.246719548 -0.752451527 -0.453216858 0.781711122 -2.338562980 -1.943122601 2.159233516 1.675578442 -0.645881348 0.011394229 -0.877021082 0.830447045 -0.047561102 0.180563309 1.301011791 -2.340327618 0.652701738 0.429769581 -0.564937070 0.646092710 -0.767283010 1.785173225 0.849495100
-22.024415861 -35.358783335 -4.984404674 0.509073136 0.434369881 0.563268093 0.484661122 -0.799451092 -0.367987293 -0.841271980 0.522411661 0.057302294 1.231842808 -0.610016178 -1.199981231 0.306755739 -1.159390899 0.657615288 -0.375158588 0.060925251 0.995558690 -1.017787067 0.518289004 0.124803261 1.418040878 -0.866358474 -2.499651176
-19.042592966 -21.919582029 -3.696961662 -0.386444500 0.864969734 0.292861678 0.129306009 2.499172673 1.709976901 1.457837254 0.424884212 1.373492157 -1.827732704 -0.551037638 0.318851184 -0.144693865 0.640049422 -0.902251230 1.158223006 0.444026379 -1.766381831 0.364233980 0.058287413 0.697338895 -1.620518222 -0.111987669 1.132468060
-17.842872560 -25.761369935 0.099327749 0.265506671 0.894363873 0.125222701 0.337548137 0.412535626 0.273737499 -0.772027874 -0.102091256 -1.043175220 1.001501195 -1.488506969 0.407001368 0.556967874 1.331117219 -0.721577383 0.633097691 -0.159628544 1.489199484 1.246441079 0.265363608 0.617121354 -1.279403240 -0.005192998 0.835114053
-16.582439662 -30.398223772 -5.768198889 -0.382703944 -0.330754092 0.829871998 -0.235482248 -1.407116435 0.240324093 0.671399665 0.925740507 0.659488172 0.154863029 -0.636808962 -0.090225578 0.125034586 0.791794914 -0.106976721 1.769068541 -1.103711291 0.346218439 1.452070235 0.016979010 0.743884894 -0.788595459 -0.007636334 0.743818678
-22.565958360 -28.145302578 -9.959885000 0.644569516 0.091277428 -0.281963956 -0.704765846 -0.836712813 -0.494469499 -0.839796468 -0.692406969 -0.806222935 0.324585058 0.339981967 0.370609083 0.262637557 -0.832000933 -0.699802061 0.392069819 0.461919071 1.214588456 0.401455582 0.474133866 -0.263542634 -0.943652029 -0.156273571 0.678605529
-21.731835365 -35.979969348 -5.114534045 -0.717185382 0.507283466 0.138249238 -0.457379232 0.720706302 0.317769532 0.604334359 0.853766137 1.293738217 1.052414048 0.258992843 0.530247408 -0.949030766 -0.379733984 0.263567117 -1.860168143 -0.172967309 -0.547565368 -1.016793156 0.172136901 1.335472162 1.090615775 -0.335188280 -2.333486812
-11.677258780 -27.185686923 -3.242315624 -0.082368919 -0.714500855 0.694122634 -0.029960964 -1.119113415 -0.761626826 -0.870454587 -0.177791039 1.705831517 0.186139809 0.695716182 -0.283932188 -0.991024295 0.458002382 -2.504009882 -0.484904223 0.195131744 1.113619850 -0.038839706 -0.150528300 1.059613404 -0.243245675 -0.050682569 -1.083985870
-16.632384391 -34.333648724 -13.707177506 -0.231408580 0.702675757 -0.124261245 0.661253350 -1.162406091 -1.514719355 -0.794657975 -1.162438014 -2.462154222 1.439798850 0.410151097 0.618651980 0.471936417 0.385896776 -0.029807207 0.854164967 1.472693117 1.662611510 -0.787434908 0.940681416 -1.981046459 1.332805801 -0.432893641 -0.445750428
-15.197158583 -22.559480773 -8.440817676 0.016721437 0.600584792 0.547260580 0.582687017 1.136668453 -0.954735502 -0.475651247 -1.827782387 0.768492388 1.244338791 2.136454139 -0.606937688 -0.570144558 -0.626521981 0.785772430 -1.187400192 -0.082697576 -1.337530387 1.176556020 -0.630906141 -0.276288935 1.809437525 0.191664966 0.353802820
-19.843022555 -24.772136205 -14.003885310 0.124629139 -0.754546789 0.423057976 0.485951304 0.788830534 -0.981247587 -0.321845176 0.543569525 0.273002503 0.042528773 1.695122546 1.583162083 0.011295433 -0.252002045 0.019070124 0.863275181 0.662446693 -1.390770526 0.265349231 0.692477292 -0.936167400 0.642218499 -0.475930661 -1.392119550
-14.672945712 -30.197116240 -7.663736492 -0.566470595 0.173827640 0.794799826 -0.131103976 0.173603637 0.672065896 0.782641162 0.903434419 -0.455659960 -0.581501896 -0.822435185 0.660151626 -1.446400474 0.398886389 1.369357815 -0.898818482 -0.920048815 -0.673708325 0.561339465 1.728577425 -0.640673486 0.901474737 0.057488280 0.338951150
-23.212505899 -29.931578897 -6.613105599 -0.739177015 0.636658803 0.219538525 0.009259841 0.865357425 0.202931088 -0.164593955 0.401726236 -0.016632632 -0.295770786 0.407704938 -0.037291223 -0.465429128 -2.522224786 0.050445288 -0.922794738 0.420660204 0.042494182 2.127094969 -0.089343326 0.287449634 0.504839064 0.141713128 -2.094931240
-22.620501054 -24.910144543 -8.689092015 -0.401212943 0.146978478 0.391106924 -0.815144696 0.421568510 0.305746173 0.064155160 0.473917124 0.143692162 0.492247458 0.767593300 1.825116879 0.382874604 -1.013911755 1.517955325 -0.237125321 0.305449706 -0.940767838 -0.711691106 0.858647485 -1.264874376 -1.275005128 -0.329918003 0.434034729
-11.530860627 -30.323950318 -3.288686756 -0.569971583 -0.334538689 -0.739665152 0.126931963 -1.561605192 0.205747021 -0.400766956 -0.080572021 1.034755237 -0.233307122 0.770432820 -1.275078420 0.080369355 0.324246693 -0.801681379 -0.383987458 -0.820937140 0.667440722 -0.058355055 0.244528951 -0.341534745 1.819618276 -0.290314919 0.800562427
-12.180596755 -29.967403418 -6.860875963 0.653903765 0.408686191 -0.543260978 0.332043631 0.358172596 -1.384439467 -0.598648346 0.842908293 -2.473116210 -0.152371561 -0.150284172 0.294925140 0.058368536 -0.045338588 -0.115985561 -0.540754916 -1.107797735 0.408042827 1.020110004 1.340697342 1.284889261 1.450626866 -0.198643156 -0.341264968
-14.654499169 -33.521447261 -2.246248558 -0.172709527 -0.109309296 -0.592330750 -0.779337655 -1.338311743 0.051763467 -0.502412870 0.290682747 1.596519881 -0.600681307 0.472674681 0.291342272 -0.797712752 -0.229770234 0.741699105 0.699071558 -0.257548500 -0.428771180 2.420005272 0.396069875 1.166549497 1.421891073 -0.434202362 2.750353040
-21.211536978 -24.106770806 -1.827230495 -0.221341712 -0.228347550 0.805081516 0.500708494 -0.685734965 1.363029583 0.217675130 0.499145589 0.587240011 0.615476144 0.520694436 -0.381932628 -0.464042454 0.300580085 -0.098727739 2.115707567 0.215337910 -0.761057031 -0.712999035 -0.119433968 0.438255417 2.096949790 -1.242165557 -0.894285328
-27.723937340 -31.378139622 -11.654646190 0.177659304 0.753120181 0.558489952 -0.298891515 -2.535169408 -1.308218445 -1.079892521 0.037393101 -1.113624152 0.051478377 0.152095473 1.398728571 1.338112102 -0.850754322 -0.031195370 -0.012235637 0.067793004 -1.457080372 0.141289520 0.018277782 -1.262081436 0.920868445 -0.278501005 -0.712137479
-22.774415797 -21.402289812 -7.006826458 0.045940093 0.273284629 0.917815925 0.284286735 -0.326859838 1.597950974 -1.251769345 -0.173232790 0.860389277 0.462717164 -2.197371428 -0.347642471 -0.474959630 -0.011357865 -0.346155014 0.273578181 -0.147083045 -1.663957446 0.345327343 -1.687627574 0.903703341 0.124120536 0.899826958 0.681485652
-17.003438152 -33.714803504 -11.252157076 0.902104453 0.221405849 -0.167497010 0.330350961 -0.078182688 -0.800761539 -1.974446138 -0.328569369 -0.679249956 0.738585372 1.167369135 -0.893653941 -0.839531969 -1.275877014 -0.784257001 -1.034888557 1.666900129 0.566815664 1.442814846 0.928106146 -0.216757346 -0.391366415 -1.266441026 0.585397273
-24.560791477 -34.707276467 -10.388200488 0.585590147 0.586196561 0.401265835 0.390440138 0.514823473 -0.287041852 0.829597077 -1.061766655 -0.032615339 0.249461578 0.008934055 1.687966247 0.122714941 -1.196223470 0.064355343 -1.507288281 2.087875785 -0.271940128 1.343170232 -0.020137398 0.778440600 0.230321934 -0.017221558 0.580169847
-26.738496228 -31.823210897 -4.320561957 0.005437390 0.390308641 -0.833355727 -0.391341069 -0.862494464 -1.318572718 -0.004826214 -1.913984421 -1.526777792 -0.347730540 -1.739283517 1.206032078 -0.499831004 -0.206525147 1.145543163 1.398956624 -0.385518414 2.445248296 0.520547909 -0.599224892 0.496626020 -0.176995598 -0.199604118 0.467466325
-14.825176610 -27.385015138 -7.814148776 -0.065423680 -0.086667685 -0.993787641 0.024383988 -0.242812013 -0.884274333 0.155594088 1.120048518 0.473782670 -0.256221474 -1.325413461 -0.241207440 -0.150560248 1.116435361 -0.001703247 1.948668203 -0.727335665 -0.377694635 -0.276311915 0.796866952 -1.619876911 0.960953633 -0.839484456 1.546213211
-20.665945416 -33.478892060 -8.716901869 -0.204906983 0.932967596 0.096855821 -0.279648964 -0.957307872 -0.845912909 -0.953115858 -0.727458164 -0.906331589 -1.345708944 0.698334096 1.399742708 1.530873283 -0.261604528 0.292547979 -1.047856351 1.441278974 -0.033567914 -0.378931192 -1.786754476 0.657739163 -0.202937583 0.731183453 -0.304427830
-17.599275153 -25.127879853 -5.409518690 -0.176863789 -0.319312002 0.665170491 0.651388719 0.253552008 -0.373174641 0.823434680 0.268992686 0.054751341 0.474194738 -0.061596194 -0.258233826 1.092527327 0.356971714 -0.251540862 -1.012233338 -0.185411234 -0.173051477 0.196094139 -0.263948181 -0.569241663 0.374227585 -0.133850263 -0.514245999
-19.483339202 -31.958270939 -6.485234500 -0.148077474 -0.360067012 0.554825031 0.735250973 0.068194261 0.090886168 -0.779827499 1.101836714 0.665255148 -0.154731539 0.879903581 2.373646157 0.284756342 -0.876227990 0.594352991 0.277319971 2.199643633 -0.721845003 -0.634197536 -0.064600472 0.109069130 0.304447418 -0.935391849 -0.223120136
-20.750409524 -29.120777662 -12.782333933 0.099140559 0.587180001 -0.338878518 -0.728390105 -1.945499039 -1.070857117 0.849649139 0.956912098 -0.779843340 0.748893729 -0.923638242 -0.584884483 -0.793689570 1.326897119 -0.933408822 -1.021995656 -0.947978214 -0.867590228 -0.420684080 -0.767420776 0.036371509 0.865225844 -1.226642623 0.758199083
-19.940924904 -22.318282713 -6.672838759 0.781804463 0.334467171 -0.049384147 0.523903330 2.102482676 0.498792770 -0.105373169 -0.885905586 -0.255859622 0.994145616 1.897363871 1.631439589 -0.347546393 0.961184544 0.897451257 -1.326399456 -0.185422368 0.413844878 -0.235211516 0.597808154 -0.397928415 -0.301298138 -0.322182042 1.778916549
-11.581052647 -25.139076152 -9.770989771 -0.163399943 -0.265818605 -0.386104372 0.868080838 -0.199310284 -0.874053127 -0.528742604 -0.696973406 -0.018025954 -0.167443747 0.576850111 0.541239258 -0.072108223 0.940962179 0.701966817 -0.605990444 0.929555901 -1.103444243 -0.704628882 -0.656722861 2.616184111 0.805164021 -2.231210209 1.423414974
-21.081453239 -22.097781041 -11.340646240 0.490482311 0.145189167 -0.422524722 -0.748211245 -1.115326535 -0.317379920 -0.087973171 1.651443984 -0.682905573 -0.521930844 -0.563303448 2.060961305 -1.095588668 1.193854217 1.087334707 0.926991400 -0.621851778 2.179534254 0.317360893 1.837844335 0.698313843 0.053926043 0.742594541 -0.182018992
-21.148780856 -29.045214605 -3.697136889 0.231667275 -0.221934711 -0.417979599 -0.849922533 0.229583249 0.504402023 0.191557652 2.084963790 -1.257274833 1.074659742 -0.122446224 -3.267528819 -0.035680859 0.181682363 1.260733867 -0.052187257 -0.211922048 -2.303721714 -1.233068525 0.298546096 0.090993123 -1.247188311 0.287711745 -1.424205616
-26.993617920 -31.244345480 -6.253783732 -0.919994558 -0.338107277 -0.082570556 -0.180209838 -1.030940206 0.366480775 -0.535451174 3.044593481 0.594057785 0.673106390 -1.195272385 -0.515537782 -0.177605206 0.785525461 -0.008947191 -0.113455908 -0.222512210 -0.465445412 0.878868561 -0.192318547 -0.115619839 -1.287833410 -0.544824728 -0.638426613
-16.316670938 -28.122264252 -13.878733092 0.862433677 -0.091502347 -0.494983811 -0.053164843 -0.145485678 -0.331308211 -1.201915935 -0.318759621 0.317000566 -2.446067312 -1.158804548 0.597999330 1.017528782 0.075583133 1.002268553 -0.659054527 -1.547671886 -1.233400440 0.102057377 0.352541541 -1.991552842 0.265743168 -0.895266459 1.401451372
-16.640339553 -22.365076509 -11.504543453 0.457224931 -0.123308451 -0.790250175 -0.388902365 0.433665950 0.362661759 -1.149736487 0.584016440 -0.637228234 -0.425032916 -1.711986135 0.081840765 0.768415462 1.173782958 -0.432047698 0.362638412 1.122983375 -1.690844881 -0.311363240 0.366614976 -0.466642163 -1.029710814 -0.440186173 1.689506078
-17.027030469 -37.517112593 -5.125412739 0.315322341 -0.849874379 -0.410640236 0.098285083 0.487305355 -0.909927204 -0.896161645 -0.554668560 -1.083292858 -0.959966138 1.257453978 1.869589258 1.074466338 -1.494699312 -0.094480991 0.318576729 1.313821121 1.473432598 -1.012343027 -0.374798590 0.381491761 -0.264525131 -1.714177775 1.971466882
-26.441728734 -26.329953055 -1.144094093 0.643503070 -0.077974348 -0.038431879 -0.760491151 -0.183354835 0.659218925 -0.499160496 0.779685611 -0.382452719 -1.451975108 0.977579526 -1.976045133 -0.497696769 -0.952844114 1.108627555 -0.356472904 -1.630036031 -1.439004511 -0.130752737 1.243266031 1.475059770 -0.427726251 1.321530896 -0.441536444
-15.866678683 -27.900042421 -12.441269194 0.436849496 -0.803326254 -0.241497199 -0.324820798 -0.012138413 1.525185168 -0.340635939 1.354873777 0.730863656 0.322531672 -2.021121223 1.069577593 1.284042847 0.450034026 0.770872303 0.547812575 -1.077591036 -0.639821186 0.725147757 0.120220340 0.214079741 -0.878216163 -0.426335514 -0.019366236
-24.555019688 -29.846205673 -14.216209366 0.261074179 -0.081925377 -0.602181101 -0.750004284 -0.476796138 -0.049033672 -0.845460420 -0.604566644 -0.031241206 0.619872266 -0.029930131 1.084904635 -0.258634447 0.092856556 1.007738519 0.267550824 0.102812026 -0.557438395 -0.632324570 1.702195777 0.545872024 -0.439658132 0.735228498 -2.217155957
-14.009026816 -30.210138838 0.149636173 -0.008556056 0.787817484 0.387622964 0.478559132 -0.816694252 -1.978006380 0.708186745 1.221145201 0.290077798 -0.768405204 0.120208224 -1.610743699 -1.966566842 -0.013099575 -1.699962717 2.336790033 -0.054442504 -1.482036028 -0.609230717 -0.710845193 -0.111674548 -2.136123444 0.994650201 0.549159218
-23.256502527 -34.334595723 -4.772349865 0.216305444 -0.365297254 0.819163210 -0.385670205 -1.042318654 -0.124402820 -1.603288284 2.193259624 0.027527746 0.961539427 -0.336486764 0.480228408 -0.273937789 0.830015040 -0.885464092 -0.231562680 0.392378003 -0.190474870 1.974573804 0.941086167 -1.368503641 2.625179177 -1.031433430 1.480840984
-15.682169146 -33.535299799 -8.987319162 -0.100800483 0.529678914 0.581688237 0.609030628 -0.664316911 0.834390938 0.744594300 1.066560201 -0.841014110 0.550990105 -0.044183385 -0.189873747 -1.159841275 -0.705261032 -0.082154079 1.895024434 -2.014651667 0.842444264 0.634173979 -0.471520864 0.253101831 0.014790224 -0.547482434 0.707368160
-15.737491668 -24.770228588 -6.364207713 0.226101853 -0.866313837 -0.442098610 0.054102745 -0.974413461 0.065935126 -0.220807555 0.741813593 0.139448091 -0.549550748 2.014965871 -1.811987175 0.223411920 1.455936926 -0.739809405 1.131929457 0.998923661 1.071494737 0.280540132 -0.497534491 -0.037332179 0.452803847 -0.363633954 0.113494321
-21.162075951 -25.676656179 -5.539791824 0.544208172 0.210074602 -0.082982175 0.807972825 -0.627376111 1.412748922 1.020372856 1.554329881 2.207709437 -0.969524697 -1.457295064 0.060303697 -1.010102053 -1.522213692 -0.351221390 0.800007433 0.348127095 1.000372332 -0.996197838 0.219738887 -0.324115530 0.122171785 0.434325800 -0.153439175
-20.586822336 -24.817420624 -11.424662323 -0.380002499 0.624462728 0.632745634 -0.255494353 1.056577617 0.039383478 -1.884073630 -2.173529110 -0.833503898 0.819347484 -0.488470513 0.518348687 1.135501764 0.920798171 -0.567633900 -0.342710365 -1.251110884 -0.992432131 0.282115807 1.710492646 -1.957133859 -0.096977269 -0.614650350 -0.479366542
-27.835691779 -29.147614306 -11.678704659 -0.425503984 0.551638521 0.661356716 -0.277936317 2.761404626 0.198236493 -0.506216940 -0.727302546 1.270799564 1.448857550 -0.082345835 -0.414742460 -0.089916874 -0.907616078 -0.667655958 0.848753398 0.350027201 -0.487317604 0.470394819 -0.439165791 0.045776970 1.204188453 0.715811924 -1.255387964
-24.518377026 -30.819595982 -10.812251240 -0.755741502 0.151834415 0.624175088 -0.127304953 1.546805087 1.774554193 -1.498072697 1.174678351 -0.415982696 0.567799668 0.861070099 1.636182987 1.142024946 0.417161190 -0.962007222 0.976447871 -0.736097268 0.603496024 -1.228197551 -0.983920067 0.040917548 -0.000020795 -0.802115871 -0.858530469
-15.148466647 -34.494386617 0.940885157 0.320374442 -0.904236119 0.194933639 0.204250177 0.966215982 -0.707929468 -0.040643602 -0.424380268 -0.084268239 0.919027929 1.773370892 -2.149929353 2.523079656 -1.664764864 -0.740417255 1.248702315 2.114742571 1.478990608 0.372706497 -1.939821137 0.523693506 0.006254680 -0.659538091 2.236939298
-15.527653636 -27.575407383 -14.202847506 -0.431147561 -0.739289650 0.386037830 -0.344292591 -0.014261478 0.695282226 0.823951693 0.206824854 0.778209641 0.861394713 1.045558067 -0.360326929 -0.843305472 -0.200413718 -0.866306138 0.232402563 1.741127133 0.002583116 -0.551953564 -2.971185416 -0.584641680 -1.317689398 -1.930304899 2.415687454
-22.191489885 -28.462515469 -2.117376772 0.572543738 0.197715371 0.352104038 -0.713529990 0.464618874 0.401502431 0.769126822 -0.896371685 1.205553384 1.340399102 -1.909214562 1.005089553 -0.028870556 0.826751780 -0.480013317 0.818898129 -0.521133554 0.073978461 1.404901311 -0.364079103 -1.638657026 1.145908107 -0.436691846 1.478887520
-23.246496125 -28.400550016 -10.558753162 -0.051135839 0.297150000 0.173751628 -0.937495267 0.604646045 0.689180823 -0.592375530 0.340181161 1.037506871 -0.302088786 -0.530479331 -1.154655851 1.153164802 -0.205719238 -0.346792664 -0.263987784 -1.099870126 -0.173017790 1.101998040 0.556295979 1.356389760 0.152417682 -0.166859271 1.653760016
-21.119298275 -30.011463962 2.475333434 -0.641934283 -0.571745502 -0.443721706 -0.253255808 1.217227069 -1.490484250 -0.613154171 0.794987267 -0.675662449 2.389857704 -1.105335642 0.497789847 0.601882313 0.407754593 -1.035130716 -1.834333857 0.243282935 1.439337428 -1.513044489 -0.045008905 1.223221330 -1.412567994 -0.308078640 0.493792506
-23.724917097 -22.898192081 -7.805892702 -0.518266936 -0.847925980 0.105812708 -0.034994094 -1.407712719 0.142930826 0.641359508 -0.426685864 0.463371689 -1.290849165 0.446463012 -1.220404892 -0.152216450 -1.331379320 0.055325582 0.405094026 0.949898985 0.524517775 -0.493307810 0.741628967 0.325263021 0.581889616 -0.619644966 -1.435635663
-12.534022393 -33.646763235 -3.799322673 0.403694170 0.642281974 -0.112295763 0.641790109 0.263353827 1.244873997 0.636132928 -0.158631856 -0.147035810 -0.014355334 -0.954259663 1.420836257 0.601593231 1.037654918 1.471254733 0.821423647 -0.922405444 -0.100393093 -1.182227103 -0.761204637 -0.008985842 2.270056737 -0.010018154 -0.397095540
-15.918071963 -29.236807355 -11.017634970 0.892958964 -0.226093650 -0.008735580 0.389139615 0.646137645 1.152361320 1.066576330 1.360185311 0.413130044 -1.243084355 0.879079364 -0.196505882 -0.479387523 0.680449923 1.691653287 -0.871722308 -0.341190656 0.194293665 1.330570980 -0.411174802 -2.140350715 -0.085967572 -1.052462725 -0.492155929
-23.212555932 -21.544604723 -8.720764611 -0.048730886 -0.395623873 0.773917735 -0.492095918 -0.000725168 -0.273626440 -1.454227984 0.204336521 0.343755263 0.250078094 -0.934137391 -0.391212297 -0.609329561 0.654538146 -0.528242205 0.367759181 -2.162125205 0.646370274 -0.922868805 -0.218970842 0.015399639 -1.818552837 0.629797559 -0.379171514
-20.101098381 -36.899077790 -4.654843320 -0.495817140 0.068262617 -0.534139237 0.681322870 -1.421339725 0.400703768 0.434538138 -0.882439737 0.709785578 -0.241459681 1.792728895 0.379883642 -0.646406415 -1.422877893 -0.604877195 -0.113368892 1.333755555 0.459904018 -0.415263722 -0.674182885 -0.485328291 -0.032897995 -0.403944468 1.044582265
-18.203214319 -31.259005661 -6.558391225 -0.667775376 0.416498275 0.095719900 0.609461184 -0.761825184 2.940796377 0.616941422 -1.105387035 -1.780302839 -0.340480876 -1.906030747 0.874598753 -0.387461733 -0.225080879 0.703779396 -0.489800285 -1.100659359 -0.995704574 0.534665171 0.988943520 0.801438264 -1.309380644 1.745536247 -0.428488024
-22.868368390 -26.506676055 -12.982922114 0.881295683 0.322232605 0.050534063 -0.341950837 0.691190551 -0.903327914 0.534535223 -0.036964080 -1.363707479 1.147632143 -0.678675203 0.924499681 -0.076511665 0.590469748 -0.187087434 0.578949686 0.067591753 -0.102087644 -0.235320784 -0.025993455 0.477551554 0.255157720 0.139319619 -1.036682965
-16.822113363 -29.797219308 -16.044317090 -0.514081025 -0.642816274 0.045775332 -0.566049959 -0.526708161 1.656087055 -1.400760705 0.230266228 0.493149815 -1.162954789 -1.220933625 -0.221712805 0.631068849 -2.046528671 0.752727912 -0.853953185 -0.301060323 -0.315216698 0.449783088 -1.217451071 1.044875117 -0.390989578 1.454189885 -0.705172016
-15.711488459 -24.832776736 -12.486252289 0.051205575 0.752479184 0.649530543 -0.096245205 2.136010836 -0.177131616 0.391494478 -0.306383390 0.817979071 -1.597253600 1.470839536 0.776602666 0.382454473 0.331269644 -1.765620088 -0.656216308 0.187008739 0.265235414 -0.355705556 -0.539542644 -0.291477016 -0.031654655 -1.048323088 1.000236771
-10.897953952 -29.892513690 -4.211647914 -0.003287029 0.259753858 -0.796242743 0.546364918 0.034739873 1.325288093 -0.309319949 1.139686461 0.158092757 0.242510986 -0.038807305 1.029909294 1.267290782 -0.409538621 0.923766793 -0.770391722 -0.840467259 -1.633276320 -0.007420465 -2.911195594 0.672077450 -0.663767753 -2.030630395 -0.567100613
-12.461254055 -34.219512081 -4.700235422 0.632630067 0.577744109 -0.435808575 0.275793091 -0.963339137 -1.974350632 -0.900527827 0.150274535 -0.492899019 0.691952821 -0.175554287 0.095601361 0.383343864 -1.210368884 -0.351145205 0.557191618 -0.682222930 -1.018406304 -1.293128325 -1.592766451 0.917657914 0.039233536 -0.727058619 -0.042206850
-19.730567176 -32.358708474 -9.199608370 0.462578630 -0.263146725 0.622913533 -0.573370336 -0.691821000 -0.284991145 -0.302562399 0.480787202 2.491784868 -0.270715894 0.013250084 0.272305415 -2.087359296 -0.331686585 0.035135695 -0.676983600 -0.562084336 -1.567612581 -0.191785807 0.919436529 1.997316218 -0.248504934 -2.508974872 -1.104305069
-16.580207129 -39.534420573 -7.698064146 0.654720280 -0.118304952 -0.705823541 -0.243225045 1.590090663 1.430437624 1.073278569 -0.968006656 0.165752847 -0.849261225 0.414671991 -1.378742295 0.522851020 0.971230078 0.192145416 1.435453782 -0.145837189 0.009680607 -0.352000527 0.755931586 0.546952075 0.431907885 -0.588930075 -0.040955926
-26.043823909 -25.130198063 -2.908130557 0.126026435 -0.068941918 0.744937869 -0.651484399 -0.857308635 -1.514446099 -0.093809147 0.118341741 1.949388540 3.034526831 0.005351017 0.462180944 -0.585034606 -0.244610564 -1.573364943 -0.230855473 0.005553842 1.383495785 0.415680251 -0.722357420 0.429303685 -0.828604840 0.866998076 0.995737101
-20.469514106 -38.778825114 -4.399322350 0.657303345 0.190272259 -0.551027531 -0.477616416 -0.096659385 1.341552067 -1.260783139 -0.350846315 0.266944038 0.200157635 -0.523638391 0.183158926 0.216834218 0.314060206 -0.500792605 0.275389652 1.401233979 -2.764977447 -0.416054234 0.249110722 -0.059005106 -0.911498652 -0.643209544 -0.147873315
-24.571120559 -32.640793976 -10.747817397 0.301456880 0.719757076 -0.510416633 0.361314770 2.731774740 -0.130716326 -0.561609542 0.081930442 0.353920349 0.964267755 1.009082765 -0.190327019 -0.044683215 -0.622529974 0.415015085 1.005333456 -0.160135260 1.593633784 -1.102828567 0.489795868 0.323467058 -0.058709417 -0.191867005 0.586252658
-23.065801042 -39.378743162 -4.269588426 -0.371164250 0.286413087 0.493230407 -0.732753989 0.573059135 0.390477555 -0.496010168 -0.914220742 0.278921636 0.273021475 1.140514536 1.145271087 -0.305592694 1.035711138 0.036777166 -0.599239674 1.842946568 -0.644183585 -1.396038729 -0.152704103 -1.041049590 0.579913933 0.633006758 -0.141468443
-19.696889773 -35.144410855 -2.741553351 -0.272322802 -0.231994945 -0.831367331 -0.425261095 0.462702794 1.158868211 -0.004605027 0.987005391 -0.159176386 -1.055071683 -0.511280430 0.206412049 -0.315686345 0.930867595 -1.498772365 3.020631156 -1.496069165 -0.065207045 -0.291039865 -0.725515898 1.660776853 -1.314927190 0.554670255 0.556900853
-12.141177642 -33.030605055 -5.489671323 0.088526881 -0.297979790 0.907977540 -0.280976553 -1.177409331 -1.401174225 1.217167286 -1.111421347 0.062058220 -1.148894994 0.894811907 1.585537229 1.151160514 -0.389769850 -1.474201359 -0.968592759 -0.139612389 0.182215102 -1.133996582 0.945134726 0.279019555 0.722797338 -1.804510759 -0.104049890
-22.923148533 -35.918884823 -2.991337681 -0.006993188 0.052330754 -0.714943287 0.697186262 0.471438978 0.916198952 -1.321651880 -0.077812526 0.401872778 2.891503404 -0.895740579 0.969437903 -0.381268444 0.252485495 1.100896591 -0.171925444 0.327724983 1.198580993 -0.705807508 0.831691104 -0.906706297 1.445143260 0.958389374 0.578290534
-24.929820537 -36.327332910 -8.112582302 -0.843442985 0.205537325 -0.257654809 -0.424231467 1.467778960 1.363299774 -0.453859688 -0.405560675 0.101904176 1.801808395 2.122484799 0.574800001 0.339835098 0.762722552 -0.150910220 -0.962360658 -1.210052462 0.169120286 0.322766016 0.242597011 -0.351350460 1.766300740 0.717866085 -1.028295777
-21.412968544 -36.415350975 -1.570654345 -0.612766230 -0.065395027 0.342868347 -0.709000941 0.693027546 1.169453261 -0.592117472 0.102849475 -1.513167606 -0.494138178 -0.144351914 -0.954175403 -0.861802353 -0.739721434 1.893017600 -1.036611542 -1.318125588 -1.661291111 1.078103388 -1.104195845 -1.034936696 0.324426259 -0.154892073 1.250417120
-24.310700825 -25.811739415 -6.061711603 0.457322047 0.379719128 0.009911416 0.804096818 0.994011078 -0.651843744 0.489671306 -0.557932715 0.282811349 1.368453503 1.244299288 -0.592459617 2.011406307 0.591769696 2.009255109 -0.402440205 -0.708322137 1.274310513 0.033397194 -0.564219589 -0.305388994 0.167279397 -1.248810479 0.278292647
-21.899016353 -34.067808842 -1.011868440 -0.844928517 0.284807307 0.427343463 0.149526464 -1.465292066 -0.445565921 -1.252923902 0.603118303 -1.582207591 -0.770183380 0.360807689 0.455247189 0.871035287 -0.973484233 1.222950654 0.107959525 -1.792452554 -0.064101503 -0.064417268 -0.010306644 2.833258187 -1.633890507 -0.065254554 0.090245828
-23.668104466 -26.246124214 -9.399600349 0.551751817 -0.082289024 0.810648658 0.177896606 -0.094169529 -0.211035212 -0.633566341 -0.906354441 0.807772010 1.074002423 1.487818075 1.474892711 -0.282423583 -0.304520108 -0.724134122 -1.484123524 -0.981367229 -0.890704185 -0.956127575 0.936656228 -2.062716525 0.260458101 -0.776015303 0.704106396
-17.265900933 -31.628498745 -6.918701125 0.808608806 -0.432132268 0.239903427 -0.319154895 -0.032171137 -1.546322190 -1.273678103 -0.074624280 0.280598356 0.472661859 0.627839972 0.532834272 -0.756005216 0.474429003 0.169272789 1.094126633 -0.751211013 -0.241772423 -1.097154902 1.552267779 -0.940213264 -0.457147361 -0.958266591 1.122508797
-11.908233862 -30.017713401 -9.099978321 0.138885734 -0.511804805 -0.537734363 -0.655445154 -0.839561944 -0.039026293 0.923331890 1.261873796 -0.174041319 0.265572572 -0.381412594 -0.255055860 -0.089306064 -0.421893629 0.732844901 -0.521928400 -1.555652083 -0.268836492 1.686755740 0.960105122 -0.617835375 1.016631151 -0.076039584 0.575653568
-24.047933838 -36.884937223 -10.410705019 -0.020167307 0.439474779 -0.761781430 -0.475546267 -1.371740191 1.927556778 -0.510907771 0.559760556 -1.505669096 0.955132401 0.236852219 -0.732648343 0.593137630 -1.127861035 -0.790135618 -1.359796583 -0.710147157 -0.168977445 -1.291665326 2.262864712 -0.145587262 0.758374833 0.172653487 1.161889002
-26.874950473 -33.393904247 -0.957310687 0.130306763 0.262873320 -0.072891528 0.953207527 0.498964167 -0.476201715 1.039612073 -1.155739512 -0.366803992 1.186337831 1.596500794 0.188489366 0.113445105 0.371582952 -1.186301423 -0.092816816 1.255756758 0.216019598 -0.758940990 0.226020472 -1.185691750 0.428603395 -0.778956168 0.292303728
-18.973625131 -31.286236792 -13.944418883 0.081464648 -0.361623329 0.791797238 -0.485437135 -0.423086825 1.269684816 1.031089649 1.015644855 -0.832938347 0.292835897 0.770356235 -0.633303998 0.455002197 1.156734029 -0.112742909 -0.738916117 1.594204924 -0.303119288 1.176140245 1.918467386 -1.427116530 0.410914435 -1.045000417 -0.152109507
-25.701009019 -26.561337364 -0.631009699 -0.072018323 0.055184029 0.858791897 -0.504226697 0.237935245 -1.488562690 -0.455913266 0.928322950 0.221082876 0.044610181 0.086923098 -2.002222312 -0.314642221 -0.326308298 -0.943393252 -0.048234817 -0.992905370 2.464435216 0.378526370 -0.155531776 0.539503925 -0.476834255 -3.554744632 -0.383687372
-18.902836619 -34.573987014 -6.593451822 0.354991052 0.891899231 -0.245572782 -0.134874472 0.111208664 1.011217401 1.346015672 -2.092424073 0.938691725 0.196580373 1.830298630 0.347284197 -2.465216076 0.630140493 -0.614186867 1.949531697 -0.480856517 1.013719499 -0.794440780 0.190915392 -0.785201943 1.246245829 0.145442377 -0.524465628
-25.194053611 -37.993648835 -8.361061010 0.832590378 0.021545772 0.550457460 0.057668246 -1.383936850 -0.301383061 0.043446955 -0.410309361 -0.043651081 0.418048167 -0.086583090 0.078588024 -0.845803755 -0.368052265 0.279699362 -1.003395933 -0.158265153 -1.145116937 -1.310878375 -0.991158234 0.357742805 1.189907183 -0.429371516 2.306724661
-18.523798314 -36.178110817 -9.017085655 -0.044348315 -0.716059800 0.078822734 0.692155016 -0.583093350 -0.933752877 1.227418673 -0.767277784 -0.362862943 -2.268628827 -0.182207099 0.251138583 1.356710501 0.254664373 0.475851437 0.560473699 -0.337268156 0.028203966 1.788181054 1.632920083 -1.048989298 0.044373472 -0.344874152 1.513753459
-13.158328507 -36.095456939 -9.434622778 0.841297625 0.017510081 0.025730289 -0.539675509 0.603148126 0.124494240 -0.858403861 -0.057597057 0.510783088 0.483540563 0.533076261 -0.103331810 0.417161949 0.214254188 0.287657709 0.274101725 0.379743310 -0.820661021 1.551852210 2.581072885 -0.914217604 -0.855570573 0.768697380 -0.574040838
-18.396612531 -29.469948122 -16.433769259 0.383882578 -0.244910713 -0.795703060 -0.399386467 0.714394459 0.045914535 -0.440321606 -0.357712649 -0.635060492 -0.377826911 -0.282622450 0.090060764 0.875860946 0.114782458 0.157147566 -0.274986772 -0.154886567 -1.967821303 0.131944344 -0.771054943 -0.086752765 0.803242758 -0.736078722 0.684919570
-15.631847622 -29.882990727 -13.339606101 -0.715862681 0.234823303 -0.278798424 0.595541836 -0.018103436 -0.759006798 1.143359290 -0.147506195 -0.826146582 -1.077078955 -0.022833204 0.512633530 -0.193135908 0.717337764 0.026784649 -0.365377260 2.355087466 -0.715709991 0.073971926 -1.253454597 0.710896043 1.483458704 0.104711312 0.452447465
-23.408239728 -26.926907902 -1.605654887 -0.298223334 0.476933949 0.536147108 -0.629399023 0.220699513 0.043315052 1.548835204 0.322125173 0.902096943 -0.179510147 0.784865276 0.263344556 -0.690135657 2.850952452 -0.528554933 -1.423137163 -0.149686344 -0.162497547 0.084172319 1.038316194 -0.887207518 -0.428873213 1.203854372 0.195242501
-13.108035482 -29.911401034 -1.328036542 -0.074664070 -0.026183574 -0.571081489 -0.817071374 -1.049888430 -1.269915418 -1.564301830 0.129374965 -0.157613595 -0.169577912 0.192844239 0.800595520 -2.229448363 -0.889286804 0.426605124 -1.338896930 0.311588092 0.910475699 0.929729585 -1.411376613 -0.999415368 -0.241202747 -0.975806264 -0.934559600
-16.368058529 -33.876196498 -1.359554822 -0.497771824 0.161257053 0.803623998 -0.283562770 0.406446126 -1.639385008 -0.880635773 -0.916026263 -0.115521776 -0.162650760 -0.342386159 -0.504759573 0.828585735 1.375992296 -0.232934079 -0.748497057 0.651435375 0.612605208 0.712824956 -0.121469618 0.647047339 0.490059406 -1.108241785 1.611779999
-19.501781092 -39.269876917 -2.298474028 -0.037073513 -0.044289829 -0.986417514 -0.153767529 -2.688124347 -0.666222663 -0.439204389 -0.188057694 -1.126148597 0.596857643 1.437924098 -0.475796106 1.893162258 0.024914563 -0.025376345 1.471572281 -1.146189166 1.842359616 -1.637410173 1.155109287 -0.200703408 -0.461652640 0.008519943 1.523180179
-11.012002809 -27.656172795 -10.746026003 -0.506463463 0.254014021 0.536075531 0.625775250 -0.609682601 0.110409055 -0.949304585 -0.958201138 0.570597224 -0.555046717 1.023015472 -2.532571663 1.044561064 -0.205480038 1.729883713 -0.217200905 -2.061936528 -0.079454703 0.604689502 1.199871545 0.465397919 2.582848610 -0.758036680 0.759525613
-18.436461706 -26.992377083 -15.288209320 0.520658046 0.229544170 0.792967136 -0.217779233 -0.723326360 -0.313624775 -0.752108955 -0.735364054 0.131147374 0.566642030 -0.138752265 0.055092791 1.088180800 -0.498135808 0.525521093 0.140724751 -1.280913057 -0.622940364 0.735816439 0.211622954 -0.155555888 -0.822556307 -1.657070127 -0.475622086
-26.416140145 -33.571806670 -12.320292271 -0.151967600 -0.706596617 0.689778637 -0.042807718 -0.187750142 0.064799165 -1.338134662 2.042433255 1.122045957 1.216964496 -1.629605664 -1.670152635 0.046598627 -0.159609139 1.608937092 0.669820491 -0.126360644 -0.956382909 -0.463478570 0.800514919 -2.612063645 -0.356568324 0.014812799 0.482406741
-19.156991588 -36.207978735 -0.086906370 0.649653973 -0.589006892 0.410426454 -0.250141407 0.121377417 -0.745331451 -1.472733420 0.599681021 0.027444733 -2.310909106 0.723170282 -0.158520775 -0.744778189 -0.168702824 -2.175142082 0.948012225 1.762921220 0.611103769 0.252379041 -0.269546802 -1.122453697 0.072977336 0.345299990 -0.047726996
-20.874890327 -32.138418027 -5.853514943 0.141260626 -0.465905158 0.106892098 0.866920930 1.132527004 -1.390763257 0.206506721 -1.775867992 0.119261298 0.282993747 -1.120020360 0.448056995 0.105283776 0.849893830 1.105145880 -0.708574559 0.748744795 -0.792718532 -2.484298597 -0.603995360 0.710835206 0.653155635 -0.674007571 -1.404223964
-13.234319528 -35.456244683 -8.484143269 -0.053508877 0.743970790 -0.563703423 0.354799543 -0.496990766 -0.257562117 -0.229768587 -0.294774503 -0.131160574 -1.018408757 0.060435929 0.312897664 -0.496970334 0.011620971 0.557860924 0.254431886 -1.848001406 1.136022721 0.961948236 -0.011781666 -0.234873584 0.726498947 -0.755664508 0.561598546
-19.436139527 -30.231793831 -7.876158406 0.891690552 -0.159495893 0.283380179 0.314872504 -0.690295467 -0.256549733 1.528980915 0.266861620 -0.598021936 1.283014797 -0.040926997 -0.018555125 -0.563594580 1.516430039 0.602768536 0.657534556 0.074673165 -2.287870154 -0.546667548 0.598956329 0.530653779 1.028699889 -0.873508241 -1.941525938
-18.299518917 -33.246410510 -9.738905767 0.130557775 -0.637620315 -0.665885917 -0.364679237 -0.686176468 -0.712357446 0.103563513 0.797384001 1.300325146 -0.634725085 0.415198036 -1.861053270 0.202969702 0.059873305 -1.200888286 -1.076170963 1.302931874 0.838778012 -0.732433565 -0.892620645 1.126039456 2.354973584 1.412575077 0.766682280
-10.958807938 -28.740248872 -4.800694800 -0.372464664 0.321564193 -0.689582935 -0.531358560 -1.362089414 -0.424358993 -1.007145898 0.939248231 -0.290927763 -1.136343569 -0.800606983 0.685964386 -0.770283972 -0.718711220 -0.914458107 -1.070497941 0.837247375 1.004138203 -0.758718476 1.076390866 -0.730627101 2.481701602 -0.098397369 -1.120885598
-24.626507224 -26.382672571 -11.629927206 -0.880731489 -0.148926998 -0.449575290 0.003853884 -1.388677028 -0.719738290 1.296608000 -0.446124628 0.131439360 0.136299674 -0.352523999 0.908223162 0.403026801 1.120845201 -0.244035695 0.387949903 -0.262185524 1.195159797 -0.005556612 0.183031176 -1.405047535 0.124462800 0.035487948 -1.408133436
-11.845790289 -34.904288903 -6.566689899 0.215468058 0.615856030 -0.712090532 0.259271941 -1.860181426 0.123838874 0.862957960 -1.133758427 -0.062288982 0.302167410 1.265402534 0.352746505 0.092527921 -1.779897237 0.223745119 0.283654981 -0.986656354 1.507472312 -0.450438753 0.865284730 -0.951500081 1.976318676 1.277330327 -1.351617631
-15.639338172 -32.215789328 0.287929732 -0.011668832 -0.110133178 -0.122061257 0.986324273 -0.248109772 -1.725809630 0.936015702 0.139009698 -0.657173316 -1.491100573 0.236573874 0.791872667 1.428332107 -0.799271521 0.686863840 -0.147443886 -0.184581049 -0.854917389 0.391935952 1.252137921 -0.344744166 -0.125548900 0.629113417 -1.599251288
-18.757999865 -29.523339388 -1.424400000 -0.014341347 0.911188932 0.218041106 -0.349266562 -0.041386620 -0.560478587 -1.390459506 2.070358276 1.211934982 0.504834426 1.087196001 -1.528378042 -1.557438744 -0.920676139 -1.493520448 -0.036175258 -0.962312010 0.323467550 -0.927227862 -1.577695229 0.439524224 1.355807559 -1.693687150 -0.345729275
-12.409570246 -31.641060928 -10.140476993 -0.275767279 0.802867502 0.519072371 0.099599478 -0.199603340 -0.762113538 -1.307406026 -1.407964470 0.453570546 -1.693308434 -0.056298092 -0.649232638 -1.256237201 0.057505506 1.490806686 0.433152625 -0.396444695 0.785669467 -0.867247373 -0.277624491 0.304112064 -0.432363694 -1.922291292 1.783814855
-26.182441090 -29.213013155 -7.585463878 0.145940649 -0.917205196 0.316935096 0.192322906 0.260444957 -1.936343583 -0.972992391 -0.503946727 -0.401476383 -0.600193789 -0.666710370 2.185445953 -0.060571939 -1.173120929 -1.784976070 0.808177130 0.542882689 0.471200170 -0.814126102 0.689786828 0.790327049 -0.311011596 -1.585223073 -0.474458143
-20.342263168 -23.697828915 -10.606235652 0.320245137 0.445848745 -0.688573424 -0.473844477 1.129916867 1.540170592 -0.993124190 0.310979389 0.558142486 1.920039560 -0.220342638 -0.913384950 0.151840551 0.723666055 1.524411493 0.886472467 1.452668064 -0.516348479 -1.385036531 -0.674051830 0.332988144 1.327996221 -0.941848668 0.974493852
-23.603017632 -33.235649896 -11.685741866 -0.662551219 0.625102348 -0.210134138 0.355128963 -0.225797979 -0.652632231 0.499340172 0.458073498 -1.137579386 1.749168098 -0.362172963 -0.925747794 0.310232335 0.154106258 0.161978346 0.008436291 0.409970978 0.875044696 -1.264736872 0.497161205 0.132423636 0.067342414 0.340848812 -1.241621524
-14.466436435 -23.436340031 -5.388964517 0.681236849 0.559127482 -0.334905795 0.333363049 -0.104404446 0.280927452 -0.116515818 0.265435498 1.321133977 1.334744991 -0.459131108 -0.698069279 -1.592702102 0.047801489 -1.230413399 0.190813422 -0.050447942 -0.608191679 1.937895751 -0.009837454 -0.632648665 -0.730745040 -0.623503934 -0.927508904
-18.909063269 -26.216525793 -7.754505458 -0.149027528 0.823807594 -0.546217018 -0.027907206 1.288015972 -0.076776352 0.659274896 -0.103975805 0.478646381 -1.581095860 0.476769869 -0.778119164 0.631262563 0.490445947 -1.040662662 -0.090991968 -0.657995090 -0.490868551 0.642913384 0.221821668 -1.381962520 0.323435627 1.387472226 0.582314232
-21.492424264 -32.563716341 -0.245159417 0.814039050 -0.259645475 0.504114382 0.125671564 0.323532547 1.561213031 -1.935385605 -1.396485260 -1.308945523 -0.411312889 -0.815490669 -1.325714508 0.423913664 -0.559591929 -0.248265063 -0.046178672 0.573969911 -2.063244554 0.919637263 -0.158261606 -1.346351971 1.385187466 -0.013486787 -1.018356274
-10.728102640 -31.195420286 -9.823544776 0.580776983 -0.505701951 0.637692473 0.017661890 1.176310373 -0.049327062 0.749099081 -0.159756318 0.557437378 -0.308267170 0.336418762 0.603182851 -3.316931264 -0.392205161 2.234843995 -0.032617986 -1.112898089 0.261209075 0.128765015 -1.140011442 -1.315611645 -0.379024073 2.267692466 -1.105446658
-15.248983915 -33.118981822 -11.236578107 -0.564787124 -0.581266767 -0.063603686 0.582322094 -0.621884511 -1.258415114 -1.456448510 1.198289857 0.339589802 -1.063489453 0.509734759 1.117878596 0.587551853 -0.093614590 1.106204990 -0.761858840 -0.113115186 -0.652469948 -0.702346448 -0.048262363 -0.799502633 -0.157118032 -0.127164865 -0.688500476
-19.149651881 -28.392551166 -12.451711625 0.948562907 -0.074190732 -0.093204544 -0.293320747 -0.186096170 -0.269682385 -0.055778971 -0.353787619 2.103599982 -1.157888752 -1.515407075 2.183734798 -0.795401325 0.649779640 0.273728635 0.259018881 -0.317511009 1.998899815 -0.961682041 -0.660674705 -0.436088760 0.688159108 -1.043697406 -1.002343068
-17.583534756 -33.224402598 -0.961443580 0.399448840 -0.769217644 0.167282137 0.469852665 0.636715393 0.473723913 0.399204779 2.045420176 0.109163387 -0.654463387 0.074491495 0.118242614 1.096092940 1.868137132 1.709036836 -0.065302549 1.245430835 -1.483699741 0.923203317 -0.347618357 -0.009722452 -0.429084147 0.033705685 -1.432952537
-26.182007357 -24.071287937 -2.891791271 0.261850988 0.076083994 -0.321014900 0.906970077 -0.701396375 0.888214089 -0.625239126 0.112770411 -0.124677946 1.662446200 -1.625960735 -0.433837727 -0.073080980 1.109196677 1.008548864 -0.389354329 1.550734838 -0.785311785 -0.312671851 0.934956087 -0.718790366 -0.373998806 1.471006263 0.599047542
-18.525190009 -22.729447759 -2.985517407 0.813946493 -0.195223985 -0.482615795 -0.257799722 0.154265873 -0.134805212 -0.030948020 0.516542422 -1.141913892 -0.521102174 -1.383044597 -0.785474842 -0.979308477 0.477225295 -0.325014835 0.721768541 -1.620007231 1.986795279 -0.341392351 -0.408939269 -0.921816100 1.542615553 -0.340817000 0.744818184
-24.045186586 -27.146995750 -11.112630368 -0.123222439 -0.902930177 0.330422480 -0.245671146 -1.058645993 -0.696205127 1.253273027 0.734023873 1.901722358 -1.330139860 1.233831181 -0.045307878 -0.730725162 -0.210067412 0.028423168 -1.176974025 1.002554856 -0.729311973 -1.487668801 0.830643668 -1.008419626 1.765158853 0.321118411 -1.102559560
-21.888784735 -27.810153419 -5.744829182 0.089101294 -0.681114419 0.446702207 -0.573237512 0.354388989 -0.005940695 0.405804113 -0.503023685 -0.576278171 -0.757785725 0.061557869 -1.287022525 0.464869114 0.360987298 -1.563287080 -1.274546911 -0.033822595 -1.627178616 1.826380400 0.280328934 -2.394463307 -1.251864605 -0.937120600 -1.746157930
-23.077936834 -22.442534797 -6.270140718 0.764947077 -0.123931724 -0.398549222 -0.490566423 1.949146916 -0.954955821 0.266853727 0.164936117 1.012259672 -0.013207986 -0.501782972 -0.356544491 -0.519724791 0.483821971 0.093457039 -2.321542261 2.161010004 1.296229399 -0.692130275 -0.318672741 -0.206574542 1.172211066 -0.521425152 1.138970041
-24.528116686 -25.060109154 -5.732824545 0.603639250 0.592181052 -0.443570678 -0.296961803 -0.807504314 -0.630761383 0.624065992 0.530139626 -0.020176400 0.678155606 -0.641153735 1.418729995 -0.030392227 -0.613189096 0.367032780 0.523519897 -0.670801603 -0.313435268 -2.097214532 1.712568746 0.305179586 -1.382433651 0.195964043 -1.273489556
-19.689680144 -22.462169999 -8.434319586 0.463797409 -0.658422851 -0.405682410 0.432195668 1.170212524 0.170497279 -0.034654649 -1.730857296 -0.768534293 -1.178591631 1.173717096 0.487043285 -0.830632962 2.196799693 0.471734940 2.087301497 1.219725783 1.150095190 -0.997933620 0.099019858 -0.230546551 0.386870496 0.745658048 -1.350585520
-12.243767970 -26.825922595 -4.767546398 -0.053999825 0.611265567 0.187091081 -0.767095400 1.077587787 1.783948847 -0.077292283 -0.690346899 0.346744140 0.769615608 0.715733837 -1.812862946 -0.381994435 -1.168794501 -0.895901997 1.238119743 -1.559790834 -0.254493137 1.753601356 0.641191488 -0.734338949 0.792325607 -0.280738385 -1.604535956
-13.921622536 -32.685500912 -13.587898678 -0.053669894 0.769030969 0.184959282 0.609508798 -1.124105419 0.854663914 -0.117751121 0.212418607 0.573485864 -1.214121581 0.265682708 -0.252605296 -1.243457272 -0.873000283 -1.406154410 1.740980265 -1.688077415 0.133315875 -0.560582951 0.073006128 0.208509620 0.608518345 -0.678636482 -0.272380839
-16.568821144 -32.626499607 1.276966150 0.641828883 -0.079646197 -0.747824091 0.149904294 -0.085390713 -0.490404976 -1.584526688 0.719350428 0.707338642 0.161660085 -0.140272983 -0.195273209 -0.323347256 0.478508561 -0.570548496 0.662484031 -0.325883384 -0.829727039 0.409610044 1.294777329 0.519705504 -1.518748962 0.587157144 -1.768574019
-17.298285566 -35.586025885 -5.733710221 0.070874542 -0.144419065 0.710325105 -0.685243153 1.073395559 1.094440617 -0.383409824 0.582852136 -1.829813425 -2.044866711 0.543902356 0.259268076 -1.158604298 -0.282676119 1.626770043 1.399570661 -0.307326199 -0.542363615 -1.066202544 0.161829040 0.148209903 1.625322177 0.139141760 -1.276069645
-11.491445860 -29.817659485 -7.336599653 -0.283156604 -0.401544935 0.297851229 0.818455038 -0.125780789 0.963323735 -0.790045618 1.450899347 1.404061029 0.360296488 -0.111346025 0.389229352 0.339048187 1.061183954 -1.090018551 0.625311712 -0.756750007 0.114067267 0.794572466 -0.392286581 -0.853183425 1.140961221 -0.140112246 -0.502103105
-15.786692914 -38.720092044 -7.144923590 -0.511600639 0.315628097 -0.503291251 0.620758896 -0.569076680 -0.938691584 0.088110473 0.046160277 -1.348787801 -0.632070504 0.889078882 1.220814218 -0.588740402 -0.138801056 -0.282357770 -0.169973952 -1.054298447 -0.573825135 0.055694627 -1.724146880 -0.841524127 0.286252915 0.047840539 2.500824436
-12.937405828 -35.408077026 -7.830890692 -0.141475292 0.174684107 -0.438139694 0.870346950 0.535955760 -0.308208049 0.238796467 -1.362074905 0.862371290 0.195117169 1.729163127 0.017938486 0.066496785 1.076257972 1.852217898 0.517976610 1.204564335 0.442155339 -0.885533328 1.339355097 -0.871895324 -0.510844833 -0.123658450 1.609838421
-17.157923169 -38.275464757 -5.548380359 0.239013294 -0.223636057 -0.019163209 -0.944718122 1.020190389 1.293906609 0.747920208 -0.245560602 -0.828054465 -0.272397907 -1.275102780 -1.112180448 -0.114017988 0.053927584 0.008878775 -0.628278038 -1.392504751 -1.126210782 1.558420982 -0.579098152 -1.090472985 0.358511420 -0.390323290 -0.295692477
-21.813028768 -24.989443863 0.252306018 -0.299110330 0.687712503 0.154760484 -0.643143621 0.129774467 0.542843274 1.542286823 1.181650770 0.432271893 -1.402763859 -0.628183137 -0.410773637 -1.293465769 1.103057878 0.530306145 0.584688061 0.180032820 0.657897724 -0.616660416 1.413273915 -0.976891470 1.314618162 -0.686706292 -0.422122019
-13.793153724 -24.614881489 -8.272844037 -0.971111945 -0.175909447 0.094677270 -0.130513104 1.205065035 -0.455438406 -0.745814239 0.576903686 2.205491601 0.523208551 1.397277189 -1.806408551 -1.534250640 0.375082319 1.143977833 -1.066913486 0.675420441 -1.881432333 -1.013666320 -0.143180504 -0.415104127 -0.036163794 0.994039271 1.265690602
-22.720896686 -28.152681871 -6.831786164 0.771158927 0.271255895 0.457184770 -0.350308770 -0.536453884 1.481263403 -1.371719350 -1.015138237 0.808105668 -1.085833159 -0.162103359 -0.760843751 -1.181930407 -1.899170162 0.135717923 0.774451062 -0.661919231 -1.163775998 -0.434722870 1.916459692 -1.510856370 0.432938236 1.951483365 -1.970432855
-24.196732647 -22.271142271 -9.704909867 0.588067610 0.572726594 0.510245758 -0.256534599 0.432459895 0.286232155 -0.393419015 0.151245305 -0.546013035 0.408994553 -1.033605554 -0.245520180 0.686251751 0.508712683 0.361108949 -0.852617384 -1.120610973 0.472962927 0.375980285 -0.509487699 0.652244273 3.080349186 0.795171600 -0.500609894
-21.780298053 -31.336538820 -8.334569613 -0.169302959 -0.884131923 -0.435455236 0.005097835 -0.142354096 -0.187507331 -1.001728782 -0.804180722 -0.079826411 0.324142111 0.971685671 0.952956951 -0.684286266 -0.046310626 0.302815243 -0.283378847 -1.372333119 -1.175749608 -0.713623189 -0.511135377 0.017436233 0.361551738 -0.710052874 0.332056360
-11.476032180 -32.947106883 -12.017056373 -0.312214241 0.692285660 -0.484041767 0.434702657 1.219106637 0.201623403 2.479848495 -0.866738790 0.141154717 0.130499125 -0.021830313 0.048207188 -1.556974434 -0.124583629 1.165126032 -0.815533089 -0.715769118 0.953118546 0.843916664 -0.341441453 -0.323859460 -1.327452731 -0.467131287 0.328719116
-14.168515867 -28.258039570 -2.126608674 -0.679959957 0.440343646 0.115784807 0.574757174 -0.139047121 0.698419812 -0.451966328 0.957370294 0.358818746 -0.011523861 -0.054381759 0.360707977 -1.462106286 0.256554625 0.377706181 1.022394858 0.757652095 -0.738769295 0.555983127 -1.550562622 -0.817721793 0.882481926 -1.859922022 0.768884665
-19.195117746 -26.127040370 -8.826217193 0.182908849 0.467033243 -0.420271561 0.756172016 -0.191707949 0.632096490 -0.525107456 1.581106199 -0.920490511 1.676491176 -0.623400636 1.373669965 -1.296925727 2.621815945 -1.582223468 0.136097551 -0.673495197 0.887912527 -0.557227267 -0.586202235 0.672383918 -0.452462042 0.963533142 0.219428627
-18.683315070 -27.825147392 -15.950595000 0.726438527 0.137784970 0.067956407 0.669839007 -0.849873157 -0.776298340 -0.903376184 0.830747662 -1.411833964 -0.352118613 -0.761068636 0.111384394 -0.863892570 -0.063601623 1.413236135 1.696661972 1.026871629 0.661697860 0.098417461 1.689244583 -0.845025936 -0.358318921 0.913888765 -0.757132859
-21.537479292 -25.551161536 -14.350344117 -0.978973053 -0.110957896 0.119132511 -0.122912778 0.964486578 0.130279693 -0.663362083 0.503876968 -0.076752929 -0.887173942 -1.926190239 0.695339137 -0.950038298 -0.923409815 0.896616438 0.367769803 0.958792177 0.889814952 -0.024332309 1.552247483 -0.667855399 -0.847214143 0.800590655 0.155169735
-22.290137948 -24.500420172 -12.820591475 0.241162017 -0.617728797 -0.495698063 0.560834597 0.299953333 1.647665325 1.486344209 0.928391072 0.331115280 0.037873039 -0.783568226 0.590952416 0.629728755 1.479208943 0.921717678 1.681227261 -0.097760193 0.377784973 -0.369722478 -0.657915334 -0.118377215 -1.057124604 -0.346243720 0.002780187
-11.690998073 -29.861615258 -6.296027280 -0.457804029 -0.682387585 0.166938682 -0.544879924 0.270449750 0.596593789 -1.993073184 0.404137302 0.039062841 0.397423020 0.387781502 -1.605803654 -0.068354082 0.556902433 0.178315884 -1.062632099 -1.985887120 -1.897908284 0.063357580 -0.912098183 -1.129065062 0.002639689 -0.857973113 -1.182038994
-18.718073852 -22.467888150 -1.524849488 0.178862392 0.899031368 0.189910200 -0.351688725 0.519881562 1.522744198 -0.001114486 -0.637158312 1.176747156 -0.499725857 0.352745356 0.599668565 0.438318892 -0.614994629 0.475445727 -0.555186446 0.015669054 -1.349906426 0.109772048 -0.185905395 -1.617630672 0.281512615 -1.421417622 -0.097470268
-26.318130961 -37.171114894 -6.642316594 0.425763473 0.136877944 0.535121496 0.716683248 0.902330627 0.198574013 0.325187634 0.032653858 1.543140945 -0.452985900 -0.211908490 -0.884658038 1.127437686 -0.729647393 -0.282338357 0.320149754 -0.384085816 -2.098317824 -0.621544475 1.083423209 0.741019871 -0.498633205 -2.501842707 1.254286026
-14.588402752 -34.281733111 -6.897025159 -0.179386228 0.956614225 -0.018272259 0.228857884 0.921880429 -1.242023336 -0.194850073 0.523034937 -0.365321735 0.717024104 -1.900932737 -0.256340657 -0.162569120 1.721732920 -0.441353018 0.432729725 -0.446975128 1.947476169 1.637878463 -0.559690203 -2.031281689 -0.769872736 0.243575886 0.296002392
-22.659433627 -37.296743868 -11.059806335 0.249235139 -0.797737674 -0.094492910 0.540895127 -0.169146283 -0.624465454 -0.659020342 -2.522505012 -0.205379423 0.130291369 -1.086460716 -0.638184091 1.064556856 0.994718869 0.121070314 -0.262228789 -1.005660139 -0.755550243 1.446076531 0.134105325 -1.180114445 -0.353393975 -0.853869533 -0.041307118
-25.355834466 -32.415109842 -2.826500074 0.324143296 -0.102239582 0.025500658 0.940121220 -0.470619224 -0.050651913 -0.764216103 -0.224515180 0.015897984 2.571864631 0.079153968 -0.897674935 1.802693614 -0.043512049 1.803687652 0.525681923 -0.455344279 -1.189731118 0.777001444 0.395001459 0.302958859 1.979500210 -0.692423089 -1.509652222
-16.930240020 -28.050850763 1.109723420 0.655130341 -0.402356349 -0.423366809 0.479243310 0.097933049 0.917713256 1.545689902 -1.222702566 0.811154250 0.210205389 0.780277571 -2.270027041 0.973997744 -0.176864054 0.369575647 -2.801177719 -0.194952030 -1.373665704 0.895709834 -0.909963428 0.502813433 1.023925810 1.079442573 -1.953578836
-19.834083645 -31.462820396 -2.051972351 0.135408290 0.967514995 0.200923285 -0.072174533 0.030694553 0.111327125 0.923916489 -0.571141907 -1.911945440 -0.867826229 -0.255868749 0.148354832 -0.261851639 1.332194356 0.350080432 0.454617955 1.409071011 0.666390292 0.756196240 -0.804953935 -1.246657045 -0.622293627 -0.252461532 -0.133233784
-17.430408960 -27.956063200 -2.557708732 -0.323872477 0.833747946 0.024569819 0.446505660 -1.151814542 -1.738298698 -0.034198650 0.856185368 0.890340156 0.246212586 -2.100100067 -1.152480762 -0.387840443 -0.336912170 0.890054773 0.816312450 -0.910608544 0.892405728 0.777595688 1.045664144 1.559442344 1.088415505 -0.897964153 1.106806587
-14.251516978 -37.157775763 -4.685101144 0.284865371 -0.901827842 0.297549651 -0.130470187 -0.063690861 -0.389632869 -0.412082316 -0.108928775 -0.723363462 -0.868299907 -0.434499379 1.034060111 0.966765082 0.884965272 -0.046944063 1.420912779 0.407599228 0.037224263 3.239022189 -1.467323994 -0.749381283 -0.228256671 0.805620382 0.362350153
-24.601538287 -23.005663331 -7.049177095 0.012709975 -0.546132681 0.746900378 -0.379100747 -1.987437962 0.252612756 -0.514463581 -0.691826017 -0.922898931 -1.257040848 0.766304493 0.413069702 -0.664166787 0.429381685 -1.212057820 -0.488960087 -2.548628790 -0.034701597 1.898641505 1.159118044 0.855887672 1.843440651 0.738353853 0.073784929
-19.237805541 -34.069146218 -6.553783978 -0.193237893 -0.573207808 -0.788735982 -0.109487331 0.845509302 -0.222506280 1.574246017 0.430189294 -0.772028633 -1.742398533 0.835311959 -1.289908406 2.180193618 -0.709989354 0.209858201 -0.019647280 1.665986455 -0.375561519 -0.954118753 0.196322010 0.025066921 -1.105857932 -0.675478630 -0.810900195
-18.734196310 -20.795729175 -8.811915064 -0.609145552 0.237255564 -0.677168655 -0.337778190 1.274043735 -1.317866389 0.014730885 -0.518252195 -0.362988330 -0.599517494 -0.668046353 -0.746237167 0.950595600 0.963207534 -0.518443191 1.044086845 -0.065710704 -0.074423440 0.298325555 -0.605023617 1.053291622 -0.242854566 0.375607182 -2.745905942
-19.075690940 -30.481606366 -11.569425292 0.601418444 -0.731259468 0.229457758 -0.225620441 -0.048089520 -0.400992774 1.195959101 -1.534269090 1.716397017 1.280228679 0.898934099 -0.963046702 1.172607334 0.964221783 -0.865250919 0.076727253 0.633027503 1.043587343 -1.027613134 -0.184610339 -0.251785612 0.129837569 -1.057501149 1.900683101
-25.046443173 -30.993594368 -12.731772476 0.248016567 -0.563832269 0.375367804 0.692589320 0.298313383 1.178849305 -0.785852200 -0.709986947 -0.953924711 -0.549687194 -1.180744605 0.812091473 0.846612884 0.906083870 -1.329776525 -0.934607172 0.839081473 0.476647643 0.854880619 1.025242115 1.048850782 -0.253156171 -0.838905164 0.622965751
-24.432418981 -32.248807414 -12.441934675 0.437211445 -0.185725526 -0.787064594 -0.393549877 2.053277236 -0.774043586 -0.294751423 0.281170013 0.444782616 0.307232658 1.331106315 1.265145043 -0.354510355 0.226390456 1.878654508 0.242485120 0.449104203 0.213001298 -0.173925568 0.365295888 -2.076671050 -0.783754178 -0.065948860 0.385898583
-13.553952401 -26.226827588 -5.352560544 -0.084528710 0.543102182 -0.324266106 0.769900259 -0.312080115 -1.312640295 0.184328417 0.493744745 -1.727757110 -0.424076231 -0.379045777 0.230601090 -0.379672739 0.148395370 0.153436013 -1.395010825 -0.631565105 0.951141612 1.211038404 0.563050313 0.851898682 -0.192756903 -0.311835090 1.534453693
-20.289870067 -28.462159090 0.585693550 0.767923631 -0.134603322 -0.132021557 0.612164644 0.116112863 -1.600730578 -1.858505409 0.893821796 -0.995035591 -0.076154196 2.105644416 -0.946549289 0.313908302 -0.745868967 -0.992010134 1.730874791 -0.909521311 0.585951863 -0.339633631 -0.660654624 -1.339700515 0.071010396 -0.786178582 -2.263394417
-20.157838363 -31.467807659 2.883158361 0.278652437 0.455656853 -0.671020133 0.514258333 -1.449924341 -0.210206951 1.931995263 -0.041710368 0.436180393 1.253166293 0.394816949 0.540178566 0.716815261 -2.168708410 1.640803978 1.354137144 1.106756953 0.759080764 0.674386680 -0.515927268 -1.308191762 0.481298446 -0.001308502 2.163852980
-24.658047315 -35.568044867 -13.014263974 -0.556716938 -0.584688369 -0.453559742 -0.377477580 2.112840318 0.056461574 -1.247331718 -0.424846021 0.488289528 -0.013303462 0.498767868 -1.038234696 -0.197058505 0.321280174 0.924645912 0.426507504 0.237812848 -0.681492257 -1.366446659 -0.029507867 1.256308434 0.497902163 -0.641799738 -0.565822955
