8.956312994 -24.492582094 36.772469298 0.580960982 0.673901132 -0.329266127 0.316109822 1.824952315 2.457022731 -1.342992616 0.580104036 0.639323689 0.968986061 0.958533506 -0.790591109 0.120698246 -0.237794032 -1.573901914 -0.432026225 -0.930941848 -1.375852621 1.025216694 1.260899985 1.698100411 -0.622817762 0.828709973 -0.368026579
8.530840210 -21.915256458 40.014897024 -0.210479882 0.501085949 0.444953653 -0.711777590 -0.036242516 2.332353616 -0.652199152 0.941144953 -0.130722995 1.502354100 -0.273478936 -0.215231911 1.228423611 -1.446049452 1.125007664 0.512099958 0.877867717 0.379202331 0.460840886 0.616529244 0.553617756 0.781283097 0.822025409 2.122104918
7.840658138 -9.669165131 38.705979569 0.556032045 -0.242694524 -0.091045901 0.789707780 -0.094607027 -0.630089773 1.740871711 2.049855179 0.255316127 -0.676860809 -0.872883333 0.968380616 0.000823985 -0.122405406 0.423837652 -1.252516387 -0.277733675 -2.614583790 1.019170728 -1.186552966 0.617182659 -1.010537188 -0.717748326 1.027064174
4.568827316 -18.900364270 28.551528045 0.034453912 0.064243734 0.996705639 -0.035546308 0.997709512 1.241671666 -1.284189751 0.767082712 -0.866658922 0.216872976 0.906024832 0.615226638 -0.682758483 1.389387493 -0.472383295 1.040028385 -0.393699514 0.657140786 -0.649460357 -2.989313955 2.032848824 1.846210639 -0.887356169 -0.090369238
4.851758075 -10.484551264 34.234552263 -0.621110848 -0.680030724 0.286439796 -0.264067741 0.740186363 0.456988233 1.583590906 -1.189558676 2.362798507 -1.699143353 0.338621920 0.753889710 0.021581259 -0.335235748 1.379880611 0.377101341 0.164184285 0.318142471 -0.704142490 -3.112981304 0.215912358 0.546487266 1.371315709 -0.797018485
11.066120284 -8.196416562 29.701995979 -0.327242657 0.757634980 -0.356548252 -0.437921026 -0.074891440 -0.749801319 0.357573584 0.957096508 -0.932868319 1.271796876 -1.706962100 0.225558242 0.836558259 2.286136802 -0.241809315 -1.390048224 2.137624904 -0.247830112 0.402415998 -0.664836591 1.122567599 0.648159042 1.225059654 -0.021951884
14.112370016 -14.294468042 38.549600762 0.742111988 0.048131787 -0.524902892 0.414041160 -1.192706847 0.466126015 -1.403114723 0.569483685 2.013403045 -0.260089716 0.130365925 -0.271708753 0.755149617 2.646528652 0.437336763 1.121087912 0.294584810 -0.324162717 0.272875029 0.889477839 1.095134758 0.252641205 0.734870454 0.314705904
3.695581425 -10.446381311 32.159272720 -0.081127998 0.427768683 0.767028080 -0.471275001 0.466630238 -0.776532946 0.559684853 -0.669015344 0.477692822 0.508968649 0.605518763 -0.647436001 0.979808919 -1.281940704 -2.330075057 0.395905015 0.440471334 -0.029543447 0.080970691 0.573524369 0.380368272 2.265072601 -0.776586394 -1.578356336
14.405935252 -11.380525633 34.290672889 0.702238987 0.573855176 -0.261508184 -0.330399928 -0.258293498 0.045849906 -0.015966963 0.712153116 0.976415698 0.756080764 0.175599694 -1.685383352 1.469322798 1.476745552 0.240319023 0.762344371 -0.410587547 -0.244152465 -0.390655374 0.254914478 -0.344069203 -0.273873407 0.320186350 1.014808192
7.865703956 -16.423219232 26.807742724 0.437463078 -0.438401324 -0.067492440 -0.782224460 0.881800837 -1.375466894 -1.330702561 0.120103720 1.794914537 -0.869327154 1.061281500 -0.109759161 0.261198639 -0.319586452 0.050910101 -0.026883092 0.436637927 -1.452010874 -1.169462102 0.823113646 -0.000904112 1.810675000 -1.473361937 -3.039888987
9.772615186 -19.716761781 35.615696701 -0.111011081 -0.748734106 0.626906706 -0.184558285 -1.120289862 0.767456334 -1.737511242 -0.062666850 -1.544923013 1.756893037 0.385134096 1.510606391 1.142302910 -0.923445996 -0.784005415 -1.367273481 -0.449690048 1.095922333 0.570256493 0.936528239 0.035643878 1.235001290 1.313000119 -1.616641435
13.021077562 -13.718730752 33.616051287 0.282346212 0.226061090 0.874820137 -0.322283615 -1.090730155 -1.117619989 0.673392521 -1.087752316 0.111394254 -0.699153525 0.812622263 -0.236733056 0.704663521 0.557672351 -0.412646309 0.916995974 -1.548174890 0.051711102 -0.976056736 -1.946756534 -0.523570684 -0.078568067 1.212871201 -0.528164371
3.328399053 -17.155399531 32.639860797 0.117036615 -0.360276013 -0.724772157 -0.575507555 0.005765589 -1.138567865 -0.557842204 -0.083840312 -1.026921829 0.489388130 -0.210456494 -0.819196034 -0.921651356 -0.025140692 0.531389695 -0.830046031 2.104614656 -0.746818525 1.080425931 -1.358175826 1.323249722 0.355538107 -0.105121846 -2.033116151
3.714907007 -10.877146663 32.242867238 -0.575697164 0.181157668 -0.788976072 0.115201705 -0.435653772 0.505452705 -0.060737680 0.322978675 -0.271665140 0.296923771 -0.073589183 0.521713222 0.042890838 -0.176725961 -0.450880499 -0.915627367 0.711071021 0.678486786 0.960926407 -0.192919932 0.777798147 -0.343111769 -0.295424774 2.632490127
13.779255228 -15.768609223 42.980288070 -0.054294875 0.297542724 0.150785753 0.941161012 0.653022525 1.101819861 1.243371603 1.583126937 -0.167933422 -1.569944849 -2.328698470 0.134806179 -0.108614706 0.311706908 0.568295107 0.769690735 1.045321479 -0.576732299 -1.295954798 -1.989384563 -1.151154935 0.987799931 -0.186333775 0.031608854
17.345365918 -9.984256675 32.609014422 -0.541871038 -0.165260337 0.681974043 0.462575619 -0.126733000 0.910291412 -0.062929260 -0.820886443 -0.763975850 0.560159636 1.689662280 0.180486605 0.323083384 0.310579381 -0.595692875 -1.943253344 -0.571733696 0.475214662 0.755425223 0.187989445 0.469783435 -0.061006474 1.570641959 0.459145789
8.695421228 -11.635627910 41.793528291 -0.210797112 -0.006941232 0.968497490 0.132397166 -0.867314485 1.606425279 -0.363347297 -1.224468303 -0.100790502 -0.321609665 0.706855513 -0.961135275 -0.030560908 -0.371282372 -1.267498847 1.324451545 0.589474437 1.842284867 -0.639645662 -1.605899421 0.594595530 0.266417681 -0.735292143 0.150617956
14.928893269 -22.408668462 34.554596321 0.440822949 0.058631367 0.048156467 0.894381599 -0.241338678 0.091876825 -1.140618101 0.887588641 0.885086107 0.478295222 -0.529675316 1.231409437 -1.936973871 0.564472429 0.079246949 2.141615735 0.560947389 -1.741826337 0.717379368 -1.347854268 -0.101732751 -0.597854236 0.592157053 2.139741872
8.009599753 -21.396862556 32.513493013 0.229751482 -0.200296478 0.937220873 -0.169447965 1.466559688 0.466570125 -1.110304268 1.105521615 0.060315745 1.238465435 -2.209748626 1.057437374 -1.261529817 -0.182858369 -0.349578379 0.171351077 -1.237979700 1.348857134 0.287946839 -0.097097996 0.290953434 -0.453698214 0.440466053 1.889192029
13.696607886 -15.103981708 36.446360015 -0.373733623 0.304477136 0.337353878 -0.808584698 1.249062558 -0.214655841 -0.044970739 -1.206852946 -0.610385532 -1.401221421 0.440748378 -0.520656133 0.118040624 1.268022585 -2.005745600 1.496272917 -0.508296505 2.697312950 -0.636517642 -1.918276123 -1.072635707 -1.165872320 0.541341831 -0.233689713
10.637494511 -16.753059095 32.843021143 0.105790943 -0.735707619 0.585563577 0.323508691 -1.055581215 -0.207452211 2.142795667 -0.446047222 -0.666729602 -1.110853486 0.818244548 -0.812180454 -1.558441498 0.151249233 -0.519973770 -0.908877009 -0.879859880 0.939401042 0.946045724 0.449081557 1.392947756 0.379484925 -0.458559070 0.031171191
8.421468037 -23.818894613 35.347187135 0.735056883 -0.362340831 -0.572732679 0.019436539 -0.560070055 0.249022723 -0.450168809 0.189837136 -0.934486420 -0.197060027 0.069819013 0.371491531 -0.668000620 -0.132770764 0.251299173 0.141070076 0.185277029 0.151912100 1.093257322 0.971996882 -0.291419298 -0.189438624 -2.859570023 1.204614849
12.523630768 -12.746765630 25.317369506 0.268268654 -0.544762150 0.451853058 -0.653525013 -0.371103013 0.537999240 0.564556437 0.393482945 0.929502051 -0.052364083 -0.523896391 -1.142650739 1.996266298 -0.101019745 1.724447862 0.054085772 -0.689191492 -0.725318039 -0.148826534 -0.710651176 -1.267084024 0.396557903 0.781669942 0.466406440
13.911150796 -17.813628139 41.371337444 0.679612664 -0.132937131 -0.093344067 0.715360909 -1.062245036 -0.096289993 1.325969796 1.012031444 -0.783530089 1.527569344 -1.425773968 -0.229441445 2.018088117 -1.079094616 0.099860072 0.907048820 0.339241088 -0.594615140 0.402936530 -1.585368198 -1.619242674 -1.505575975 1.403617882 0.949545330
10.219640887 -17.658319283 42.689645290 -0.260149215 -0.048544272 -0.665519778 0.697889149 0.377555527 -1.091254076 -1.427444527 -0.546095658 0.756071457 -0.319403313 -1.453764792 -0.898751161 -0.600359169 -0.083244762 -0.698030910 -0.482226413 -1.312421260 0.306105491 1.572475984 -1.730823825 0.208639571 0.014926735 -1.007470282 -1.082335097
5.211529188 -22.204915725 29.488109962 0.058166220 -0.899858035 -0.384666397 -0.197240893 0.048394798 -0.484692911 -0.467083440 2.156740069 0.617465936 1.234277079 -0.429360899 -0.107672738 -0.104849273 -2.350304281 1.220767719 -1.622111667 1.881021845 0.440867827 0.318006577 0.643150516 0.569422451 -0.994067304 0.169047840 -0.717857530
17.900764131 -22.042993485 35.232652167 0.641362195 -0.223982166 -0.367924560 -0.634915775 -0.070030847 -0.323579033 -1.307413820 -1.161933280 -1.470100731 0.583113200 -1.432957706 0.731663628 1.033558948 -0.944997785 1.300713123 -0.077661011 -0.505327776 -1.305497642 0.949409344 -0.909843292 -0.099728431 0.245509004 -0.578759834 0.644574529
16.357798144 -15.708672575 32.738683891 0.741627890 -0.575420056 0.104272256 -0.328644380 -0.253107868 -0.423050902 1.366686724 0.683229682 -0.529537389 0.328942404 0.302134270 -0.708316528 -0.042754524 0.267270577 -0.405299620 0.029241714 1.163785738 0.094114693 0.829721169 0.809920163 0.031077702 0.929923252 0.277011106 -2.374723923
7.650018701 -25.407098751 34.785483489 -0.337510547 -0.350567503 0.241920322 0.839442443 1.254491663 -0.547044895 -0.252352045 -0.502786727 0.344400004 0.091019967 -0.377816548 -0.507780113 -0.270488764 0.964911300 0.987171144 -0.387948496 0.029115557 1.854515491 0.212035463 -0.789249916 0.366017771 0.361830372 -0.002009929 -1.917772356
4.800815297 -22.212148657 29.571481501 -0.808921478 -0.382755388 0.183109836 -0.406958405 1.053172270 -0.491013030 -1.359451459 0.494682937 -0.190831818 -0.993696595 0.406077091 -0.854495685 0.085704517 1.131188804 -1.478031217 -2.271568340 0.160489183 0.574673813 -1.318296957 0.698181242 0.313459280 -1.405585504 -1.859550920 -0.272739578
17.053348897 -10.963299317 29.511651318 0.147651991 0.515365343 0.772161421 -0.341121961 -0.407499648 -0.490124383 -0.191635586 -1.147594204 0.635261453 -1.504731046 -0.346919107 1.248942084 -0.356929348 -0.446955879 -0.872081947 -0.451449565 0.282457881 0.994529654 1.087228032 -0.963051889 -1.464469121 1.636436530 -0.380227714 0.895423431
13.668714443 -20.231667221 30.533840209 0.414756035 0.002295402 0.311034091 -0.855119850 1.790841153 -1.820756020 0.489447545 0.512937753 -0.288312516 -0.064712861 -1.705934204 -0.234776347 -1.156167285 2.243409765 -0.354964791 -0.932522743 0.140170746 1.048534592 0.373835189 -1.406391999 -0.016820231 0.393472198 0.690353368 0.451274213
13.724322350 -21.383972339 34.806289976 -0.463477723 -0.869565000 0.144357339 -0.090587359 -0.844747485 -1.339777413 -1.283036015 0.191817660 0.655101908 1.963601599 -1.273409704 0.539801748 -0.165170282 -0.118479087 0.737634360 0.211767214 0.153173288 0.485507564 -0.611329568 -1.231817593 0.786982214 -0.577885374 0.571127624 0.037470046
8.804845307 -18.413735130 38.288856235 -0.494745122 0.687641545 0.504045873 -0.168268025 2.073346431 -0.023500963 -0.604155031 -1.190879133 0.903179397 -0.324841349 -1.443760990 0.719658586 0.589504390 -0.047388998 -2.026229634 0.598080175 -0.278304322 2.047236362 0.622135373 -2.056213020 -1.102164340 0.601868608 1.432292296 0.678703711
10.263466506 -21.379682197 31.156133269 -0.710397176 -0.519144233 0.389107291 -0.272801454 -0.432383247 1.822314397 1.589090165 -1.344916081 0.321841312 -0.784463993 0.572275212 1.026673913 0.436042028 0.676488882 0.522366137 -0.769367565 0.987705224 1.345156431 -0.358680092 -0.558808925 -0.233318967 -1.518804026 -0.081208102 0.121084331
15.197356986 -21.079960562 31.739414614 0.336701132 0.623286454 0.705473514 0.021294718 -0.018250657 1.410492463 0.184814326 1.318472888 0.111206552 1.091145908 0.632312450 1.458551297 0.032573966 0.019837864 -0.465859567 -1.179918719 -2.910797765 -1.686287404 0.816444576 1.908257691 0.795113750 -0.734346303 -0.912533472 -0.511504002
14.458176029 -15.653808077 34.088067989 0.012291285 -0.227114507 -0.786820261 -0.573743672 -0.699242185 0.518860083 -1.528037214 -0.669858052 0.801167966 0.904065282 -1.218304980 -0.394265893 -0.441355995 -1.367842468 -0.792944162 1.028460965 0.009086263 -0.358573351 -1.139324482 1.042750966 1.612230953 -2.670088421 -0.670485685 0.768202871
13.132469271 -25.597467058 35.681352770 0.173807875 0.937225719 -0.014209220 -0.301988198 -0.389164062 0.023434530 2.648944530 0.178097999 1.676933250 1.372731424 -1.540215252 0.068530649 -0.559406761 1.680952081 0.377385828 0.716330406 0.415178425 -1.210791932 -0.426373379 1.449784744 -1.326616442 -1.570111111 -1.182370427 1.340609825
10.230073276 -19.148717891 34.610645952 0.882029881 -0.235406536 0.385324547 -0.134655283 0.585027304 -0.543650874 -1.283436144 0.165472267 1.061267719 -2.162926912 -0.772884700 -0.828717304 0.061959976 -1.192133840 1.063304122 -1.032098062 0.732835480 -0.020986448 -0.638386975 -0.601854285 0.627185979 0.388724922 0.228472175 -1.022931665
7.158376559 -10.686517033 34.197316091 -0.609948048 0.715029749 -0.084815816 0.330911037 0.414165772 1.154288510 -0.174267683 -0.173071902 2.762655919 1.358387627 -0.182650976 -0.749157529 0.469404488 -0.447207958 -1.108830962 -1.892209437 -0.381026790 0.052622502 0.049043003 -0.498318641 1.479882902 -0.154953853 0.229233976 1.514851324
11.202678892 -8.096489974 38.541117386 0.762226739 0.473773572 -0.440894687 0.012683689 -0.051459848 0.134433873 -0.488538281 -0.369881837 -0.264926631 -0.520461692 -0.454808447 1.501127608 0.624447890 -0.169842206 0.388117235 2.326962463 0.846493659 -1.309893660 -0.113069660 0.976818909 -0.134679269 1.684099828 1.170974209 -1.233215573
16.342052697 -11.158293937 38.135394334 0.230941135 -0.151091447 0.319372245 0.906553328 -0.375427879 -0.842272222 -0.430644150 0.533899853 -1.349426052 1.571709251 -1.186266782 -1.261253957 0.490776409 -1.363890475 0.325734614 0.464306965 0.461933754 -0.193216662 -1.530616907 -0.081694558 1.526509417 -0.045587788 1.370033788 -1.679564412
11.391665337 -13.855171354 39.688897213 0.962854758 -0.253540814 0.092448994 -0.008997434 0.602080890 -1.603643698 0.190319865 -1.749076780 -0.283244304 1.137564904 -1.701753687 -0.447316716 0.641060673 0.621580417 1.128066651 0.453873716 0.088295247 0.474088692 -0.574817846 -0.214726285 -0.162464948 2.412180655 -1.564542941 1.077375537
14.696563981 -18.377601731 41.989535271 -0.829963403 0.421470758 -0.122288454 0.344338037 0.829305757 1.979894821 0.184860806 -1.735087618 -0.117149066 1.017697743 1.543451147 -0.167747078 -0.218730136 -0.084441161 1.638452958 0.079943101 0.679433863 -0.289024003 0.569909184 -1.542023958 1.070732316 1.686673412 1.062116874 1.480301306
15.636771764 -15.762421232 36.202937995 0.164933789 0.564378769 0.792123477 -0.163749345 -0.158122385 0.498179152 1.557206493 0.531533651 2.405799694 0.189282346 0.821375443 -1.733623769 0.536639188 -0.024685356 0.786164456 1.349089033 0.888229622 1.353167869 -0.709889173 0.469861050 -0.663577143 -2.432519111 -1.484058602 -1.585631167
7.867539558 -21.866333039 30.351751785 -0.411182486 -0.237863522 -0.854577593 0.209873881 -0.106200179 1.556362763 -1.399685214 -0.402835698 -0.545745612 -2.589158112 0.157332957 -0.504002048 0.251121636 0.173606078 -1.725388316 -0.817928251 0.061561125 0.647179824 0.155565676 0.051539731 -0.681720896 -0.120075013 0.643223997 1.305141017
15.504394217 -11.838392521 37.108517731 0.646100939 -0.341473829 -0.067588729 -0.679250296 0.752180883 2.235918055 0.227217670 -1.801386718 -0.609875911 1.324133601 0.699356096 0.397694592 -1.371187848 -0.434342132 0.188408751 0.766120801 -0.185503551 0.109357746 -0.214963621 -0.243581987 -0.323435018 -1.380855717 1.066649579 1.718617093
16.876802948 -19.197267567 34.801849174 -0.924788867 -0.250775781 -0.263355695 -0.111896547 0.267484759 -0.780442252 -1.145048551 -0.554329907 -0.687379046 -0.550491306 0.792884698 -1.220685807 -1.706146876 -0.484845607 -0.202007397 -1.000198877 -1.692188171 -0.777420471 0.058598481 1.463352722 -0.013623725 -0.591398237 0.377059456 1.325162236
9.923830089 -16.889327251 41.009477522 -0.383778317 0.852255398 0.348474440 -0.070288727 -0.831366550 -0.765319202 -0.943330562 -0.088312998 1.211642222 -0.349373252 0.329129555 -1.763856487 1.361067060 -0.383721910 1.660313124 1.117536818 0.073649376 -1.451285637 -1.524755623 0.637824483 -0.259645253 -0.384899065 -0.625251689 -1.303928727
13.699474203 -13.704514282 40.600979465 0.501260981 0.504850785 0.601895984 -0.362745555 -0.345799005 -0.958918115 -0.375221795 -0.232792680 -1.608611763 0.913179182 -2.739750915 -0.410981783 0.428678861 -0.921899446 1.388059739 -0.090477403 1.378654462 0.674301753 1.539039221 -1.198030076 1.380649430 1.468057061 2.543309125 -0.527722738
15.081339296 -10.390884236 39.635646960 0.791138331 0.076435099 -0.075971046 0.602068283 0.855948639 0.433289171 -1.550143448 0.070855740 1.840759303 -1.033921755 -0.667951873 -0.813446207 0.025302339 0.490594813 -0.415093264 -0.411814984 1.092385229 -0.597372735 0.071134333 1.506513980 -0.229608843 -0.015690728 -1.018109449 -1.257317955
12.986549884 -13.453466255 34.932257218 -0.721378642 -0.004340816 0.422327117 0.548847718 0.274726735 -1.572281814 -0.441295638 -0.566476079 -0.603119239 -0.899271134 1.394418609 0.076967323 -0.028345124 0.565021131 0.489711492 -0.621923060 1.456360340 -1.385998309 -0.191660551 -0.535708431 0.434009129 0.315880959 1.168573370 0.236590991
7.272167962 -22.913909477 37.878628675 0.223914422 0.052465273 -0.634362027 -0.738034244 -1.258359929 -0.407673191 1.333920780 -0.730265355 -0.452113456 0.169266010 0.233229452 1.062292529 1.072970082 1.557987421 -0.122010598 0.276649998 0.335103410 1.034991121 1.063587283 0.686457508 -1.384441179 0.885439508 -0.782072084 -1.933065529
9.662297587 -16.347968014 30.872792296 0.218108510 -0.249479042 0.844469123 0.420785914 1.042641114 -0.469167250 -1.014395554 0.481041735 -0.217274911 0.436196739 0.273560119 -0.274467077 0.109383133 -1.016821448 0.133125144 0.261259750 0.309111848 -1.233112974 0.743852938 0.688561917 0.389019424 -0.485415179 1.365213083 -1.477167135
18.528379630 -15.395864489 35.670062896 0.999029416 0.028745565 -0.031811879 0.010095716 -0.876992070 1.331832599 0.761453885 0.067174770 0.626340984 -0.106146416 0.002670947 0.526890719 -0.036279476 -0.271508757 0.922372870 0.038562703 0.663598427 2.455943266 -0.804803637 0.238090680 2.167748433 1.432547897 2.033853232 0.515709843
12.713750463 -18.173505487 37.430896059 0.740633726 -0.161712927 0.237990109 0.607183104 0.466070487 -0.954118948 1.988262231 -1.332704482 1.063573551 -1.182347854 0.048419060 0.162994275 -0.389790759 0.174855410 -0.443538414 0.478218107 -1.302260651 -0.460249809 -0.681965557 -1.039434761 1.328168599 -0.427699441 1.765173977 1.038072451
7.977329066 -14.197491198 38.187944381 -0.064519976 0.656246593 0.517812339 0.545021067 0.228575351 0.033398857 0.772095492 -0.721230825 -0.170033841 0.843909591 -0.793139062 0.602521175 -1.071614410 -1.486406985 0.064428747 -0.327566192 -1.208986310 -0.759130014 -0.025706632 0.931335801 -0.899242554 1.191501777 -1.442221079 -1.001827564
15.764513101 -12.551181927 31.354152816 -0.747310712 -0.231936009 -0.068014726 0.618955882 -2.462062749 -0.230309020 -0.607141520 -0.672639378 -0.067530560 1.482968517 1.708731235 0.488993605 -0.446193443 -1.112222607 0.326270829 1.110894153 0.474540952 0.091493917 -1.155250268 -1.474218955 0.130774772 -1.131613833 1.919128584 0.831513206
10.549178684 -21.183202209 36.672665818 -0.413622622 0.046091422 0.412086427 0.810540982 -0.772126741 0.670689918 -0.275354920 2.460066501 0.370997677 0.519705207 0.635259884 1.078998975 -1.559697009 0.010263131 0.184441955 -0.093602631 2.412404194 0.902444115 -1.503469749 0.031725428 0.311008778 0.388979982 -0.783920365 -0.607129384
8.855430806 -14.054142732 33.044254606 -0.073571997 -0.949377817 0.176658917 0.249119547 0.212081666 -1.306464937 0.553019306 -1.367470290 0.008926919 0.208699301 -0.694923125 -1.746569153 0.383454194 0.233307405 0.273649329 -1.308241461 -0.436266485 -0.559312833 -0.879641814 -0.150475738 0.799860146 -0.864086732 0.222720870 0.181778338
6.077154155 -10.069675380 35.318449913 0.335866136 -0.488240825 -0.426816707 -0.683112241 -0.462520158 1.213922910 2.452744205 -0.328603451 -0.137744014 -1.202560281 0.971936556 0.155022845 -0.520398215 -0.430382218 2.286651611 1.247696311 0.712803953 0.822787882 -1.548242128 0.458016093 0.544331400 1.980775433 1.303390339 1.976599597
16.597703988 -10.780487645 35.863271614 0.081076894 -0.937522280 -0.166907402 0.294313491 -0.797516432 0.652207929 -0.299978552 -0.027520277 -0.441571602 -0.248007936 1.674916343 0.345867412 -0.555705059 -0.672778673 1.626040240 0.369062019 1.237343180 0.543567433 0.177043167 -0.427378866 1.155190476 0.856771345 -0.786774890 -0.530847919
13.127849505 -20.284966709 34.234303543 -0.467091128 0.823443554 -0.322069573 -0.006146698 2.464689774 -1.093325230 0.997810175 -2.518120172 0.366819044 0.464967866 -0.238547153 -0.393791335 0.634009668 0.010060519 1.042494152 1.368325885 -1.076117286 -1.227192789 -0.851835655 0.965234689 0.263681464 2.623012959 1.165783790 0.416692985
17.273679665 -17.549492361 30.904000652 0.061033230 -0.208394134 0.974930587 0.048550800 0.052533171 1.233245974 0.042220665 0.679285870 0.522323971 -0.385800135 -1.496453604 -0.358040651 0.837529918 2.066109435 0.563121731 0.895766291 1.541409220 -1.069528178 1.133240929 -0.767530040 -0.434533703 -1.062342778 1.821375771 1.362429550
17.312271597 -18.173064345 35.586809643 -0.511052174 0.387557914 -0.500321946 0.581637764 -1.758847102 -0.053303555 -1.384254321 1.275728925 2.089694739 0.610824426 -0.754267622 -0.717927109 -1.096176306 0.345565010 0.927642421 -1.083378862 -0.552809262 -0.490417722 -3.307995276 -1.060760664 0.864325087 -0.957639778 0.273364397 0.843222982
10.779336240 -11.331562992 39.433787001 -0.021225008 -0.751402379 -0.468596548 0.464070296 -0.942886911 -0.018720625 -1.078873303 -0.952083016 0.424270815 -0.045317195 0.274590428 2.049402440 0.881785434 0.851687912 2.710136558 1.020868884 -0.760631521 -0.550416286 0.471918291 -0.039213512 0.323446062 -0.175726427 1.047001499 0.175987148
9.858904308 -25.058668950 35.017120552 -0.709708453 0.129154181 0.655875830 -0.222396055 0.347171406 -1.456610796 0.280379091 -0.758086757 1.006369246 -1.023108260 0.799607214 1.426579887 -0.269509973 1.272605350 1.384794220 -1.900295885 -0.230556298 -1.524648294 -1.429868138 0.026298105 -1.431419905 -2.030459027 -0.060925229 -0.330425269
12.585126690 -10.728506368 37.136147213 -0.386388390 -0.002341748 0.922224610 0.014152644 1.003330568 -0.489365507 0.374516306 0.887056552 -0.848594821 1.380591757 0.606285285 0.580050801 0.032994839 1.316456345 0.214665892 -2.524014745 0.860070102 -1.143889844 0.817775316 0.070403753 -0.298189892 -1.057113190 -1.338064363 0.502759031
8.887250193 -16.690954278 32.472116501 -0.485868126 -0.432376982 -0.697383054 -0.301063425 -1.753155942 1.246184475 -0.193352203 -1.276237090 -0.588525853 0.715932604 0.287187577 0.170485855 -0.633807693 -0.352915565 -0.437121500 0.183873679 -1.759267799 2.265703798 -1.462181119 1.210907542 -1.235262686 1.281657900 -1.554934734 -0.017659767
10.923994932 -13.250342861 39.923608923 0.786992855 0.107319256 0.111901894 -0.597162281 0.423805594 0.403582798 0.272254706 0.310844462 -0.538064612 -0.067658597 0.413850758 0.430460822 0.891191915 -0.554262392 -0.070441075 -0.183715701 -0.875201962 0.348315156 1.806792793 -0.712255504 -1.470646640 0.898897669 -2.315928167 0.490431006
7.716756743 -19.371694136 28.214284893 0.487272767 -0.812030919 0.100355965 0.305122463 0.424755880 -0.291727776 1.325502254 0.039737898 1.043703196 0.462711736 -0.702283139 -0.463933954 0.969149891 -0.086901456 0.618296093 0.223572351 0.770704870 -0.444047482 0.210291327 -0.813065752 -1.004812087 1.216651470 -0.979684277 -0.200085933
3.075379430 -18.908724903 29.533759253 -0.622569248 0.254374186 0.575300876 -0.465542916 0.625362310 1.272550063 1.580900298 0.389710969 -0.122304107 -0.799063683 0.228440064 -0.698419523 -0.774983115 -1.003081072 0.504142176 -1.475272884 -1.440034373 0.673257989 0.067762217 -0.197484345 1.166633190 -0.479652722 -0.127810996 -0.038538794
5.353355846 -9.934261836 33.137849712 0.285605432 -0.799747982 -0.527599218 -0.021720209 -0.418928984 -1.292834594 -1.982634065 -0.414297254 0.200596196 -2.483569971 0.180420118 -1.958640745 0.266980304 0.568612277 -0.354527414 -1.068148051 -0.704682740 -1.202265520 0.402327663 -0.963427062 -0.352452837 0.238006737 -0.766023761 1.247972320
4.481593129 -12.392922981 34.277480116 0.482640274 -0.770778292 0.408668213 0.077132890 -1.923837224 1.655692217 -0.309927205 0.633049379 -0.099779740 -0.397886900 -0.369533841 -0.374884421 -0.018376959 1.806019107 -0.705171248 1.004688568 0.283010071 -0.841628500 0.392861334 -0.487109755 0.079492087 -0.421065168 -0.786180773 -0.859328821
5.855450176 -12.515920501 32.746987439 -0.291369602 -0.084729829 -0.949045821 0.085068447 -1.652903028 -0.833990724 -0.858616753 -0.435649102 0.630563289 -0.683774242 -0.707195998 1.077138468 1.828582137 -0.729858173 0.606895024 0.242582755 -1.049722307 0.462820777 0.832561051 -1.176560887 0.284794847 -0.721070968 0.743500151 -0.910207927
5.987364613 -20.768889856 28.671480946 -0.479759344 -0.220021344 -0.084058486 -0.845195688 -0.828948940 -0.688711293 1.969932417 -0.217900866 -0.158888229 1.087552690 0.384550450 2.177281313 -0.686896751 -2.059999192 -0.750833349 2.137139619 0.459452674 -1.523205911 -0.755658888 1.370066685 -0.284562890 1.612864334 0.092671018 -0.408950462
4.352483255 -18.393656304 35.429079098 -0.978746773 0.176993086 -0.040048573 0.095521274 -0.586335177 -1.079204966 -0.539326047 0.600278626 0.738493948 -0.905271845 0.751772388 0.889139129 0.525296381 1.472684483 -0.151330602 -0.599449578 0.913868167 0.831612958 -1.434061516 0.154679733 0.511822279 1.108813394 1.276660997 -0.868430047
3.020595217 -15.112089806 36.024193041 0.153071206 0.896309388 -0.058303779 0.412067174 1.718215426 -1.539697487 0.826277407 -0.784995536 -1.490145922 0.443901571 0.144249197 -2.118712067 -1.048471850 -0.318307862 -0.301406498 0.297533808 0.895676038 -0.859303271 -0.424716345 -0.450695892 -1.050794464 -0.492017791 -0.030786239 -0.132410263
7.081778858 -13.167414759 41.548428536 -0.120779706 -0.904326715 0.201295513 -0.356490634 0.087761944 0.558904229 -0.441931728 1.754070596 -0.758045723 0.441410171 -0.464469735 -0.410740233 1.936462729 -0.395516673 -0.904964691 0.431669346 -0.976358809 1.193608605 1.524094528 -1.497961440 0.026216179 0.765376751 -1.176000753 0.137595931
12.900336777 -10.945528499 35.340501178 0.298280795 -0.906301325 -0.164278012 -0.250318219 -0.432742269 -0.387318865 -1.909363593 0.104549519 0.231794249 0.174403000 -0.529535808 0.478192031 0.222953809 -1.712180965 -0.893867542 -0.047999562 -1.482549947 -0.549150754 -0.254513443 -1.288503711 -0.086310069 0.759037500 0.591754057 -1.322252085
11.801820854 -24.300071057 37.130621603 -0.274578034 -0.856873738 0.050589080 0.433376333 -0.314013105 1.097049442 1.140126174 -0.384342769 -0.553729413 0.152672833 0.046300628 -1.299860549 -0.311935123 0.722858068 -1.119486024 0.394383492 0.225267597 0.759840979 1.353891218 -0.453395316 0.347703992 -1.418377850 0.575273185 0.233177405
14.093154918 -10.358442216 37.892621933 -0.207297003 0.719843922 -0.567960007 0.340989900 0.153943870 0.394825985 -0.895675138 -1.166091741 -0.454315094 -0.338703998 0.334727813 -0.241141417 -2.119639179 0.598959580 0.865674230 -0.691517842 0.152976460 -0.304879072 1.228787154 -0.228485609 1.056837789 0.657985158 0.500288739 1.174529297
1.325737201 -14.948883050 34.274768859 0.384009469 -0.776819655 -0.212668975 -0.451508426 0.735007832 -1.016651796 0.052186036 0.379609431 -0.904665022 -0.771189197 0.232066726 1.016488030 0.981845090 0.627357116 -0.376077263 -1.395502605 -1.686312290 -1.663784580 0.169515319 -0.655914840 -1.173520968 0.756676092 0.475095632 1.690177870
5.831016542 -15.885233556 33.595804310 -0.456875554 0.362894989 0.492157372 -0.646028696 -0.107260895 0.555817154 -0.195902429 -2.258868946 0.001844828 0.058196847 0.929691001 1.592167639 1.090088615 -0.132125393 -0.566555328 -1.291340148 0.581106454 0.930020118 -1.027609341 -1.949090067 0.737171573 0.706116370 1.017767405 0.985626097
15.760495421 -19.528467778 27.214490878 -0.208121151 -0.026852999 0.837998239 0.503709692 -1.325574951 2.454845671 0.508037279 1.202748361 1.073908364 1.289762967 -0.614817759 0.538147860 -0.624054010 0.707241960 2.012978017 1.687876999 -1.046566197 -0.155909232 -0.295696902 -0.067121146 -0.998768559 -1.224158369 -0.036676287 0.122008967
7.370983288 -21.386622994 41.119229326 0.984501088 -0.149989708 0.030605829 -0.085580243 0.156088755 0.095530628 1.210273953 -0.723569489 -0.487863575 0.379065912 -1.610429175 -1.046013523 1.319308862 0.213501869 -0.835763125 -0.944034643 -0.803685744 0.699533664 -1.220249675 -1.497379633 -1.213059340 0.833691054 0.066950700 2.367155722
12.545733729 -14.245636788 42.693123684 -0.550413810 -0.563260185 0.115713737 0.605304001 0.599673767 -0.947274966 1.467852620 -0.160905165 0.739181379 -1.407951574 2.141805099 0.771758246 1.111492416 0.363282032 -0.440559798 1.185101963 0.427183118 0.299900287 0.690567881 0.618841250 -1.883223201 0.289087912 -0.646303290 0.977448387
12.858779957 -24.297870000 31.064277876 0.315937932 0.928854460 -0.187627355 -0.046995651 -1.277455577 -0.628224127 0.331012346 0.167498817 0.124280858 1.332225745 -0.003755055 -0.289655693 0.863841520 -0.657635849 1.382580469 0.300932794 -1.053913263 0.817110583 0.826904428 2.492600791 -0.311882705 -0.898416262 -0.364539209 0.151736989
16.924992741 -16.086988520 27.765672857 -0.464737041 0.316364232 0.016393644 -0.826840011 0.031774009 -0.323584805 -0.275712680 1.061657099 -0.041799327 -0.605931766 -0.333851204 -0.070956029 0.884769716 -0.945324715 0.872087577 -0.347729817 0.976702336 0.142189423 -0.870352752 -0.547453952 -1.828951196 -0.236781703 -0.434537628 0.356293389
8.302762942 -12.235302761 31.688059796 0.466620168 0.525851472 -0.697492713 0.138743519 0.871808309 -0.947141697 -0.867294461 1.106234492 -1.757939468 0.660322091 1.630369373 1.218880640 -0.288031944 0.363643277 -0.541469880 -1.651744615 0.420630647 0.956078382 -0.510091439 -0.894155562 0.649256340 -1.084279783 2.011996123 -0.554910132
4.756066498 -19.092042128 41.551867063 -0.608408483 -0.384998660 0.681148313 0.132861299 -0.568888836 -2.090981090 0.406597538 1.046669342 0.656088341 -0.708142527 -0.173930741 -1.560662471 0.455659240 -0.523413111 0.426679939 -0.528711310 0.810304539 0.516169108 2.138164306 0.555966682 1.107459587 1.539327961 -0.623072424 -0.565555250
6.065426830 -20.530469010 38.818291481 -0.070446504 -0.729378859 -0.504818559 -0.456291565 0.007109130 1.568543520 0.911297258 0.392802394 0.372745303 0.413049601 -0.499935696 -0.607517329 0.916183008 -1.159627806 -0.216621250 1.281055443 0.043259495 0.058364362 -1.471536642 -1.189941926 0.947641176 0.849346240 0.915562337 1.965533682
10.472016680 -11.008804539 27.991454693 -0.281925127 -0.723743640 -0.378439967 -0.503484417 -1.304748917 -0.762320036 0.130339895 -1.597932926 -0.910767071 -0.817692732 1.612949502 0.411922059 -0.175888337 0.636560939 1.015785845 -0.051874685 -0.745104909 0.708291307 0.621643464 0.311011350 0.621801981 0.591844555 0.382767576 1.227389475
9.507153500 -9.725999264 31.884309149 -0.619462745 0.382990747 -0.392465193 0.561742883 -0.757087946 1.083700737 0.043564060 -0.896009770 -0.613244262 -0.653747097 0.165823405 -0.735378010 -0.044887857 -0.275775034 0.197694659 0.376057552 0.876043661 -0.550994260 1.119595164 -1.288501925 0.410473769 -1.063886659 0.549262909 0.273327627
13.387892579 -7.355936008 31.547209635 -0.100946257 -0.880257260 0.263773837 0.381287781 -0.613220025 -0.174496493 -0.187642616 -1.385050127 1.366682921 1.043074127 -0.648267669 0.982901036 0.531149953 1.202321690 -2.751492037 -0.843333098 -2.185573997 0.506559580 0.377993983 0.854369008 0.086718945 -0.804050203 -1.196516116 0.581401399
4.872081142 -14.398512248 36.060340354 0.263138140 0.465662745 -0.788118747 -0.304606906 -0.355788047 -0.984539391 -0.581884489 1.154178427 0.760451436 2.098682128 -0.622280580 0.093821746 -2.531043153 0.183321871 -1.172986766 -0.044631734 0.690000424 1.308214056 0.477937088 0.795826825 1.543442466 1.400208639 -0.384723472 1.702731320
15.371732354 -21.647236431 38.361587660 0.492138664 -0.013577765 -0.060086598 -0.868334487 0.427182369 0.363249868 0.316636542 -0.338408918 1.007755965 -0.796267894 -1.290871138 -1.228993834 0.720314141 0.376757118 2.173074256 0.214390389 -1.897879168 -1.135743212 0.267449043 2.735103953 -0.324632190 1.229821460 0.377176337 -0.592175934
12.962217296 -18.160294820 37.478965572 -0.783912397 0.245896388 -0.563027530 -0.089533913 -1.408323874 -0.684829639 1.049423376 -1.588556723 -0.128749089 0.831462107 -0.013157396 0.420165270 -0.665880946 -0.893122717 0.188365175 0.458291817 -0.524545684 -0.381485733 1.633138632 -1.540179577 -0.102083581 0.123386081 -0.633306087 2.313609419
7.507259253 -16.248238186 33.472967419 0.212539761 0.855251070 0.468961919 -0.058712648 1.325041463 0.267906764 0.656162936 0.637584633 0.742463028 -0.307385276 -0.277149916 0.400444648 1.773601568 -0.661607588 1.544840612 -0.396883132 -1.135748926 1.055717916 0.295043303 -0.160589056 -0.566262602 0.473825747 -1.043532562 0.309384094
6.316267892 -21.520672049 39.285468032 -0.545708934 -0.719288607 0.233614270 0.360901692 -2.799902304 0.101682440 -0.181625372 -0.159717339 1.461125809 -0.486421155 0.335265383 -0.041789683 -0.731744882 -0.072934805 -0.335546360 0.598109543 -0.820583201 0.169425368 -0.723961043 0.442073282 0.408812204 -1.001667183 0.163667151 2.146537948
11.855270540 -15.150125353 31.855111838 0.809569393 -0.332299749 -0.462473143 0.142453036 1.689091162 0.173229195 -0.394383467 1.075956556 -0.058960509 0.456344149 1.067935511 -0.857735492 0.172023184 0.809694730 -1.723290327 0.690798399 1.569632821 1.669010460 0.013163407 -0.585062800 -0.042089566 -0.344561047 -0.652427092 -1.049749096
12.025237261 -19.965976114 40.338577284 -0.375518451 -0.772711421 0.290644471 0.421222915 1.385926154 -1.448230233 -2.928155118 0.604698581 0.912448058 -0.415448766 -0.030805718 0.806460286 0.401918927 2.135053457 0.826011555 2.472764761 -0.952815131 -1.046188441 -0.524514272 1.763604383 1.400450523 1.157619948 -0.328480218 0.642816006
13.701166558 -22.119489485 35.290146620 -0.459900075 -0.598191186 0.646126701 0.114802056 1.130450959 -0.308326626 -0.456022311 -1.421563601 -1.354469591 -1.783512611 -0.526568253 2.095915022 0.349798509 1.407481036 0.394990656 -0.149110812 0.167581034 0.825397495 -1.532691382 -0.416383834 -2.267512332 -0.729339300 -0.264003590 1.727353387
11.019123073 -22.658851696 28.563175066 0.033005417 -0.641966552 -0.061163814 -0.763576176 0.430842599 -0.852320998 -0.087804164 -0.413323706 -0.580113934 0.580218563 0.276925317 -2.266551406 0.275614815 0.022967954 -0.350961307 -0.903926875 -0.340277468 -0.131581175 0.225732213 -0.317006492 -0.570615952 -1.147328363 -0.616396741 -0.452036546
7.009896657 -9.782383516 36.712454827 -0.697495636 0.368142595 0.482767825 0.380665333 0.006403757 -0.662598397 0.019709544 -0.852805387 -0.546243560 0.389583222 -0.741981769 0.409574367 0.038637916 0.655941816 1.303114778 -1.252307893 0.680611555 -0.475120203 1.158384282 -1.925357500 -0.052257838 -0.379489211 -0.319921426 -0.652838908
10.280673996 -11.279769571 28.737078642 -0.635573887 0.320087147 0.069877107 0.699075992 0.778846225 -1.758697767 1.097726428 0.286176640 -0.013889941 -1.615515150 -1.055975209 -0.294472206 1.783085250 0.884411238 1.593063019 -0.009675887 1.076353053 1.872394879 0.023353793 -0.289455587 -0.169216605 -0.780760751 -0.754415515 -0.177130213
4.201865421 -11.103559356 29.918005832 0.142304910 -0.256679447 -0.953920535 0.062454675 0.468567167 0.722556106 -0.872976422 0.241993209 1.466797988 -0.590102185 0.932146076 0.370645133 -0.316919046 0.701584627 -0.312446610 0.104291275 -0.797970001 0.810075508 -0.771082725 0.483881011 0.583116425 -0.168414701 0.532179608 0.429590399
5.866482494 -22.985428938 30.110069838 0.142698068 -0.641543860 -0.717645198 -0.230313064 0.483825371 -1.234121876 -0.351224567 0.090797686 -0.493446545 -0.760946476 2.133352415 -2.296584699 0.350084000 0.796242706 0.165665910 -0.487992385 -1.321856361 3.580934752 0.242686705 1.092817552 2.740493687 -1.473687363 -0.765187009 -1.441012275
8.377658591 -18.121166171 31.985979155 -0.545897300 -0.036635442 -0.632651897 -0.548092656 -0.987196184 0.792895200 -0.658259640 2.384237630 -0.360210220 0.461509287 0.403348774 -0.100651557 -0.099777508 2.096854204 0.200335995 -1.846386472 -0.307913111 0.976279914 -0.869823607 -0.976927474 0.805403189 0.926891839 -0.858378837 -0.420360240
8.956664338 -21.609364580 42.592233614 -0.612165352 -0.429441189 0.484301619 0.454186953 -0.868846814 -0.586949507 1.767736186 -0.328227958 -1.410164187 0.188665713 1.718721448 -0.780228738 -0.171074526 1.168400331 -0.317918031 0.217203700 0.455010216 -0.114980901 -0.216886552 -2.280978849 0.536852712 0.070596383 0.115854410 1.108050627
17.243602424 -15.451452080 35.574753985 -0.560457550 -0.712476648 -0.291945172 0.305012094 -0.299207546 -0.657545072 -0.692204900 -1.169061497 1.998285799 -1.387881206 1.081328923 0.825291316 -0.895131441 -0.451768902 -0.156192931 -0.381226394 -1.554000129 -0.211280210 1.681253786 0.371123877 0.603265767 0.055326425 -0.136106801 -0.045193481
8.878520990 -17.794295664 27.981894015 0.269981964 -0.546657830 0.591649612 -0.527471035 -0.758355916 0.926859730 1.028792501 0.077115210 -0.854991468 1.249825143 0.274422362 -0.116848025 -0.565007446 -1.048817158 -0.083850952 0.143761010 1.808751366 0.985775602 0.673764778 -0.410626867 0.765759797 0.384428885 0.386215057 -0.242012685
5.384742151 -20.077651309 34.684376807 -0.159565504 0.896821947 0.401827972 0.093720468 0.383356130 0.764512410 -1.957959892 0.469928519 -0.369149469 -1.740646785 -1.260534404 0.761776533 -1.488881721 0.433282591 -1.382640007 -1.305193695 -0.278023038 -0.138300599 0.142208101 0.332850485 -0.918435405 0.992011535 -0.953420928 -1.933259013
3.627310858 -14.180359741 39.985929110 -0.023988079 0.023229395 -0.993446793 0.109308903 -0.029208070 0.392697553 -0.938751113 -0.218112903 -1.624413722 -1.661455942 0.814130715 0.218534991 0.780627932 -0.287194240 -0.522278001 0.423909627 0.025863703 0.294459516 0.407989679 0.208903819 1.337732367 0.798623025 -0.046127102 1.527154942
9.945413357 -25.420639431 32.381735628 -0.414018488 0.385719844 -0.440169314 0.697179940 -0.058344222 0.584583498 -0.933451482 1.198811187 1.439754577 -0.635936915 -0.104813005 -0.771282994 -0.247751744 1.663229343 0.427153136 -0.903273526 -0.456279950 1.450137387 -0.705814344 0.904366623 0.078291753 1.597467944 1.267679175 -1.329489817
13.529700331 -22.178121637 27.404697230 -0.471515788 0.817614365 -0.159881697 -0.289166829 0.734668545 -0.404447235 0.457435703 -0.185759579 1.204711235 -2.102426051 0.995752000 0.275465607 0.063954410 -1.561011488 -1.056252351 0.476924902 -0.836305535 1.109364217 1.585578096 0.293127247 0.329871436 -1.235785830 -0.309301937 2.823290119
12.854244261 -14.468249974 30.927431802 -0.120776640 0.533098483 -0.802197933 0.240203013 -0.553923121 1.244622078 0.853728996 0.058196769 -0.798125361 -0.620122228 -0.190942152 -1.528427662 -1.144594501 0.391944399 -0.596687743 0.574355625 0.765842380 -1.822478312 0.133472017 1.628242023 1.521477527 0.398702594 1.785592062 -0.903736411
1.717929472 -18.374570394 32.084859290 0.456990147 -0.698341626 -0.455683081 0.309567292 2.586928849 0.393178628 -0.255727752 -0.037954492 -0.541916800 0.651851893 -0.014775391 -1.217703612 0.762195134 0.456024555 1.268188945 -0.508526594 -0.497673722 1.582072996 -0.947506666 1.521365621 -0.642631310 -0.882251748 1.325263764 -1.905764014
14.924636991 -18.004731760 32.267280726 0.105806353 0.924244630 -0.359132387 -0.074838549 0.043386495 0.058435124 -0.277567768 1.913312658 0.257710137 0.388084640 -0.789805224 0.152713234 0.490366561 1.657498442 0.205285791 -1.497216477 2.547394909 -0.330850104 -0.171842540 -2.461468362 1.892967143 1.644565714 1.007987683 -0.301362470
5.908956070 -14.027423402 40.538154047 -0.098994433 0.179325075 0.021419234 -0.978562127 1.193905694 0.847416553 0.161483118 -0.807170686 -2.776660220 -1.655284198 -0.010763034 -0.670439903 1.321104537 0.469914270 -0.048599979 -0.410991554 -1.390129598 -0.081611606 -2.007942644 1.590476909 -0.769003727 0.482873371 1.029877575 0.451292051
13.486605229 -22.086394545 28.289996840 -0.680343664 0.396070881 0.029156362 0.615962874 0.035963936 0.138169997 1.743122885 -0.746210944 -1.057020581 1.165655925 -1.638112437 -1.055618496 -0.567562327 0.439613134 0.995121473 0.708123030 0.216583400 -0.333466757 -1.649085350 0.116727801 1.459557449 -1.214883442 -0.620847565 -0.770317805
17.569480400 -20.815978420 33.871707899 0.074901641 0.767951522 -0.235085708 -0.591079449 0.375231448 0.778283149 -0.593351565 -0.438929434 0.193273789 -0.528955816 0.636016924 0.252101420 0.301952959 -1.564771258 1.378814631 -0.556092749 1.274826948 -0.303536686 0.205470519 -1.111382416 1.599094776 1.641375795 0.317641517 0.302583412
10.411391689 -23.298343968 32.177421281 0.163842280 0.025659241 0.155518694 -0.973812737 -1.543797472 -0.415856477 0.208781705 1.296377554 1.968852764 1.143178915 -0.177020969 -0.721655838 0.158358738 -0.882181854 0.110395110 2.706387043 0.429394377 0.253220722 0.935356535 0.339093039 -0.042896169 1.008889195 1.263692982 0.720302202
10.516175120 -10.169600389 35.900515037 -0.405551439 0.429303446 -0.667977631 -0.452805108 0.480200952 -0.949362452 1.960467302 0.142013053 1.080222908 0.812508143 1.395106529 0.289071042 0.159641033 -0.498773695 0.076840246 1.123380423 -0.434028045 0.460586144 0.286554108 -3.392642320 -2.329326039 -0.418228023 0.825279786 0.894083411
12.139980321 -13.423174646 27.391617484 -0.888435049 0.046551698 -0.113095632 -0.442408726 0.106537469 -0.673426378 0.628600594 0.029822249 0.236249000 0.413563185 0.039794826 -1.868669138 0.700206555 0.167550744 0.495856756 -0.372516943 1.309721631 -0.961880877 -1.403202878 0.996057022 -0.930333106 0.394813561 0.270778290 -1.081821545
9.149630370 -11.979327100 32.111893073 -0.495008012 -0.599187408 -0.626201292 -0.061753219 -0.997886905 -0.888515198 1.219913489 0.355519345 -0.077496948 1.652302141 0.058414701 0.173334396 0.927085359 -2.114164802 0.543545759 -1.089420984 0.265680941 -0.386463114 0.623776140 -0.113133113 0.649764435 0.539478510 1.483003913 0.327422138
15.904352818 -23.500915457 37.628680491 -0.666513207 -0.743917927 0.045991318 -0.015200717 -0.836857570 -1.039762111 0.331155845 -0.115461390 -1.531271006 -0.530562551 0.722439188 1.220323296 -0.336065076 0.080537049 1.090620533 0.246273636 0.838968510 -1.043615694 0.510291949 1.784033516 1.981845771 -0.500797115 0.809963718 0.636029074
9.836547876 -23.891898217 37.609821016 0.411367451 -0.728026194 0.143346248 -0.529345383 2.085556134 -2.967807577 0.402213615 0.306050300 -0.010529742 0.302691829 0.623285090 -1.306944618 -0.140216599 -1.109111427 -0.822508154 0.186243433 0.467866732 0.578963274 -2.043582288 0.470259101 -0.594950172 -0.141971308 -2.650599039 2.792725710
13.033365821 -9.927737938 35.213927230 0.205755604 -0.078253304 0.607109717 -0.763517415 -1.603269964 -0.405079197 0.839506452 0.512634231 0.644544420 0.221188002 0.449745870 1.072735873 -0.382230232 0.858073448 2.251366722 0.967590906 -0.015464183 0.469958132 -1.646622554 -1.523306830 0.951014399 0.309716354 -2.728539222 1.387029601
9.209262720 -21.655827897 36.484055263 -0.598137246 0.280749097 0.739365965 0.129420825 0.643579207 0.935354244 1.473694958 0.282913458 -0.254715808 -0.447521026 -0.104589226 -1.226941139 -0.501670148 -0.726447653 1.114380024 0.778762982 1.125563330 0.424550754 1.640756755 -1.501004334 -1.444753784 -0.738301552 -1.684776758 -0.186414963
12.127338959 -21.110704875 36.780658423 0.105981877 0.749366254 0.426891401 -0.494956352 -0.561560861 0.589752512 -0.355183307 -0.839472080 0.824242242 0.897991363 0.263123525 -0.132537488 -0.675976848 0.264421085 -0.705420371 0.300169693 0.549830413 -1.072816390 0.318698106 0.065373258 0.247693464 0.772063068 -1.052823752 -0.849375574
8.973332483 -14.597168676 31.405736290 0.525091873 0.716470627 0.042415141 0.457328460 0.527647196 0.670978812 -0.691980939 1.216241158 1.343147715 -0.390146331 -1.781118023 0.021893525 -0.410503077 1.269324397 -0.138436588 -1.466591650 0.307278034 0.531993276 -0.354274833 -1.190938535 0.664563744 -0.272533444 -1.077058578 -1.919217420
11.296598946 -12.858666370 40.273711935 -0.811970884 0.062117493 -0.446483773 -0.370805800 -1.921292182 -0.336713975 1.694068564 -0.289325797 -0.272666661 1.005388622 0.208890070 -1.487692904 1.030680880 1.424133646 -1.470942615 -0.247872119 0.558413763 -0.179905569 0.710004952 0.449338350 0.105140289 1.162998495 -1.545589473 0.427866326
14.475040697 -21.730457480 26.671494652 -0.589402009 -0.724254846 0.205924442 0.292669293 -0.835896367 0.186322831 -0.329595890 -0.899872658 -0.005151539 0.761241366 -1.008719754 1.259529468 -0.077392407 1.328575399 0.174236775 0.076133140 -0.087643899 -0.630748896 1.212832209 0.341436774 0.131545588 1.098300475 -2.057981169 -0.213628678
6.861604088 -11.707195501 36.702534191 -0.007929098 0.996510986 -0.027898078 0.078260341 0.813174261 -0.849202940 -0.455328927 -1.032193648 -0.589461432 -0.055811710 0.778738982 1.895160610 -0.481660960 0.704500576 -0.449925691 -0.288495105 1.366010412 -0.690370768 -1.627771256 -0.256336594 -0.870232783 -0.575161433 -0.394400553 1.877908846
6.588882961 -8.402303032 36.001061925 0.034162293 -0.843905622 0.378510932 -0.378663060 1.707747444 0.058006511 -1.354380796 -1.180311334 0.373459454 0.095597427 1.013479544 0.474688930 -0.337480509 -1.252115572 -1.095660795 1.903328661 -2.001186102 -0.691184720 0.150442981 2.362666282 0.945618020 -1.458840689 -1.540535569 0.996683520
10.350351672 -21.041545222 41.265661195 -0.039059902 -0.780102710 -0.042929341 -0.622953576 -1.355671813 0.214257485 -0.040950217 -0.734978354 -0.919963199 1.423927680 0.524635020 0.795612678 1.111310002 0.147206834 -0.976682307 -2.362124890 0.034501671 0.169329943 1.493340011 2.229177738 1.269552781 0.906801433 -0.521225083 -0.178533149
14.574277491 -14.741361794 35.898839319 0.054215900 0.083704658 -0.858421929 -0.503155999 2.076506509 0.310756825 -1.182242684 -2.406736096 -2.073621516 0.686465176 0.648111898 -0.239284173 1.214824631 0.478398983 -1.408497807 1.339364334 -0.082302407 -1.770964522 -1.525526362 0.621577719 0.108356716 -0.431663622 0.759597765 0.439415003
17.333035705 -13.550388813 35.571575921 0.603304624 0.584136944 0.530929328 -0.113673261 0.127716411 -0.531147114 1.995886854 -0.597841501 -1.193608631 -0.007987710 0.425779924 -1.241511223 -1.935994109 -2.399949430 0.244315364 0.906336749 0.357817114 1.141940883 -1.106698590 -0.114964495 -0.852587298 -1.146487884 1.340674576 1.644570297
10.105071003 -12.339005808 29.640277658 0.127989544 -0.797282726 0.276854745 0.520874631 -0.692410387 2.155770614 -0.789760291 0.306611159 -0.457350274 0.676680896 -1.800986312 -0.631821500 0.127380379 -0.473917653 0.333880637 0.787507159 -0.601024073 -1.104806085 0.233510263 1.308360849 -0.276805482 0.949709085 0.231130497 0.044622276
4.621539643 -15.203394546 27.743145374 -0.827958837 0.317304917 -0.027371465 0.461576166 -0.857352770 -0.034835418 -0.224201823 -0.534584428 -2.530062268 0.185457086 0.654348378 0.796750615 0.023794738 0.197102378 -0.448130007 0.600366143 -0.961606639 -2.525337848 1.809993222 -0.583614279 -0.010661634 -1.412609470 -1.548864427 1.802996451
14.716112970 -20.996392975 33.573383549 0.623152650 -0.647764235 0.389327241 0.201262442 0.311975626 -1.252428452 0.200521932 -0.121165109 -0.197409949 1.188055111 0.543449243 -0.204778258 1.100000378 1.286157234 0.326672529 -1.738200530 -2.039051778 1.132987579 1.723257882 -0.750528957 0.016015049 0.084444258 -1.569799385 -0.545291173
2.920928309 -15.311508622 38.736313008 0.270334639 -0.917017265 0.115559040 0.269526672 -1.439036906 1.349796839 -0.475378468 0.267938412 0.544485751 -2.280973784 -0.636247657 0.160762444 -0.112066169 -0.277453992 0.896117816 1.526483323 1.095921298 -1.384287696 0.087585538 -0.614169397 -0.159918622 -0.806448496 0.932757386 0.037268845
7.491961179 -21.557996230 27.070075035 -0.303666020 -0.790596060 -0.177390019 -0.501275971 -0.025719789 1.449100413 0.835394935 -0.537341165 -0.117099249 1.025929206 0.161812896 -1.352948546 -0.619079309 1.218845781 1.603133567 -0.464826430 -0.469354920 -1.134071174 -0.693927074 -0.905431701 0.776895246 1.182261529 1.111155791 0.045031789
16.363048899 -15.827531263 30.655873630 -0.186353395 0.119583217 0.111222161 0.968814687 1.271201426 -2.639644975 -0.093845442 0.803460458 1.343243818 -1.576968141 -0.103471640 -1.802151678 1.371772038 1.858361497 -0.713305692 0.336172369 -0.430726636 1.329894631 -1.140172622 1.002305745 -0.503436868 -0.008647140 -0.328682271 1.146934923
10.333473297 -12.923924405 30.534840769 0.402017553 -0.235910924 -0.353909656 0.810848862 -0.409043078 -0.470798674 0.890667241 -0.195004079 1.952581031 0.043429695 -0.908780168 0.248178003 1.215310977 0.750305506 -0.513678752 0.821440629 0.530766580 -1.314868218 -1.211584442 0.933073137 -0.655215315 0.400130871 -0.027029835 -0.258740992
3.281040331 -18.083656486 32.135784844 -0.407142732 0.233007910 -0.322223678 0.822261522 -0.121796899 -1.935602467 -0.603451959 -1.990292877 -0.154869624 0.491767774 1.362375636 -0.559331404 -1.139403258 1.933853276 0.522163900 -0.388078369 -1.304467562 -1.427505891 -0.537886706 -1.900355974 -0.762172598 -0.273454065 -0.080675103 0.240942073
7.766270126 -23.933837810 31.726123348 -0.484971045 0.777297555 -0.236334183 0.323663019 -1.584310586 -1.023736685 -1.261332753 -0.293515079 -0.271793824 -0.842295922 0.147768421 1.286298618 -0.979448958 1.350091623 -0.837370689 -0.359657601 1.040855876 0.305501494 -0.529901491 0.290662174 -0.355316328 -0.690881658 -0.435812048 -1.221502625
7.181661353 -9.137176451 34.765489848 -0.182625799 -0.698898633 0.245180131 -0.646587366 -0.754804132 1.222883771 -1.896235692 -2.098765439 1.172512624 -0.039281911 1.566586181 -0.342924465 0.740405326 -0.117747159 0.860589793 -1.180475383 0.851797755 -0.716330530 0.080497123 0.282959256 -0.021500828 0.896326987 0.008424530 2.117514722
7.673083926 -14.199402469 41.919249167 -0.256237372 -0.393120283 0.866820316 0.168586451 1.076372034 -0.861988324 -1.787487670 0.817806319 0.040770296 1.816024400 -0.651154549 0.427816310 -0.619036175 -0.067440428 0.961407839 0.180158601 0.267115505 0.942707478 0.560557215 -0.097996628 -0.515935533 1.213748380 -1.975103241 -0.748897970
17.239587562 -11.563842598 33.628563306 0.356944643 0.121011737 0.260803212 -0.888779144 -0.414060961 0.587116880 0.939255938 0.714130177 -1.446544670 0.474084059 -1.817504945 -0.625313139 -0.928174914 -2.139891792 -0.435442671 1.924071835 -0.597061601 0.877282440 0.125096395 0.184795082 -1.076627177 0.478326812 0.370168030 -1.313578157
13.816892768 -14.739547094 26.215999990 0.173773078 -0.348195074 -0.485682747 -0.782735828 -1.205100155 0.244241869 1.650827931 1.597941705 -0.925023287 1.130759902 1.351636631 2.299526513 1.021929846 -0.045848985 -1.005122219 0.797815130 -1.470475063 -0.503566983 1.305811620 -1.151749959 1.083850437 -0.374398145 0.289326647 0.125899434
12.106298300 -19.170710218 39.572614208 0.035654686 -0.485535564 -0.802697375 -0.344471890 1.176010464 1.293632939 -0.123101001 -0.960545052 1.985521693 -0.096572437 -0.814927963 0.025361903 -0.252686095 1.595871300 0.003330366 -0.552536830 1.549508384 -0.236709774 0.670192888 1.331709261 -1.139573195 -0.771370622 0.509405374 1.013653077
16.007175475 -14.480005824 39.901521275 -0.224918685 -0.411302089 -0.758244022 0.453109456 0.153116679 -1.667401713 -0.984369077 0.633199352 0.868044224 1.542253337 -0.340763048 -1.512977091 0.022324252 0.033792916 0.638311281 0.243110954 0.950675629 -0.698465511 0.472094060 0.038217220 0.176463935 0.802839660 1.159559725 1.451653698
5.510998707 -9.232678166 37.141515799 -0.462474535 -0.825257665 -0.218832586 -0.239122123 -1.101552321 -1.417202079 -1.034885076 0.107401558 -0.216270276 0.264804205 0.949640288 0.045795216 -1.154239222 -0.286165839 0.024879440 0.795665928 -0.792177537 -1.216340880 0.565861932 -1.503731500 0.876303334 0.576340430 1.331711864 -0.643889589
16.344072006 -13.169912667 28.491496710 -0.891314559 -0.203601557 -0.170999221 -0.367238383 -0.659923948 -1.154354471 1.017637691 -1.259579625 -0.305884049 0.315066141 -1.013640719 -0.147030536 0.589134903 0.427685347 0.480835120 0.015861554 0.606811635 -0.210567091 -1.354437972 -0.639508287 -1.422597553 -1.345863103 0.308338305 -0.129528534
3.344359877 -14.212867683 38.010779989 -0.416445333 -0.126803101 0.808160464 0.396700040 -1.423803796 0.285992042 1.173938975 0.509879633 -0.601927131 0.830896678 -0.443613816 -1.181086147 0.364625538 -1.150414121 0.505258136 1.280674805 -0.273790184 -0.381528807 -1.213902036 1.554480165 -0.254851140 0.251606040 0.029009613 0.474829970
12.406236271 -16.148975405 41.706553473 0.709423390 -0.390329261 -0.285092364 0.512917017 -0.558213222 -2.170159942 1.956919040 0.472292884 1.271979182 0.349881932 -0.334143121 -0.887929991 -0.033747988 1.563804011 1.232205234 0.696465987 -0.747984102 0.063556821 0.125509950 0.158275512 -1.289363805 0.276539931 0.670016589 0.103246653
3.450832299 -18.602856160 39.613428226 -0.139196464 -0.701213883 -0.358320384 -0.600441452 -0.179572993 -0.715854029 -1.546622268 -0.460345867 1.233272957 2.167213867 -0.780455588 -0.754513740 0.694339225 0.360692417 0.932713978 0.840565807 -0.000056667 1.236721694 -0.004367330 0.740950878 0.016101861 -1.089718053 -1.453542590 -1.668302367
9.214763961 -12.087664481 30.948785719 0.634151710 0.747920417 -0.105175445 -0.165543908 -1.482412314 -0.241361415 0.725738714 0.526413609 0.762332965 -0.660011251 -0.789915765 1.007278374 -0.284836399 0.401341783 -0.788678223 0.703549148 1.306568006 -0.341415953 1.295106959 -0.620411337 -0.419593742 0.454400789 -0.313859093 0.452867799
19.240998818 -19.585746099 38.511489148 0.505236515 -0.279817297 0.694385544 0.429263392 -2.033501414 -0.901717594 0.636300029 -1.471849199 -0.845303831 0.059021436 1.398175827 -1.283443057 0.790268926 -1.680402976 -1.242189313 1.573139411 1.413871165 -0.291148297 -0.082173364 0.525236028 0.081938369 0.803991673 -2.253533402 0.071907561
12.265859936 -14.709437927 26.469023185 -0.853964481 -0.273605641 -0.440268425 -0.045258501 0.330887469 0.630668315 2.180048403 0.357980432 1.109621006 -0.079548475 -0.325806148 -0.336495871 -0.897763776 0.336184052 -2.432745357 1.218719129 1.329936496 -1.443014434 -1.972194459 0.321526218 1.344494189 0.350267236 -0.411067779 0.776009867
16.967902334 -20.570733852 35.562649360 0.301412748 -0.147394538 -0.879990210 -0.336217840 0.000420394 -1.948573141 0.153926653 0.195091537 0.983672257 1.342840895 0.731905459 0.255659926 2.083383981 2.348843904 -0.577762756 -0.753520921 -0.028190904 0.498947684 0.473474893 -0.255806188 0.075037140 -0.033646953 -1.871118847 1.095763165
5.992832385 -17.966810178 41.365359168 0.352471788 0.673936574 0.143276104 -0.633281210 0.530229841 -0.851788247 -1.063072194 -1.431258073 -0.361460573 -0.329727620 -0.387238173 -0.044440603 -0.782921554 1.061919296 0.005749152 -0.900730244 0.604953732 -0.286997095 1.188343281 -1.354541722 1.242464867 0.269710196 -0.414938329 -0.235934732
10.104259953 -17.537961453 31.029144185 0.934747715 -0.116617635 -0.328944197 -0.066653970 0.673146593 -0.245751183 -1.488626706 0.162980912 0.678989687 0.249886370 0.667169046 0.370230146 0.669361229 1.171262843 -2.395293553 -0.689338809 0.666846139 1.567054227 1.466678959 0.757612780 -0.777949997 0.666994956 -1.114052769 0.404246985
5.262047620 -15.205912671 33.413280496 -0.395453037 -0.677533200 -0.072001842 -0.615939440 -1.229190578 0.574193311 -0.774605631 1.044922518 -0.359003770 0.942258738 -1.410597666 0.177471512 -0.919037398 -0.294796159 0.239012633 -0.493612291 1.850332147 -1.179891653 -0.034935400 -1.471230981 0.347041050 -1.148395659 -0.850235643 -0.902269169
13.595873343 -18.395104210 35.892136140 0.144206077 0.950949062 0.042628724 0.270339196 -1.070388388 1.201439682 -0.087993253 0.112440595 -1.232106206 -0.847668148 0.323191796 -1.807685901 0.873707014 0.694622678 0.979266889 0.297904242 1.389280073 0.947679588 0.680507148 -0.297123691 -0.835891541 -1.049477025 1.203324674 0.766225381
14.284927040 -15.936707695 40.260483257 0.884879618 -0.089890913 -0.456491809 0.022867323 -0.366820206 -0.577120396 -0.537525857 -0.123350641 1.329061769 0.963446398 -0.217813635 0.381250463 1.473532602 -1.176249071 1.342966920 1.500075259 1.653588346 -1.574293877 1.504878841 -0.080458541 -0.889498017 0.641236127 1.627485796 -0.207223026
2.861207911 -20.433430931 33.119400864 -0.357683050 -0.544391043 0.231943582 -0.722428822 -0.286336309 -1.034230750 0.572920218 -0.365763959 -0.301165702 -1.290367814 0.183816739 -0.750603955 1.587836845 -0.900932587 -1.390703386 0.322641631 0.533671537 0.525783787 2.964190860 1.197462423 0.296892215 -0.331551199 0.511844754 -0.253928640
2.330544886 -12.550347346 31.665895026 -0.911624316 0.266742922 0.246626953 0.192261454 -1.288378629 -0.265795262 1.815268696 -1.156461024 -0.095437964 1.627629456 -0.070883846 0.450597756 -1.873948557 0.443947483 0.009668524 0.589782688 -1.120821765 -0.845178301 0.354276021 0.557068929 -2.033067104 1.020135411 -1.623652807 -2.159055105
14.176319428 -17.071810220 37.459851756 0.885759339 -0.059647435 -0.211843389 -0.408650162 1.700974635 1.937627561 -0.390499235 -1.242597164 -0.175981071 -0.571976197 -1.244513141 -0.439810797 -0.345522242 -0.791854282 0.160166346 0.309979450 0.201246528 -1.137863387 1.410645641 0.178255720 -1.714934750 -1.376241790 0.189622600 -1.507020779
7.922477537 -8.651085791 34.091486395 -0.018898567 -0.932646574 0.292460312 0.210428560 -0.515076760 0.058718505 0.755288338 0.785598780 0.489847458 -1.816762318 -1.191633790 -0.897288709 -0.935563622 1.440167533 1.262398495 -0.955607237 -0.164679796 -1.158365619 0.267428647 0.900973196 -0.681339671 1.114702436 -0.532766913 1.106061301
12.197865271 -9.664140863 33.773544228 -0.141140397 0.314026807 -0.643290872 0.683844578 1.534992971 0.882421860 -0.003905768 -1.693356741 0.962816025 0.329045942 -0.690417573 -0.547247582 -1.223067144 2.174971294 -0.456392556 0.314935904 -0.024913300 -1.059293989 1.507305796 0.922375759 -0.072129306 0.858497231 -0.991665664 -0.764190140
10.519890003 -11.051032067 31.102379806 0.078839802 -0.492814070 -0.209806879 0.840773246 1.178374529 -1.442637670 -0.871062966 2.444065974 0.723105721 -0.343249127 -1.042295383 0.163847532 0.195930701 0.183313982 -0.580012427 -0.519867882 -0.138558422 -2.436758066 -0.398450585 -0.067962538 0.264227326 1.063241404 0.329849205 -0.885839945
16.764696002 -18.693045671 27.209727952 0.199074304 0.873083178 -0.275026516 -0.349936567 -1.289801975 -0.225315829 -0.212474764 -0.068885091 -1.970698434 -0.024720559 -1.207208533 0.727263109 -0.728394435 -1.121874369 -0.516891003 1.479417859 0.102619077 0.319856595 -0.974033248 -0.904585202 2.016215134 1.089023631 -0.795192960 -1.038954451
10.658008184 -16.051738075 28.221969730 -0.162168360 0.700433728 0.282390758 -0.635098004 -1.898331458 -0.478217100 -1.022872040 0.679315852 0.275747061 -0.863124723 -1.056302641 1.039179851 -1.822961288 -0.169157450 1.464814085 2.011105205 0.776581075 0.310993589 -1.300646491 -1.414385597 0.450606123 -0.033464794 -0.737380186 -1.354973775
5.997496090 -12.871827996 35.622349147 -0.857308209 0.444091940 0.168897262 -0.198188544 2.696464873 -0.039467785 -1.434725016 0.839670740 1.061957694 -0.202719237 -1.677231171 -1.525183327 0.638484824 0.932560715 1.053813621 -0.745281247 2.739350288 0.126726496 -0.318227862 -0.054456697 0.976464064 -0.998816511 -0.684416895 -0.294380493
8.572383447 -18.475294476 34.938621080 -0.482537760 -0.723528950 0.493389354 0.015169517 -0.303592101 0.099560233 0.657349981 -1.069291429 0.112318432 -0.619458578 2.611171448 1.080255176 1.197069673 -0.229880216 -0.210348052 -0.248888919 1.667749285 -1.189939408 -0.458416871 -2.563671692 0.747033391 -0.711437528 0.207889286 0.706430221
15.024877004 -22.675595129 29.358866835 0.070890021 -0.940166841 -0.192182749 -0.272262204 0.328337015 -0.616060306 0.615727582 -2.157453174 -1.018446643 -0.698128998 1.131569197 0.389648923 -1.954811083 -0.875301510 1.771191074 1.530413553 0.157097335 -0.837735944 -0.505106904 0.907551537 -1.194309667 -0.325192059 -0.533978260 0.690275037
2.390631191 -20.179654889 32.751869411 -0.562103287 -0.362210890 -0.162517894 -0.725555718 -0.732160199 0.268622237 -0.896302561 1.003114873 0.873008097 0.587325683 -1.320001107 -0.281202677 0.808343077 0.106353960 -1.615946774 -0.464461507 -0.708852639 0.161042735 -1.312756026 1.302719364 -0.794932569 -0.959675407 0.267214592 -1.657528633
13.905523985 -7.261991245 35.113445847 -0.312512677 -0.633078576 0.097614989 -0.701440416 -1.548902472 0.964462097 -0.652894206 -1.125044724 0.629018256 0.979233751 -0.735318407 -0.005976419 0.770135826 0.805244469 0.619640221 0.395076935 0.326004173 -0.149439410 0.862606039 1.624127627 -0.615577215 -0.913775072 -1.086803202 -1.353870544
14.339771941 -24.710048070 34.494366597 0.087943538 0.866698803 -0.248338247 0.423588520 0.029185167 0.823547005 -0.847948620 -1.675577037 1.699467303 0.838602448 0.600877435 0.719264985 1.750870468 0.894021495 -1.115883140 -0.302349585 -0.547177024 0.282119182 1.541517374 3.040985300 -1.662124600 1.281889379 1.078697906 -0.245010448
10.930525215 -19.338995456 32.345690072 0.764864060 0.046556020 -0.180017507 -0.616773219 0.855810886 -1.493815050 -0.084638529 1.022188157 3.028100588 -0.187699846 -0.157682919 1.095438836 0.909561823 -0.160778564 1.169782833 -0.515245175 1.114914288 0.078988480 0.746709896 0.710418532 -0.251260619 1.682525967 0.021903822 -0.735759313
10.706754814 -16.757495604 38.175135648 -0.128850470 -0.399386666 -0.889222177 -0.182131180 -0.200818369 -0.314960814 -0.373917839 2.404486415 0.045107169 -0.103350040 0.144056849 -0.510495122 1.251127749 0.043604817 0.952706650 -0.595110954 -0.422938373 0.408372715 1.365348282 -0.964823130 -0.335239933 0.796516292 1.288531925 0.731618542
16.846233828 -23.043610950 32.802783652 -0.410773683 0.268108714 -0.008722425 -0.871382016 -0.254710035 1.128163285 -0.220739959 -1.735253618 0.070932505 -1.248124211 -0.582171613 -0.014540074 -0.879097360 -0.157809243 0.621550267 -0.106133782 0.796294189 -0.408271974 0.045050422 0.422561762 0.075579712 0.683094237 -0.012836491 0.643059335
5.083282949 -12.173421653 35.987963261 0.371041688 -0.904242267 0.032513660 -0.208846477 1.028636841 0.813459408 0.371292483 -0.167537800 -0.494289031 1.252933199 1.009970975 -1.477950278 -0.564603099 -0.275183047 0.906765761 0.040057292 1.159019072 0.647990348 -0.072697554 -1.082011225 0.548290244 0.529270012 0.351482385 -0.217436194
8.786178424 -10.052081408 35.437036792 -0.286424292 -0.721765919 0.358726361 0.518006255 -0.926309295 1.877621979 1.320309124 0.075208733 -0.905781162 -0.920983855 -1.436286057 -0.081812411 -0.133030987 -0.797337037 1.282572630 -1.862376160 -0.264013363 0.393617199 1.055221973 -0.249736114 2.057623639 -0.217966943 -0.070294732 -1.405458789
13.603364243 -22.863872713 38.830434228 0.514857654 -0.191057063 -0.672427592 0.496245834 -0.193179450 0.057624930 -0.742275200 -0.951294516 1.184308771 -1.326919059 0.318744159 0.653775272 1.007099246 -0.296346094 -0.095280225 1.963331963 1.166775120 -1.271668559 -1.635937694 -0.713289859 2.270212595 0.619492119 1.625672319 -0.268378300
4.601833670 -17.664514305 29.560864132 -0.114887691 0.632833162 0.614694916 0.456588620 -0.221296883 -0.490825876 -0.077830646 0.249013598 -0.704552403 -0.200271738 0.654684026 1.243378888 1.275503304 -1.102479218 -1.649282904 -0.493078293 -1.424318759 0.575774970 -1.046477974 0.656167634 -0.440516241 1.299200575 0.820469353 0.573465446
11.977045118 -21.800453184 39.244599326 -0.808566714 0.112021536 0.111623201 0.566755066 -0.478148918 -0.004084176 0.386338791 -0.488615388 -0.345700152 1.483622273 0.004065235 1.284371587 0.812995842 -1.069894384 1.655065719 -2.646686207 0.065423100 -0.968284400 -0.013695208 -0.688736212 0.411410607 -0.887385781 -0.232767203 -1.780334183
12.857408409 -21.559334958 26.659575307 -0.708139016 -0.178917629 0.022823464 -0.682646838 -0.062433141 1.223648572 -0.348186679 0.328090216 -1.615959404 -1.110993562 -0.570426287 0.084344783 -0.590199928 -0.259893816 0.558819088 1.436126378 1.320886298 -1.486523304 2.224370227 -1.925612260 -0.379815781 0.246468338 0.077359016 0.020322911
15.893547002 -14.936971277 41.948493829 0.786030128 -0.376645920 0.085563694 -0.482673122 -0.834094438 -0.974849425 0.322244006 -1.123786209 -0.612686483 0.692870264 1.568894925 -0.442125323 1.024611064 0.988559225 0.052322388 -0.044569148 -0.080932122 -1.172381226 -0.007973307 -0.026277617 1.370838468 0.634559425 -0.244396884 -0.033505779
13.129383226 -11.037622675 30.732619234 0.624437977 -0.405709903 0.247984173 0.619661631 1.720475871 0.742115059 0.924463757 -0.637833142 -1.099009439 1.683228804 0.533234410 -2.792715399 -0.700475598 0.599853730 1.886759329 0.506702192 0.825864637 1.236315219 -0.178533173 0.325419220 -2.215712388 0.402073208 0.622195335 -2.447394632
13.257394573 -23.165897198 28.006255821 0.365700202 -0.211065849 0.411099207 -0.807905942 1.449032109 -0.641993385 0.354044557 -0.273986165 0.430959454 0.289352906 0.038714719 -0.177240582 0.643471896 -0.465888158 -0.602869982 0.551070117 -0.199762001 0.284898372 0.038252727 0.333033031 -0.326890241 0.980334288 -0.685081347 -1.532933896
12.537775269 -19.685482651 33.578607017 0.424963160 -0.724676743 -0.534473608 0.092670881 1.558576476 -0.231292441 -1.010122393 0.608378356 -1.265073014 0.527139445 -0.643129846 0.823741069 -0.350755887 -2.181662719 0.309766014 -0.715244974 0.031318160 -0.482102090 -0.713335931 0.468110955 0.534382172 1.544159126 1.117117865 1.914589774
3.685492231 -12.428753145 32.917677864 -0.039429576 -0.757046262 0.138954855 -0.637195271 -0.138129643 0.721636815 -1.760071729 -0.147032964 0.427689327 1.046084771 -0.064433013 -1.886880457 0.236023970 -1.864510728 -2.745825391 0.581867845 -0.058321005 -0.996754420 -1.102498425 0.819279891 0.101673190 -0.865350981 0.244786166 -2.273719359
7.880479675 -23.925420463 28.605541880 -0.672355324 -0.577222928 -0.442403755 0.137952628 -1.089431794 0.077740863 -0.613309027 0.468531007 -0.608146800 0.299038217 0.899417086 0.377097714 -0.263581910 -0.992849072 -0.639351871 1.564756696 -0.371987320 1.440563855 0.986113304 -1.680442945 0.568236630 -2.599574988 -1.999494806 -0.385993950
19.836989926 -13.562196391 32.636606614 0.100341173 -0.731981796 -0.673826319 0.009612051 0.081528401 -0.157278635 0.209718685 -0.065726714 -0.260819226 -2.067005987 -0.759382500 -1.476019366 1.120105777 0.116149808 -1.431466432 0.006758199 0.584341670 -0.025381329 -0.578362499 -0.428852275 -1.585352836 0.239019298 -0.176306254 1.427539909
15.792879391 -15.336721324 37.980614844 -0.432688836 -0.376963943 0.284711525 0.767865812 0.080071573 1.989676009 0.072928502 -1.819316957 0.220582287 -0.659263907 0.163981465 0.138584951 -0.649733704 2.106238620 0.665587768 -0.609972101 1.340962745 0.957216618 -1.599381142 -0.901638100 0.806983452 0.676827714 -1.572687545 0.555053777
6.187059465 -21.538151018 38.684029554 0.015415075 0.343374168 0.897215791 -0.277237048 2.322874247 1.497151891 -0.490329991 -2.046618337 -1.734437603 -0.365168091 0.619652313 -0.905313304 -0.268980199 -1.059671578 -0.271743466 -0.407504473 0.622517611 -1.918405903 -0.735694662 1.162926916 1.245867636 -1.312549311 0.844823040 0.078639428
