-10.762213244 -57.350271369 -12.889991401 0.674147952 0.647362610 -0.144029030 0.325118176 -0.037630583 -2.418045185 0.381326692 0.209590277 -0.965987811 0.489684437 0.577812902 1.006075786 0.335919068 -0.874118325 -0.637419231 0.636679659 0.900242858 0.883795521 1.930168692 -1.436122659 -0.969361933 -0.552925346 -0.147415959 -1.403779916
-1.421667312 -60.540862908 -10.238045791 0.610733693 -0.482915487 0.029096963 0.626857524 0.652929719 1.166725758 -0.797566249 0.055309909 0.415200018 -2.413054880 1.052464944 -1.289155971 0.080702274 1.545330360 -0.011281661 0.806006668 0.297651887 -0.897436577 -0.606656438 -1.163171095 -0.475968302 0.678214513 -0.656752049 1.169638276
-11.095533004 -55.604609781 -12.757314559 -0.582381479 -0.538762010 0.539082576 0.282767193 0.991179181 -0.604350649 -0.725226116 -0.737730044 -0.000007479 0.148257439 -1.138408850 -0.090219482 0.278239852 -2.448595827 0.512272836 0.762873417 0.104374326 0.416086889 1.736471733 1.054713155 -1.454758224 1.430170692 0.270657981 0.188955639
-0.132374180 -46.043193954 -14.061246733 0.394307011 0.599626086 -0.412305493 0.561226084 0.165126229 0.375155743 0.441964232 -0.235007823 -0.137165486 -1.996464329 -0.660567640 0.714732726 -0.243401272 0.103072738 0.124475162 -1.381605114 -0.580465010 0.007184510 -0.793818273 0.760019468 -0.793318915 0.671923256 0.581586017 0.670171078
2.236422945 -45.971281125 -15.079607936 -0.379906417 -0.760928641 -0.414881746 -0.323313862 -0.519881860 0.566864389 -0.395733961 0.382984568 0.116233570 0.777882582 0.558574697 0.398407901 0.172236738 0.064397871 1.218797065 1.341836116 -0.802633280 2.072723903 1.402258084 -0.167031613 -0.277242166 -0.485756523 1.210277986 0.958904001
0.133260104 -56.626734263 -19.094017061 -0.647649376 -0.215590062 -0.406881678 0.607057255 -0.132672667 0.045820449 1.314296777 1.605482333 -0.788008221 0.479005212 -0.661356380 -0.432409872 0.697250160 0.444175023 0.102073554 0.979711181 -0.170175799 -1.302074667 1.607169835 -1.083170680 0.566322949 0.315600217 -0.051306278 -2.112466301
1.044500846 -62.529093304 -11.764687069 -0.731566550 0.232170762 0.268559401 0.582050658 0.068598890 1.708632809 0.052287206 0.329984632 -1.738941630 -0.053966175 1.085007194 0.111543682 -0.495711287 -1.855073153 -0.519403588 -2.241185098 -0.489072943 0.697121988 -0.658646063 -1.729973309 -0.746087663 -0.253307732 -2.060438691 0.948661267
0.133935594 -47.840108557 -18.602128863 0.320399690 -0.320134452 0.883790425 0.117356106 0.877313206 0.906573546 -0.912023649 -0.115687663 2.000873322 -1.037936509 -0.158270785 -2.065701205 -0.301623984 0.965714764 1.175935045 -0.421335007 0.135982591 0.249888073 -0.352406371 -1.165469434 0.703962534 -0.817510674 0.559929940 1.221937134
-7.249793658 -48.619740778 -8.119831129 0.643775421 -0.468866793 0.432916334 -0.422256541 0.766129094 0.535977778 -0.479071125 -0.399657019 -0.587069039 0.277587431 1.777013267 -0.388023614 0.163086826 -0.142317339 0.361055253 0.718072106 0.188588533 -0.147115364 1.518190903 -0.419087437 -0.737065192 0.123156473 1.573565181 0.850806865
-1.823292497 -54.652765512 -15.644985518 -0.488804180 0.069327626 -0.831064059 0.256118496 0.934760742 0.302647659 -0.274278837 0.387940185 1.270995422 0.754307445 0.038893977 -0.582429417 -1.777401073 0.055222707 -0.733490542 -0.096649200 -1.851240640 0.460872372 -1.139086367 0.426793436 0.411000372 -0.101799815 0.676932812 0.233879279
-1.184342728 -56.783020529 -8.459167107 0.002315417 0.427796754 -0.109434751 -0.897222721 0.557753079 0.325395396 0.290235690 0.110174245 0.655316559 0.047070259 -0.151070220 0.157212803 -0.859689144 1.682245234 2.115026165 0.337468025 0.092995685 0.687661907 0.107626822 0.785407663 -0.468169341 0.471084131 1.629921872 1.287713978
3.087640859 -58.823385555 -17.007028111 0.526638682 -0.395982944 -0.723945140 -0.204334632 -0.355568007 0.740374539 0.154533264 -1.299433006 -0.016864609 1.082354322 0.144879870 -0.373481562 0.197291802 0.696701177 -1.475564718 -0.432932110 -1.522786046 -0.993890893 -1.235707723 0.519031507 1.048615385 -1.060631755 0.222095174 0.802398990
-6.482567266 -63.378236726 -12.703056435 0.067755429 -0.045791849 0.369945316 0.925447336 0.378794919 -0.253988719 0.417619910 1.502374407 -1.136279762 0.328485562 -0.005836027 -1.455079763 1.352507232 0.068668211 -0.423871718 -1.896437783 1.266198854 -0.663286456 -0.501278917 1.600224345 0.784707353 -1.612516302 0.114860256 -1.398994224
2.247406459 -50.536952086 -17.405750680 -0.240582855 -0.247224282 0.461642550 0.817243049 0.866355712 -0.688581112 0.634823618 0.230683091 1.775251733 -2.189864240 -1.563536218 -1.075113714 0.044520696 1.367602076 -1.355441080 -0.155831933 -0.085008211 0.355923133 -0.781413237 0.987753256 0.141028536 -0.501586774 -0.489027428 0.861241070
-3.491931980 -53.241472382 -3.311389130 -0.653305496 0.648826122 0.389331064 -0.025256963 0.564899353 1.566970230 -0.401461964 0.170903302 0.435280235 0.052403612 0.545739757 0.125922753 -0.993117614 -0.610883344 0.712035815 1.160857671 -0.348210970 -0.703500320 0.224946783 0.649701318 -1.386314044 -1.925361986 0.148394618 1.543196958
4.750331340 -55.742854363 -8.731474696 0.194239197 0.050030995 -0.202277901 -0.958567517 1.610887368 1.376835093 0.541339768 0.130520863 -0.764893681 -0.548879650 -0.323629249 1.265763681 0.470986700 -0.030029864 -0.740678514 1.393284565 -1.507438567 -0.420851251 0.543108167 -0.840022081 0.158749674 -1.482926991 0.892061642 0.988952815
-9.839864345 -58.361648103 -15.763212851 0.495407292 0.349892557 -0.679750731 -0.412414545 0.726467233 0.101498130 0.107855543 0.820658184 0.651170606 1.386180795 -1.953272758 -0.019050636 -0.950090519 -0.459818847 0.743665272 1.757800191 0.235086321 -0.680452073 0.775527967 0.035541592 -2.246843380 -0.288922064 0.349650308 -0.447132376
-1.953362220 -49.543225155 -13.996348506 0.453196002 0.008130643 0.750577115 -0.480813135 0.273625428 1.028040407 0.959131948 -1.485431128 0.323204107 0.871000650 0.451365060 -0.831433473 2.061926995 1.572022640 0.212623654 0.471378059 -1.226303703 1.163777999 0.459993553 -0.639012646 -1.401258206 1.369688140 2.200345475 -1.067751098
4.245391869 -54.875166809 -17.344195105 -0.263333810 -0.834885271 -0.408411716 -0.258499050 0.785657616 1.432706163 0.063602517 1.931594239 0.236741058 -0.054803426 -2.958674959 1.862046748 0.823127705 -0.680194458 0.070618685 -0.475850205 -2.118619368 0.046549587 0.548913917 0.053682183 1.339335626 0.324104014 0.073804779 -0.542830948
3.091137035 -57.867748487 -9.091337204 0.102821994 0.802462300 0.576171428 -0.116225561 -1.968329064 -0.258429334 1.154288777 1.191747245 0.493263720 -0.339619832 0.418999503 1.430359305 0.521994932 0.966390363 -0.720574296 -2.809326106 -1.332808587 -1.164244963 0.516801078 0.568481062 -2.017045294 0.135914592 -1.444003947 -1.246029154
3.736152763 -47.999767117 -13.093904742 0.315291873 -0.656996284 -0.619049678 -0.292787319 1.028614813 1.180022497 1.551675076 -0.227211958 -0.281454483 0.903937002 -1.871717624 0.386428908 1.494795698 -0.845613414 0.187715117 -0.500806409 -0.021916847 -0.637906286 0.065713456 0.903899439 0.931931028 -1.444252207 -0.112710733 0.781503474
3.652421433 -57.538355827 -14.416461163 0.387492983 0.776085539 0.482557195 -0.121156832 1.288661485 0.080112040 0.686157517 -0.030809923 0.379192833 2.198664111 0.601903735 -0.029688934 -0.354126431 -0.972233023 -0.104126906 1.254307278 -0.278637172 0.841910493 1.412968438 0.319261247 0.114096917 1.094496035 -0.304019535 -0.712776275
-0.608234813 -46.900993079 -18.209113439 -0.793305856 0.522836597 0.128724107 0.284144004 -0.484780173 1.003846634 0.216952325 0.976743858 -0.096435989 -1.888978232 -0.959668037 0.928586569 1.313495341 -1.078598316 -0.127750285 -0.014363911 -0.603245570 -0.696442064 0.278994228 0.413771169 2.754734316 -0.673743918 0.184204164 1.307930084
-4.002677108 -53.491951356 -14.461966432 -0.728596288 0.223545749 0.567293127 0.312014833 -1.632077478 -0.317114205 -0.321797489 0.424217266 0.196325846 -0.566724818 0.507875474 -0.893313473 -0.132226019 0.292800693 -0.725891342 -0.837684435 -0.830675141 0.802803230 -0.698581389 0.847435893 -0.112074636 -0.520378693 1.436016206 -0.257855436
-8.121978311 -51.331667959 -10.933583239 -0.099655481 -0.381128756 -0.145536339 0.907539988 -0.388601421 -0.115398529 -0.617828094 -0.885011554 -1.245594005 0.884994780 -0.309010144 1.499116361 0.656003974 1.659022830 -1.520963096 0.772480555 -0.579979754 2.178547696 0.801949869 -1.608731605 -0.955478407 -1.203675030 0.122233635 0.516471305
-4.354097752 -55.297219652 -10.640244547 0.516097671 -0.479709945 0.076162990 0.705493275 -2.202122627 0.053144583 0.061678961 0.084480886 -0.639817533 1.123899817 -1.090990213 -0.051642021 -0.771898628 0.072892292 0.295132949 -0.575955802 -1.238654540 -3.015931630 2.134090975 1.147532212 0.632063151 -1.584189777 0.164150358 0.332576947
3.005136030 -59.796249052 -18.835994720 -0.156022724 0.207244189 -0.932647324 0.250750324 0.431577823 -0.449071063 -0.934892912 -0.577075927 -0.752141393 -0.296274873 0.002434429 0.348256671 1.438003076 -1.131081546 1.512682017 -0.257545783 -1.133984887 -1.955131371 -1.013404151 0.302649736 0.639128840 -0.857896076 1.144930646 -1.266837297
-0.297837219 -47.160492799 -16.857824939 -0.011207070 0.568302020 0.533634762 -0.626211750 -0.410086077 -0.091224616 -0.554567985 1.237183870 -0.216883287 -0.084704874 0.004449949 0.254847043 0.956946501 0.379859906 0.053723460 0.626766247 0.047838785 -0.406989262 0.389027172 -0.493219700 -0.429425318 1.823209305 1.138531217 -1.310134890
-3.558741516 -53.012166142 -6.249208209 -0.592624104 0.113261164 0.624985206 -0.495340359 -0.528140292 -0.558303368 0.175065918 -0.899128334 -0.042886037 0.007999834 -0.110205049 0.510472467 -0.153746550 -0.005590880 -1.133564136 0.605669765 -1.587159996 -1.198574233 -0.728959896 2.412473237 -1.457203484 -1.313318126 0.889645737 -1.138732736
-4.972571109 -55.504963157 -18.470743823 -0.186193219 0.776326917 -0.552189034 -0.240282903 -1.324580157 -0.208213439 -1.254186911 0.243496142 0.129585024 1.549561641 -0.980802907 0.551816208 -0.431588067 0.143411551 1.334714632 -0.894430934 -1.693769549 -0.155425150 1.371750673 -0.015191666 -0.295251749 0.917024353 0.364957354 -1.664930651
-2.735179278 -52.080616604 -2.874937055 0.122915047 0.607494413 0.680031663 0.391662311 1.496530424 0.495702792 1.216663569 -1.430261694 -0.793893467 -1.369095634 -1.099190168 -0.153630391 0.875207261 0.312843726 -0.645573097 0.003016875 -0.189426155 -0.065524715 -0.189709054 -0.941462861 1.050457274 -1.237508803 0.991136181 -1.444555418
-3.943606535 -51.477386780 -6.785371689 -0.797320696 -0.154340343 0.507140429 -0.288560829 0.057554178 -1.478204829 0.430654234 -0.057608151 -0.033031361 1.010011223 1.148419449 -0.423511025 0.086146887 1.667999995 -2.330518763 0.009251785 0.694953237 0.207581713 0.131778724 1.604267914 -1.978912942 0.416274055 0.569976483 -1.871568352
-2.508122045 -58.284527477 -9.073358526 0.048276195 -0.234624560 0.854197908 -0.461483108 -1.292136883 0.578852952 -0.198667399 1.348922064 0.569205094 0.169118833 0.019927284 -0.581692444 1.343609720 -0.090681162 2.089337004 -0.949655763 -0.781960176 1.044200456 -0.843729756 0.427916893 0.446646627 -0.347407002 -0.282730388 -0.562102396
5.132341288 -53.886964884 -15.674950776 -0.265759496 -0.674989371 -0.007036345 -0.688267193 -1.264764630 -1.383418381 0.806042333 0.871199378 0.134524615 -0.991686511 1.007580107 -1.630437900 -0.462623774 -0.757310444 -0.441128708 0.836403158 -2.591276721 -0.220417839 0.601401562 -0.514483651 1.179500753 0.907764865 0.971247034 -0.967243160
7.007736515 -50.148644864 -12.737017763 0.493443387 -0.608322561 -0.608925055 -0.125170139 -0.564506401 -0.110445680 0.213658550 0.609080331 1.215437143 -0.408920260 1.059446715 -0.796257506 0.036165248 0.185188395 -2.341535021 -0.202378353 1.849977532 -0.920895856 0.701090217 0.392076639 1.731800683 -1.236875495 -1.012590148 0.865912817
-8.799705723 -57.074098871 -10.120143794 -0.555138553 0.115886536 0.069724680 -0.820688715 -2.155245770 1.774180608 -0.585096325 0.336469468 -0.272458741 0.848001572 -1.783740540 -0.051216183 1.163244380 0.188020780 -1.444663825 0.341232141 0.411945724 -2.010229108 -0.675363934 -1.188417596 -0.354284862 0.689915995 0.829733039 1.160196377
-3.111930996 -52.339362661 -16.669458921 -0.114168459 -0.680540596 -0.620302717 -0.372900254 -0.553841147 -0.287981738 -0.598405719 0.660297880 -0.513921563 -0.216287053 -1.928218318 -0.028768522 0.167382074 -0.321773175 0.376347592 -0.752185837 -1.439299522 -1.481862147 0.003592833 0.541529400 -0.627840793 -0.022865397 -0.426389729 0.653069835
-3.652478746 -55.790800747 -21.491486777 0.126090890 -0.860580713 -0.487320318 -0.077594014 -1.687273216 -1.440485615 -0.490473197 0.148677860 1.413695999 0.073029923 0.369779539 -0.061948012 0.098334469 0.012613909 0.099328631 -2.781914837 -0.491213693 0.185445087 0.623113979 -0.310211349 -0.791559060 -0.063552694 -0.281518432 -1.697280715
2.323714397 -57.778214361 -20.972583537 0.562109027 -0.204329917 0.144722108 0.788250111 -0.744469247 -1.233956438 0.041985979 -0.758160740 0.695560355 -1.680053935 -2.256610042 -0.891366321 -0.511415627 0.242902731 -1.514879009 -0.688699776 -1.031691054 -0.666790672 -0.669600254 -1.291506289 0.147483009 -1.329162291 -1.123951106 0.512423514
4.530863375 -49.650076160 -8.621940459 0.743064248 -0.028022748 0.484611801 -0.460675212 -1.715832590 -0.958806154 -0.556228434 -1.282103429 -1.183746371 -0.118193006 -0.005419178 -1.765288737 0.210585910 -0.425906764 -1.585026682 0.990237136 0.989975911 -0.685090469 -0.687434835 0.556507781 1.078746861 -0.257431718 0.930051462 -0.748413019
-4.805534588 -55.256754260 -14.059578861 -0.573465782 -0.463212211 -0.670744003 -0.081694100 1.471286449 0.376444180 0.282578993 -0.859797539 -0.294868328 -2.188630223 -0.869859499 0.099335867 0.701329265 -0.335375200 0.435650714 -0.554578600 1.029294035 -0.877873475 -0.724287976 -1.164948538 0.048587482 -0.412878682 0.382201569 -2.514586566
-2.833720567 -62.720023447 -10.058733187 0.095322487 0.023387805 0.968057205 -0.230720355 -0.019290180 0.583920645 -0.421774513 -1.341029666 0.085261887 0.551200782 0.728715765 1.197488279 0.234617840 0.023765485 -0.870096554 1.188288949 -1.048208818 1.193851907 -1.187849042 -0.332347424 1.990186317 2.969529444 1.110874095 -0.189345728
-0.720488296 -53.213735636 -7.687240650 -0.929569124 -0.281515114 0.168345053 0.168257029 0.516723324 -0.656013015 0.809396202 1.349806767 -1.191174921 -1.006753056 0.246290969 0.196246989 1.486090940 -0.896678334 -0.659681688 -0.157581788 -0.775422750 0.759744608 0.902242331 -0.676866601 1.345589756 -1.332177381 -1.363241121 1.546978872
-6.887399355 -52.691455587 -18.778902130 0.812386339 -0.062612089 -0.576303793 -0.063103885 1.102870564 -0.915458224 0.527251141 1.539409660 -0.331935055 -0.583965234 0.737196298 0.311342855 1.080501230 -0.761177210 1.158378519 -0.121219562 0.040688106 0.151036479 -1.307559541 0.350208966 -0.308434866 -0.731509578 0.483405359 0.063404685
-7.072283319 -59.157455283 -10.646640244 0.406424639 -0.473437679 -0.732600067 -0.271979630 -0.391400296 -0.962530850 -1.243021882 0.273851269 -0.515081428 -0.281603076 -0.219362737 -0.270659286 -1.243032151 -1.143609108 -0.748632455 0.797301043 -1.526403548 -0.266754207 0.116457747 0.902663814 -0.693999390 0.099990589 -1.275489095 0.488606066
-7.132000019 -57.079672142 -4.872758815 -0.612804773 0.188251268 -0.731333490 -0.232772627 0.601327779 -0.056180810 -0.826319882 0.774718191 -0.568088864 -0.757899963 -0.691648070 -0.613064814 1.324628275 -1.506554098 1.055944030 0.057565598 -0.248536116 -0.115206948 -0.818604756 -1.878093400 -0.205318935 -0.729651529 0.395322841 -0.311309657
2.403055296 -56.233421006 -12.319145464 0.413095896 -0.740863568 0.331336704 0.413145184 1.263081371 0.928254286 0.297296924 -0.171328673 0.330667622 0.292816617 0.951704029 0.276627254 -0.108782372 0.130079553 -0.463811555 0.485535767 -0.414487776 -0.474343316 -0.555518476 -0.022819560 1.561483931 -0.456183722 -1.448275368 -1.355084028
6.023672047 -55.554699039 -10.723199268 0.492410077 0.258080565 0.585607283 -0.589907491 0.113438476 0.275312772 0.980237494 -1.784679018 0.291253108 -1.392354204 0.392699873 2.191491601 -1.179629671 0.838665977 -1.196517790 -1.434021394 -1.390094884 0.374204984 0.439014464 0.212652689 -0.532542879 -0.357154613 -0.200469835 -0.275938598
0.418063440 -49.047644591 -6.485221095 -0.545654508 0.715503051 -0.321846891 0.294501478 -0.089790117 1.322129606 0.535857083 -0.465562090 -1.165823622 -1.065455808 0.944809307 0.269843222 0.141007998 -0.116040335 -0.071630396 1.266202396 0.140290460 0.724291431 -1.084961012 1.899256878 -0.904800743 -0.381939440 0.531119366 0.755775050
1.601202028 -53.432967896 -15.371555693 0.923692617 0.355905681 -0.081203879 0.116314334 0.892213345 1.210717665 1.960347304 -1.184102150 -0.573152310 -1.700001898 -0.424228252 0.593610394 0.501684030 -2.054689483 1.450985996 -2.049420633 -0.275795709 0.066213736 -0.915936515 -0.035947046 -0.707325671 -1.488508872 1.035816126 -0.907516426
3.225128314 -52.349868997 -17.921751678 -0.348647739 -0.280684241 -0.262592171 -0.854813701 -0.579527733 -1.180409736 0.593657556 1.669909667 0.315299303 0.365589757 0.184316863 -1.690679216 -0.982330429 -2.669767607 1.029973735 0.385929960 0.464711237 -0.151234748 -0.173670073 -1.955815720 -0.640013376 -0.362165952 0.514937405 -0.037367749
-1.567240257 -53.874419618 -7.846904230 0.118848151 0.177772276 0.466982246 0.858020814 0.234679596 0.150215557 1.055977254 0.117383088 -1.085687084 -0.487474833 -1.823359183 0.232860530 -0.554256504 1.043517514 -0.404970297 1.590181478 0.763111612 -0.757716934 1.085478655 -0.333837993 -0.152833950 0.702284060 -0.872552125 0.050085928
-0.759122857 -62.026138170 -7.488975777 -0.351481687 0.660337129 0.258900108 -0.611053380 -1.889360365 0.815697396 -1.603212106 0.485335098 0.717139634 -0.784414909 1.749836405 -1.373711616 0.718724218 0.724895411 0.676199088 1.162482974 -0.472607625 -0.280420301 0.421793121 0.571369885 0.548184904 1.247245726 0.190551788 -0.143346274
-2.028070697 -54.797924422 -18.063769088 -0.055933077 -0.991606962 -0.000175145 0.116563687 1.387808726 0.287010586 0.117365656 1.252936489 0.141452925 0.397768998 -0.664087189 -0.713363628 0.680520035 -0.345857703 -0.952232902 0.396834549 -0.211843138 0.468545415 -1.399799452 -0.970144486 0.091321051 -1.772518661 -1.340767842 0.763064961
-0.964084169 -52.427881716 -16.457240689 -0.547294069 -0.689557727 -0.206765622 0.426880921 0.394756000 -0.615332646 -0.509573308 -1.321555508 -0.544364015 -0.290233643 0.183359104 0.494622215 -0.915649709 -1.139376358 -1.292256290 0.674004000 -0.060290380 -0.586489264 0.412069204 0.484785658 -0.751515873 -0.717624111 -0.492310281 -1.567133286
-0.316506255 -59.768576737 -19.701159297 0.187701345 0.168455733 -0.831513555 0.494950582 -0.555934476 -0.283836076 -0.398756923 0.390420649 0.036838537 -1.028086180 -0.496874092 -1.162239611 -0.282583218 1.128195581 -1.304682446 1.441208520 -0.470877326 -0.905347634 0.916061283 -0.898806248 -1.553341195 0.463549877 -0.400967173 0.674880911
-4.797549725 -56.198860752 -21.437957551 0.175382482 0.766685936 -0.157270908 0.597243269 1.218054485 -0.889023125 -0.095848576 -0.327436692 -0.141298074 0.540458498 0.327032511 0.293246928 -0.571775184 -0.026550559 1.029143106 -0.710310655 0.320707849 -0.907197537 1.001522791 0.893486244 0.770665482 -1.531539261 -1.296951064 -1.039831219
-8.420367745 -53.729172422 -17.909287884 0.078086807 0.023943405 -0.594840438 -0.799683698 -0.570992485 -0.530296634 0.979483104 -0.869387962 0.347308250 1.791767706 -0.637209739 -0.149035073 -0.637553163 0.672891599 -0.107474942 -0.215373243 -0.610514587 0.422526908 -1.346307320 -1.113415887 -0.329683807 -0.651329477 2.354356650 0.485140388
-2.380581316 -58.876199550 -16.664745116 -0.190206596 -0.599892737 0.373339423 -0.681592129 0.216018960 0.500594024 -1.440013595 -1.071300729 -0.358531746 1.211595656 -0.444595642 -1.907826865 -0.680180546 0.244287212 -2.174879442 -1.068958848 1.619823439 0.492325141 -0.633699451 -1.084381038 1.138054166 -2.997925012 2.726907700 -0.241701138
-4.905327902 -49.993997216 -19.236471083 -0.478313238 0.756582959 0.404745330 0.187029116 1.481073633 0.929283446 -0.836002938 -1.170968616 1.967998736 0.366771112 -0.111459575 -0.312528978 1.497502352 -0.440658624 0.135109344 -1.237209387 0.710594010 0.036964427 -0.225734326 -0.079589243 0.812845135 -0.293310236 -0.279966181 -1.265377023
3.507094111 -51.362052997 -15.682607730 -0.353611646 0.321240446 -0.501887885 0.721021449 -0.479052268 -0.503498222 -0.262562248 0.307739555 0.555088207 0.047406552 0.845993206 0.021560011 0.237163685 0.603042975 -0.563402640 -0.035664305 -0.563624602 1.798748707 -0.157976700 -0.845286142 -1.279619276 0.301452966 0.620402724 -1.435945562
-4.554516382 -63.685976394 -14.769510502 -0.079298526 -0.736390182 0.654783165 -0.150666022 1.159019593 -0.227429557 -0.488530340 -0.202499038 -1.275137709 -0.228736716 1.151325380 -0.563676318 0.918619475 0.110404474 0.348780967 -0.860210711 0.515640123 0.178873152 0.798424617 -1.706278994 1.112261312 1.822672418 -0.160455731 -1.300609840
-5.483890453 -54.452794884 -19.086167924 -0.152777453 -0.979668558 -0.078755268 0.103470647 1.979528877 -0.629806530 -2.620660340 -1.012380790 0.592375492 -0.796792890 0.446470295 -0.894153186 0.104900637 1.583388674 -0.651951297 1.800703237 -1.612419294 -0.631153587 -1.047127368 -0.265649686 0.816296294 -1.058729052 0.823079099 1.011354633
-8.938745799 -57.631779585 -16.797668962 0.782117079 -0.597643097 -0.033347973 -0.173215229 0.388563620 -1.756159233 0.956798241 1.650607696 -1.064465513 1.155934105 1.226185886 0.949120599 -0.804578077 2.627724522 -0.766281882 -0.606651753 0.286769257 0.956445902 1.654779180 -0.086066987 -0.520280280 1.471253038 1.586865789 -0.195283487
-0.596458835 -51.791262982 -11.088850989 -0.685574503 0.614980736 -0.272731912 -0.278215025 0.714751832 -0.708905540 -1.061685819 0.969243016 -1.615588115 0.306268964 -0.718541675 0.599842554 0.114639427 -0.194759191 -0.644065063 0.663250819 1.248742293 -0.078583882 0.529203430 -2.086334365 1.437946260 1.416332980 0.281453448 -1.440723460
1.549310909 -49.330720708 -19.363642751 0.047826057 0.369049224 -0.927816763 -0.025911266 0.392244743 -0.597328267 -0.333511181 -0.495572990 1.392280069 0.865876836 -0.002486472 -0.531493122 2.136608585 0.196717330 0.324177214 -0.155820396 -0.974026471 -0.690194834 0.925155829 0.026333720 1.328747359 0.219969589 0.806352987 0.426355584
-6.905268642 -54.780565088 -20.370542417 -0.358318640 0.037640436 -0.820872746 -0.443124006 0.906464857 -0.094232318 -0.206110314 -0.030671908 0.073320082 -0.055255968 2.461510647 0.532885922 -0.898898072 1.354484452 -0.425003141 0.166948144 0.009012496 0.088435787 1.803418035 -0.081599580 0.488355109 -0.225789758 -1.147756440 0.744058586
-3.454994838 -63.524816111 -10.608098438 0.440523326 -0.506417863 -0.466841142 -0.575794664 -0.458856763 0.596378170 -0.274242506 -0.787366801 0.066352587 -0.738557534 0.134875321 0.468886629 -0.356262342 0.281384072 0.277289839 1.053422395 -0.749466665 -1.406112618 -0.272419618 -0.481144004 0.696226940 1.040009242 0.802652021 -1.559097883
-0.493810182 -59.208208289 -12.668177576 0.422852992 -0.246378997 -0.208328253 0.846812893 -0.042714694 -0.927477677 0.522281447 -1.526097853 -1.918742621 -0.717630939 -0.975142951 0.570331873 -1.085886729 0.314224834 -0.933576014 -1.483184580 0.672382085 0.436403819 -0.012266569 1.632728592 0.565458751 -0.999598462 0.267615844 -2.074697793
5.417767336 -55.448140019 -18.672280572 -0.104463983 0.645348910 0.745247402 -0.131218787 0.751104556 1.139472331 -0.729624767 0.737689441 1.892973151 -0.062011599 1.168667494 -0.122846967 -0.021191127 -1.395367176 -0.565708416 -1.006657195 0.641251036 0.724058712 -1.868772033 0.780014090 1.810277790 -1.294720038 0.011734290 -1.940264305
-1.581034969 -53.365736283 -8.752421271 0.289749147 0.536386762 -0.107024169 0.785417406 1.464110444 -1.974498043 -0.014270913 0.410942943 -0.171463741 -1.296458527 -0.837864940 0.732493842 0.913553650 -0.002348075 0.223187400 -0.971721452 0.549211092 -1.552087559 1.433097192 -1.503591338 -0.068572233 -0.398805984 -0.529983864 -0.007906303
6.050855355 -53.254264290 -12.459533912 0.826790162 -0.515046215 0.154901855 -0.164775121 -0.533002618 2.019773565 0.452115516 -0.781257148 -0.021452469 -0.353326552 2.499571922 -2.440308219 -0.823419023 -1.936411885 0.857198828 -0.847713905 -0.306562956 2.360765847 -1.407441656 -0.732126066 -0.639238473 0.381120728 -0.267188455 0.088598066
5.989648063 -56.886188156 -15.067050285 -0.451333090 -0.006618630 0.401951201 -0.796674255 -0.454213611 0.543947769 0.748763608 -0.723328277 -0.578975360 -0.958939233 0.973676669 1.324532035 1.357274472 2.544936470 -1.244823428 1.523367883 -0.044164862 -0.058570858 -0.461221255 -2.078277023 -1.266534044 0.748722736 -1.050156214 -0.254124373
0.705815794 -55.277662225 -10.381587425 -0.234732280 -0.322429272 -0.331478430 0.855021738 -1.144549890 0.561318406 0.012568512 -0.920801679 -2.192363477 0.123283785 2.015108802 -1.553301292 -0.668957471 -0.274478985 -0.532199855 -0.780034322 1.024436965 0.548160050 -0.113150384 1.038828699 -0.458498176 1.584662045 -0.681575714 0.669810865
-4.085897636 -58.800175601 -18.670928063 0.194639103 -0.424684943 -0.874702758 -0.129048067 -2.042876896 -0.024704378 0.586788507 0.307312748 -0.823775570 0.326444864 0.041142447 -0.529761142 2.475055840 1.393364744 -0.544027798 -0.773215910 -1.140283815 1.642981811 2.977941951 -1.156200833 0.728519638 -1.009470692 -1.366810478 -0.016531447
2.847691459 -49.649705367 -17.003000170 0.270264479 -0.811590617 -0.129603313 -0.501478577 -0.274733033 -0.917924874 0.209068411 0.054113090 0.628145685 1.045849888 0.663276672 0.872027497 -0.403905105 0.498194066 0.960397113 -1.870187475 -0.976708800 -1.279238494 0.580608606 1.203239934 -1.118796002 0.502990244 0.856711597 1.058890607
0.994558347 -52.760822656 -10.044918305 -0.387238265 0.515734271 0.253539205 -0.720959471 -0.478229673 0.056895295 0.107257212 0.438004338 -1.001644770 -1.438709870 0.553760278 1.304222670 1.341485119 -0.770641036 -0.027641132 -0.857392744 1.081737630 -0.092173774 -0.265751959 -1.040543537 0.054641552 -0.046959924 0.010956721 0.868500047
0.482481528 -53.491992827 -9.123336844 0.709528280 -0.228516633 -0.474554625 0.468132115 -0.849634471 -0.439914803 -0.720141922 0.582647569 -1.396894958 0.044742554 0.653512845 -1.998781771 0.853206865 -0.044206235 -1.178073647 -0.191262992 -0.791036482 1.243442175 -1.349675253 -1.561456511 0.506366716 -0.475265339 0.579558506 -1.847445856
1.488224254 -51.381412121 -7.387970370 -0.706406532 -0.640166499 -0.293319098 0.071697786 -0.777489330 -0.002409391 -0.829441857 -0.163963606 -0.389299192 1.113418693 0.107630053 1.068489939 -0.665680727 0.309245262 -0.579257769 -0.719360426 0.275831462 0.478273148 -1.331771888 1.312334889 -0.013303130 -1.570489641 0.913895288 -0.658364406
3.403381408 -56.481391845 -8.806158301 -0.673820390 0.422708531 -0.589424325 -0.140934543 -1.356417758 -0.470173110 -2.354682626 0.786220765 0.301643191 -0.845145460 -0.105872428 -0.128479719 1.551440922 -1.407394488 0.353394136 0.369554421 -0.179617277 0.679397529 0.348323045 -0.122985158 -1.095557289 -0.490329762 0.724255181 -0.613084081
-4.315099252 -48.640604527 -6.842441308 0.644545868 0.631290815 0.268639628 -0.337439299 0.073867014 1.341315967 0.912962563 0.347577997 -0.233928359 -0.132186300 -0.280046714 2.020934558 0.957981815 -0.223670708 0.061704748 0.579353621 2.299640037 -0.761094546 -0.434720514 -1.898757152 0.825192770 -1.012387270 0.099106665 -1.345754943
0.159342160 -58.068108289 -13.299361782 -0.516921864 0.394939283 -0.678558620 0.341134795 0.809521725 0.853427065 -1.667182471 0.492799176 -2.056375528 -0.882408133 0.977577018 -0.477338296 -2.282029051 0.156869439 1.539813474 -0.541173855 -0.733673592 0.430142726 1.167253082 0.313038188 0.701015338 -1.177414982 -0.498678152 0.788223027
-4.128519499 -63.756056088 -12.885921641 0.428501035 0.118023637 0.864006450 -0.236537818 -0.433773931 -1.093937259 1.087397041 -0.496268401 0.477487779 -0.465757465 -1.132510936 -0.635583394 3.136991158 0.038804609 1.211933374 -0.991831927 -0.283835037 0.464813498 1.049822951 0.002258004 0.924519664 1.400202693 -1.224098562 0.947652766
5.802022969 -56.662501900 -17.701682743 -0.844541752 0.447411714 0.288166056 0.059433242 0.679200653 1.340279057 -0.701187811 0.246726692 -0.049034337 -0.216040047 -1.210567750 1.412582454 -0.955840500 -1.081060886 -0.312036643 -0.523562579 0.508217464 0.286560896 -0.586101371 0.354051276 0.561873819 0.797653970 0.775845977 0.107555828
2.211067056 -46.759411345 -11.139492458 0.647170471 -0.272124697 0.510923670 -0.496060010 1.293001680 0.830678211 -1.260061037 1.787440846 -1.302458793 -0.909098754 -0.372310865 -0.572681550 1.176221838 -0.083302391 -0.991982785 0.597891894 0.034583567 -0.519294600 1.909170335 -1.249660813 0.126071979 0.842721732 0.103958678 0.960456934
-2.829008026 -50.274093738 -6.300384756 0.193954234 -0.775015170 -0.495529561 -0.340857294 0.839489939 -1.790327788 0.563892930 -0.627042119 1.114279996 0.204175147 0.065035720 0.430930020 1.195771999 -0.003339249 1.638675204 0.005457192 -1.805714870 1.956959566 0.977861260 0.915156353 -1.093255897 1.281604462 0.369876860 1.724390854
-3.711932322 -52.187954265 -5.864172289 -0.830996888 -0.064877033 0.552463887 0.004335421 0.763014928 -0.373283286 -0.888832238 2.364435667 -1.191892465 0.136507994 2.442767482 -0.145713688 0.867414148 1.161138215 1.041802141 -3.093148431 0.242694717 2.730407914 0.676429557 0.227761367 -0.515436526 -1.432759179 -1.300665847 -1.454891951
-1.027267999 -52.707857219 -12.870423802 -0.055733664 0.778024744 -0.369156593 0.505266926 2.650949634 0.577373833 -1.664727743 -0.423355803 1.151743220 0.140793113 -1.060389500 -1.140736555 0.420305318 -0.684860643 0.034823778 -1.038672947 0.694552668 2.241134736 -0.822435382 0.324607896 0.254630849 -0.297532138 0.086613809 1.983043982
2.419577028 -58.819359435 -12.121300380 0.159133890 -0.132052334 0.797730389 0.566449303 -0.430515873 0.160587731 0.458634305 -1.952633345 -0.030688285 0.006898358 0.381543159 -0.912666460 0.321462048 0.346732107 0.080765541 -1.802639706 2.054619743 1.875301628 0.484318477 0.850433295 -1.970283940 1.590784490 -1.908200591 -0.373315135
-1.636804455 -58.281878356 -20.198245809 0.014193715 0.467036366 0.434423813 -0.770033456 -0.038225645 0.850073738 -0.066842826 -0.420174323 0.500927145 0.463667413 0.620892417 0.240667552 1.366283509 1.827938874 0.636551025 -0.959724998 0.831170527 -0.275752866 0.436197221 -1.316275481 0.993176783 0.151368665 0.740629835 -0.352090381
-0.768253417 -59.242927475 -11.844728681 0.739808995 -0.489567410 -0.431891793 -0.162714104 -0.212788414 1.001942276 -0.996241467 -0.468674297 -0.971491498 -1.276966833 0.554424463 -0.464235714 0.453559233 2.009924135 -0.903278358 -0.668190474 1.214742471 -1.003117057 -1.918071866 0.803757902 3.000089356 -1.051436671 -1.495562385 -1.150817762
-5.868429588 -49.100358788 -5.429460060 0.068007871 -0.219404283 -0.933873084 -0.274076180 -0.842823164 0.014504218 1.149319165 -1.697749832 1.443743893 -0.858386822 -1.396868520 -0.060097190 0.203169739 -0.357777083 -0.697202395 0.168964786 -0.933103250 0.191453281 0.270690113 0.618715528 1.112270784 0.938099122 0.240377677 0.780148315
-10.473007349 -51.365809751 -11.318221780 -0.057396494 -0.171517151 -0.254914410 -0.949897970 -0.196345180 -1.256250543 -2.164931512 -0.062224407 -0.391620247 1.036232758 0.447836207 -0.559600930 -1.433222950 -0.380452890 0.161202906 -0.287711569 -0.248675791 -0.495277091 -2.641774583 -1.901619077 -0.076250854 -0.418207707 1.504488823 -0.443079849
-2.043788319 -48.322876817 -19.289662133 -0.730240175 0.046658971 -0.045492572 -0.680075476 -1.242709119 1.407835987 -0.217042717 2.399645779 -0.701152771 0.532062794 -0.748136009 -1.244282128 -2.049766460 0.007016487 -1.114110191 -0.220522798 -0.891505362 0.759237747 1.077592406 0.581445335 0.482795794 -2.427969237 -0.708273087 -0.811480685
-5.188130147 -55.118671287 -10.537060774 -0.832627315 -0.034114837 0.454282953 0.314952266 0.420871159 -0.113722786 0.596566097 1.384055065 0.201393903 0.175187838 1.220050156 -0.674200184 -0.723996883 -0.880113703 0.310178278 0.010738324 -0.558855206 2.202899885 1.193591935 1.313279383 0.467467335 -0.274804705 1.448131623 -0.525677783
-4.267323653 -52.768303009 -7.887138113 0.418769482 -0.599668958 0.629917177 0.261215643 -1.959408339 2.118343669 1.408249628 0.263316778 1.443002152 1.377204313 -0.123023316 -0.423649449 1.283665474 -0.040337307 -1.113414251 -0.865005952 -0.290583857 -0.084956879 -0.562151904 -1.446577637 -0.136181177 0.132906313 0.435956470 1.806017841
3.448951248 -56.525078283 -7.926586950 0.685343707 0.351862766 0.058906584 -0.634843769 0.556545704 -0.779368816 -1.502197140 0.421621192 0.657331201 0.609968845 -0.134577348 0.581340172 2.155784495 0.393151532 -1.211526952 0.200387738 -0.245975234 -1.081196880 -0.573172844 -0.779834791 -0.272177442 -0.557442502 1.708862123 0.336427984
-2.228057212 -63.769929376 -8.723338571 0.126559417 0.199992488 -0.646717659 0.725080677 -1.284436964 0.519034231 0.312908318 -1.202248941 1.768293186 -2.396954903 -0.040434636 0.566505688 0.478159101 1.085790599 0.368291059 1.330725022 -0.145532510 0.425832701 -1.914912046 0.911349566 -1.004472968 0.097916485 -0.528653266 0.288008861
-0.597280475 -49.273722887 -4.743565814 0.704714683 0.593964301 -0.388042674 0.002551066 1.429803250 0.078407300 -0.890942385 1.138279422 2.661280159 0.217979716 -0.601291858 0.264383007 0.332794950 0.343437786 0.116630856 -0.251286510 1.393118790 0.689403092 -0.397770751 -0.003659222 2.270244762 2.536363399 0.362975929 1.458465679
-4.529577359 -45.673681644 -9.281511373 0.328553949 0.300644774 0.874932309 0.190153822 -0.735327747 0.394999806 2.241747289 1.196839508 -1.553734676 0.503992036 -1.008222457 0.619120478 0.583113934 0.648392816 -1.003386200 -0.592550791 1.255624228 -0.301308244 0.295722506 -1.045446938 0.859344100 -0.307460533 -0.143532877 0.520678715
-9.126311530 -58.714991326 -12.354494443 -0.522744017 -0.154514117 0.083346040 -0.834216709 0.438697502 0.359440358 0.260376611 1.010427036 -0.691794754 -1.963919457 -1.659484371 -1.168932691 -2.767854455 -0.049288712 -1.142426923 -0.839162701 -1.825871516 -1.122730624 -0.902471758 1.202329143 -1.270778588 0.672060891 0.344144998 0.309473950
-0.924924848 -52.593307198 -11.945078410 -0.393322447 -0.374547178 0.393359827 -0.741808541 -0.420933512 1.617243611 -1.232780740 -0.496298084 -0.840068922 0.831713183 -1.019028481 0.812466368 -1.080593214 -0.198256540 -0.669313735 -0.933766476 1.209884844 0.074302748 1.506651781 1.105410582 0.797560306 -1.343177581 -0.950256441 0.053745383
-8.837526513 -53.575741019 -13.321814877 0.224512477 0.954519613 0.194316758 0.026971359 -0.328391135 0.333133066 1.084674738 0.078451213 1.121921318 3.075506369 -0.470537604 0.414690218 0.186025646 -0.469781922 0.058900495 0.938184707 -0.378445458 -0.805115927 0.385091869 0.833327538 0.872577733 0.377827039 0.584276747 -0.480493402
6.454365074 -51.283730723 -9.015576139 -0.893485555 -0.196468751 -0.170384822 -0.366131951 0.375229013 0.245380648 -0.056218121 1.299838070 -1.030736695 -0.098939569 0.475945478 -1.308587082 1.248016598 1.549971772 1.897854593 -0.082496350 1.071783101 -0.176693048 -0.145274857 -0.186471925 -0.434417756 0.123880645 1.176534636 1.616693420
-0.720213088 -63.213674963 -13.612165754 -0.122133361 0.284604315 0.632498068 0.709950717 0.350905501 1.024296725 0.313993440 -0.026838220 0.182229406 -0.587862372 0.125075198 -0.000804756 0.036006536 -1.286772328 0.823197007 -0.014376353 -1.240949279 -0.507585077 -0.400452626 0.552709202 -1.207442184 1.345446047 0.659615078 -0.970307230
-2.438807812 -62.227551040 -14.294153112 0.140566038 -0.799219912 0.481271313 -0.331461377 -1.047793563 -1.677868485 2.202664934 -0.248745884 -0.820481406 0.915905243 -1.775243145 0.536531265 1.011332181 0.317538699 2.400939167 0.336277019 0.524466426 -0.749730140 -0.815307708 -0.539968408 -1.453915696 -0.021158960 0.891357615 -0.104470614
2.131049600 -60.943365059 -6.085771480 0.405450356 -0.536823336 -0.301188094 0.675807996 0.265460409 1.827095485 -0.917357547 -1.390188872 -0.924067971 -0.401062152 0.927340812 -0.538840036 -1.267918677 0.197502903 0.340532760 -1.914553378 -0.437193247 -1.589688546 1.175169680 -1.142728156 -0.464955571 -0.645158260 -0.582899181 -0.501807001
0.151754425 -51.956214736 -11.180742803 -0.115108873 -0.952393428 0.181620690 0.216126423 -1.802551841 -0.452878948 -1.369848791 0.975821052 -1.067697023 -0.300678754 1.214371545 0.666598187 2.119786512 -1.247336105 -0.242810337 -0.460878026 -0.164807328 0.463244859 0.523204569 -1.071074211 0.168187727 -0.677753520 0.249487841 0.173761394
-2.989319608 -52.635777503 -17.363156115 0.355699675 -0.709261429 -0.582723267 0.175668897 0.686470024 -0.003171052 0.137019417 -0.681101124 0.381974912 1.608102950 -0.719285173 1.276618885 -2.011570587 1.496274014 0.938028689 2.266407848 0.672832533 -0.877781411 -1.144483216 -2.656752601 -0.542425102 -0.219547769 -0.323337000 -0.024127998
6.300621556 -57.611517059 -13.484413453 -0.606541466 -0.126449639 -0.760926641 0.192635891 1.950255025 0.402074586 -1.147914987 1.605814781 0.143187458 -0.022213354 0.537872190 -0.599262126 0.313129667 0.014458716 -0.816567591 1.050937803 -0.304708188 -0.635175482 -1.667983763 -0.396505654 1.000280771 -0.435871095 -0.152781099 -1.934679705
7.678912654 -53.127106078 -9.319436842 -0.625377020 -0.443503319 0.551847515 0.328135199 1.377832021 0.265761637 -0.865892402 -1.715988982 0.721018879 1.715648810 -0.138831702 -1.098238204 0.964951978 -1.571223304 -0.361333476 0.657950895 -0.887036141 0.363298135 1.030275859 0.581187112 -0.194985698 0.919592625 1.144778426 -0.660398090
0.894889887 -56.359943544 -5.590115187 -0.199119847 0.351299531 0.570327455 -0.715308689 -2.034056709 -0.386537860 -0.182888995 -1.518771351 0.245836710 0.713520174 -0.306513107 0.087161254 1.960371986 2.481735043 -0.198459514 0.329515250 0.928854924 2.853457071 -1.584980143 -0.507989515 0.231214590 1.073197362 -0.143773854 -1.964087934
-4.325533582 -50.773891378 -12.374204237 -0.405395546 -0.273635401 -0.353257262 0.797488198 1.488743576 0.207586039 -0.745636318 -1.037326727 -2.584470368 -0.055301272 1.211256765 0.218536321 -0.507279189 -0.008601301 0.030316900 -1.001359411 -2.099763125 0.030950056 0.175074591 -0.658527280 -0.824209365 1.345058717 1.799170079 1.535439916
-6.082356520 -57.807353122 -12.288474828 0.041446649 -0.387796228 -0.709728343 -0.586670214 -1.670774408 -0.095135215 1.436889168 0.373992420 0.606521614 0.676905357 -1.718376306 1.127651659 -0.448630433 1.090376726 0.280678198 -1.162183342 0.377261326 1.028710303 1.208699005 -0.775089571 -0.086156864 -0.084086210 0.900821434 0.614405885
0.965336473 -47.161860891 -9.252960352 0.500637270 0.499469608 0.479855643 0.519260046 -0.828496482 -1.114584126 1.499416661 -0.582950657 -0.664168413 0.465801189 0.466093961 0.148437406 1.324322764 -1.294564357 0.554914199 -0.311506314 0.023366906 -1.240099439 -2.523841224 0.832601799 0.260113103 0.420307770 0.713770007 0.257867043
-0.915550022 -45.810789772 -12.815270882 -0.041269811 -0.345059563 0.935457245 0.064423932 -0.934893040 2.198800041 0.992781853 0.310599573 -0.272405360 1.339214047 -2.282068985 -2.354202808 -1.229775902 0.910253178 0.170870497 0.340854235 0.235387053 0.948484719 0.532455835 0.076753901 0.168133981 -2.762762031 1.178366545 0.333411205
0.053353891 -58.531406505 -6.532000222 -0.160619492 -0.325611209 -0.931755498 -0.003226676 -1.807787388 0.841495321 -1.060585780 1.645118065 1.019076810 -0.407001557 0.732335133 -0.549767944 -0.917568972 -0.217373412 -0.934928113 1.244831429 -3.203155681 0.136445113 1.380912734 -1.144490998 1.058114034 0.660720152 1.300866259 0.363650188
3.774469050 -52.204902164 -9.508972051 0.341633705 0.295645871 0.457831511 0.765682857 -1.062213395 0.228000347 0.994915111 -1.107617821 0.335140812 -0.451147043 -1.141688421 -0.706801930 0.109170418 0.031665742 0.836570206 -0.271829583 -0.943085700 0.465093642 0.521089547 -1.057510419 -1.675772929 -1.889429566 0.228096985 -0.941389344
-4.517818531 -63.175840458 -11.122976812 -0.181993234 -0.752072930 -0.629036134 0.074688100 -0.551719723 -0.116291943 1.370930890 0.439797016 1.273056370 0.277865632 -0.166404552 1.405417676 -0.606205273 0.915438252 -0.007923886 -0.538256720 0.241938304 -0.786416147 -1.893445611 0.143191899 -1.329926549 0.207673085 0.358147925 1.813251734
-2.001537096 -55.896266057 -6.416874236 0.120676166 0.401521957 0.370196960 0.828958136 -0.925752277 0.029814826 0.521970120 -0.693013528 0.448837022 1.034679166 -0.338339195 0.184347045 -0.802767472 -0.204494073 -0.059523262 1.130296435 -0.362005064 -1.362069933 0.621739515 2.351883906 0.311883688 1.704697652 -2.024676410 0.569660905
-1.527265245 -57.037221244 -7.814627577 -0.438632056 -0.860816701 -0.257869624 -0.009989184 -0.867456802 2.200698991 -0.033545765 -0.757966588 1.779313037 0.194430833 0.400594121 -0.393448636 -0.182818392 1.862005772 -0.146603878 0.310767214 -1.167084334 0.434766789 0.050668266 -0.298737586 -1.133204940 -1.769314303 0.118321446 -0.872402558
6.516536829 -59.436776540 -12.676795216 -0.396469620 -0.107807037 0.700691957 0.583284034 -0.533189286 -0.306946579 0.286789402 -0.154224889 -0.346778504 -2.383661100 -1.234828353 -1.586687862 -0.335349125 0.385081242 0.045108206 1.729936308 -0.201410602 0.643932393 0.337088505 1.181299777 -0.234279929 -0.409678904 1.797735930 0.809636727
8.047726703 -56.414884654 -11.278551357 -0.020414209 0.596526260 -0.781267596 -0.182648912 -0.664874838 -0.256737989 -1.015301615 1.655592209 0.715055350 -0.348100430 1.854000507 -1.106330199 -0.648967956 0.486726012 0.728752670 0.095751058 -0.542355024 0.264951801 1.308712280 -0.252274321 -1.297022938 0.871034082 0.530195864 0.981817747
-9.532903671 -50.375460354 -8.301487131 0.971779087 0.006654936 -0.232262925 0.040682321 -0.279993911 1.443400942 -0.402743975 0.717386063 -0.894453713 1.110613206 0.850909576 0.156441962 0.865175561 0.249486401 -0.616745747 0.433506202 -0.173954823 -2.910700334 -0.606184395 0.737713744 0.520729827 0.962933103 0.122124906 0.152705645
1.970745375 -62.866615603 -14.376067948 -0.524234653 -0.191330153 -0.786681844 0.264012270 0.135165723 0.179219483 -1.213405387 0.573661535 0.528140298 -0.124527755 0.388962408 1.011095235 -0.517566481 0.068011809 -1.222002673 1.765033494 -0.254539815 1.302599747 -2.398580706 0.435609826 0.058460422 0.353492263 0.387670342 0.876500048
5.184346028 -50.356710490 -14.077805345 0.336537067 0.412033607 0.840360350 0.103757369 0.055632716 0.992167050 -0.884412653 -0.529937041 -1.148948557 0.647513524 0.621258889 -0.379392965 -0.143528196 -0.247611675 0.652006855 0.181208092 -1.187065131 -0.228395473 1.043990385 1.041403448 0.253944923 0.436042055 0.905707381 -0.310856577
-3.105852520 -51.377292223 -14.417921370 0.903552837 0.342082267 -0.111449137 0.232703854 1.768394882 0.402118041 0.451427290 0.147463455 1.117748882 0.723121121 -0.794127644 -0.368105091 -1.721085759 0.279748812 1.170373911 -0.741723270 -1.187474454 0.777716734 0.394520299 -0.955685001 0.741765351 -0.039433345 0.912340560 0.459238379
-5.016532497 -55.070127186 -17.520299404 0.524131213 0.373019822 -0.251446024 -0.723130404 -0.283807903 -0.442025114 0.479389915 0.240221421 0.297924037 1.901347034 -0.425405790 0.085064239 0.300402596 -0.145150776 -0.218807713 -0.762060866 -0.259167752 0.859366925 0.328366063 1.404400878 -0.185770510 0.955526514 -0.880970888 1.396885069
1.965420385 -48.652907456 -17.210901502 -0.730930146 0.126180058 -0.670674712 0.003891832 0.274969700 -0.435648737 -0.390130628 -0.890015372 1.271260291 -0.409655108 0.686619068 0.605885680 -0.064294533 -0.631828211 0.661300714 0.023623773 -0.100402844 2.496503398 0.371623464 -2.495588429 -0.330532532 0.789586842 -0.768218405 -0.927512564
-1.154461971 -58.601934098 -20.659046685 -0.521984928 0.073342929 -0.509947947 0.679783525 0.730871348 0.926852123 -0.253424444 -0.071599030 0.870812434 -0.575384375 -0.845536137 -0.421658612 -1.076095482 -1.685619520 -0.513460724 -1.124226401 0.439417696 -1.484982869 -0.167643934 0.400301789 -0.572492713 1.873489516 1.263241789 3.003233495
1.787003244 -56.626226079 -17.801352022 0.452636159 -0.628919529 0.478913132 -0.412580834 0.262392446 1.068528901 1.073330738 -0.182676323 -0.788457783 0.104092533 -2.201659375 0.009738825 -0.786860987 -1.418280546 -2.705863000 1.471076291 -1.066851978 0.392470040 -0.324142588 -0.548447536 1.790987735 0.181177797 -0.567174763 0.142728354
-5.443964019 -55.611617059 -14.452537803 -0.634958862 -0.745602195 0.122137800 -0.161204741 0.963601176 0.020768167 -1.734395050 0.497036358 0.475817693 0.702109011 -0.110252988 -0.595768467 -0.582036996 0.700689814 -2.375541524 1.504272583 0.345049318 -0.609336932 1.986472806 0.609534930 -0.626061321 1.033136466 -0.675098709 1.237859702
-0.669942443 -47.501888103 -19.022050474 -0.981899241 -0.130458625 -0.111936656 0.079527432 0.310973690 -0.469341621 -0.780238570 -0.589324440 -0.783097864 0.375352355 -0.926966254 -1.120180302 -0.276432993 0.888251258 -0.448145007 1.088197738 -0.971082245 -0.225574524 0.681809597 0.360589155 -1.238133922 -0.392397619 0.088797768 -0.455105394
-2.864506100 -44.847465707 -12.240358785 -0.937210320 -0.249361761 -0.094890216 -0.224613834 -1.177000595 0.321263849 1.563991816 -0.735868386 0.717112143 -0.968564957 -0.251423077 1.050283548 1.011066443 -0.751051427 0.338634780 -0.257850651 -2.929327385 0.391684240 -0.384960871 -0.795272245 1.390591311 2.049177992 -0.863731581 1.059087702
-1.177193131 -50.343797753 -19.246197937 -0.181437571 -0.043606478 -0.978785524 0.084603672 0.880782683 0.673976733 0.576915526 0.678323673 -0.296147242 -0.090324382 1.612624157 -1.301194719 -0.922217726 -1.920518293 -0.008510304 1.661253100 0.257550491 -0.054393607 0.718064667 1.355555582 2.609701065 0.825532082 -0.502132497 -0.034244297
-9.453251776 -52.101265239 -16.486358978 -0.740973290 0.523797684 -0.006242817 -0.420185193 -2.102287298 -1.225521415 0.773515574 -0.067453771 -0.798999985 -2.543029157 -1.956319217 0.319405291 0.206292296 0.364808248 0.743960874 1.242455941 -1.342952966 -0.906998960 0.743206457 -0.374979866 0.857318921 -2.323682844 -0.733204443 0.130176884
3.008780583 -61.386376740 -17.669794807 0.048941476 0.215696466 -0.252971928 0.941851883 1.641082833 0.933204870 -0.332177764 0.103440884 -0.130675149 -0.075591904 0.062401556 0.864188366 -0.190179189 -0.728735878 -0.137301099 0.772795230 -1.974961866 -1.764562911 -0.093118940 1.833039412 -0.418202690 1.325097947 -0.336537922 0.340498442
-8.376916809 -52.317548778 -9.297542484 0.093496036 0.379203226 0.897238975 0.205974819 0.100274459 0.912881678 1.444832467 -0.723087621 -1.057256503 -1.409699890 0.023489459 -0.217584105 -0.881557564 -2.700275437 0.336006745 -2.133905351 0.537698005 -0.063713163 1.158359163 -0.330611588 -0.506250813 1.074908707 1.159671384 -1.411834097
6.244222445 -59.324738015 -8.614799841 -0.649597816 0.173807488 0.485697545 0.558490403 0.040920112 -0.640190763 0.600211589 -0.517516331 0.782327653 0.236610632 0.834968678 -0.920011536 1.938347469 0.255387010 1.089535097 0.905002094 0.375789627 0.362926090 -0.769634992 -0.824055724 -0.341121315 1.528548150 -1.807557387 1.254307944
1.995279344 -61.952814835 -11.690754181 0.278374234 0.686616192 0.580757036 0.337323666 -0.857914777 0.506075579 -0.489024741 0.366614532 -1.385206645 -0.837241560 -1.257247241 0.049172052 -2.189729726 1.111569959 0.924453333 -0.098709943 0.942338391 2.047481486 -0.731935037 -0.683131568 1.995770807 0.900482694 -0.085708361 2.363166540
-6.102173434 -54.049312356 -21.287762806 0.462138094 0.058101535 -0.001365534 0.884901536 -0.395615199 -0.101187716 -2.011022965 -0.186676013 -0.715016912 -0.037316482 -1.257388303 0.969871066 -0.032412319 -0.281385409 0.688882988 -1.716816778 -1.466054237 0.194364273 0.535020743 0.062023937 -0.308008292 0.598875949 0.158749023 0.319209509
2.507820453 -49.230372489 -15.757719393 -0.314345163 0.696950869 0.594735152 0.248468717 0.286094554 -1.501755132 0.403289230 0.404065146 0.055178378 0.498073277 1.026405677 0.767923675 -0.317297123 -0.962130437 -0.233794973 0.973413634 -0.973017088 -0.240410534 -1.196731676 -0.327775071 -1.253020165 2.909135689 -0.620658432 1.677672741
3.382947836 -53.472550764 -10.224579347 0.070107661 0.338822511 0.648001942 0.678511389 -1.575896930 -0.541099391 -1.457446674 0.770672562 0.658984871 -0.762550756 0.299898791 -0.096936871 -1.070622512 0.876696722 -0.552333561 1.204980221 0.628836804 -1.351748842 -0.300915439 -0.333120053 0.039334558 0.549717589 1.424688778 -0.482315639
-0.724038483 -46.657605880 -10.235682913 0.686239659 -0.509407482 0.012110003 0.519068873 -0.871690227 1.225713204 1.049537089 -0.997524585 -0.135890410 1.569448260 0.138055668 1.916240384 -0.913216913 -0.135783349 -0.683568154 -0.137096687 0.277900487 0.973792113 1.992230468 1.076889272 0.751213033 -1.202053464 0.706255963 -0.930902766
-4.821319637 -52.496560549 -18.830850431 0.929522240 0.050895028 -0.350501962 -0.102696039 -0.283415717 -1.674541443 0.205503325 1.813093258 0.026047734 -0.088849571 -1.325844956 -0.686363112 -0.609104944 -0.687142267 -1.841587446 -1.354281860 -0.428242909 -0.661335432 1.683005449 -0.119919316 -0.591156567 1.161402733 -0.317207448 0.815129728
-6.320345877 -61.874552458 -7.818895797 0.044679603 -0.985249420 0.165102473 0.005337363 1.822124244 -0.932368205 -0.128337021 0.168579813 -0.763081402 0.291489210 -0.711110049 -0.103636371 1.499352480 -2.814546011 -0.579096111 0.419524488 0.812474544 -0.819630139 -0.073981599 1.464400945 -1.277374639 1.159386396 -0.552431174 2.470264839
3.546355141 -52.349047488 -8.627703559 -0.572602345 -0.066521253 0.742116710 0.342000388 0.493580177 0.286305327 -1.474276191 -0.010438351 -0.931222613 0.674004860 1.745057374 1.531610634 -0.191790193 2.145283592 -1.219080761 1.473167974 -1.884807996 1.157724177 0.126092920 0.706455272 -0.063637363 -0.528351322 0.341307411 -1.077702034
-1.742033545 -55.247985298 -12.146976180 0.020786391 -0.136420518 0.979377908 0.147567889 0.846950110 -0.356624291 -0.163723985 0.727248630 0.606383488 0.225911635 -0.864247844 -1.732144887 -0.168028448 0.222736516 -0.202688630 0.818667815 0.350244052 0.182990286 0.780509601 -0.527142090 -1.833309848 -1.999876033 -0.134603375 -1.733135945
5.564127549 -55.070281338 -17.650212903 0.954835836 -0.222583801 0.054500736 -0.189141871 -0.889361988 -0.498783639 0.246430473 0.591247542 -2.084400523 -0.532193539 -1.496194041 -0.005883286 0.815497127 -0.604031274 1.435394489 -1.356671635 0.871564357 -2.890545462 -1.280863609 -0.914848893 0.386219676 -0.511398371 1.260553007 0.559962333
-4.674222012 -49.166081920 -5.736813679 0.608885017 -0.106492973 -0.759881844 0.201240816 -1.913678366 0.203088255 -0.005255334 1.176284010 -2.745675863 -0.632856867 0.061241273 -0.171579997 -0.402487804 1.259335563 -0.135912647 -0.059628661 -0.748855829 -0.125703800 -0.140172318 0.313464989 1.680490934 1.722360825 -0.619278459 0.348750458
-2.665976368 -48.674386421 -16.929537342 0.752805820 -0.541224758 0.182012065 0.327461093 -0.020998406 -0.874043669 -1.557649815 1.138198877 -0.270014340 -0.625310362 -1.604526931 -0.587545547 -1.740890534 -0.582030285 -0.324775932 0.877170117 1.123996513 0.862495840 -2.667345354 1.003988178 -0.916520164 0.165872335 1.194034296 0.092430317
-3.019035950 -58.166860892 -13.947865329 0.352381423 0.569495533 -0.630304306 -0.392706829 -0.120784893 1.351525395 -1.469490437 -0.850359500 -0.313507364 -1.734246481 -0.343857170 0.731019271 -0.854816516 0.446809749 -2.006783169 -0.245607447 -0.062682215 -2.104674679 -0.686128743 0.124216058 0.340193139 -1.878267737 0.127653556 0.545415714
0.354142941 -57.614195793 -14.494335409 0.549638426 -0.313253211 -0.688903296 0.353811072 0.012580996 -1.994706290 0.783409713 -0.003370431 -0.792597440 -0.218243459 -2.663060971 -1.084641168 0.272997375 0.417007736 1.496078028 0.213222077 0.725386458 0.132893108 1.287590852 1.088615581 1.049719951 -0.136599723 1.131951949 2.012443912
3.994212860 -60.289470752 -17.897621719 0.539371471 0.149162739 0.788660632 -0.254643480 0.445374703 -2.063443486 -0.951344497 0.607258463 0.525321953 -0.274825951 0.501508962 0.832491899 0.424337880 -2.169581010 -0.142869128 -0.157058471 -0.591269024 -1.453744882 0.281855671 0.134253818 1.618440083 1.929763272 0.343647896 0.492265035
-9.819446553 -49.409091030 -11.213218826 -0.381105746 0.140229146 -0.329977931 -0.852178832 0.417525123 1.571334685 0.178696420 -0.315246720 -0.358387346 -0.859532454 -1.016823377 0.304585091 1.376808744 1.829689545 0.202305236 0.089312482 -0.032282078 -0.485810738 -0.231674720 -0.063894778 0.324728751 -0.206778693 0.430427657 -1.205187664
0.601938932 -51.351810576 -13.078858105 0.464975785 -0.083312844 0.186941552 0.861341597 1.490609077 1.766310037 -0.044396735 0.207811201 -0.776949781 -0.090702654 -0.240256160 -1.786650358 -2.072744514 0.372169769 0.328499596 -1.627039764 -0.753531294 0.368670726 -1.575358960 0.446692745 0.730603928 1.162633584 -0.714292599 0.762908183
-4.411310384 -56.304497798 -14.565234743 0.706246033 0.675055910 -0.045821451 0.208366153 0.920411637 1.677870826 1.229050430 -0.185996164 -0.246593535 -2.631271953 1.008271974 -3.147000632 -1.714277706 0.579315581 -0.189471567 -2.010154974 1.880956160 1.353184750 0.120905964 -0.642026714 -0.403758027 -0.067162673 0.964170213 0.288668458
-1.026796593 -57.615413960 -16.238723335 -0.939244746 0.313691192 0.130346436 -0.049264081 -0.777072936 1.101916317 0.299573251 0.614658943 1.700197613 0.207566867 -0.163448241 -1.365089496 -0.112422931 0.180063739 2.217028242 1.440333672 -0.533158804 0.210158026 0.521010630 -1.059572119 -0.610763747 -0.048408812 -0.857088317 -0.663779833
-5.964818829 -48.471376761 -17.095566607 0.507760470 -0.045507503 0.200079964 0.836705671 -0.931590011 1.962270888 -0.239020618 -0.326165045 -0.476495210 2.381044029 1.369810078 -0.360646373 0.468382753 1.116986153 -1.409777017 -0.279367639 0.477268717 0.012822332 -0.475096737 -0.879012539 0.060614404 0.868770132 1.386318179 0.188162541
1.970244548 -53.871300327 -15.456927655 0.893290731 0.385074380 0.048934758 0.226615932 -0.071141383 -0.109541640 0.084421341 0.598078275 1.314612676 -0.099448529 0.807975226 0.539505132 -1.301229190 -0.349067776 0.727040720 0.034079365 0.112454988 -0.775677851 2.146697391 -0.068827995 -1.120200243 -0.818434723 -0.262105134 -0.204358101
-6.831939573 -47.166068402 -14.391732652 0.576200018 -0.393162112 -0.300497925 -0.650475280 -1.134932585 0.506683763 -1.765692021 1.520331356 1.494795976 1.665400819 -1.110779171 -0.396278017 -0.300135860 0.411962433 1.111845479 1.673785854 1.809700785 -0.959169801 1.272982988 -0.096814463 -0.885574507 -0.697157533 -0.021370503 1.246718453
-10.582704735 -50.613480156 -13.791300397 -0.506326174 0.390934033 -0.493743174 -0.589085789 1.056808487 1.543671201 0.203133879 -0.594255665 0.698828949 1.038317301 0.454367160 0.638788731 0.774343830 0.020250947 -1.124064949 -0.225660155 1.020129356 0.688337551 0.320795140 0.386471716 -2.590695971 -0.402723838 -1.113907380 1.015225913
-1.318127736 -53.573285097 -6.672095350 0.524122173 -0.621226366 -0.480746152 0.329024143 -0.340050658 -0.782866835 -1.418968806 -0.026017363 0.247289489 -0.144695974 1.182184571 -0.728738472 -0.964055246 -0.981345161 0.330380858 -1.134823354 0.554012749 -1.298298825 0.670877771 0.180475335 -2.295956923 0.334691900 -0.057691151 0.531886858
0.947935657 -47.018127133 -11.961434335 -0.370847614 0.173446336 -0.715889190 -0.565589147 1.664831776 2.819921765 0.708810642 -1.426967847 -0.830635770 1.175943673 -1.535292207 -2.242980914 0.131879397 0.892835040 -0.192942510 2.944412960 1.166331358 0.773369466 -1.378505992 -1.299175154 -1.251797872 -0.661361861 0.548185325 0.688451272
-1.315859470 -59.784739877 -17.206456450 -0.239390599 0.447025152 -0.859786416 -0.060232658 1.898023406 0.723156225 0.766103291 -1.319674061 -0.007415989 0.228884631 1.740996868 -0.299524241 0.584640922 0.433560662 -0.473812156 -1.012920025 -0.128874056 1.528716484 0.069204824 0.488015081 -0.281889320 -1.269107914 -0.462671955 0.805581465
3.218203909 -54.299214811 -14.975029027 0.668948003 -0.019469109 -0.445061826 0.595020582 -0.311001095 1.419059144 1.042904517 0.009961872 0.150675380 -1.019829387 0.544483827 -1.296912140 -0.416042018 -1.514483313 1.546860520 -0.533284497 -0.243714667 -0.188887386 1.266554989 0.622300918 0.985069209 0.330712875 1.132388087 -1.405733561
-1.341981998 -50.243781728 -4.857387741 -0.870452148 -0.300488693 -0.367423866 0.130458064 -0.697064661 2.102489695 0.569634156 0.934576481 -1.648962634 -0.267759940 0.452752639 -1.024397171 -0.418066328 -0.579513225 -1.103281045 2.029100429 0.497520140 -1.290158787 0.992213282 1.633328716 -0.728598136 -1.118778383 -0.538481375 -1.043049375
-3.277985142 -53.667560274 -3.318148552 0.570527981 -0.182010641 -0.799324899 0.049493998 0.268569539 1.939739385 -0.056275681 0.619111948 -0.489511759 -0.932112732 0.299030126 -1.554067533 0.619784225 -1.613894544 -0.592674664 1.241494263 1.960946616 -0.131279101 0.047124214 -0.138963072 0.088144224 -0.111181684 0.626031480 0.043568699
-9.494496643 -50.004492107 -13.025597474 0.657472307 0.281016190 0.699029622 0.010846822 -0.288350769 0.231786962 0.052857953 0.660875129 1.488496495 -0.138317310 0.465230278 0.935828564 -0.093438403 -0.653542558 0.104467138 -0.874852048 0.662466233 0.704693696 -0.679364620 -1.302539192 0.733331586 -1.406372071 -0.179192350 0.592183688
0.201469794 -53.438095769 -8.459059370 -0.294062130 -0.071561739 -0.573035957 0.761601059 -0.167002193 -0.871698601 0.801885870 -1.187878051 0.170773181 0.712564986 0.302497157 -0.374467927 0.129994644 0.046578271 -0.108096077 0.199423606 1.898890949 -0.971069117 0.689872711 -0.557768167 0.284400831 -1.071113116 2.492749909 -0.629860477
1.035836056 -59.592516447 -17.666588925 0.251054631 -0.614430962 0.747959674 -0.001578440 0.387801170 1.100353021 -1.581126437 2.942263398 0.855166887 1.267940755 0.864958142 1.372189366 -0.781668257 1.290446835 0.641990437 0.489635129 0.376647997 -0.126525706 0.553640812 -1.595069951 -0.302450664 -0.433109035 -0.871473389 1.129333243
1.844484193 -58.902899865 -12.393265333 0.325203557 -0.451125474 -0.198343804 0.807086233 -0.292212048 -0.918812459 -0.029142681 -1.918060764 -1.233741779 -0.678250190 0.370245472 -1.403084004 -0.393946234 -0.474734468 1.085576590 0.482506292 -0.102958242 0.841281041 -0.105447435 -1.731925116 0.371105917 0.618526306 -0.227085418 1.082338389
-3.022885403 -51.180025332 -19.328100413 -0.468348690 -0.504889682 0.603297969 0.402203275 -0.603393702 -0.083673652 1.307963147 -0.947334125 -0.673305131 -0.228330138 -0.126252093 -0.691916124 -1.109121307 1.363504182 -0.462239382 -1.512054430 -0.644754237 0.967017315 -1.990481005 -0.019838282 -0.571731992 0.136548603 -0.818979041 -1.119900481
2.226837047 -48.747232271 -5.775837086 -0.470062928 0.414889147 0.237128687 0.742076698 -0.926184317 1.119173114 -1.739444304 -0.356529705 -0.401488997 -0.255628232 -0.734933821 -1.639733605 -0.148836112 0.296155403 -2.055459411 1.421987394 1.548098686 1.596515788 1.121203719 -1.303973745 1.408582816 0.689314675 1.071454369 -0.718111681
7.813041612 -52.051971532 -12.358292681 -0.313306470 -0.623839718 -0.268492900 -0.663757957 -0.748957156 -0.992076019 1.360171656 -0.523865530 -0.667167539 -0.014740326 0.563878615 1.444207546 0.259508208 -0.408226413 -0.755916127 -0.772426677 0.788503124 -0.192914543 2.193193063 -0.546564567 0.136966994 0.181240653 -1.272431016 1.376218541
5.073831818 -57.496820941 -19.015018252 0.079684021 -0.097037182 0.458052869 -0.880012393 0.389212078 0.937813060 -0.849478874 1.813289763 -0.812397073 -0.785511853 -0.923747384 -0.392380900 0.763292025 1.353477104 -0.535428219 1.019228702 0.575577237 -0.131056952 -0.893730990 -2.395379331 -0.225090492 0.186751091 -0.245039516 0.300720081
-6.238673986 -54.966146638 -18.552625200 0.105851403 -0.729547922 0.388700690 -0.552690766 0.190645426 -0.684874340 -1.858792247 0.973457522 0.327412988 1.655320104 1.106070382 0.888067846 -0.875303834 1.373966032 -2.352611919 0.135491220 -0.510357210 1.376333900 0.027762992 0.837691924 0.127331538 -1.957921273 -3.327463637 0.415689644
-4.105724974 -64.111007280 -12.377353333 -0.422088528 0.382845951 0.142261069 0.809340497 -0.917340966 -0.095675760 1.267309488 0.945923535 1.317647991 -1.817147477 1.403198095 1.343881402 1.157033285 -2.677431646 -0.254713838 -0.244910606 0.693753700 -0.187256898 0.379289266 1.819305340 -2.456962657 -0.020679583 0.197385678 1.184490514
-3.482967096 -48.829688070 -17.317393686 -0.571927259 -0.253106846 -0.674250922 -0.392710872 0.900858595 -0.942035555 1.920744266 -0.366714857 0.900630400 0.088216948 1.579182698 -0.002216758 0.158232225 0.711528803 -1.604646091 0.930443739 -0.207251437 1.144944133 -1.189693452 1.904629091 0.770296313 1.692423105 -0.914283873 0.396223875
-0.598825918 -61.852605220 -12.246792066 -0.562897450 0.418380669 0.387976345 0.597978622 -0.279547035 -1.712498689 1.369599767 0.942694635 0.426019413 -0.874280589 0.003912265 2.220486683 -2.453867471 0.317689871 -0.706861510 0.726002438 -0.418643969 0.030950974 0.313308427 -0.264347140 -0.270493626 0.195566697 -1.136151667 0.179354197
2.123979889 -46.289704329 -12.668401146 0.344052559 -0.875209206 0.155706985 -0.302311126 0.812598457 -0.329010595 -0.896278157 0.189899623 -0.141380097 -0.618937511 1.544374202 -0.945345948 -0.887427220 -0.227468615 -1.208337698 0.859456020 -1.475173276 -0.361968943 -0.203731319 3.093289694 2.090690595 -0.818059369 0.955344071 0.864761159
2.885277526 -59.572165259 -13.750510936 0.397158593 0.184427350 -0.669186956 -0.600366906 1.674834110 -0.882081309 1.050475907 1.656160082 0.346088792 -1.158863582 0.666062653 -1.644578804 -0.540158750 0.315896968 0.389475615 0.113400411 -1.593952511 1.124012204 -1.888975200 0.464953109 -0.127344179 0.667304419 1.938089376 0.716244117
-0.103588657 -56.690365284 -21.839276725 0.497277780 0.688022837 0.348133526 0.397671262 -0.611758833 0.897244347 0.199054142 -0.014297445 0.106309980 0.909945602 0.407585777 0.075094696 -0.357617335 0.862564365 -0.981396054 0.561368554 -0.947578741 0.472610480 -0.407737078 -0.248555281 2.155838141 -1.817309722 0.483821235 1.146079898
1.787904057 -62.297235929 -7.814263158 -0.748155798 0.477325843 -0.214906703 0.407723008 -1.426788014 0.623283032 0.211241486 -0.919065421 1.168113121 -1.113146137 -1.539797212 0.044796229 -1.646939127 0.471014158 1.131715487 1.209007789 0.568249156 0.649974145 -1.266167243 0.904510430 -0.722204456 0.929485514 0.452281489 -0.421622953
-0.701054699 -54.195078479 -16.470777204 -0.377172483 0.133192992 0.002561385 -0.916511857 -0.850890687 -0.459939602 -0.953222986 -1.748368638 2.546744969 0.025134764 0.085241878 2.030642055 1.196458840 1.276034329 1.350163955 0.278886764 2.573137880 -0.106679112 -0.361335719 -2.066704861 -1.139945740 -0.681298952 -0.827344181 0.009652138
-0.710070047 -50.543298107 -4.379757666 0.775725060 0.051119377 0.618949191 0.111979192 0.353970408 -0.418256626 -1.427307121 -1.766853527 0.731890882 0.261913311 -0.698940841 0.161391784 -0.417377837 2.284285444 -0.568989313 -0.470429528 0.012524680 0.277814419 -1.367543434 -0.802494894 1.434682235 -0.666625499 0.101724548 -2.122028848
1.585880449 -62.692734505 -12.951864293 -0.410662205 -0.801395332 0.287684301 0.326128532 -1.520334038 0.105004487 -0.784706132 -0.710067099 0.825511538 -0.480033679 -0.888394885 0.327497734 0.438800903 -0.458067964 0.214729934 -1.131703456 -3.449300547 -0.473632445 1.123794801 2.497749459 0.282879138 -0.688377377 -0.464355156 0.536281891
-1.338772307 -62.241935492 -9.468594738 0.377324118 0.029430089 0.504779092 0.775859812 1.552546885 0.439284779 -1.416053515 0.803825783 -0.125856994 0.547889914 0.706612174 1.135228077 0.142192094 -0.296449794 -1.242851672 0.963980702 -0.039859448 1.108598476 -0.629536608 0.301656823 -0.395684166 1.108607359 2.263297846 0.250813255
-3.921171943 -47.054192837 -6.430003906 0.494130900 -0.447904111 -0.433361655 0.606147042 0.239965500 -0.202049237 -0.609564410 0.643604310 -0.600924981 -0.231390977 1.316754582 0.456084258 0.054395619 0.649880216 2.396408479 1.487118521 -1.338864923 0.552317454 1.390814712 -1.227834022 -0.323332555 -0.753341568 1.101700127 0.642996649
-6.580070993 -46.794407342 -11.261731340 0.625559683 0.040293882 0.307422966 -0.715920810 -0.480218985 0.343172009 -0.810627158 -0.035720954 -1.738485326 3.118576234 1.411355889 -0.216014111 0.838885235 -0.018171655 -0.774262504 1.346907356 -1.065953414 0.485226676 0.082312007 0.228433608 -0.312406704 -0.036890186 0.838115927 -1.420141484
2.505187936 -58.075064586 -16.851406680 0.143601823 -0.184353922 -0.178931312 0.955706929 -1.196968401 -1.075655437 1.599624122 0.224220874 -2.179083034 -0.271048377 0.732609252 -0.924071097 -0.657051745 0.225483112 -2.934604346 0.195143545 -2.287393420 -1.665954196 0.243641755 0.428730242 0.412390347 -1.017398593 0.560575915 0.778571271
5.957903995 -59.093729409 -15.312235056 -0.906453957 -0.048582764 0.175956447 0.380815267 0.560682718 0.055251192 2.160800626 0.859074471 -0.058582524 2.454502906 0.880164080 -0.001141426 -1.243938208 -0.609557903 1.554714747 2.814122878 -0.659623011 -1.454964372 0.253310139 -0.641744701 0.514971728 -0.526308098 -0.570129803 -1.312871281
-9.069478141 -59.159521003 -13.602342594 -0.615905347 -0.217418881 -0.502885111 -0.566123837 2.088059186 0.353046359 0.799720798 0.007724098 -1.242061356 0.547920815 -3.449675361 -0.463740762 -1.732531853 0.695972354 -0.333845793 -0.539365692 1.522774089 1.008680878 0.695982988 1.360827638 -0.674669615 1.020025163 0.165723479 0.160135292
-1.660377504 -59.313059105 -20.432376383 0.372723570 -0.510254162 0.483366008 0.605867257 -0.482933158 0.080397581 -0.835454545 0.330858024 0.324178329 -0.231187767 -1.839433658 0.350863959 -1.100748579 -3.112015042 -0.599195147 -0.914057418 1.841125009 2.212037869 -0.236442342 -0.330782526 -1.389469084 1.429341550 0.542747477 -1.405615016
-9.345895571 -57.683377393 -17.017947374 0.336548759 0.429296473 0.084316228 0.833864644 1.447041248 -0.995083602 -1.474624401 -2.224503236 -0.682208374 -1.627573795 -0.864735857 -0.566379877 0.155454297 1.145577725 0.558167006 0.994202269 0.445118474 -0.735272530 1.344491775 -1.314633652 0.482195537 -0.256996983 0.770232885 -0.139856225
-5.155596894 -46.018815366 -9.349885640 0.139874210 0.575553731 -0.497789820 0.633544319 -0.938619745 0.573823796 -0.483120237 2.393235412 -0.509214425 -1.159461645 0.686201149 -0.377647868 1.193525708 -0.704911787 -0.225979214 0.060460844 0.897186425 0.170149587 -0.765867675 0.589371075 0.105488232 1.960913795 -0.760961749 0.054150347
6.225902030 -53.260654943 -8.445268811 0.390295824 -0.847843982 -0.355016860 0.052846767 0.524469429 1.065967379 0.825572278 0.627442935 -0.169650943 0.128332161 -0.600523683 0.168467587 1.018183170 0.318270975 -1.716276325 0.255415407 -0.669339742 -0.404547833 -0.262688808 -0.735630591 -1.526784841 -0.275307013 -3.092130520 1.086271244
5.423151138 -55.031185267 -16.691043357 -0.150894867 0.731945093 0.341733278 -0.569829349 0.146440160 -0.296140008 0.285051546 0.584055261 1.079008562 -0.900732304 0.222068430 -0.655525571 0.592016011 -0.535887345 1.218261565 0.097993474 1.090768575 -1.623557413 0.899941666 -0.417203263 0.304903350 -0.753724270 0.086972421 -0.310475706
4.609022460 -56.598037623 -17.586039122 -0.492500893 0.501282148 0.574339505 -0.419872851 1.266071344 -0.418714666 0.389867749 0.011379367 -0.388877872 0.086213113 -0.059998007 1.827916450 -0.761051852 0.903436484 -0.065506037 -2.564127922 0.278795821 0.137190036 -1.282509251 -0.403440421 1.051631942 -0.541095208 -0.088934853 1.915435944
3.189612344 -61.494700921 -7.533273121 -0.281803907 0.312739297 -0.653756595 0.628794883 -1.053455323 1.295160873 1.438169319 0.900745697 -1.092480499 1.257509864 -0.335308421 -1.039603631 0.747065592 0.823618853 -1.118966548 0.284072803 -0.587960739 -0.008069213 -0.472718008 1.272326877 -1.665447388 -0.718018974 1.023154127 -0.183622480
