8.216952998 -47.236282392 -27.756067461 0.093744275 0.073341355 0.662137157 -0.739869881 -0.932555548 0.448766319 0.605781601 -1.268459186 1.242599464 0.478591577 0.408184011 -0.680878610 0.785481769 -0.243208483 -1.354645948 0.368499214 -0.461307307 -0.062254009 0.985725057 -1.113640023 -0.202224363 0.580135573 0.042546507 -0.724743267
11.842250120 -29.887511746 -27.261803031 0.324009395 -0.252327984 0.838980301 0.357016184 -1.773834061 0.747483479 0.664966369 -1.327963432 -0.043981975 -0.400543949 1.455895142 0.980010085 -0.049416751 -0.274175982 -0.073292431 0.457461840 -0.948249834 0.200231729 0.420009953 0.863711837 -1.554771696 -0.818440818 -1.433103610 -1.575692669
17.345203634 -41.215312492 -29.811667220 -0.314343902 -0.638824719 -0.397075432 0.579156275 0.023034652 1.939050702 -0.872736744 0.770177375 1.705700352 -0.836763949 -0.364781602 0.943649199 0.361633580 -1.058045597 0.913794592 -0.054667136 -0.456886127 -0.837979847 -1.471856461 -1.325098329 -1.718156047 -2.069063749 0.500778302 -0.400365412
8.959652225 -33.850471606 -21.301534847 0.367093364 0.240561063 -0.366837546 0.820245727 -0.167047675 0.557815332 1.250824659 -1.159605536 -1.070583197 0.525838624 0.234290206 1.506364770 0.378998774 -0.802443330 -0.574890771 1.291105788 0.940114841 1.129596159 -0.212223224 0.515412069 0.974969568 -0.933150266 0.067179077 -0.858759938
13.078626446 -44.718366674 -27.156017077 -0.674276519 0.387329454 -0.492765314 -0.390524539 0.659607015 -0.357633179 0.367382367 0.159233500 -1.651102405 0.724916000 -2.048385677 1.679589333 1.317302238 -0.360435161 -0.260208833 0.572311226 0.124354698 -1.501574597 0.639231355 -0.039167048 0.029498531 1.233711464 0.868496180 -0.734539731
6.252297201 -39.807356971 -28.901525351 0.137186235 -0.445277719 0.881201757 -0.079944691 -0.675650737 0.003856372 1.629018745 0.273205595 1.529866048 1.539867458 0.294293593 -0.102696664 -1.349575423 0.102354034 -1.411199013 1.368840777 -0.859567966 -0.190445673 -1.317140020 0.009890941 -0.044123299 -1.519896409 -0.003172874 1.695826831
14.531182400 -38.718770228 -36.344847536 -0.842728766 -0.457316683 0.182796654 -0.217382292 1.319361821 0.359805315 0.548330148 -1.112599824 0.823812087 0.481248302 0.167719064 0.513616712 0.827010158 -0.339026185 -1.158406366 1.323348644 0.078136702 0.343977406 -0.858251182 -0.698061814 0.069844517 -0.167533227 -0.402551975 1.019139870
13.001414626 -34.403721066 -36.242367609 0.415476338 -0.848639820 0.178726096 -0.274311594 -0.405650616 -0.556010375 1.270561324 -0.700824058 1.218585132 1.912063595 0.743506423 -1.139796569 -2.024249003 -0.265440046 0.728914644 -0.307740246 -0.507562701 1.477722940 -2.204962107 -1.192742601 -0.812932985 -1.109612559 1.026313980 1.272882593
16.480233473 -36.898916899 -28.677496662 -0.623623533 0.750179281 -0.046146392 0.214930791 -1.360765047 0.372222729 -0.126394350 -0.269653702 2.586227297 -0.180344801 0.181057202 0.907072622 -1.167173871 -0.629018518 1.381916856 -0.455039896 -0.403001041 1.247587863 -0.301426083 -0.216985798 0.413436846 -0.972354172 -0.558158753 0.554429961
13.854961067 -36.945539506 -34.216042894 -0.201686195 0.263050430 0.859681492 -0.388683524 -0.476876194 -0.764389071 -0.003369349 0.794638601 -1.816637072 -1.104400140 0.236616849 1.522326977 -1.225485132 -0.231049975 -0.047469243 -0.669253601 -0.139015699 -1.306886157 -1.236769374 0.548184066 -0.034057367 1.640936861 1.064927228 0.815453157
0.213191414 -35.889990048 -25.708613734 0.303908983 -0.422585067 0.527998176 0.671028403 -1.800079886 -0.195890945 0.706802683 -0.650966346 0.092196614 0.279611873 -1.245680781 -1.383129538 0.391195516 -0.464768228 0.136030329 0.685835627 -0.645163231 -0.280696477 -1.031707118 -1.056927527 0.809680820 0.229900026 -0.828027937 0.033722443
9.833234493 -41.408080798 -35.174524597 0.383093958 0.385023483 0.834382262 -0.093819925 0.291352854 -0.832586452 -0.093856710 1.973678813 0.311437279 1.266437697 -0.397092399 -1.138881440 -1.408654226 -0.962410482 0.566431913 1.389749975 1.321668150 -0.817231279 -0.510666818 1.005845753 0.270033329 0.794418096 -0.145697317 -0.552093173
4.717216741 -37.220692432 -28.196711177 0.030557385 -0.493267547 0.029104797 0.868853431 -0.176614198 0.441790282 -0.754239393 -0.633956873 0.349439044 0.487166459 0.039510442 0.690908579 -0.026804605 -0.246303474 -1.087507629 0.205245294 1.933561261 0.444624731 0.245481297 0.561537251 0.268891100 2.088698826 1.015176521 -1.172775244
13.932652284 -38.614117001 -30.130759258 -0.775237710 -0.589875137 0.148715407 0.170110390 -0.426010449 0.620551744 0.804309397 -0.159451894 0.886470281 -0.337682518 -1.463949736 -0.111361055 -0.815385705 0.789417718 -0.964950693 0.382304544 -1.248860730 -1.377339682 -0.065613732 -1.373131761 0.382868755 -0.468537052 -0.215481309 -0.552264831
1.409367916 -38.913397196 -28.633829745 0.537840545 -0.109510641 0.495192668 -0.673438334 -0.634623866 1.703104459 -1.090467457 1.049921508 -1.052974618 0.348693358 -1.673169509 1.242360776 1.533036078 0.134327349 0.706993296 -0.765102556 -0.083677204 -0.289815738 -1.048264791 -0.170281077 -1.134696101 0.708230698 0.104472149 0.103732772
6.187698040 -33.959260601 -23.336991303 0.208930279 0.047062368 -0.965952125 -0.145154279 1.120274435 -0.799536839 -0.755109753 1.755014576 -2.617602909 0.817658921 -0.008556695 -1.029940898 -1.778373613 0.816386665 -0.605196165 -0.217896577 -1.088985853 0.249607699 0.023817156 -0.311329797 1.578824522 0.634645047 0.344468806 1.815862770
3.060212260 -35.145190982 -29.841258771 0.469855325 0.263024016 0.617669289 0.573183209 0.978964184 1.201658124 -0.946278466 -1.240456190 0.414150107 -0.524924238 -0.912172454 -0.851464452 0.910451332 0.803143774 1.175798922 1.437415290 1.453992954 0.588952634 1.529429464 1.026177642 -1.206822917 -0.015090420 -0.783768029 -0.336143217
3.160206100 -43.363469614 -24.357696119 -0.118594152 -0.803321482 0.155466737 0.562530103 -0.546924662 1.621496036 -0.694686374 -0.336128112 -0.784372001 -0.208767290 -0.188718309 0.355084385 -1.557865039 0.405169555 -0.370067203 0.023746814 -0.610083662 0.623070037 -0.728697638 1.562447398 -1.024403734 1.779816826 0.275101216 -1.023534019
5.639268634 -40.270086997 -31.865537562 -0.632822511 0.332688772 0.141163236 -0.684782294 0.734834144 0.073359702 -0.196132604 0.240274530 0.100439271 2.464509940 -1.293651221 0.312295525 1.121934583 -1.550185519 0.709275384 -0.679578247 1.440676581 -0.965369468 0.738546003 -0.707508612 1.670958174 -1.489299632 0.606636941 0.378272678
15.715955696 -38.709701062 -26.046316157 -0.341037409 -0.329688588 0.597507115 0.646516951 -1.216072972 -2.051590809 0.702472048 -0.402450009 1.532149953 -0.128823299 0.706276011 0.146699684 -0.734049242 -0.239889992 0.711532652 -0.540535465 1.579730524 0.933975912 1.377916546 -0.278775969 -0.044212664 2.007128274 0.338315092 0.267004112
11.554798431 -36.922817586 -23.770726897 0.493113051 0.431279151 -0.732707305 0.184330728 1.693882336 0.753099080 0.745590840 0.675133756 -0.509849461 1.768471185 2.267311912 -0.769412845 0.401758971 -0.773242550 -0.299239538 -1.186596820 -1.136352470 -0.478541945 -0.351786329 1.203792769 -1.516491316 -1.143661228 0.354873163 -0.379517534
1.280295266 -39.679570812 -24.128551513 0.180960114 -0.001013701 0.213264379 -0.960088910 -1.306654448 0.070344582 -0.229016718 -0.604490784 0.727758755 -0.659167110 -1.100916594 -0.320789252 0.116764789 -0.108315556 -1.478411502 -2.400877175 1.534285949 -0.008222548 1.408276845 0.428368306 0.503349114 -0.538193998 -0.149208797 0.526802031
14.802563025 -34.861584716 -31.573984811 0.257629450 0.522159550 -0.723691532 0.370468673 0.144588028 -0.949709310 0.500330293 0.618164225 0.165676444 0.809111478 -0.149346984 -2.325839066 -1.116832283 -0.144442650 1.579545105 0.841495384 -1.099223297 -1.391034810 0.847811077 0.564928002 -0.522625652 -0.649661442 -0.710309408 0.093772908
2.573835075 -36.384226467 -25.788355599 0.495916105 0.360660078 0.040895249 0.788872045 -1.100623237 0.414044210 -2.831036960 0.280267228 -1.482327675 -0.336888625 1.424634412 1.139000138 -0.203604991 0.338844200 0.746334949 1.117179666 -1.756260529 1.510065452 -0.597898268 0.316797925 -0.901544940 -0.751192895 -1.190085539 0.323889599
14.338061656 -38.184975390 -29.463500722 0.616356329 0.276279625 -0.498407914 -0.543474007 -2.012743555 -1.704376483 0.569151091 -0.431392629 1.842904254 -0.693355361 -0.976942664 -0.294688913 1.600348164 -0.943706348 -0.454145581 -1.002221685 1.151362531 1.538346351 0.006725408 0.561723929 -0.106306479 -2.285002024 -0.610505694 -0.564364814
16.143077653 -42.966891466 -30.415998206 -0.251885882 -0.276248422 -0.898992592 0.228150456 1.359810373 0.177104266 -0.323314269 0.281344574 -0.753619368 0.434703194 -0.398650275 1.403295632 0.957823033 -0.040841694 -0.361311192 -1.376873281 2.441632133 -0.518632165 0.519644905 0.705637399 0.670431287 1.391109281 -1.182095863 0.124114227
3.507292384 -33.030125600 -30.301338868 -0.272131011 0.339083375 -0.817060409 0.378654811 0.201409477 -0.400315126 1.249129460 -1.414750634 0.124566462 0.546911769 1.044903277 -0.994736838 0.121006150 -1.826903102 -0.018591597 -0.171937874 1.439693606 0.618944397 1.339251567 1.132287484 1.923376864 1.653032116 0.262530280 -1.738306522
14.295430353 -44.329168662 -27.484596581 -0.364748929 0.927249272 0.075477351 0.038342880 -0.345492062 -0.167259277 0.252990643 -0.220142734 -0.276998865 0.481055294 0.761919324 -2.139399658 1.152094842 1.641859363 0.212842384 0.194899596 -0.323926369 -0.059820987 0.958212775 0.060345840 -0.124839019 -1.476658712 -0.118731184 -0.175650423
10.795043607 -41.336040172 -33.071189966 -0.474966913 0.305183112 -0.261096467 0.783005961 2.422021200 -0.444075648 -0.002797218 0.594080146 -1.036037253 0.742497300 -0.147031243 -0.912819432 1.465511759 -0.299009607 0.045419086 -0.137380958 -0.091295401 0.612469449 0.390248799 0.824217978 -0.295621007 1.975746031 1.639544241 0.551972507
7.599498635 -45.832080217 -25.809181555 -0.192611864 0.832382415 -0.457351600 0.246717851 -0.319056413 -0.010575933 0.791367049 -0.827200373 0.553961172 0.265506028 0.011367318 1.065257393 0.306425444 0.945248415 -0.193662062 1.883455067 -0.155841827 -0.787780525 0.399593310 0.971917386 -0.737370209 -1.012326778 0.807090923 -0.436277581
9.123696669 -35.842210218 -19.544782833 -0.654435173 -0.188359708 -0.458583064 -0.570908748 -0.298561057 -0.353514073 -0.277474630 0.011749461 1.284884884 0.579232808 -0.200422785 -0.044104822 0.032516105 -0.646056183 0.288016276 0.818259692 -1.314832417 0.318775324 0.272205837 -0.759195534 0.318047317 -0.107880039 -0.409977606 -0.386076075
8.491983488 -33.150740695 -21.664089901 0.133448080 0.470907709 -0.871974008 0.009943254 -0.635127934 -0.279614394 -0.087954063 0.267932347 1.349872146 0.629721177 0.299340369 -0.051541716 0.010666932 -0.222398956 -2.203139553 0.713503615 1.482050324 -0.307894967 -0.449395101 -1.199382613 -1.719571597 -0.085683655 -0.670645050 -0.350076489
14.910364606 -33.623509061 -25.386059521 -0.121602346 0.361208748 0.192726947 0.904210945 -0.798559184 0.227553497 -1.565717678 0.938539495 1.927769968 -0.742391028 1.295543184 1.060312461 0.662223311 0.490186094 -0.492246090 -0.260817045 1.667877221 0.275274092 -0.558976056 2.383964192 0.432284486 -0.161537429 -1.018350480 -1.010802034
9.167198208 -36.099704559 -19.574289109 0.305213024 -0.806221928 -0.463656646 -0.204630708 1.169489099 -1.266863421 -0.864524598 0.336956731 -0.348293410 -0.485649012 1.132051746 -1.132152963 1.355190942 -2.350907780 -0.373338313 0.647561679 -1.131381419 0.980728457 -1.312881312 -1.616717575 -0.844929103 1.416341150 1.127653212 -1.217643514
12.297663134 -41.131780185 -25.448087625 0.571520351 -0.227183203 0.330412756 0.715946709 -0.351368070 -0.120699510 -1.052642330 0.064490187 0.416458337 1.231375142 0.566816401 1.217645826 0.041918462 0.080295586 0.660114410 0.410518021 -0.278272754 -0.774670338 -1.619515761 1.698297025 -1.495907024 -0.352982893 -1.247695408 -0.744695299
17.772690715 -40.285651836 -29.377368087 0.553807999 -0.293362608 0.777440015 -0.053123477 -0.558585456 -0.663664567 -0.370237968 -1.103363601 -1.818488195 0.630852848 -0.305031446 -0.541701587 -0.023545534 -0.171292323 -0.307155370 0.793825320 0.270818242 0.249956530 1.242234608 -1.473449949 0.858415733 0.110473225 -0.748096817 0.582517800
14.071428149 -46.096095882 -29.126745269 0.054174098 -0.232433094 -0.318636398 -0.917339016 -1.261137044 0.778765010 0.669978816 0.053342180 0.284773161 1.841450476 0.223271874 0.563615404 -1.222578906 1.663075184 0.015137864 -0.166356678 -0.112283750 -1.086713577 0.695088866 -1.526652115 0.307835717 0.670502666 -0.347693005 0.017873045
2.468815494 -35.918182672 -32.133188290 -0.335125746 0.045785383 -0.332063715 0.880527184 0.485735371 -0.752743661 -0.320418812 0.276858005 -0.073952770 1.007488643 0.465603711 0.678837365 0.598838404 0.283824698 0.007331395 -0.233338461 -0.166293937 0.074569442 1.442338888 0.062172238 -1.193248290 -0.193621678 -0.293697591 -0.065505789
8.668268663 -35.742270043 -19.753816932 -0.779858962 0.341131528 -0.061994498 0.521158289 1.355583807 0.276726016 0.647338585 -0.098656762 0.318826902 -1.767830214 0.678130630 -1.246413131 -0.254057789 1.371355092 -0.297558192 0.705280416 0.362995335 1.476688029 0.429352621 0.160101283 0.122099797 -0.771588017 1.269205339 -0.253789304
11.523506863 -34.840977347 -28.981040865 -0.039569246 -0.170195669 0.379772510 0.908427515 -0.397008145 -0.312646238 0.576663762 0.391250948 1.944618018 -0.001262719 -1.709298543 -1.124571561 -1.127994593 -0.326765514 -0.433951007 0.415228256 0.144300285 -0.646605080 -0.219835045 0.265334187 0.349806137 -0.109096594 -0.140553284 0.324179035
7.162233428 -28.992235923 -30.468404208 0.479498284 0.072730350 0.649335038 0.585794930 0.622420446 -0.397683939 -1.102208002 -1.015703156 -1.169096313 -0.095332019 -0.405553909 -0.472043225 1.725026651 0.269151955 -0.940657356 2.045971309 0.526251604 0.002797864 -1.173749717 0.309394775 0.581049008 -0.740509599 0.118389775 -0.715558982
15.253643669 -43.532068965 -23.025230049 -0.849433553 0.075823404 0.053853307 0.519435532 0.834527463 0.779299244 -1.352973591 1.940782913 -0.517769609 -1.024424766 -0.679238607 2.099011884 -0.182684579 2.203321114 -0.678784529 -0.453003913 -0.315924742 0.704011031 0.265501968 -0.388861003 0.406622197 0.069052525 -0.124823571 -1.411802514
13.437534519 -34.931245173 -35.286927803 -0.371583310 -0.153307138 0.915408628 -0.021208683 1.251594984 -1.088552564 1.672531810 -0.869524466 -1.077726803 0.154848667 0.259364875 -0.001549230 0.015939701 -0.829516465 -0.819588652 0.376682010 -0.161785647 -1.305237281 0.182488509 -0.566335141 0.914734120 0.639344153 0.029134858 -1.541213935
14.961054798 -29.731085565 -30.519702880 0.652718949 0.591360590 0.470220372 0.056066280 -0.497041185 0.737039235 -0.916702851 0.963368521 -0.521136295 -1.674628339 -0.145871600 -1.136279705 0.126796908 1.363448543 0.907929712 0.741195651 0.937431925 0.085309874 -0.810805868 -0.357584674 0.319788408 0.838962501 0.707046808 0.314333339
17.052484616 -39.216416085 -25.084709113 0.688933890 0.436869756 -0.305344684 0.491202133 -0.078273532 1.680835241 0.418426087 -1.071345504 0.012136204 -1.075634900 -1.221501389 0.057294174 0.591489615 -0.993956573 1.097731794 0.807706468 -0.838551881 0.241594250 1.118523831 1.750204172 1.603910765 0.205880104 1.933096831 0.351294095
3.327870298 -37.298228020 -22.622261009 -0.250661261 -0.557716714 -0.324250009 0.721791473 0.889154091 -0.911323052 -0.578250288 1.102147210 0.247006698 0.183623845 0.149538706 1.632846927 1.796045814 -1.043195545 1.833481372 -0.511320680 0.473250320 1.028015596 1.530630864 -0.700635294 -0.867413913 -0.200679055 -0.358340441 -1.029164396
13.411051287 -43.984053781 -33.785800948 0.431621039 0.606045313 -0.544086967 -0.387790833 1.810323764 0.033311645 1.037606407 0.069225168 -0.485089368 0.430146628 -2.344592292 -0.948367244 0.169374495 1.035752763 0.921045366 -0.549088186 -0.109187140 -0.447664187 -1.117350419 0.430346639 -0.195156337 -1.404464599 0.344041674 -0.222536798
3.558255873 -34.260797073 -30.173319108 -0.873926540 -0.326171277 -0.156443907 0.324638268 -0.428066248 1.164092092 0.911146271 -0.274281579 -0.448492567 -0.942686571 0.077219709 0.087419439 -0.171133638 0.894133021 -1.817034054 1.069833728 0.324019886 1.213946641 0.694517059 0.602058205 -1.030746799 -1.671909110 -0.136772801 0.266928941
5.407255601 -44.125360860 -27.869365500 0.466175761 -0.425367522 -0.230972369 -0.740536559 1.112425501 -1.566382108 -0.617829583 -0.440141198 -0.928220620 -0.342397303 -0.314867307 1.049004433 -1.193425858 1.306116914 -0.078123229 0.176802432 -0.936520832 1.359668801 0.825374932 -0.314068256 -1.011272602 1.155819621 0.935899823 -2.472127248
6.779262423 -44.610978879 -33.383617571 0.812133242 0.405735145 0.070554051 -0.413328821 0.371741099 1.198121808 0.071044289 0.715166798 -0.964681991 -0.359271355 -0.079709967 1.244559791 0.237162227 0.200481265 0.931564123 -1.452083530 0.190450172 -0.782080603 -0.523498921 -0.198365164 -1.331794101 0.502946667 -0.587146436 2.020551835
10.531814945 -38.708376147 -19.900404932 -0.302471675 -0.769478914 0.527796765 -0.194534476 1.814991104 0.874341054 1.104317511 0.201272650 -0.139694812 -0.899953080 2.107117147 -0.475430780 0.400980327 -1.080551559 0.093896219 -0.892625731 -1.034393292 -0.292757427 -0.086412873 0.081834174 1.099833215 -0.487740467 -1.318007059 -2.179697313
6.188395667 -31.217112273 -29.895935114 0.328670367 -0.674056265 0.405661403 -0.522554081 1.184768679 0.399048215 0.036221902 -1.321773977 -0.048016083 -1.652435191 0.011821200 0.350515638 -0.340873683 -1.101069780 0.604686362 -0.427177602 0.999908000 1.342839216 -0.782542905 1.778003770 -0.647842384 0.754036566 0.930583713 0.426107256
13.387103426 -32.978186842 -21.979263452 -0.168074922 -0.980363536 0.033349811 0.097600963 0.027589825 0.257765987 -1.744018500 -2.396852902 1.156990598 -0.150895780 -0.916533208 0.575100961 -0.704508622 -0.768126386 -0.625068181 0.548772136 0.127070528 -0.198817560 -0.287998058 -0.917717569 0.671922051 -1.276643274 0.576783162 0.081115248
4.842034387 -41.051414786 -29.436375340 0.547256771 0.739128831 -0.341734560 0.193432388 1.397434933 0.746196977 -0.481447255 -0.369749546 -1.356084540 0.572944518 -0.818608157 -1.698390023 0.491785374 -1.759436538 0.215930843 0.962768543 0.150544421 0.075620937 -1.102372096 0.799353991 0.359357185 0.303720147 0.023178068 -0.068872116
12.505982601 -32.668381801 -33.337684632 0.026516094 -0.579013133 0.294349556 -0.759867769 -0.657685436 1.043799320 0.533204180 0.938735977 -0.482054943 -1.786593015 0.920186162 -0.476214808 -0.467794284 0.839158523 -2.254705976 0.254895755 -0.995544079 0.398969160 0.663776830 1.207041855 -1.488283324 -0.527336231 -0.859663376 0.101174342
12.063395430 -42.420539262 -33.093282495 -0.026468251 -0.500912557 -0.657496425 -0.562213921 1.097845517 -0.003728291 1.320948901 -0.633296001 1.242964144 -1.980854685 -1.550028414 0.595958143 -0.720048168 -1.067487424 0.076528176 0.007730293 0.541352448 0.885394333 1.120259054 1.092864876 0.756149592 -0.082256891 -0.586078347 1.068447831
5.488535774 -39.920717453 -36.684902426 0.113660988 0.517747935 -0.472923617 -0.703819229 -1.246536862 -0.476733278 0.033110643 1.615393457 -1.295311081 -0.748251073 1.861343648 -0.688323723 0.434117094 0.303118513 1.299662878 -1.207062767 1.294602506 0.077776178 -1.504626658 -0.792107735 -1.430319699 -0.212422870 -0.041472821 0.395773703
9.951453811 -37.164501999 -35.183640123 0.432313423 -0.395026535 -0.430618543 0.686750909 -0.506774964 0.121150171 0.336540625 -0.192414333 0.818844765 1.467217806 -0.064996934 -1.086690594 1.440456418 1.753478532 0.456042832 0.294361157 -0.694490302 -2.262851551 0.896573713 -0.507284457 0.078181467 0.355785650 0.154605469 0.957355254
3.902065513 -36.455005767 -28.835435113 -0.072910883 0.419911900 0.530362092 -0.732853363 0.429529232 -0.428595112 -1.300230148 0.218301811 -0.069269648 -0.172836395 -1.230285140 0.368568616 0.914073090 -0.305158696 1.349165914 0.028654807 0.603074099 -0.459003350 0.520261594 3.080787332 0.250694508 1.560380925 0.070532671 -0.305217874
16.092540920 -36.094921434 -26.738570559 -0.348324786 -0.061770953 -0.904541550 0.238031042 0.985573171 -0.060552139 -1.195780022 0.994745710 0.426172609 -0.171839315 1.433977442 -1.544640196 0.496841820 0.242421728 1.356090300 -0.888452540 -1.284109545 0.998719775 1.014760704 0.071328745 0.202576727 -0.759407768 2.637557896 0.667193106
10.740474674 -34.323708822 -27.556153816 -0.503843198 -0.649879258 -0.439158995 -0.361854058 0.148151098 0.322305936 -0.386976780 1.503943923 -0.498727671 0.782087107 -0.442388783 0.135292011 -0.793446789 0.259614215 -0.668441223 -0.338323113 0.547420198 -1.562105267 -1.643359258 0.412321447 0.063351572 -0.059969710 -0.903414326 -0.259725153
2.795418649 -36.964882668 -33.229279792 0.822976044 -0.286950647 0.434503545 0.227104441 1.498309552 0.031340407 0.567138835 0.037706717 0.299380181 -0.827709720 0.913192356 -0.503797177 -1.014112873 0.523999100 0.265401470 -0.334852737 0.405433744 -1.776937642 -0.964639375 -1.090323876 -0.446306697 -2.392533833 -1.070906010 -0.007204110
7.344275372 -39.352685068 -29.581684768 -0.969724554 0.147684183 0.186042651 -0.056672780 0.393013619 0.941760605 -0.224882509 -0.287453409 0.291134800 1.443537595 0.744002467 1.011447880 -2.885177357 -1.351583543 1.179625000 0.287545023 -1.936521459 0.331047870 1.107969874 1.355401532 -0.935379377 -0.185866741 -1.032276953 0.507532301
14.166565634 -40.415876937 -34.322327574 0.520921737 0.155772168 -0.839171897 -0.012888091 0.879862481 -0.349821838 -2.336709787 1.955629569 -0.520871837 -0.977336620 -0.203516730 0.831908357 0.066923672 -0.347724924 0.919515919 -2.165643432 1.238961070 -0.292584144 0.344586034 1.151524774 0.626541984 0.672793055 0.432057509 0.149877227
13.785408261 -32.942790747 -27.329373400 -0.309869712 -0.065726694 0.534819680 0.783344543 -0.881460714 -0.028084340 0.045334071 1.475759632 1.277571664 0.609725781 -0.528652866 3.115842974 0.769894515 -0.256265762 -0.701849567 0.268586719 -0.366945977 -2.625664821 0.452495366 0.494425453 0.821009755 0.663904619 -0.589848946 -0.440628790
11.072394926 -34.371766690 -30.526189981 -0.580120881 -0.419501629 -0.651378172 0.251365516 0.397330068 0.402719034 -1.725451264 0.072122271 -0.209494676 -0.896250191 -0.001709918 0.117325255 -0.685695131 0.448954986 0.809717534 -0.111717607 -0.168640639 -0.096465375 0.622340138 1.304217626 -1.212698568 0.240362552 1.284796868 0.365628729
18.849990948 -39.376176506 -27.739379206 0.798887755 0.043212494 -0.541732904 0.257752781 -1.420427204 -0.780897468 0.001861770 -1.604342668 0.426317679 -1.391818170 0.276551510 0.272491022 0.482880521 -0.291935141 -1.189288437 -0.816551051 1.968725982 -0.001881416 2.037568063 -0.515312762 0.685817590 0.292231427 -1.188226316 0.450915682
10.080025310 -37.656602460 -19.440352808 0.140973494 -0.396115087 -0.903680625 -0.081121142 -0.916441028 -0.214511917 0.655826377 -0.296759279 0.037825041 -0.265509159 1.490693434 -0.725008096 -1.274874098 -0.856436303 0.185478434 0.709487721 0.138704963 1.001308719 0.286018306 -0.433617283 0.059803862 -0.377993364 -1.287139084 0.061337789
11.005598549 -41.768625529 -26.665083226 -0.363525883 -0.053137434 -0.810056615 0.456983180 -0.526186865 -1.510888296 0.304315226 -0.769672768 0.385639847 0.187887563 0.691501115 -1.007370003 -1.430278950 -1.513564545 -1.183486285 0.544826114 1.290333669 0.198425730 -1.493873006 1.288733382 -0.239721416 -0.692913474 -0.679169492 -0.296423761
6.881604866 -30.841944788 -29.639283184 0.721012831 -0.255242557 0.622910271 0.164239245 0.760676584 0.310787011 -1.111899095 0.258312409 0.552514918 -0.626878580 0.727262790 0.762687795 0.416755502 -0.400863360 0.141588723 1.438031454 -0.669570910 0.046408514 -0.305438837 0.153959766 -1.201683220 -1.862633719 0.255212208 -0.989505853
6.236896242 -44.580509500 -33.712618398 0.538149906 0.591157867 -0.319912160 -0.508510830 0.837621384 1.699786125 0.196959049 -1.438283710 -1.218238100 1.398547613 0.757318321 -1.078592910 0.515144243 -0.031233206 0.901365323 0.139599665 0.664897781 -1.019402100 1.464748484 -0.649973671 -0.121885136 1.419225259 -1.417433120 1.600722646
10.742640021 -44.365343950 -23.529655216 0.385456985 0.874311819 -0.215267515 0.201647346 -0.384734506 -0.578439865 -1.514852476 -1.072366009 -1.918006581 -0.018139226 -1.532809542 0.177717405 -0.471591165 0.683267816 -0.025122997 -0.885124446 -1.146722317 0.063092121 1.667909022 0.022117084 0.560864561 -0.690749299 3.294728895 -0.166966054
7.845616496 -38.119486966 -21.501654275 -0.332181669 0.002680736 0.521846451 -0.785699964 -1.199194760 1.654759365 2.251789403 -1.211739668 0.752227857 0.454742619 -0.887878516 -0.550296378 -0.007373544 -1.213444306 -0.527596792 -1.232298383 -0.555597007 -0.707052663 -0.667361033 -1.029598204 -0.877288489 -0.573150914 -0.561280016 -0.058698485
14.373377873 -40.039638237 -29.770337012 -0.435833024 -0.398155396 -0.799248634 -0.112798387 -0.592546273 -0.216007076 -1.637628971 -0.664883172 1.040752902 0.590184420 0.161536386 -0.573366375 -0.540534713 0.705014428 0.692448033 0.331375994 0.186234267 0.408416787 -0.608048812 0.373266076 -0.965061052 0.880829896 -0.990406265 0.921037113
13.490538025 -34.310604396 -28.094345818 -0.021107158 -0.441799834 0.536585403 -0.718640035 -0.388431264 -0.519023546 -0.372266883 -0.722106141 1.570643334 -0.256074160 1.649341228 0.652634113 -0.918514274 0.141197509 -0.831867775 -0.551508959 -0.734009883 0.256366711 -1.227922014 -2.107655704 1.828812940 -0.949194731 1.237612199 1.559520506
12.709475221 -35.718726223 -20.375423490 -0.866400183 0.039471286 -0.472495644 0.156654421 0.180829915 -1.358590513 0.272019649 -1.522357149 -0.635722058 -0.887133364 1.187316519 1.956597267 -0.310971723 -1.818272533 -0.444616369 0.637976575 -2.091301376 -0.268572199 0.227309919 -1.300392050 0.255311910 0.076434263 1.208521888 0.417328650
4.892845421 -44.699025716 -32.160426707 -0.477038656 0.083327989 0.856238753 0.179849283 -0.343788110 1.739071607 0.141654018 0.301433906 -1.329959565 0.150887407 0.380629063 -0.344691317 -0.554136038 -0.881668697 0.128424193 0.186682181 -0.540967333 -1.257421019 -0.115380834 -0.001591849 0.377043491 -0.144914757 -0.771252941 -0.191580092
18.637035825 -34.631044290 -28.866384972 0.720629539 -0.313561813 0.192655838 -0.587584705 -0.998782924 0.476666674 -0.512382848 -0.036801833 1.214431266 2.308672307 -0.652993637 -1.105562338 -0.136294149 -0.472229009 0.651341673 -1.015202757 0.630019454 -1.046652093 3.286450181 -0.100948004 -0.566761011 -0.295108017 -1.037822490 -1.793143649
9.313357358 -37.847069502 -27.468419161 0.462443818 -0.245138610 -0.372129564 0.766532690 0.523574944 -0.339894930 -1.242732567 0.068257474 0.448516901 0.137409311 -0.688155163 -2.048095667 0.021534149 0.597374323 -0.871880004 2.270887430 -0.174193238 2.101257133 0.865980591 0.509998954 0.806424882 0.635879732 -0.701299825 -0.372412017
2.533051246 -42.866652389 -25.989595985 0.224026543 -0.133995875 -0.261923935 0.929114130 -0.816027718 -0.421239519 0.427388684 -1.485949505 -0.647710856 -0.830475056 0.415894260 -1.821084248 1.320292733 -0.060809783 -0.392521827 -0.438468291 0.914947728 1.342878796 -0.579418900 0.989005697 -0.516559095 0.242056402 1.007031034 0.486266305
17.594689876 -39.402637114 -25.034571252 0.535367471 -0.568719197 0.623169659 0.039996524 -0.063262880 1.857400994 -0.194365274 -2.332435028 -0.347981366 0.655115429 0.638148805 -1.189293990 -0.167504427 0.859149424 -0.740104400 -0.613014875 -0.036082093 0.503452944 1.278386122 -0.129172589 0.013674274 -1.622783272 -0.250288510 -1.317496392
3.729894653 -34.957949711 -31.620505367 -0.851374198 -0.357912320 0.382036691 0.033297339 0.464145686 0.918677717 0.379221563 0.924182006 -0.178512304 -0.681100626 -0.464053851 1.762406769 2.600563028 2.640942487 0.567483246 -1.436524656 0.055032039 -0.199877100 -1.422140283 -0.172419084 -0.411988927 0.556386734 0.300285788 -0.219485781
8.977787162 -39.107949732 -30.876323480 -0.486926466 0.558652957 0.131566942 0.658406888 -0.268957408 1.063515077 -0.932447826 0.107751299 0.230898719 0.131113409 0.373438504 -1.832478628 -2.326521917 -0.312860711 0.420704437 -1.468159479 0.802518837 0.002177659 -0.703240896 0.835115804 1.688188355 0.620443678 0.405906414 0.870627014
4.026555011 -36.758220034 -30.679289443 -0.030552979 -0.222543110 0.684872076 0.693174811 -0.068975509 1.376211218 1.536428319 -0.460907521 -0.274647517 -0.742951347 -0.631135183 1.558435806 0.100402016 0.514111653 -0.255280920 -0.338822976 -0.616358896 -0.344179891 -0.962796138 -0.697835494 1.318640577 2.149355249 0.053498735 0.304938718
5.892361098 -40.186192471 -26.918696983 -0.681285678 -0.538845701 0.321775998 -0.376769614 -0.851156664 -0.633910544 -1.538229636 1.125735930 0.705198944 -0.641269417 -0.528830418 0.918386426 -0.958340014 -0.172171685 -2.477688023 -1.365421380 0.161769568 0.368614837 -1.261868971 0.051101168 -1.412000278 2.550248919 1.396440345 0.800211724
11.446716299 -31.696024968 -29.383091160 0.174469719 0.745949971 -0.165152882 0.621163009 0.429263813 -0.286823105 -0.110467104 1.491380105 0.692398738 1.346164824 0.460007468 0.380951968 0.722126566 1.145631402 -1.088940035 1.734069386 -0.183454359 0.951113190 -0.522875990 -0.621361882 0.029173171 0.210251473 -1.889932548 0.187442960
1.303762384 -36.781938530 -23.873815290 0.641098387 -0.511599937 -0.130687547 -0.556937274 0.441292747 0.334282970 0.007684638 0.004797376 -0.735098785 -0.405106981 -1.585841938 0.569634792 -1.456830107 0.718854558 2.002585785 -1.371443898 -2.067329609 1.482523698 -0.287799820 0.782960664 -1.772428259 -1.578951044 0.603881628 -1.686451844
10.091372726 -33.977955502 -27.176597225 0.443086495 0.532653410 0.608265603 0.387256581 -0.123018405 -0.371705461 -0.429672968 -0.840206159 1.599112962 1.591358368 0.165413717 -0.598404921 0.869373343 -1.568869342 -1.489445175 2.018054459 -0.183023307 -1.068885085 0.093003842 -1.387736048 0.776557571 -1.277559539 1.704784577 2.142489040
5.471526019 -39.046871762 -20.699735366 0.973103484 0.153701699 0.100623008 -0.138997872 -0.818969013 -1.768996610 1.479096068 1.691149362 -1.946277424 0.101917095 1.159557857 -0.661138530 0.939187815 -0.505094780 0.688914727 -1.055177721 1.694150171 1.502174157 -0.212322797 0.070657107 0.879604640 -0.169060024 1.452677197 -0.962269312
14.995137804 -40.388617106 -27.761276164 0.083270578 -0.084633878 0.855869669 0.503378811 -0.094955793 -0.666485563 1.550695301 0.379888143 1.236158558 0.278596598 1.160386545 -0.003698459 0.251454106 0.130453405 0.086755744 0.265933200 -0.880185368 0.313250499 2.301095594 0.072433799 0.299762660 -0.220877922 -0.697769932 0.569097362
14.962964658 -40.220740768 -35.003110970 -0.402881341 0.884352927 0.234105146 0.028307359 0.856384488 -0.473385681 1.011405897 -0.210889332 1.249791493 -1.101609013 -1.897906476 -0.909111348 0.862399093 -0.274594250 0.584460659 0.496083294 0.111815958 0.831021175 0.407703705 0.182935852 -1.444028551 -1.073801917 0.318160325 0.577006339
7.483950880 -35.786467970 -21.524186480 -0.431127341 -0.095256723 0.456835056 0.772241610 -0.271550340 -0.396258469 -1.045348169 1.930492074 1.386857256 -1.385758425 1.426835222 -1.182727018 -0.655412453 -1.127985923 -0.312758354 0.564232078 1.092297583 1.747980508 0.376687711 0.572385183 1.053503970 0.795968989 0.323282499 0.037986883
13.005880469 -41.691382864 -22.966494053 0.261157648 -0.253092255 0.565660363 -0.740114415 0.221547832 -0.868235804 0.697222039 0.502607458 0.248730999 0.238628020 1.068805297 -0.171471627 -0.141472417 -0.347137943 -0.388123894 -0.090688558 0.839551266 -2.158427649 -0.757005412 -0.186793777 -0.135350776 0.025608411 -0.063857322 -0.676542930
17.622813820 -33.110752369 -29.301768216 -0.535905931 0.571927616 0.186321426 -0.592442370 0.005185751 -0.531404263 0.755044080 -0.377709036 -1.096200078 0.292422041 -0.369485959 -1.254907436 -2.224931097 -1.573032879 -0.091468829 0.277736476 0.146050213 -1.045903316 -0.311656366 -0.949974097 0.213413522 -1.129294326 -0.542370121 0.467841934
9.691933674 -34.697983421 -31.115825620 -0.793959787 0.019565570 0.556506416 -0.244019783 -0.244350104 -0.615249947 0.332351917 -0.765193245 0.141122679 -0.813190861 0.013647426 0.541984513 -1.965705885 0.298022048 -0.489477618 0.085310430 1.272242115 -1.744405482 0.940673405 1.495833974 -0.441534854 1.970021037 -0.871738388 -0.385801589
5.894737175 -40.871592731 -20.974113008 -0.220199987 -0.298291908 -0.770141790 0.519052528 0.470231308 1.187445264 0.032411300 0.553272862 0.174183611 -0.563853733 -0.553390863 0.460552550 -0.487353568 -0.518212378 -0.925310687 0.443652672 0.617013923 -0.038990928 -0.293443058 2.223555808 -0.115256507 -0.767448420 0.279088857 -0.963081504
11.922172176 -33.816591882 -34.076516260 -0.356164394 -0.388106418 -0.255601194 0.810671550 1.210879826 0.049542398 1.271194742 1.569700516 -1.497910226 0.312177613 -0.216424066 1.641229362 -1.265824438 1.041535531 -0.722436597 1.290953185 0.395755010 -1.714496446 1.957361091 -0.100074258 1.050874029 0.389113594 -1.848903951 -0.914786031
1.204141454 -40.430398319 -31.843374689 -0.525112984 -0.096012104 0.792539429 0.294820764 1.235581472 1.358759369 1.197747071 -0.063150399 -1.763398946 0.432700578 2.026899837 -0.337428785 0.126498304 0.398520803 -0.505818572 0.064205478 -0.424636569 0.695095841 0.042549044 -1.398943708 1.575072402 -1.060474586 0.384079615 -1.047373993
15.102685734 -38.063525294 -31.446468220 0.167071711 0.471101258 -0.586165418 -0.637621165 -0.468321887 -0.241293417 0.834783728 -2.756316372 1.071711536 -0.718643051 -0.422049388 -0.099368605 -0.765679327 -1.282685288 0.122582826 -0.768892475 -0.002946619 -0.097901202 -0.090064119 0.011201307 -0.569628807 0.891816908 1.214612477 -0.046852287
4.142480608 -29.413623872 -30.516104115 -0.394095405 0.815875473 0.317532393 -0.279659085 2.027096824 -0.582504125 -0.245209084 1.192483961 -0.204523474 0.178953691 0.664659494 -0.718135383 0.736615443 0.987167481 0.481114572 -0.945772626 -0.245213707 0.900219447 -0.171010214 0.029608166 0.692246425 1.501008907 -0.706336734 1.919078987
5.023974651 -39.935003281 -35.299970441 -0.300343627 0.265985490 -0.642493262 0.652876584 -1.121904822 0.098855291 -0.959384787 0.591113042 -0.919023357 -0.321170509 -1.169310533 -0.185953056 0.844413409 0.523513355 0.597717783 1.960291623 0.688516547 -1.880799839 1.397473046 0.100998575 0.141949913 1.065335639 -0.264956317 -0.657763189
12.196487202 -42.246185740 -20.429138372 -0.249156884 -0.132754811 -0.919431922 0.273755271 0.962413692 0.517106728 -0.978606266 -0.332425995 1.197303107 0.223236902 -0.946900489 0.241354842 0.114453690 0.142904805 1.391621381 -0.611459179 -0.946470902 0.099609631 0.556273788 -0.905578605 0.601187192 -0.862942484 -0.519354914 0.024936154
18.595187634 -37.362001209 -29.156973088 0.724218652 0.372163810 -0.338130766 -0.471878192 0.879064621 0.209599019 0.532765907 -0.518112261 -1.090273376 2.706988956 0.508276984 -0.590622300 0.491371292 -1.394078882 1.071025855 -0.765337799 -1.411890158 -0.023242367 -1.452312481 0.554875372 -0.848363534 0.320158163 -0.833855360 1.123772787
12.324407034 -40.934815628 -32.138275112 -0.427631620 0.230342138 0.458194240 -0.744400252 0.082719195 0.631645520 0.665309270 1.592215729 1.304122877 1.047469845 0.030682558 0.757483695 -0.251983909 -0.213413322 1.103032879 -0.322420432 0.408878072 0.701792303 -1.819615187 0.274753981 0.078908816 1.886955388 -0.495196456 0.277153106
10.628371406 -36.773158902 -34.352969068 -0.188906578 -0.721880021 -0.185126051 0.639477822 0.563699401 1.132956171 -0.713025429 1.763671458 -1.623873017 0.939184632 0.353579351 1.870218218 0.270993130 0.676092023 -1.090256382 0.423331909 1.178392102 -0.976881378 0.125681576 0.547505686 -0.105617044 -0.605145222 0.256765666 -0.756758313
12.349317992 -35.145854888 -19.497303934 0.677651729 0.624144379 -0.167028208 0.351188704 -0.335917434 0.940242581 0.379066695 0.445263359 -0.065488712 0.603208531 0.855254122 -0.342781820 -0.545320185 0.412173992 0.035729469 1.976898988 -2.158094608 0.062186456 -0.667149498 0.600307296 -1.015173709 1.148367969 -1.506712619 0.668905025
12.294854639 -31.082112997 -21.629066234 -0.940037948 0.088373338 -0.133655124 0.301089884 -0.434276662 0.178469276 -1.256607632 0.195476796 -1.190751132 -0.633065176 0.970877756 -0.704059811 0.472516316 -0.331555286 -0.120421984 0.594486386 1.172297620 -0.594659321 1.774361402 -0.206866470 0.142368828 -0.580676936 0.936257804 -1.734042797
12.930473061 -32.989314433 -29.381948325 -0.456979659 0.181824257 0.691118324 -0.529589457 -0.853553501 -0.411680999 -0.214557090 -0.140307333 1.468791318 0.269271009 -0.874233330 0.572239773 1.804350548 0.281793938 0.270199644 0.169042729 -2.197650503 0.150729893 1.118110067 0.256071889 0.185250851 0.110706804 -1.043390934 -1.973642120
8.460745718 -28.954223911 -25.297590169 0.584972270 -0.670291626 -0.065458783 0.451920046 0.313772098 0.347365028 -1.487060386 1.623431789 1.617858077 -0.962974116 -0.158069016 0.469079835 0.673100177 -0.314939868 1.028720096 0.475398587 -0.406029859 0.264910049 0.258466637 -1.021200084 -0.814388547 -1.760083062 0.873203905 1.428693804
8.798567396 -30.883087253 -32.428627996 0.026930057 0.878482955 -0.272861602 -0.391265914 0.341093138 -1.266155812 0.688569582 -0.593492984 -0.487826116 -0.238709355 0.235703061 0.516868232 -0.529447390 0.548813616 0.468445845 1.893931036 -1.736095819 0.087311893 1.617622438 -0.828326750 -1.112841204 1.405288904 0.815294089 0.382535690
14.394995839 -34.796366997 -34.277513363 -0.033959344 -0.751936054 0.158644697 -0.638960714 0.335855081 -1.805551978 -0.928128870 -0.786636881 0.418019926 -0.503079368 0.136231617 -0.433456170 -0.423224130 -1.407458255 -1.110212565 -1.618846471 -0.474626547 0.683647323 -0.465025416 0.458430058 -0.562594168 -0.673270236 -1.358365117 -0.066693335
10.296655137 -40.265942616 -19.552630352 0.479066960 0.544973690 -0.440896906 0.528307149 0.695984614 1.889482293 -0.102160871 -2.222954494 -0.186741468 -0.470828210 -0.878846435 0.970073893 -0.889685988 0.583751670 1.486069958 -1.280268654 -1.497240797 1.226836237 0.085620199 0.307486080 0.092338316 1.931873918 -0.854914272 0.685266401
5.827392634 -31.556936609 -35.224982723 -0.739625452 -0.389136761 -0.238871959 -0.494436000 1.298315021 1.567458086 -0.194363035 -0.852007057 -0.085043520 -0.517114967 0.542453867 0.460550582 1.443781670 0.072185952 1.756319438 2.011772824 -2.137476679 1.092327739 0.787347215 -0.863263168 1.379162703 -1.074107782 1.122572885 -0.274190825
13.400675221 -34.201415305 -20.594151310 -0.103641371 0.853733903 0.453015342 0.234891443 0.797240590 -0.421409547 0.908718409 1.798481830 -0.616374525 -0.948758204 -0.858385078 1.401332080 -1.123239004 0.902231167 1.121986365 -0.747505936 -0.782472284 2.103941901 0.541337214 1.712107218 0.284752473 -1.519616643 1.415623233 0.837819449
4.476033143 -37.296768215 -23.290057941 -0.199146433 0.629027363 0.659715875 -0.359778042 0.149290285 0.962605704 1.731693702 1.146717959 -0.389478622 -2.414487967 -0.049970700 0.078340844 0.171103495 -0.003923205 -2.214646846 1.571175736 1.198692909 -1.070500746 -1.127509902 -0.067790305 0.016793531 1.693864780 -1.352254589 -1.130364930
13.780086762 -45.105031228 -30.264863963 0.346453204 -0.894533804 -0.154471587 -0.236469831 -0.405396731 -0.051178472 -0.233309808 2.161515278 0.851356961 2.322819443 0.190708987 -0.854172130 0.042948497 -0.264297453 -0.403449484 1.062369359 -1.250546551 -0.789752093 0.500637691 0.681740716 -2.237392027 -0.562554271 -0.293360479 -0.621248228
8.619711878 -39.230667819 -26.702733845 -0.018582961 -0.656933809 0.743260950 0.125123157 0.419300409 -0.553646540 -1.110079491 -0.872004517 -0.624480706 -1.733803188 -0.147625266 1.102049640 0.701940207 1.962046012 -0.247964014 0.542319506 -0.675706033 0.247597430 0.035906489 0.052831992 -1.098617014 1.813869866 0.046126854 0.748597856
5.383930962 -41.082850793 -29.640110740 0.597739358 0.480017967 0.518678487 -0.378501040 -1.008427475 0.300257080 -0.804766988 1.937509772 0.541591338 1.641787440 0.653035909 -0.444665433 0.635252930 -0.173828799 -0.901741418 -0.286361253 0.250539724 -0.367355898 -0.667425742 1.161045960 0.430512922 -0.446930658 -1.328193281 -0.281873172
13.897856463 -40.929365505 -22.621120719 0.189617139 -0.568489302 0.669503731 -0.438896353 -0.326274987 -0.612292657 -0.400856253 -0.159531154 -0.338191506 -0.385799104 -2.282211776 2.123049237 -0.789590827 0.196413558 -0.470967222 0.819608934 0.126457442 1.304187850 2.175373027 -0.561529208 0.483169003 -0.935817754 -0.186707895 -0.869302010
8.864680875 -40.744430947 -22.132853628 0.412824797 0.772886670 -0.039719648 -0.480254340 -0.046683640 -1.248082881 1.195066019 1.260482359 1.735516942 0.196834580 0.958920905 0.382479666 -0.445378081 -0.669198803 0.524311494 -0.711576134 0.327748824 0.518302068 -0.919483166 0.886985409 -1.047426645 -0.264619476 -0.792072290 0.208933991
6.179646786 -31.181953816 -25.062722923 0.058383431 0.841715236 0.296424924 0.447480839 -1.551715259 -0.712784402 -0.859922147 -1.182977123 1.574369810 -1.159438416 1.353930394 -0.240378967 0.265566486 0.393318464 0.982652377 -0.215905934 -0.193809992 0.782107629 1.731168240 -0.067376354 -0.244519316 -0.269932630 1.342665720 0.346628711
12.276786425 -34.383531117 -33.328545776 0.538266479 0.037694658 -0.835091652 0.107099218 0.670382859 0.464225128 -0.900877133 1.121543390 -0.218996537 -0.585511595 0.158695634 -0.051490470 1.337439683 -0.669864130 -1.569459604 1.154859583 -0.051642925 -2.169641719 -1.622435660 -1.091193581 -0.726011706 0.401038495 1.273144693 0.923346469
7.515699099 -34.183349922 -21.678802579 0.897977035 0.048836630 -0.379761962 0.216871116 1.809127903 -1.625167941 -0.253678127 -0.132839359 -1.369320565 -0.189136104 0.722637100 -0.173502067 1.397065185 -1.667351875 1.017958181 -1.705435343 -0.064055052 -0.179347296 1.435515468 -0.343038530 -0.114346874 -0.253782301 -1.777722132 -2.429799238
6.893788523 -36.583554175 -24.252114727 -0.194247906 0.042642230 -0.510075961 0.836822505 -0.013840574 1.434145783 0.172175641 0.850119205 -1.166702967 -0.392591074 1.076373441 -2.016361817 -0.123232597 -0.903873671 -0.228780203 -0.467015880 -1.053068897 0.485660244 -0.438796547 -1.877804433 0.587437525 -0.809240890 -0.630846537 -1.548739172
2.116452989 -34.800588185 -26.107350054 -0.365682965 0.152632933 0.186901918 0.898914251 -0.211796023 -0.445005663 -0.999012543 1.702487201 -0.596542468 -0.055380913 1.253870974 0.148219691 -0.708474554 -0.580122515 -0.362916233 -1.848025853 -0.870097652 0.224943936 -0.663660422 -1.189771560 -1.703744173 0.847397916 -1.267052655 -0.359379629
1.806602238 -39.565382617 -32.960853777 0.712364132 0.002219879 0.607029669 -0.352203630 2.053031498 -1.193131154 -0.573639727 0.015619806 0.001331377 0.356986172 0.109579453 1.454013115 0.454712890 2.931690824 -1.051425547 0.058387982 -0.338819234 0.308571884 1.278760964 -0.581120005 -0.352872227 -2.008223205 -1.074750108 1.343732074
13.854926855 -38.375208601 -31.294440280 0.046624058 0.156799531 0.906716807 0.388721928 2.458155333 -1.070002437 0.321486246 -0.432327441 0.644662277 -0.008328530 -0.773894514 0.155900194 -1.805525779 0.216735568 -0.865177102 2.980145113 0.211086143 -0.019166935 2.562400382 0.311038319 1.622281707 1.565245236 -0.171488468 0.368688691
7.967392363 -37.231553128 -33.701060941 0.688098719 -0.721856605 0.004363234 -0.073648880 -0.745330082 -0.773073609 -0.766122638 -0.524996396 -1.108035732 -1.018437627 1.565263153 1.406602373 1.035432442 -0.191330029 0.092000815 0.616472737 1.464645526 -0.260799414 0.552185603 0.212379355 -1.799084744 0.877658320 0.646643272 0.209210033
18.553760446 -35.908179746 -27.735383383 -0.022885006 -0.902394202 -0.091200022 0.420527688 0.834522500 -1.417700635 0.915318824 -2.356130094 0.986784111 -1.274930558 0.295722233 0.111178176 -1.372504036 -0.282469295 -1.238489708 1.330443729 0.400379213 0.756573240 -1.616507171 0.373634221 1.162260524 0.100437552 0.551711930 1.162331352
12.322677693 -29.366024919 -27.876154328 0.860242679 0.465742518 -0.060997694 0.198357559 -0.500722061 -0.306727579 0.482464456 -1.168543852 0.420657264 -0.777506353 0.274652077 -0.181719442 0.040386400 -0.614118870 -0.287773995 -0.169500237 0.656657814 -1.373809653 -0.261528298 0.529620344 -1.024409340 0.578345409 2.151603654 -0.485994448
3.648999899 -42.320184354 -32.877052934 -0.952104065 -0.094918377 -0.130230762 0.259862077 0.575260027 -1.435004977 0.437239021 0.230144787 -0.656469633 0.682780656 0.410885685 0.341591059 -0.109239516 0.197010813 1.179327662 1.129599437 0.355278640 1.007037228 -2.026698990 -0.737529328 0.508796330 -0.474915213 0.319511501 1.111024776
3.332383283 -38.714625982 -29.012405016 -0.001296368 -0.373418656 0.919664368 -0.121549485 0.642527658 1.038251828 -0.658316871 0.883222144 0.707398601 2.101843359 -0.638188036 0.824056378 1.619609614 -0.335012273 -0.670041880 -2.724599521 -2.574445745 -1.734865174 0.237985421 -0.688806036 -0.125099137 0.008341997 1.195077972 -0.448008770
12.849503867 -42.362129119 -27.713694225 -0.497954573 -0.062194866 -0.552936916 0.665156980 -1.469329991 -0.316421228 0.488274075 -0.211004406 0.855919761 -1.628825212 -2.135680428 -1.130441847 0.000693138 2.082087353 0.186458809 -1.158013821 1.206790944 -1.726470785 -1.331875964 -0.166078267 1.081712956 0.444153531 -1.444938628 0.569439319
8.542645865 -32.721269196 -31.044590163 0.075242471 0.986728785 0.121640746 0.076866139 -1.127045058 -0.665851183 0.635139961 -0.788704345 1.204614098 0.474828038 -0.981764556 -0.138669710 0.044201778 -0.607962637 -1.658182497 -1.070532715 -0.404240526 -0.425105894 0.472762099 -0.001531860 0.148960441 0.127339161 0.446823739 -1.516647272
16.144014811 -36.033222764 -27.467502715 -0.009197398 -0.068014182 -0.426454757 -0.901901225 -0.007003510 -0.768320133 -0.632565207 0.211882519 0.161575309 0.381072674 0.054163330 0.300601527 -0.549739773 1.333882221 0.563200523 0.508931557 -0.452665221 -1.734560597 0.369914653 -0.351540962 1.210553367 -0.360370436 0.098433705 -1.721384561
0.547142103 -39.888899049 -25.710734306 0.336862261 0.875060620 -0.341731444 -0.063343106 0.235341826 0.803736729 0.117357233 -0.345052177 -1.696406915 1.363034671 1.638837792 -2.118559179 -0.520760194 -0.973094847 -0.332786261 -0.753329422 0.198007387 2.496235183 -0.908600065 -0.156803877 0.362431322 0.481269110 1.250290570 -0.894974802
11.115281477 -41.083556110 -29.611464296 -0.041479995 0.770267176 -0.606230092 0.193527681 -0.651901067 0.101243391 1.280137342 1.100592025 1.296554373 -0.910916423 0.470565340 0.621936664 0.464683421 0.923074933 -0.274681825 -1.295111443 -1.447160425 -0.008261357 -0.328820182 -1.663051827 -1.532388911 -0.825682113 1.114913276 0.357965190
17.287730608 -33.738060770 -25.947666036 -0.345150847 -0.418797537 0.318210990 -0.777316719 1.454799633 0.821608601 0.771195808 -0.071880910 -0.877689610 -0.098067875 1.709561166 0.305263098 0.634783993 -0.076229401 -0.872431243 1.199002492 -0.022046281 0.819502623 0.189194019 1.122634997 -0.680774443 -0.317067570 0.580607496 0.152434139
13.729920770 -33.315365473 -31.974299745 -0.012521078 0.742311749 -0.558964226 -0.369290515 1.075916561 0.435450508 1.648380272 -0.226290919 -0.960079856 0.441498584 -0.984803836 0.593637002 -0.344672221 -1.615263957 1.707813582 -0.817834734 1.194991649 0.948363967 -1.037612061 0.284788724 -0.299638916 -0.920990685 0.626520558 0.398201024
11.492941261 -36.273336000 -26.910194121 0.335426650 -0.596080642 0.186897626 -0.705156796 1.237474885 -0.489898462 -0.508382481 0.526750980 1.017089541 0.317112608 -0.943794162 -0.202404195 0.080288812 0.457807402 -1.163362732 -1.107365373 -1.059761699 1.043863052 -0.201564864 1.836158453 -0.215218714 -0.160998904 0.208694422 1.347979493
17.773969154 -39.238090836 -29.532891083 -0.731681420 0.038620384 -0.651312256 0.197340090 1.992348481 0.348813478 0.118770137 -0.193873687 -1.132893479 0.672425040 -0.275457007 -0.091224624 -0.251104573 -0.140528350 0.141888753 0.169319710 0.981247661 -2.202084868 1.371863805 0.023738579 -0.413549469 0.054204819 -0.579726229 -0.949900255
8.265421546 -33.685508901 -27.786686980 0.602501326 0.319585116 0.647984416 0.339077724 -0.143399247 -0.158868889 -0.686344927 0.317561470 2.343652162 0.116543429 0.885933825 -1.374113004 0.231977218 -0.505522123 0.370687130 -0.314977240 0.583497654 1.689995644 0.953753210 -0.529463738 -1.010224030 -0.637613370 -0.146483641 -0.835477612
5.593172326 -30.616638263 -28.675665802 0.814535165 -0.464175775 -0.159959524 -0.309008520 -0.123598055 0.829835563 0.329333609 0.824792019 -0.311934079 0.618219725 -0.974250697 1.125025232 1.288395936 0.757639326 -0.189820061 0.461383800 0.179301002 -1.649761791 1.154691227 -0.240661588 0.256878176 -0.888567094 -2.099114909 -1.005466132
9.138100765 -39.697215481 -18.518646599 -0.723247677 0.203687253 0.604296748 0.265046679 -0.810081437 -0.740455535 1.946795712 -1.405463018 0.731342799 1.861980143 0.857280963 -0.455107413 -1.252185137 -0.824718792 -0.589878475 -0.562077772 2.099421046 0.887139674 0.768375885 -0.089552350 0.833031244 0.174843817 1.143231093 -0.346082795
14.563847106 -39.099019269 -19.823981824 0.823874994 0.474504561 0.071234032 0.301663933 1.126464268 0.647883324 -0.542385251 0.478540847 0.387781089 -0.653961477 1.556646606 -0.138414889 -0.467636456 0.881184271 -0.534896364 -0.197211502 0.613691848 -2.361490743 -0.421563307 -0.919082722 -1.071601988 0.701798808 -1.640746614 -1.692170530
7.842239966 -30.282867813 -27.164669391 -0.434500180 -0.196077347 -0.001479354 -0.879068302 0.231546081 -1.135092334 0.350744492 1.134161482 1.172567129 -0.648055449 0.050116425 0.342281943 0.149141960 0.055607634 0.410517817 -0.421446007 -1.104372318 0.753544569 -1.589655334 -0.245992601 -0.193030027 2.083756500 0.485740594 0.483293822
6.332916676 -34.075376109 -27.283348808 -0.336205981 0.274661284 0.132571246 -0.891039607 -0.942070782 0.961817255 -0.491905975 -0.018039420 0.614078991 0.156584585 -1.505166846 -0.440540136 1.232121911 -0.943959158 -0.445345369 1.416516218 -0.445213611 0.239866119 -0.963791988 -0.573233447 1.409357204 -0.132907905 0.585855984 0.333673056
11.164909832 -39.665291738 -37.518600357 0.527762161 0.674950566 0.491884580 -0.154784996 0.206542722 -1.324661369 3.114931166 -1.506614930 0.435119003 -1.944132966 0.336416636 -1.085441120 -1.622271502 -1.111051941 -2.857987412 -1.203475465 -1.208271095 -0.641679676 -0.959818698 0.248101666 -0.198242825 -0.483322227 0.507959162 -0.587657081
13.968959667 -38.383076813 -21.760865763 0.113166694 -0.434035535 -0.149758845 -0.881123568 -0.776850314 -0.707203905 1.245824434 -1.225846972 0.610754365 -0.672009304 1.230685277 0.028845046 0.279424062 -1.118691356 -0.293860705 2.817076947 -0.019703927 0.098983756 0.361289617 0.811186873 0.907451164 -1.063806591 -1.982331878 -0.889707414
12.010782688 -36.496708841 -37.414729383 0.048067662 0.899653056 -0.402710567 0.161672746 -1.550510098 -0.368445626 0.090279242 -0.956136111 0.868201334 -0.053813122 0.880389859 -0.367380004 1.097791551 -0.954453143 1.242879210 1.245315519 -0.660148664 -0.808472873 -1.899436001 -0.619449928 -0.580523018 -0.659797526 -0.240149425 0.543065768
13.675167561 -42.556483953 -30.378387535 -0.613633054 0.027458616 -0.302329944 0.728901299 -0.356759265 0.128828421 0.632065535 -1.064126449 0.990930798 -0.869393831 -0.327605441 0.012660744 0.682555117 1.149645073 0.030186192 0.398426377 -1.494443459 0.603889778 0.153369157 0.193030250 0.578108939 1.569185019 -1.091545611 1.023688081
9.033818702 -34.145746012 -32.406344696 -0.606000745 -0.282675262 0.212977501 0.712389204 -0.019433779 0.224736641 -0.432826024 0.118647780 0.934426557 -0.550667293 0.779777152 1.640493319 0.257618592 -0.481861572 -1.395652081 -0.331241951 0.445768296 0.514197190 -1.168180791 0.041361874 -0.790760382 -2.494513194 1.798853771 0.675797384
1.036945908 -41.062009068 -31.364582542 0.540459835 -0.251016086 -0.649992853 -0.471596631 -0.011195021 0.201891411 0.832564155 1.513308872 0.984328655 -1.297598553 -1.147670356 -1.507266359 0.016623339 -2.070009025 0.077171218 0.733236800 -0.358131175 -0.485884089 -1.961377626 -2.074935887 0.084268317 0.339690315 -0.943332237 -0.585452336
6.524963594 -43.142224213 -29.501461060 -0.627375734 0.399363657 -0.105249855 0.660174844 0.136501070 0.169370182 0.174683278 -0.556435131 0.328571368 0.986210764 -0.998261787 -0.361334653 0.187395590 0.944722126 -0.418243915 0.926501463 0.021103626 -0.500819387 0.818868578 -0.787442445 0.292814008 0.391741072 -0.176934440 0.280614354
7.239872523 -31.040225033 -31.164104831 0.482639856 -0.705862741 0.456114422 -0.246528282 1.443416172 -0.679076655 0.124787256 0.110629158 0.679285572 -0.042619231 -0.115982472 0.884444660 -1.198108108 0.648076791 2.530815572 -0.257263242 0.343070879 -0.060203918 -0.464164520 0.211659814 -1.236842311 -0.070071104 0.112344082 -0.462384238
13.010843008 -39.431389422 -20.940132674 0.235076124 0.505340471 -0.824198084 -0.100338138 -0.029593685 -0.802532574 0.009702504 -0.300530473 0.418918224 1.267491350 0.522711344 0.861332729 -0.789777170 1.016363347 -0.517940714 0.460087762 -0.040535024 1.034799943 -1.564663520 1.048898668 0.018684111 -0.110870070 -0.017032384 -1.325428046
15.714119889 -38.235351218 -20.905758175 0.426750444 -0.781146454 0.419439736 -0.178226215 0.833122663 0.840865025 -0.466694757 -2.248337792 -0.595680531 0.891352755 1.039259580 0.040585658 0.646816187 1.104197099 -0.708982221 -1.062721230 1.250273983 0.674713566 -0.364934554 1.379009773 -0.918988465 1.526690922 1.603124936 0.826519322
10.478813118 -36.221056102 -21.553683657 -0.385193799 -0.112319737 -0.763986350 -0.505306710 0.121018820 -0.128456717 -0.564786752 -0.592523362 -0.157928742 0.645688511 0.121628295 -0.933597567 -0.543836239 -0.865463728 -0.894873481 -0.735000490 0.284443001 -1.915703236 -0.632292358 0.054788123 1.683228700 -0.236294774 -0.019740930 -0.114968959
8.198149918 -42.136476032 -36.625649853 -0.525453575 0.359335110 -0.594281373 0.491534809 1.655917142 -0.306598190 -0.579353290 -1.522223709 0.150551257 -0.728297113 0.648330893 1.481080067 1.834681969 0.626250075 0.102901877 -2.028793513 0.298774863 1.905566512 0.269475961 -0.623626766 0.002329607 0.846782251 1.828834141 0.248449792
14.334856752 -41.351299907 -24.992954009 0.013179561 -0.162169450 0.286992299 0.944014189 -1.164468576 0.686934176 -1.244077114 -0.801936281 -0.409197243 0.497556308 0.773159792 1.110806888 -1.339546054 0.135619792 -1.052608689 -0.567656618 -1.174965605 0.172515858 -1.192956083 0.428365402 -0.967477797 0.434178403 0.655687482 0.472649856
14.248491999 -35.991110287 -28.819336147 -0.783027435 -0.417901287 -0.101668458 -0.449321795 -0.639542011 0.344985218 0.629706548 -1.729916898 0.592715990 0.426903118 0.380601773 1.478834894 -0.710917600 -1.727256001 -0.706044853 -0.795272298 -0.131535954 1.339043213 -1.373573662 0.450621202 -1.799356708 -0.273306465 1.436845566 0.435040626
1.518996963 -37.534153248 -23.860288038 -0.033733317 0.184832393 -0.870005613 0.455839099 1.370504606 1.729729133 -0.608614058 1.157352030 -1.767325122 -0.559237996 1.891571192 1.315070568 0.147084010 0.008965245 -0.359062807 0.112066338 -0.278813868 -0.013376808 -0.617301392 -1.283864127 -0.431713802 -0.497688295 -1.427985252 0.544878457
4.923174930 -29.129004599 -25.583778857 -0.101562857 0.952827064 0.025135817 0.284910097 -0.337977653 0.298224217 0.746025647 0.747666574 0.299981830 -1.548088366 -0.181764598 -0.356293475 1.829294543 -0.338351370 0.574554901 -0.874798403 -0.243828357 0.124258599 0.234161795 1.007893202 2.253385743 0.446787287 2.041541417 1.144112724
10.694443124 -42.365060875 -27.847774617 0.277405374 -0.745466953 -0.589420128 -0.141099945 -1.014807375 1.197225633 -1.399660003 -1.296548505 2.172951235 -0.055752332 -1.615301299 2.397401706 0.152600909 0.462587407 -2.322953944 -0.428598055 -1.094095455 0.103799446 0.076521929 -1.048179475 -1.251687772 -0.943125598 -0.651756811 -0.790926740
15.982887729 -33.836974340 -23.842073702 -0.560443536 -0.089181984 -0.327765188 0.755327478 -0.643767420 0.108527685 0.761461269 0.946583072 0.430281118 -0.644461048 -0.342769265 0.229941459 1.851215398 -1.271553060 -0.491167730 0.314311017 0.322737005 0.353712261 -1.931211251 -1.187221296 0.210461017 0.047746726 1.607091186 -0.457954007
8.231406448 -30.480520930 -26.579960483 -0.485826153 -0.872060273 -0.049905623 -0.031516007 -1.418237545 -0.427325332 -0.269683471 -1.100660553 0.318935451 1.630691611 1.208173713 -0.463986384 0.702525324 0.382122723 -0.033493588 1.565054528 -0.386203840 0.874005963 -3.498627033 2.620445932 0.027161832 -1.933586938 1.229257410 -1.419842111
13.323201384 -30.793164316 -22.022824920 -0.469719432 -0.625097643 -0.590397915 -0.200117200 1.035637771 0.472159779 0.304169424 1.635869239 0.835049781 0.691474953 1.145464347 -1.096584960 0.000001253 0.059957134 -0.013851902 -1.219079926 0.166488745 -2.490202201 -0.133304401 0.004044109 -0.504769524 1.050549997 0.799105407 -0.943428098
10.273238666 -37.678037599 -36.261592524 0.429615972 0.331468561 -0.605920348 0.581738120 -0.417360652 0.919371761 -0.638662366 2.221811581 0.586536893 -0.699291568 1.054968503 -1.057194229 2.135123195 0.235794022 1.037713943 0.214737961 0.445355537 0.371872104 -0.662864075 1.462452563 -0.166249851 -0.016765689 0.683439161 -1.378700697
17.875287649 -39.688356577 -28.604562168 -0.796857308 -0.581001086 0.077058617 0.146690622 0.256720471 -0.587188114 0.269865933 0.018744145 -1.809595708 0.926611235 -0.172684961 -0.385154005 -2.275531546 0.753437592 1.629784877 0.030876726 -0.870557241 -0.020182750 1.118470293 -1.436374374 1.350651810 1.190899313 0.870538485 0.302087643
10.878186328 -37.739187408 -24.500379942 -0.761514831 -0.032040578 0.256611470 -0.594322402 0.341201789 -0.749759763 0.621042641 -1.066717208 0.857389436 -0.497363079 0.257959536 1.182782659 0.634477772 0.081281035 0.959970934 0.561077859 -0.359623541 -0.452735501 3.249379749 -0.855188210 0.808280962 1.440644512 -0.454452442 0.850857510
10.671927132 -30.532676066 -30.077600492 -0.109036636 0.975735496 0.188391004 0.023666088 0.435588808 0.658410258 -1.292735442 1.031983521 0.196080060 -0.550415969 2.205371999 -1.155301616 -1.405407782 -0.040261418 -0.834033668 0.386041820 0.503877856 0.972482707 0.027276756 1.067015296 -0.100551715 0.089052399 -0.309263495 -0.934562010
13.155586851 -37.311980497 -19.964420020 0.649754449 0.605740906 -0.302839514 0.345232297 -0.040035591 -2.044229624 -0.452823725 0.608838448 0.997374519 0.624158733 -0.996988446 1.164255111 -0.842890141 0.032312214 -0.075103459 -1.463146764 1.703968939 -0.375639550 -0.278270169 1.385762930 -0.112128948 -0.564848261 -0.779885072 0.881722100
9.293311447 -34.361694085 -21.822218937 -0.280469251 -0.145380386 -0.668145851 -0.673633925 0.081608431 -0.394637883 0.613984104 -1.102301380 0.004023641 2.191803775 0.427771247 -0.116762414 0.018112664 1.281443304 -0.192912818 -0.807708221 -0.790824753 -0.019794294 -0.241905891 1.649670069 1.838679332 -0.608454167 1.152416337 -1.155242428
7.651869117 -38.930304731 -35.435808132 -0.017851111 0.112772222 -0.679184928 -0.725032135 -1.967022383 -0.920313124 -1.363427178 0.178645577 -2.080378701 -1.787333242 0.181405955 0.360261449 -0.127460820 0.416238807 0.242640855 0.805133396 2.185468796 0.474124943 0.325500888 -0.199963774 -0.627959469 -0.840213039 0.015627472 1.283679541
8.265422663 -30.635340560 -25.450824107 -0.649038964 -0.304001280 0.474217599 0.511321145 2.140147137 -0.625843768 -0.769352535 -0.724030306 -1.122180217 0.350809917 -2.405307444 1.252529538 0.380450931 -0.499649981 1.419680446 0.546953269 -1.749123786 -1.870257771 0.636681491 -0.611948917 -1.370211778 -0.286394336 0.752941396 0.090356529
2.240326750 -36.992296821 -26.797322335 -0.767172129 0.417675444 0.356421221 -0.331599247 0.724853604 -0.925865770 -1.109320228 -0.115461093 -0.167833676 0.246547801 -1.506584858 -0.700608101 -0.238435206 -0.601379736 1.315001322 1.950643947 -1.359428819 -0.584809026 0.414689883 -2.158841283 0.601034732 1.057113199 0.745873040 1.396414895
7.781562221 -32.065701768 -24.266947868 -0.681423187 -0.705165229 -0.195601295 0.012023842 -0.851247625 0.862791371 -1.828711303 -1.338737292 -0.012676107 -1.516076545 -0.586881041 -0.925711846 -1.268554701 -0.241135511 0.703095119 1.427279654 -0.061262399 -0.101517408 -0.696052481 1.263597455 0.410944624 1.234264068 0.776325735 -1.452996906
2.730745580 -34.168305194 -28.624843645 -0.105126081 0.894586389 -0.128436839 -0.414930931 0.152295248 0.322166326 3.103977422 -0.317543317 0.024189692 -0.813064097 -1.256189997 -0.350543095 -1.251985869 0.249981201 1.376912635 -1.458049552 1.425182715 -0.448162758 0.564325054 0.257592640 -1.285107505 0.663503360 -0.793523337 -0.810368942
5.310508834 -33.551049042 -24.765179377 0.288944763 0.817736711 -0.158047076 -0.472057959 0.404896181 1.116565059 2.243336553 -0.702461804 1.513436142 0.662972139 -0.660520914 1.428141275 0.937467275 0.330195658 1.070712442 0.646725550 -0.430597552 1.501528507 0.047441213 -0.239760103 1.941476958 0.543297573 0.050719299 -0.432361744
11.332809288 -31.839510693 -26.248085761 -0.301482460 0.042028393 -0.877260353 -0.371155242 -1.772799295 1.433507703 0.682285946 -0.510278448 0.197245696 -0.758448987 1.643822068 -0.675352103 -2.640861196 -0.577966269 0.324761501 0.841676352 1.037356415 1.362663782 -1.062346383 3.046162767 2.182630288 0.033755884 -0.470145915 0.134955030
17.179623346 -37.554479065 -30.860470723 0.652573677 -0.624640968 0.279487289 0.325358438 -1.659895699 -0.016117060 0.663992380 -0.318252649 -1.064143886 -0.251094086 1.292435928 -0.450067371 0.562273479 -0.815999361 -0.869460164 0.707916508 -0.064935136 -0.921916883 1.336121298 0.907636044 1.036898682 -1.046848917 -0.431510640 1.351326505
15.491496680 -37.548565477 -22.415590611 -0.735252459 -0.555886855 0.222751250 -0.317451583 -0.375932088 0.310809964 0.180462937 0.557202685 0.694624247 -1.323114558 0.356099510 -0.399932547 -0.671346298 -1.193505045 1.448417971 1.092414760 -0.387022431 -0.424031755 -0.019966805 0.404157102 -0.711774038 1.632743553 0.308599295 0.560604045
10.436590737 -31.377761989 -35.199271506 -0.597268780 -0.289715313 -0.153294864 0.732008010 0.309615256 0.769838054 -0.053088336 -0.510298164 -0.652487670 0.194167450 -0.010146904 -0.706842002 1.085584524 3.005125375 -0.724474008 0.362828550 -0.468321938 -0.223267001 -0.339238447 0.592253801 -1.434153776 0.802932725 1.101205059 0.624499060
7.121430058 -34.208236995 -30.799746162 -0.010495863 0.552062829 0.707742734 0.440700229 0.846561412 -0.142167802 0.770275772 -1.057682101 -0.032374680 0.476965376 0.509411590 1.138327251 -1.135790917 0.812289467 0.212942248 -1.377036474 2.327998161 0.410186022 -0.059057817 -0.684504073 -0.432776029 0.955441010 0.136737186 -0.925329943
16.345845038 -36.906974747 -23.128601031 0.269223530 0.252966096 0.880454285 -0.297198750 1.547266131 0.750716129 0.020954459 1.536192194 -0.462032826 0.528640819 0.436953703 0.137130753 -0.432937583 0.715744768 0.474973149 -1.125742533 -0.474114903 -0.159656861 0.774783638 -2.069287599 0.300418306 -0.755779704 0.144924769 0.157338265
9.704091638 -40.941059393 -26.914951656 -0.852927465 0.433289639 0.120082140 0.265245372 1.511646357 -0.141280234 -0.858063631 -1.829153009 0.185694868 0.642119033 1.313077577 1.140168739 -0.840116168 -1.597024718 -0.396336002 0.757230135 -0.769244659 -0.254865386 -0.241948758 -0.620739101 1.041700621 1.090346689 1.173795939 0.305171438
10.470874318 -31.822522759 -35.158171727 -0.412566175 -0.637965675 0.629247937 -0.163816917 -1.999855733 0.012493092 0.868880913 0.343223441 1.381555420 -0.015424587 -1.075637763 -0.741217853 0.195678567 1.814238409 1.406314445 -1.149671768 1.924814096 0.490611561 1.502901680 0.588369154 -1.190420049 0.193972441 0.430668691 -0.768905295
5.991240358 -36.730068879 -35.280408755 -0.558321249 0.196153113 0.653870617 0.471438814 0.008856849 0.291284454 2.909794211 0.151337743 -0.323842270 -0.691911451 -0.811394239 -0.139709182 0.224712924 -0.307682898 0.284934542 0.858962197 -1.664484559 -0.078069707 -0.387477599 -1.166108489 0.305918961 0.183065609 0.655567192 -0.904459919
7.535273875 -44.092955362 -21.613868021 0.639960079 -0.286817433 0.649326800 -0.294213466 0.462951579 -0.910147245 0.123736204 -1.126053108 0.786147373 1.312841524 0.896164602 0.613548628 -0.383038649 1.266002793 0.772276105 1.280174722 -1.780548928 0.134108657 0.763935124 -1.495196109 0.746968861 -0.646790787 -0.715686076 1.418463357
4.265649172 -32.127077958 -28.263416593 0.365961864 0.811183331 0.455905558 0.014270241 -0.117349050 -0.130165569 -0.670093670 0.356563068 -0.520094393 -0.714162473 0.446336767 -1.327112932 -0.221234928 -0.595223062 -1.752440747 0.241073720 -0.240766118 -0.289339720 -0.011938835 1.251825268 -0.807794690 -0.580456016 0.191300060 -1.287016320
13.400945038 -33.166154823 -28.760874999 -0.171879052 -0.300945878 0.575270891 0.740913336 -0.874868903 1.103481715 1.908370724 1.329410381 1.381889418 0.092042668 -0.416878625 -1.323878713 -0.057862059 -0.216644892 -0.456200908 0.006359744 0.679284432 1.612578979 1.606720653 0.664608123 1.189661730 0.117077857 -0.036156888 0.605717746
0.667936894 -34.912750548 -31.670431722 -0.193879286 0.260637322 -0.923311809 -0.204876335 -0.041596727 0.600241289 -1.321288801 -1.212160190 -0.839358681 -0.517422709 0.470664559 0.503951915 -1.506790966 -1.257258978 -1.630574598 -0.230647913 0.058754686 -1.776697614 0.410120562 -0.141531017 0.614943557 -1.837814508 0.081468135 1.052597214
16.633929274 -42.365533836 -27.648759575 0.065802750 -0.889616266 -0.432048773 -0.132615067 -0.761555822 -0.651463379 0.044817516 -0.396706615 -0.430173247 0.864827237 1.240705682 -1.447362397 -1.009957996 -1.026353696 -0.897451141 -0.429930755 0.288204494 -0.745819312 -0.513020973 -0.771925566 0.381687260 -0.098140510 0.063090542 0.384773240
15.736320782 -37.081714890 -25.160372094 -0.033427125 0.394225318 0.652259066 -0.646550181 -0.677727631 0.824585407 0.366210441 0.665864421 0.733441595 0.328795183 -1.366632953 0.505574747 1.253510099 1.139141614 0.538784839 0.039602705 0.125109935 -0.193988815 -0.321901973 1.329650072 0.555416624 -0.277696824 -0.537663514 0.898281305
16.415093668 -39.806014663 -29.314995991 0.744961713 -0.118816967 -0.123024493 -0.644809700 0.711723216 0.024607476 -1.799754042 -0.025627238 0.091409133 -1.639538761 1.120795680 0.889295004 0.539918445 -0.790791206 0.447163205 0.399374090 -0.762338012 0.195385656 -1.587016792 0.298533813 1.897624206 0.343656153 -0.813683264 1.777876391
9.619106616 -28.096370088 -27.942313970 -0.161658981 -0.488725459 -0.451470552 -0.728826550 0.039371741 0.161647450 1.285856704 -0.064416572 -0.597169862 -1.446212829 -0.575392259 -0.514101920 -1.485168080 0.013122831 0.668775452 -0.914288555 -1.314509269 -1.504092099 1.279079303 -0.379315743 0.992598369 -0.535438311 -0.464375262 -0.307572714
7.997672094 -42.401735672 -33.010555097 -0.295035480 -0.013323441 0.142531634 0.944701691 0.806988605 -0.604043659 -0.996464046 -0.834775328 1.172215732 -0.903542752 -0.255367987 -0.415573353 -0.109204946 -0.122646739 -1.107698281 1.141473150 0.279164620 1.499058808 -1.256841132 0.967341678 0.700897462 -0.145450285 0.473844795 0.783350097
6.054688991 -40.764964300 -31.584903377 0.016951117 0.661252123 0.743158477 -0.100865095 0.269331037 1.429701343 -1.150365217 0.072935519 -0.763798501 -0.979769597 -0.413156516 1.138195496 -0.621132898 -1.715402676 1.424821443 -0.147130248 -0.242878437 0.173469136 0.819114596 -0.794923512 -0.488184005 0.100665350 0.719651851 -2.952661230
6.513640473 -38.426982734 -24.433255060 -0.427486121 -0.631482698 0.467200870 -0.447446717 -0.699923645 0.958683615 1.088288705 -0.649407556 -0.258554027 -0.819140462 -0.108807549 0.852924092 -0.164419693 0.584051113 -2.260922929 -0.785995380 -0.415506413 0.584697127 1.812240675 1.321748515 0.267203216 -0.938811754 -1.862487918 -0.867778418
2.110348909 -33.949012232 -30.421208982 0.324879821 -0.653242756 0.207022112 -0.651819644 1.014952875 -0.836427318 1.703844701 1.195748038 -2.641774255 0.052828256 -0.783163076 0.565821654 1.798094799 -0.971402211 0.913115300 -0.502077905 -0.826886204 0.396670310 -0.472212598 0.161623827 0.040262621 0.449147306 -0.914618587 -0.332556437
