-9.927612008 -8.335283386 -35.528266248 -0.289347929 0.790673155 -0.386781322 0.376183394 0.590468561 -0.029601656 0.141214387 -0.421495777 1.149571063 2.263427458 1.494456236 -0.040047274 -1.595521421 -0.646224129 -0.021704936 1.136101900 0.859632403 -1.248092620 -0.880616878 -0.820576883 0.451143627 0.068183277 -0.480665911 -0.123726641
-0.812036138 -8.934577611 -27.782904206 0.527490283 -0.504531103 0.604132906 -0.319727695 -2.181309134 -0.588684100 0.859960615 0.453899095 -0.513981034 -2.272445260 1.328038804 0.575615837 2.463075933 -0.201498863 0.112264890 -1.388370265 -0.822531341 0.626495496 0.084885972 1.052457675 1.930812306 0.974620414 -0.784437466 0.080127855
-4.218983194 -9.496567024 -31.271678891 -0.315281508 -0.350982573 -0.612241656 -0.634483222 1.064544391 2.452086409 -0.688918964 1.110338070 -0.903310831 0.688850278 -0.778931919 -0.108318539 -1.250785081 -0.297453221 -0.199274774 0.573282078 0.551772759 0.442844155 -1.868736151 2.520597757 1.965384825 -0.626000766 0.481546823 0.346564950
-8.366028960 -8.737753737 -32.125020281 0.444310422 0.179643243 0.869650442 -0.118425767 0.340285090 0.237104553 -0.130041875 0.986530936 1.362621223 1.042610093 -0.123247581 1.934349199 0.033060802 0.363202366 -0.875255326 -1.538243838 0.590971813 1.273915755 0.971393004 -2.133219059 -1.249784700 -1.202872971 -1.033447232 -0.461111679
6.115275522 -12.102558584 -35.757042588 -0.444185536 0.632110006 -0.633316557 0.045235913 1.783370212 0.698215809 1.468599507 0.435154058 -0.972008637 0.375741963 -0.321149896 -0.675619801 0.109198607 0.268367124 -0.796150522 0.583419970 0.187473484 -0.867973786 1.530217504 -0.046448417 0.787207686 0.035934502 -0.392881764 -0.019672210
-1.446111165 -5.993176875 -27.047670978 0.131689809 -0.405190260 -0.693746480 -0.580684482 -0.455883533 -0.106692692 0.325531100 0.057104211 0.425000096 0.931554657 -0.039419898 0.247487863 -1.119008923 0.947104564 1.165398117 -0.090670554 0.254593234 -0.398486278 0.688284670 0.867092143 -2.299032263 1.581985424 0.367386040 0.530819522
-9.774910246 -7.612961868 -28.997766741 -0.709815050 -0.474635783 0.096980768 -0.511349390 0.976964652 1.033141994 -1.317041717 -1.934926123 0.702737139 1.251400517 -1.245335290 1.141626500 -0.092893905 -0.187385046 -0.875909877 -0.286940882 0.647056482 0.771305689 -0.143736426 -0.867364768 0.229361178 0.446774522 -1.810059239 0.293977643
4.585948170 -12.689462270 -28.628088815 0.339899212 -0.073333785 -0.673929948 -0.651850525 1.513855453 2.040392588 0.406649641 -0.046333724 0.576360019 -0.255177177 -0.020342548 -0.233809180 -1.361809911 1.063720843 -0.254464855 -2.042165082 0.137898739 -1.502267396 2.025883154 0.311229794 -0.684856930 -0.111449045 -1.074745010 0.932477054
-1.488074940 -4.312533204 -23.989510981 -0.713860698 -0.233908180 0.453406165 0.479700653 -0.114301280 0.367362188 0.721834711 -0.620242182 2.857481093 1.209377998 -1.366551016 -0.926150490 -0.825134113 1.040718509 0.910118213 0.512900827 -0.647286982 -0.719557014 0.541178130 1.050254339 0.407981026 -0.528295275 0.202111403 -0.209658423
-1.112675801 -5.974410399 -36.074915809 -0.319385439 0.687468518 0.335235336 0.559461569 -1.341292698 -0.277347580 -0.963494922 0.378058252 -0.311911478 -0.385350628 0.202306362 -2.238110948 -1.120816039 0.356280609 -0.152494574 0.163104554 1.514677429 0.907393678 0.156381163 0.890014574 -0.211240303 -0.090085571 0.544898388 1.187963945
-5.805673442 -5.424556308 -37.952786392 -0.585616023 0.428971351 -0.216889012 -0.652684158 0.342943909 -1.035405434 0.161754454 0.315485002 0.949290321 -1.041525805 -0.581291308 1.857635647 0.175050613 0.780235826 -1.100482996 0.818818316 -1.204716970 -0.810050549 0.749720262 0.671971583 0.913539004 -0.857605047 -0.191057877 -2.323549083
2.085962362 -3.432520012 -24.776589843 -0.933739969 0.010857294 -0.123410363 0.335829824 -0.766366132 -1.630489466 -2.391541302 0.745701072 0.766002683 0.766623263 -1.059151984 -0.499375320 2.421888840 0.621366826 -0.804933779 -0.933865143 0.368490949 -0.158133486 0.594566006 -1.168428432 1.427678310 -0.089158284 -1.331652812 1.147383434
-5.382861926 -2.851469651 -29.002254659 0.012051230 0.582496295 -0.713196758 -0.389747634 -0.508035579 -0.351258762 0.528130840 -0.345438624 -1.029929927 -0.097508358 0.223522285 -0.417687984 -0.193449098 -0.022641131 -1.486038491 -0.422080524 1.407673020 0.293554609 -1.093246135 -2.921175995 0.119992751 1.685214840 -0.560317801 0.612184661
-4.425175473 -12.082340813 -39.174777828 0.747983079 0.409131429 -0.313677397 0.418018274 -0.945550467 0.195019189 -0.575118732 0.736727204 -1.532027486 -0.313015663 0.832562786 -0.110542766 -1.055572281 -0.337851213 0.656473209 -0.925136116 1.207218672 1.026752393 -0.190612717 0.845501016 0.514784945 -0.527968904 1.891059722 -0.224324539
-0.817601824 -1.691123291 -24.055226509 0.266672147 -0.186541993 -0.874351666 -0.359996131 -0.078495989 -0.954667993 0.240632301 0.124022605 0.452986024 -1.777392718 -0.937968299 0.275539801 -0.992432919 -0.111194866 -0.213407568 0.156081374 0.631467793 0.196681164 -0.374091115 -1.613031665 0.469393160 -0.719981103 -0.035106742 0.908077412
0.617312206 -2.243878447 -34.220598117 0.274682433 -0.259332333 -0.924100845 -0.057740203 0.006683925 0.142436763 -0.373868551 0.428948808 -0.835386717 1.263561417 0.723953446 -0.426417675 -1.449082550 0.902059862 -0.722388636 0.347274421 -2.176992557 0.095914772 -0.517255085 -0.310855002 -0.220098302 0.037723458 1.535980696 -0.760098241
3.942837160 -0.218664987 -26.790810251 -0.769994896 -0.021669073 0.158184715 -0.617750683 -0.634589248 1.663436535 -0.220760836 0.098025526 0.914443325 0.317735557 0.075767566 1.792757067 -0.164445284 0.881889417 0.101918686 0.050957130 0.509180733 -0.585895620 -2.109667519 0.900334149 -0.576135208 -0.902548312 -0.559981337 1.765746303
9.188181398 -6.418444845 -32.154303520 -0.279213112 0.791925222 -0.533587940 0.100888010 -0.624167302 0.036697051 0.201996162 -1.006671765 -0.027331209 0.243011853 -0.566220245 -1.006003129 -0.012960415 -0.594757543 0.242370934 -1.501708261 -0.201937581 -0.410579515 0.073363526 1.606224703 -2.597038226 -0.201063160 0.004476361 -0.285417411
-0.842329729 -9.914364438 -40.252721510 -0.140022698 -0.477846102 0.714358083 -0.491680054 -2.042916827 0.197198622 -0.409832371 -0.509879024 -0.867042760 -1.343508490 0.237694666 -1.126123784 -0.325297117 -0.873960416 0.880343456 0.089749037 0.202077959 -0.577101232 0.889144370 -0.141761379 0.409080669 -1.364630652 -0.857169366 1.795476701
7.457489659 -2.592573967 -30.441435018 0.525383925 0.082193158 0.694027014 -0.485327229 1.745819511 1.314838482 -0.578485562 -2.355608695 -0.531107689 -0.104792457 1.167774662 0.345199140 1.786078785 1.463685991 -0.231931755 -0.244203379 1.878830304 0.145685664 0.713321123 -0.389637504 1.224199988 -0.778308576 -0.710787775 0.588549458
-3.351294886 0.189295428 -37.811231696 -0.366251326 0.094569652 -0.677317059 -0.630997740 1.105505363 0.194586090 -0.093810338 1.099244742 0.666202367 -0.209665704 0.415075575 -0.569802345 0.362308245 0.191545876 -0.564677352 0.788081842 -1.099967175 -0.943326306 0.230061982 1.722101911 2.456568128 0.913186734 -0.634724202 -0.945228753
6.729440544 -6.458954596 -32.355146717 -0.299706571 -0.244329997 -0.916198296 -0.105164188 -1.254428313 1.475011051 1.430826323 -1.911621978 0.736060880 0.017870821 -0.508214745 1.371776082 -0.863858620 2.070718906 0.339775161 -0.154946537 1.030861672 -1.450102845 1.051405460 0.077742339 1.226224850 0.089187640 2.107015594 -0.312418765
7.516631783 -1.622948935 -29.288070474 -0.389830071 0.585739740 0.022065565 -0.710249663 0.649103615 -0.020093817 -1.241181616 0.751853172 0.929146849 -0.602301688 1.616863328 1.375140621 0.973687005 0.296987909 0.715286790 -1.952110121 -0.363223186 1.037536778 -0.073334349 -1.549132077 -1.377867398 -0.192513967 1.192986614 0.159501622
-3.931511160 -6.444781420 -39.971503042 -0.683978433 0.609327668 0.389751146 -0.094801582 -0.705939086 0.151020270 0.460072913 -0.419948854 0.141063914 0.773076011 -0.437565926 -0.149932327 0.725337486 -0.712174585 0.055335563 -1.119704408 1.349716692 -2.505675046 -0.638912118 0.399217616 -0.898847418 0.096156484 -0.185624640 -1.123462782
3.166800205 -10.910717644 -35.820286413 -0.270348536 -0.644492161 0.213536562 0.682600660 0.768286698 -1.180438013 -1.311453645 0.023141733 -0.458018101 0.453644462 2.719683175 2.168422977 0.757564222 0.378708913 0.731025726 -0.195182124 -0.152741394 0.207761033 -0.345293265 0.628510387 1.521188619 -0.543914704 -1.084213801 0.106372573
0.973074748 -5.343831916 -23.770029312 -0.088308876 0.476413841 0.213890105 -0.848223094 0.141267131 1.117848436 0.977156398 -0.097894931 0.711645839 -0.487344166 -1.128843865 1.122921752 -1.561426185 0.445215153 -0.846343104 -0.078431371 0.481199185 -1.253912445 -0.305113013 -0.619156585 -1.696587536 -0.420423223 0.323705694 0.449932790
5.900832392 -1.196947634 -28.294995378 -0.515249265 0.324634772 -0.513374464 -0.604629737 -0.761811363 -1.219263316 0.739154315 0.708264226 -1.324425610 2.567850130 -0.359013406 0.832387999 -0.427286317 0.011468030 -1.482325511 2.447064584 -0.809190515 -1.249208315 0.511567463 -1.597320678 1.180770086 1.403606418 1.233155713 0.954640870
-6.011987184 -5.563159149 -30.302068951 -0.809380035 -0.341256003 -0.434209903 -0.199775021 0.597028704 -0.903977357 0.963967543 -3.539301941 -1.221629232 -0.383795156 -0.977129430 -0.970171825 -0.177397570 0.221313410 -0.840334422 0.762152618 1.925647867 -1.086256324 0.157740434 -0.888169548 -0.050889249 0.917014004 0.581950489 0.025411237
-7.334328767 -11.570155180 -32.983772110 -0.070783581 0.741529059 0.083853908 -0.661885837 -0.308678888 1.180894312 -2.717703068 0.012947853 -1.649173452 1.769622520 -0.231970854 -0.303568677 0.484728451 -0.954001162 0.917917786 0.495462443 -1.492624531 -0.381887217 2.013235396 -1.368682703 0.170593097 0.173427268 -0.921945591 1.345736152
6.993793134 -4.450593938 -29.696400354 -0.042061298 0.117958326 -0.931302754 0.342040729 -0.511956707 0.065802136 0.076965564 -0.379349353 0.940594511 1.767710612 0.355299714 -0.442777598 -0.353370585 -0.153241219 -2.658452393 2.325110553 1.012506280 -0.275310011 1.615888714 -0.631754869 1.339080790 -0.356576626 0.760413280 0.888759466
-8.293256840 -4.417899292 -28.072225161 0.576259304 -0.022082979 -0.325696814 -0.749239042 0.314827704 -1.142926632 -1.023969809 -0.824761269 -0.026867979 -1.992179554 -0.089832957 -0.303183473 -0.850162442 1.162416315 0.016086784 0.264676868 0.719235004 -0.200052960 1.848549439 -0.786912744 0.185716006 -1.053938151 -1.253080238 0.093274838
-5.248000471 -3.629970489 -24.628305339 -0.439091272 0.883991771 -0.128855059 0.095675374 0.396707521 -1.044496504 1.081702404 -0.351246358 -0.593970829 1.166081640 0.181515013 -1.567318973 0.172709810 0.018046839 1.150036088 0.445697685 -0.773465077 -0.012288251 0.310215488 1.135140863 -1.973195629 2.602787932 -0.512615863 2.002500729
1.365141305 -0.297587024 -25.108737410 0.670118043 -0.331996845 0.363684046 -0.555386188 -1.641034591 -0.803806502 0.831471589 -0.002645699 0.217234845 -1.559704394 -0.466228709 0.798443750 -0.973730490 0.641054202 0.568006118 2.154859693 -2.580709168 -1.490334007 0.504737818 -0.986663315 1.577076213 -1.889591641 1.661392570 -0.275408477
-1.269677890 -6.530943980 -33.890038314 0.587522799 0.593753994 0.510033801 -0.205277075 -0.885874737 -0.852531880 2.660284988 -0.022579254 1.624109679 0.438278314 2.093578439 0.534703303 1.064714900 -0.468329785 -0.070723275 -1.116114493 0.657681188 -0.591527786 1.147364077 0.897980783 0.337727966 -0.557701097 -1.147620465 -1.073483024
2.662652178 -10.105417188 -26.584598668 0.327408058 0.520615208 0.199535387 0.762856080 0.511445981 -0.694832520 -0.002670138 -1.138838007 -0.252687756 0.540345543 -0.132735999 -1.189850577 -0.276596582 -0.030049794 0.019228609 0.273588351 -1.407552536 -1.541598433 1.063425220 0.767476533 0.553088255 0.441912559 -0.256027519 -1.417632029
1.050495467 -3.479095484 -25.655178198 0.169468841 -0.281664099 0.825564211 -0.458682221 0.354311491 -0.857046514 -1.087519096 -1.612340669 0.023296583 0.790130511 -1.172114200 1.564910955 0.230345811 1.263605823 -0.772741191 0.489298695 0.995964819 -0.178414682 0.942532928 -0.148103008 -0.975675607 -1.850271799 -2.251169881 0.255340091
-1.330694924 -5.882071797 -27.902955321 0.658756528 -0.388815892 0.389583117 0.512920104 0.363651934 2.258216788 1.250306217 1.674988550 0.850705463 -0.220453342 0.070059418 0.575050399 -0.508928504 2.063201046 -0.118179964 1.345994412 0.197438026 0.637322557 0.819197172 0.683770678 0.430183073 -1.590882711 -0.408384704 -0.924419839
-3.610311203 -10.428792617 -39.994805205 0.321358585 0.559405157 0.021201064 0.763770283 0.313471467 0.535860202 0.831887283 -1.376718947 -0.559336019 0.721081278 1.175597704 0.043862451 -0.407400817 0.784808254 1.561276122 -0.136369624 1.332495979 -0.614235350 1.316990615 -0.391780986 0.794268889 0.465573592 -0.393260058 -0.590044972
0.268825229 -1.063441034 -34.211533910 -0.197690904 0.840920040 0.321848348 0.387537654 0.901333730 -0.781680466 0.067202946 0.834395816 0.060449866 0.631928216 0.184610238 1.693810069 0.019686484 0.214981234 -0.442248684 -0.369416771 -0.778303539 0.194063153 -1.355383961 -0.476644417 -1.066594593 -0.617435107 1.816382973 1.130463984
-9.835548378 -9.691956241 -32.057917184 0.233683624 -0.456438687 -0.767920681 0.383866535 -0.514511652 -0.161705483 0.542503246 0.050577880 2.262655039 -2.960334688 -1.257003430 -0.204833352 1.358125746 1.050035396 -0.554952648 -0.777462463 -0.925045860 0.481535421 0.748541354 -0.114714087 0.958126201 -0.748292050 -0.080820415 0.598571080
-0.485496601 -2.927867723 -27.435019303 0.497760686 -0.351997506 0.749161895 0.259014498 1.176662334 0.880486919 -0.976614449 -0.469146450 -1.912417199 -0.602376902 -0.465308826 0.686290404 -1.710791078 0.999688869 0.820894167 -0.380475822 1.220263326 0.360177430 0.468813795 1.670776474 1.161850057 1.332728150 1.569401685 -0.239088452
-4.377911438 -11.006364145 -33.736588062 -0.382176857 -0.382972860 -0.437769413 -0.718074216 0.012770943 0.855649213 0.592439446 1.371333894 -2.576477353 1.037002800 -0.208783026 -0.765491898 0.127536924 2.713621229 -0.689973599 1.272906623 -0.436081255 -1.285807940 0.398191559 -1.145228766 1.126901128 0.076578187 -0.638294198 -0.888423345
0.190187412 -3.859698833 -22.707810373 -0.285096496 -0.930971335 -0.086695144 0.210941494 0.763365153 -0.673127072 0.960987950 1.409744418 -1.937935538 1.882515494 -0.411426408 -0.294872057 0.888909495 0.133131047 0.975523032 -1.244345726 -0.751125279 -0.060869788 1.570774668 -1.436534524 0.954100808 2.068687289 0.205501040 0.070536366
-3.365754604 -12.075923028 -26.588344706 0.411139314 -0.124416197 -0.786014981 0.444595911 -1.754388632 -0.011617178 -0.797058981 0.147558568 -0.737190362 0.402499029 0.427072250 -0.108723739 -0.302182202 -1.083171739 0.984474561 -0.848826430 0.073811286 -1.244369513 0.552996969 0.063718696 0.343257521 -1.015930754 0.576708837 0.993007604
-3.908278664 0.616385995 -37.871495006 0.528276237 -0.393884259 0.227449592 -0.716970077 0.044353343 1.232850077 -1.725082958 -0.103185877 0.410170828 -0.284878601 -0.098615596 -0.842928097 0.843544773 -1.531416216 -0.755036880 2.032325696 0.343901280 -0.325050475 -0.614845768 -1.551428639 0.190155755 0.147494945 1.745734481 -0.237427326
-3.087253560 -2.594063013 -32.535690894 -0.636332109 0.386733190 0.415684419 -0.522231128 0.182042483 1.627740586 0.567982028 1.269824656 1.219676123 -0.019422649 0.541385862 0.649432190 0.091106298 -0.823291070 -0.616100671 -0.118173371 1.523996451 0.893027028 -1.218554897 -0.486327644 1.300634045 2.437996666 -0.247844840 -1.001867356
2.552925666 0.252423132 -39.319770419 -0.377866499 0.501340243 0.659991216 0.412657806 1.105407374 -1.224010054 -0.834974282 -0.701891963 0.052137696 0.430878078 -0.519339443 -0.032955705 -0.870706288 0.259427167 -2.688091863 0.212080066 -3.237780627 -0.654265895 -1.797341090 1.042453497 -1.192599997 -0.256330750 -1.748627645 -0.632775961
0.024553448 1.332875596 -34.314321994 0.409269204 -0.464444586 0.667732654 -0.413428406 0.702505556 -1.320212577 0.961281077 -0.547121718 -1.243401572 0.722838309 -2.031749495 0.630974544 -0.714294487 -0.668235140 -0.275250984 1.220658616 0.042644025 0.068910491 0.589790917 0.664361622 0.693709528 -0.608530675 0.421674884 -0.949896353
-0.280295336 -11.842256346 -28.524322335 0.347469493 -0.220115109 0.833834602 0.368149626 -0.544718318 1.325350972 -0.672304911 1.644632629 -1.991415165 1.299743249 -0.777218443 -0.834054040 0.103818503 1.010672048 -1.239751756 -1.228620962 -0.839959534 1.240087937 1.708052824 1.102304913 1.950800690 0.337178179 0.664038234 0.139351676
-8.615525579 -9.875527129 -33.116535049 -0.231320977 0.098484842 0.407477968 -0.877925422 1.104145738 -1.933927568 0.129850168 1.933939745 0.632605485 0.548445669 1.069712810 1.596038229 0.324048445 0.227512940 -1.053491452 1.271064880 0.656955460 -0.189729919 0.435729875 -0.242235400 -0.570641835 1.563093736 0.521984069 0.755777162
2.870735619 -6.287161012 -31.394354644 0.513850529 -0.851084197 -0.094870646 0.051116378 -0.413575686 0.311141468 -1.190110200 0.196443148 -1.290098021 0.051069495 -0.714752252 -1.456717625 0.129153014 -0.263222569 -0.391392077 -1.363327351 1.362246641 -0.499013148 0.365516146 -1.187783750 0.273771367 -2.279629096 0.165564771 0.500561749
5.251465379 -5.206330525 -25.618037841 -0.226084878 -0.041443745 -0.881725876 -0.411980004 -0.601441748 1.200845718 -0.381727510 -0.694858858 0.677867076 0.264711359 0.852193923 1.053657866 -0.687292875 -1.562292510 -1.188797150 -0.250720981 0.308950924 0.382558272 0.777722991 1.103162672 -1.910255414 0.923142368 -0.543897829 -0.291030586
-3.078904906 -8.368623039 -41.340875622 -0.500159167 -0.292100147 0.219761831 0.784998758 -0.124891831 2.105876028 0.224636740 0.346759404 -0.167688959 -1.072996450 0.018884187 1.090186477 0.171013353 -0.645513528 -0.208734825 -1.708915557 2.341060484 0.042413898 -1.501741184 -0.340447296 0.196855505 -1.574189380 -1.354096324 0.031496655
-1.741678506 -7.405873750 -41.809799096 -0.816134469 0.506587475 -0.266050400 0.080689793 1.448368217 0.619356551 -0.747990413 -0.548904165 0.814824277 0.447238265 0.853019232 1.362640795 -0.771891463 1.444786406 2.032281679 -1.393362191 -2.700652784 0.386780289 0.212008885 1.084084898 0.462966507 -1.005079964 1.222746275 0.948544255
-1.940345947 -6.794791286 -32.315699660 -0.274745068 0.938490647 -0.172306880 -0.118578213 0.484405671 0.156614122 1.225725345 0.744811813 1.554885926 -1.115564301 0.978301281 -0.064362187 -1.834501787 -0.621253820 -0.844568466 -2.044056779 0.572761407 0.503050526 -1.076058520 0.200930522 2.084795602 0.629694458 1.382373504 -1.376763041
1.185137880 -2.513011536 -31.354453232 -0.189886107 0.226016200 0.600047457 0.743507225 -0.267872862 0.307579820 -1.338954813 -0.356277948 0.317447883 0.853798896 -0.319735733 0.585906312 0.832431410 0.063082172 0.808594585 -1.017602737 0.057732579 -0.916829530 0.674202559 0.463778027 -0.831864327 -0.713395867 -1.262844833 -0.524098477
-4.128771774 -10.161805072 -38.581724168 0.544938361 -0.741245168 -0.376286230 0.109573978 0.193100017 -0.159629610 -1.468000621 1.222586953 1.165475490 -2.442841874 -0.029430371 -0.584305156 -1.809832830 1.136085892 1.425580517 -1.273263228 -0.058931031 -1.023607778 -0.090202913 -0.900136617 -1.471863006 0.846705728 -0.746740226 -1.782792999
-1.168644823 -5.525648039 -41.370465085 -0.104031582 0.605832273 0.273333165 0.739887605 0.406444998 0.627412085 -1.138780075 -0.061405263 -1.305718096 0.633244643 0.938441519 0.650861279 -0.474797523 0.009062759 -0.821378287 0.215774326 1.754907049 -1.562079315 -0.772360977 -1.009483999 1.030700731 0.337836569 -2.614342688 0.034066191
3.435680307 2.071463227 -35.561707557 -0.167080259 -0.663712976 0.320150605 0.655036536 -1.077316861 0.561392467 -0.435406689 -0.819048642 1.227120414 -2.187854597 0.513075276 -1.114133667 0.400749975 -0.831413872 0.308399190 -0.640831804 -0.976470800 1.658744914 -0.003820738 -0.403323001 0.417139162 -1.321661418 0.528656143 -0.672375291
-0.767795655 -6.258177871 -24.971940461 0.026478903 0.702432651 0.372803063 0.605726930 2.600601127 1.096472785 -0.814733253 0.215014882 2.082468815 0.564816607 0.237682531 0.903920575 1.005515925 -2.463659715 -0.427631193 -1.046085641 -1.404598111 0.374404803 0.785492263 0.861851543 1.503044963 0.332779342 -1.240726934 0.588320591
4.151025180 -9.714935904 -26.930544249 -0.403380344 0.193453483 0.217832339 -0.867415195 -0.420097066 -0.293521936 0.416780358 0.680193368 0.298064041 0.646628540 -0.474346432 1.246503814 0.118560775 -1.421519622 -0.211379061 -1.251891899 -0.657531123 -0.725295719 -2.113253483 0.916875033 -2.018622840 -0.641669476 -0.894518912 -0.015615802
3.865758169 2.732602921 -32.879644807 -0.437194960 -0.803934321 -0.367457110 0.165907947 -0.178519027 0.661336380 1.286487569 0.251511867 -1.404091294 1.117380326 -0.553383601 0.461903981 0.839147589 -0.177838713 0.553132923 0.972332548 0.207060019 1.653224448 1.644476852 -0.585643664 -0.910951880 1.553494291 0.065517699 -1.296204193
2.321967707 -2.357590060 -40.336754817 0.347849916 -0.229753366 -0.833104946 0.363524381 0.602654088 -1.031683676 -0.140708851 -0.917330093 2.103955876 -1.704192734 -0.443704246 1.389791214 0.213075041 -0.054256330 0.737042193 -0.075144197 0.674493593 1.092410727 1.044023140 -0.438209441 -1.568637993 -1.469279389 -0.044481632 0.839977613
3.343709482 -0.433389050 -31.120039916 -0.579686171 -0.368989358 0.721350275 0.086397781 0.100636927 0.800429513 -0.962168763 -0.386187427 -1.259539503 0.417060528 0.171763891 -0.594610926 -1.430294878 -0.591543059 0.799662481 0.285450415 -0.665031638 0.492224925 0.639980178 -0.080732203 2.187204298 -1.223253272 2.254798060 0.828629491
0.907177578 2.681889593 -33.413317649 -0.564206494 -0.433867571 -0.641595106 -0.285981963 0.196137465 0.921194316 0.105055923 -0.793509233 0.433337025 -0.151253562 0.702765096 -0.986489704 1.504001488 1.487848914 -0.110551740 -1.672308108 -0.346865513 -1.370975162 -0.042100533 -0.795406300 1.265140153 3.752047206 -1.821592004 -0.390941781
6.691139850 -4.897448790 -33.120736498 0.324298100 0.328317606 -0.880928853 0.104893511 0.402287445 -0.735816486 0.120015592 0.258273919 -0.528708176 1.699446936 -0.929027446 -0.360234643 -0.993131213 -0.107555012 0.033895978 -2.214585037 -0.898331081 -0.157517311 -0.572456776 0.638834456 1.014901881 -1.758644050 -0.205255024 0.750000007
-9.363909560 -1.848076503 -33.673886707 -0.511095261 0.738981947 0.295088886 0.324976717 0.785903042 -0.067732057 -0.324734409 0.259296506 -0.161981493 -0.170963534 0.110998096 -1.153967336 -1.009064805 0.095589168 0.873797159 0.505260905 -0.618534495 0.536687160 -0.555364881 0.045018300 -1.323353417 -0.639233237 -0.017997912 -0.759034396
-0.011709415 -12.628616516 -35.235648972 0.203078744 0.527743797 -0.279924554 0.775814252 -1.232151002 0.513012071 -1.270818518 -0.243790763 -0.977227778 0.875473008 0.010728434 0.207763599 -1.126941172 2.337408748 0.257928456 -0.741412868 1.663383850 -0.076337026 -0.039811068 -1.036688214 -0.362121707 1.524351729 1.926000294 -1.571439991
-9.774383723 -4.503670809 -34.283611583 0.765720989 0.469967040 0.372363500 0.232696737 0.284855193 -1.208351894 0.317127711 -0.042600389 0.523473211 -0.015108944 0.537576602 -0.838267831 -0.650401444 1.110144787 1.536210578 -0.136618476 0.516538929 0.682232381 1.750887707 0.804100961 0.185351451 0.968478974 -0.452828647 -0.094519024
-0.640041054 -6.714944944 -30.824984045 0.103695794 -0.974045331 -0.030604893 0.198862305 -0.002043872 0.721711661 0.768853131 0.601754016 -2.054515364 -0.317003279 0.225154210 0.849592816 0.934231269 1.719330743 0.423978800 -0.681430374 0.455505603 0.738649443 0.162611158 1.582932693 0.690827030 -0.303677750 -0.571303622 0.646918828
7.589955839 -2.145398116 -30.377352008 0.312916270 0.468781640 -0.280563786 0.776924155 0.687629496 -0.538834254 0.409545484 -0.018789838 1.382786813 1.813785064 0.718561496 1.346714051 -0.414389513 -0.512449947 -0.393640689 -0.835759258 -0.223377985 -1.465898027 0.300463286 0.584653569 0.521192609 -0.923322868 1.581474087 0.879276037
7.140965399 -9.359500881 -29.823154149 0.608266380 0.430481343 -0.652225719 -0.138922407 -1.280791381 0.968176129 0.762792404 0.984492325 0.144617284 0.305338950 -0.292512652 1.483183856 0.971282393 0.572587130 0.660302324 -2.357947534 -0.255367380 -0.713654945 -1.062668765 0.049356508 -0.277635575 -1.264624319 -1.300424173 -1.692656991
7.408600849 -8.487753296 -34.298784155 -0.009627331 -0.796751019 0.603721186 0.024816491 0.133009581 -1.349517764 -0.260619519 0.019148173 -1.698277828 -1.788647356 -0.376739751 0.163108129 0.744359105 1.181057247 -2.311652148 0.337342060 -1.404161048 0.485115764 -1.259575768 1.269506371 1.021045242 2.023278837 0.934208433 -0.147586806
2.953813031 -1.521734408 -38.784852082 -0.638496309 0.169855779 0.610367640 -0.436947162 0.987282069 1.479245255 -0.082262980 0.589551796 -1.161349329 0.460921585 -1.716835087 0.922665345 -0.885624049 1.357613826 -0.208385395 1.158964409 0.726541548 0.075486742 -1.783572279 -0.229405560 0.535813652 0.141272394 0.202756131 -0.073961789
2.299614796 -7.460786563 -27.322810152 0.947356256 0.015102540 -0.268236158 0.174176351 -0.079624784 -0.607779430 -0.282970644 -0.697979047 -1.964591005 -0.540714877 0.577423876 2.133115330 0.052761478 -0.144624881 -0.579904555 -0.578092751 1.503482304 0.742401651 0.147082381 0.583962899 -2.056855139 -1.000091776 0.334768845 0.273080369
1.804942094 -8.036951011 -28.111409432 -0.057371252 0.978850532 0.149671721 0.127116293 -1.525781968 1.044281708 -1.061284367 -0.333358729 0.929954793 0.169144899 -0.187377744 0.341468730 -0.950982485 0.655678295 -0.052146762 1.031877589 0.968884063 0.424390339 -0.047261812 -0.964427565 -1.185026561 -0.072434373 -2.285054526 -0.435019063
1.365373462 -11.662818615 -31.666429120 -0.695780483 -0.483768050 0.527866137 -0.056703912 -0.317320423 -0.468638534 0.470117041 -0.870771015 -0.758432769 1.313837566 -0.920199886 -0.138588906 -0.068486906 -0.130248137 0.599215508 1.158753368 -0.863409425 0.221145475 0.117575683 -1.365055651 1.109921184 -0.638102717 0.508812048 0.115677945
-2.359416549 -0.486001941 -24.684601491 -0.009438394 -0.251770040 0.384535710 0.888062527 0.771520490 -0.141542894 -0.706558644 -1.038396383 0.117879837 0.076003197 -0.411967167 -0.307944949 -0.174332786 -0.189862353 0.525379325 0.575989977 -1.051116431 0.399099843 -0.974681285 0.425454338 -0.787330884 0.358223724 1.106633200 -0.743976563
-2.734741079 -4.032364198 -28.845890196 0.215552838 -0.919512733 0.033221121 0.327001017 -1.558357605 1.412916260 -1.122252238 -0.786403637 -0.468031803 0.488931470 0.249081609 1.938133523 -0.765568320 -0.688288160 0.492443316 -0.042510958 -1.290568077 -0.739723720 -0.494878735 -1.638859708 -1.633279618 -1.065890958 -2.240498853 0.394933830
0.353955564 -2.114120871 -24.409727307 0.066721856 0.377607549 0.808297556 0.446783834 -1.444827056 1.142895319 -1.161431126 -1.236009058 0.297317936 0.646759037 -1.106762786 1.125483502 0.456096227 -1.425494671 0.881674475 0.249417798 1.126660351 -0.549961078 0.515828316 -0.951400734 -1.206645577 1.011086359 -0.970531072 2.031113248
-5.342512136 -10.228163580 -37.586664921 -0.458755246 -0.097657617 0.882350008 -0.038276327 -0.168930297 1.002981448 1.040770501 0.616886745 -0.464494079 1.425660583 -0.604295106 -0.855531726 0.925103568 0.063671828 -1.330440447 0.563627070 2.075296507 1.147853244 -0.514390212 -1.237089301 -0.863477768 -0.954852045 0.490727821 1.890850665
-6.691654974 -5.208108122 -37.304304403 0.693021127 0.618303767 0.307399528 0.207190011 -1.297464158 -0.410510708 -0.267200368 -0.809418215 -1.571394753 0.405632270 -0.810737853 -1.972792178 -2.125822060 2.708853146 1.307208012 1.573544941 -1.788532286 -0.408516938 0.737637465 0.925881009 2.299108197 -0.467821486 -0.686058608 -0.604274773
-3.114956656 -5.619147611 -25.027219415 0.760820921 -0.402475858 -0.337660136 0.380986013 0.640828902 -0.502925483 -0.396680457 1.654893114 -0.894948565 2.565928439 -0.402866957 -0.624417542 -0.175136252 -1.031718709 0.913692783 -2.202330150 0.647843928 -0.235438426 0.353510563 0.975601580 -0.797503701 0.814341847 -1.195383380 -0.261416351
-6.438642338 -3.853038454 -24.935306959 -0.200443342 0.433782431 -0.862110882 0.168582613 1.299726602 -0.461761382 -1.944147109 -0.889604549 2.448159384 -0.919887528 1.267717254 1.183228380 -0.050005664 0.458733069 0.724156791 -2.006517814 -0.043471934 0.575368480 -1.383161696 0.025015531 -0.408673745 -0.359337867 -1.601218347 0.083182203
-1.625683236 -9.126939880 -38.312458423 -0.795594753 -0.070165967 -0.594790829 -0.091266619 0.351263763 -2.061631303 -0.293923240 0.920611159 -0.105451608 0.898067354 0.138721492 -1.730133294 -0.208411609 0.968819029 -0.635432631 -0.613508031 0.339902011 -1.069059476 -0.443868971 -0.523969114 1.071038523 -1.272162876 0.184662037 0.064450814
-8.091052075 -7.218416429 -26.095904256 -0.363246539 -0.619215386 0.570765287 -0.398561468 -0.680773226 -1.816100208 -0.934104063 0.974216555 -0.064842084 0.410210160 -0.172694984 1.415289833 -0.033115259 0.946809231 -1.727049203 0.516834049 -0.390094908 -0.184962633 -0.294986925 0.486773585 2.418252626 -0.092576199 0.491461509 -1.322518459
2.710431683 -9.945549489 -27.632663398 0.356494625 0.455096689 0.713632802 0.395634692 -0.153117514 0.641808645 0.217046268 -1.106254826 -0.721501248 -0.116172576 -1.376997569 0.296019789 -0.292853827 0.390144965 -3.105093960 -1.068249525 0.669998034 0.702504907 1.136277814 1.364040386 -1.749720913 -0.747795327 1.039984706 -0.463125639
3.489883543 2.486274218 -32.206294496 0.920778220 -0.181623665 0.255040563 -0.232668489 -1.576759655 -2.311356327 -0.617329063 -0.669506608 1.375720671 0.388214668 -0.663180788 0.353434216 0.358828890 0.742302507 0.119994041 0.876319401 -0.766779337 -0.169478513 -0.926044092 1.599841751 -1.826282001 -0.477333855 -0.469805394 -0.666031962
-2.740631656 -3.906168438 -35.220035551 -0.296292801 -0.483110646 0.458430390 -0.684584733 -1.630353513 -1.787366263 -0.628670411 -0.467973468 0.822360461 -0.309993502 1.044073072 -1.690005978 -1.201991515 -1.366205059 1.318311881 -1.194545822 -0.500889397 -1.129701509 1.009254333 0.102457448 2.905080090 1.180832204 0.586389054 0.885689118
3.435593010 -11.570595864 -37.020311516 -0.542743855 -0.672431844 -0.438717667 -0.246558981 -0.129586595 0.549940201 1.519391325 1.883077123 -0.671504596 1.196164327 -0.562407520 -0.512525734 0.254742519 0.347941823 -0.744670336 -0.081037066 -1.127393346 0.931957311 -1.734463305 0.871737976 0.544449079 1.444997873 -1.808322676 -0.120247630
-4.138194747 -7.699547523 -33.431599512 -0.520335884 -0.521227312 -0.649076125 0.190454302 0.668939682 0.825667580 -1.781828526 1.372690832 -0.622704798 0.773737547 -0.387320555 0.934031976 -1.089276389 -1.114060155 1.325272651 0.591934792 0.512344085 -0.595406221 1.516282591 1.517711636 -1.216488124 -1.082797659 1.158851536 -1.276892436
-6.260815807 -9.746501961 -32.033204965 -0.048717610 -0.223974800 -0.803991666 -0.548688695 0.881482715 0.264208537 -1.668017063 -0.354933055 0.842755737 -0.385663881 0.281857186 -1.053659746 -1.197284980 -0.176071957 0.570649438 -2.104662206 -0.074830876 0.942402539 -0.022691449 -0.538222943 -1.485431663 0.373783292 0.046998250 -0.410428212
7.091209940 -7.424507901 -32.653667810 0.159454849 0.096508851 0.334175067 -0.923897839 -0.857646148 0.367987759 -1.632475899 0.802606264 -1.115709816 -0.947837958 0.754063264 -0.670815528 1.525720788 -0.291999857 -0.850281870 2.143626433 0.082520011 0.752389533 1.043465347 0.546276136 -1.184759789 -0.323551617 -2.420140626 0.055807821
-4.277785990 -7.252732492 -24.980111364 -0.393128470 -0.609457525 -0.664681685 -0.179470857 -0.459384571 0.199202940 0.616140269 0.599819122 -1.734317425 0.242686152 -0.953534808 -1.113857057 1.945728689 -0.425685175 1.405607860 -0.199279281 -1.159222424 0.103250849 -0.439154359 -0.372608892 -1.126554053 -0.546914371 0.307647123 -0.072310609
2.913264075 -9.806399890 -35.823293594 -0.090947320 -0.568958944 -0.627228826 0.524021283 -1.854488427 0.220163452 -2.038417433 0.482992833 -1.068058369 2.534904645 -1.005384369 -0.475318117 0.797286926 1.675667494 0.824257379 0.101726479 -1.910537126 1.647857386 -0.255926736 1.365773121 -0.466103773 -0.111221360 1.173462957 -0.848076220
1.450690348 -14.059712173 -29.926747789 0.233973837 0.486484762 -0.318571607 0.779166831 -0.682181187 -0.086992090 0.667515232 -0.581321183 0.472782321 -0.077332011 -0.437042033 -0.004506508 -0.838791360 2.831075074 0.332361865 2.254100041 0.852262305 -1.349680173 0.529736168 0.549532132 -0.437897536 1.654134173 0.387322471 -0.522629018
3.894093323 -6.508949265 -35.624204136 -0.182798789 -0.509610198 0.355342850 0.761979992 0.205563568 -0.181213789 1.838302373 0.434082605 0.337639118 0.735587288 -0.942921051 0.977543986 -0.359239588 0.189218712 1.014051059 -0.379226771 0.541398762 1.338330568 -0.623473015 0.580806347 0.353483375 -0.923289260 0.371333642 -0.666478763
6.736904575 -5.886078294 -33.427494795 0.676918961 0.358901992 0.437706133 -0.470513997 -0.256937703 -0.418246621 0.332523575 0.572627027 -0.911032260 -1.955600438 1.728908131 1.151445407 -1.158504517 -0.045455662 0.018042834 0.116670209 1.577220136 0.339729988 0.383731108 -0.134126780 -0.406544474 -0.234819041 0.165593844 -0.401828998
2.437954390 -6.336037467 -35.944443480 0.039718278 0.829105088 0.519206405 0.203548324 1.281448764 -1.023831542 -1.338857910 1.064560612 0.374156841 -1.534969511 1.177495768 0.347349037 0.753008319 0.357369159 1.158672307 1.247079778 -0.747406349 0.046355072 -0.184314721 1.177576720 0.247247724 1.720631001 -0.187998760 0.155904057
-2.222216685 -3.777597230 -38.181282196 -0.842273090 0.312767344 -0.145011775 0.414396207 1.821042515 2.020359942 0.568533233 0.241348717 -0.531235948 -0.261636046 -2.403488389 0.899228153 -1.574048657 0.151942899 -0.479108556 1.308422089 1.119789853 -0.260764725 2.462685900 0.560022649 0.728548465 -0.955719691 0.279158997 -0.409973968
-2.409340290 -4.018842043 -40.686026320 -0.510122245 -0.212533864 0.804116961 0.219090309 0.442768093 -0.258254115 0.556935258 -0.498489446 0.318973504 -1.052002271 -1.248139250 0.331989870 -0.787992200 0.395542642 -1.542970679 1.265958335 -0.033487131 0.095698345 0.558823680 -0.026713372 -0.683200844 1.498999242 0.643095613 -0.904738751
5.042240086 -8.299747759 -28.272720141 -0.015686311 0.061734262 -0.726779371 -0.683911227 0.257919521 1.674178980 0.488008446 -1.106032098 -0.839847132 0.703517923 -0.194789707 0.460768737 1.072320019 -0.523380957 0.837340871 1.237048180 0.311106891 -0.384392596 1.145731093 1.177781053 -1.742954704 1.974231955 1.045651754 -1.212071946
-4.588336622 -8.688201253 -29.139816101 -0.126233479 0.483333217 0.341420180 0.796169812 -1.688958725 -0.007542714 0.209045393 0.737994159 0.375852710 0.115048688 -0.863959634 -1.774170071 0.600671199 1.885733922 0.873479520 0.668909213 0.470876962 2.175952280 0.755950262 0.427577980 0.316400507 -1.095785693 -0.894282441 -0.744616835
-0.114075124 -13.537945528 -36.324817243 0.765937474 -0.089023145 -0.628159236 0.104070364 0.847562282 0.976289390 1.155524075 0.894696023 0.746970845 0.229064242 -1.663877906 -0.044589268 0.554126868 -0.944648678 2.475687835 0.495204282 -0.023367640 -0.844359515 0.774877087 1.719565465 -1.264667110 0.278997799 1.223948838 0.431568212
-9.278413886 -5.870430293 -34.630182388 -0.839848246 -0.497873500 -0.125562813 -0.176099065 0.190758778 -0.640714587 -0.574397353 0.118023691 -1.633728925 1.017582483 0.096082603 -0.733194865 0.659047142 0.582228890 -1.234911439 -0.667484978 2.831488552 0.489076072 1.949801760 0.966576807 0.109819601 1.252852463 -1.810129705 -0.209787988
-3.009216637 -9.090262417 -40.358734211 0.767352315 0.600040694 0.033835806 -0.223554754 1.028242379 -0.128021996 0.708357871 -0.551040051 -0.038761796 0.873687297 -2.037653891 0.361032627 0.967824963 -0.724010116 0.141350300 0.215388702 -1.396530025 -1.370400270 0.609386772 -1.502328569 -0.261888725 1.181953058 0.809705792 -1.153576702
-3.078698787 -3.388890888 -35.905926355 0.353497732 -0.831047626 -0.401785846 -0.151549763 -0.376379834 -0.757246768 -0.482457945 -1.300516490 3.380247921 0.046337737 1.016300019 1.296760127 0.033522658 -1.049302947 -0.849454673 1.620238045 -0.312829422 -2.092351655 -0.651297956 -0.692551545 -0.151821230 -1.240053762 0.850010515 1.261546783
-0.252246587 -10.815490500 -40.201033421 -0.192134096 -0.716504474 0.367231298 0.561112289 2.022501188 -0.733172922 -1.594214082 -0.247412246 -0.580801450 3.665522961 -1.121141831 -1.108284459 0.824952741 0.139367144 -0.156786444 -0.122104354 1.157184158 0.452261711 0.400065422 -1.137304307 -1.597058722 0.857477893 0.471381965 1.471085919
-0.806411906 -2.916514125 -27.115863477 0.228793860 -0.507381928 -0.800870176 -0.220961331 0.606105986 0.535734400 1.569306372 1.109608040 0.575443535 0.472665218 0.180778430 0.965937430 0.125826368 1.212861872 -0.984358121 0.534712702 -0.266888833 -1.068844810 -0.956381789 -0.719548026 -0.074600419 -1.039833839 1.047871217 1.624900455
-3.463129391 -13.055112992 -37.965063113 -0.286195564 -0.007896335 0.923348394 0.255846615 -1.041070388 0.183854291 1.271149698 0.396610897 -0.660274293 -0.286790895 -0.891086210 -1.294617664 0.908070284 -0.038403964 -2.031050257 1.150058897 0.075817959 0.372651254 -0.451729744 0.507733185 -1.119578119 -0.834900299 0.193150542 -1.208442823
6.896358411 -2.205727398 -28.398808776 0.669387067 -0.721632715 0.104156141 0.142543601 -0.493025230 1.442075031 -0.830579440 -1.204205440 0.982190870 0.033985622 0.085613899 0.924454637 1.166735319 -0.565907899 0.798029594 -1.213605886 0.022436980 0.152079825 -1.049497374 0.102771548 1.896105588 -0.163391425 0.751289294 -0.662193498
5.408208924 -6.261351182 -25.885663003 -0.673207481 -0.640230002 0.363755067 0.067671877 0.643456988 -2.326067398 1.594580447 -1.044743917 -0.678773829 1.006297518 -0.588037219 0.769820761 1.624491819 0.676049919 -0.971139144 -1.245024567 0.250960813 -0.240065480 -3.309272905 1.442302070 -0.651635952 0.571492463 -0.345203267 -0.147876642
-2.025827499 1.987421575 -37.589066762 -0.041082311 0.528049072 -0.631641461 0.566132039 1.564086036 0.213543869 -0.190270024 -0.350770930 -0.557463747 0.707537898 -1.236935542 0.456239008 0.501308032 0.065418145 0.172720188 -0.526353567 0.715268767 1.115163296 -0.757665045 -1.339013821 0.910391807 0.773130949 0.718900714 -0.720618276
0.677490909 -3.637027471 -36.387457522 -0.709252015 -0.132155535 -0.502172416 -0.476780200 -0.707097436 -0.562688522 0.513974327 -0.661527826 0.370725821 -0.779136796 0.377613032 0.315064449 0.019292641 -0.121725670 0.538489690 -0.109375695 -0.012910234 0.278591487 -0.203048016 -0.119954401 0.201115272 -0.180362380 0.261090266 0.943285494
-6.043884083 -10.570737198 -34.510227506 -0.779333860 0.080493502 -0.047979258 0.619562363 -0.936953645 -0.427147235 -0.785070272 0.440196037 -0.242340493 -1.485582329 0.930876739 -1.026824909 1.259584328 0.118455678 -0.704801422 0.464796149 0.652805683 0.299318741 -0.190049835 -0.083745697 -0.324936384 0.759551028 -0.890509271 -0.057636223
-3.297187912 -6.676217423 -30.159294366 0.331440386 -0.755587411 -0.558607669 0.084808062 -0.655082555 -1.135028463 -1.292107421 2.213387030 0.508137240 -0.971935023 -0.974857467 0.426079757 -0.595295158 0.545446297 0.718394306 1.926984678 1.394956171 0.993507210 0.463682234 -1.206583234 -1.015320684 -0.694157053 -1.219312775 -2.020638532
-4.094794903 -14.395619252 -31.154994000 -0.707212881 0.548056352 0.436272699 0.095657247 0.041791648 -0.700910521 0.979898797 -1.287701811 0.918362082 -0.325239607 -0.915445934 0.755462832 -0.259247611 0.831592162 -0.666951346 1.714307982 0.907245567 -0.797855353 0.395970890 -0.560710190 -0.551593791 -0.779163406 -0.131186071 0.682527771
-5.826588701 -1.507865922 -30.217057423 -0.493769904 0.722909682 0.306389149 -0.373789464 -0.072674346 -0.160985751 0.575008563 -1.377323677 1.155968702 2.182214725 1.570670581 -1.254282818 0.442740675 -0.521826291 0.714199472 0.817337855 0.480146834 -1.049120285 1.214711433 0.003730596 0.303149378 1.938080890 0.165400610 0.379072452
3.388190715 -0.441217798 -38.612732811 -0.949216299 -0.103615139 0.208898519 0.211219621 -0.900949970 1.732398721 -0.181717309 -1.482207836 -0.015998913 0.492835896 0.739813831 -0.299446625 1.160110041 -0.044931530 -1.967996063 2.754071021 0.143846284 0.759689669 -0.710333514 0.283437719 1.793902699 1.604041065 -0.981181752 0.258417442
5.316396729 -10.810536470 -32.959033809 -0.899642747 -0.345499826 0.088360798 -0.251922939 -0.957554615 1.127296554 0.902605308 0.144919686 1.704757947 0.227125072 -0.681704910 -1.111095838 -0.338486322 -1.454434699 -0.899088506 -0.476550463 -0.949476395 -0.175605995 -0.310143762 1.772383719 -1.303299890 0.768176985 0.290373150 -1.020420989
-1.185089219 -1.875583990 -40.399677671 -0.118673010 0.925379319 -0.338555681 -0.122351478 -0.610851582 -0.214905090 -0.474381000 0.988011480 0.239880105 1.031780379 1.179836260 0.873073867 -0.984364637 -0.578278701 1.928391470 2.095229157 -1.687950960 0.345581478 -0.205817222 -0.591945810 -0.444821565 -0.244364203 -0.727876015 -0.319094625
7.129436654 -5.784846534 -33.684476188 0.488861219 -0.165761233 -0.131790776 -0.846267755 1.161290584 0.348201809 -0.110584504 -0.843830538 0.460392319 0.234919729 -0.336022093 -0.707536277 -0.389741654 0.534003488 -0.157964155 0.171714552 -0.868928468 -0.915198713 -0.887188359 -1.496384128 1.066041169 0.098760865 -0.836619946 -0.173796210
0.942320826 -13.238176790 -32.928968981 -0.233373220 -0.145156904 -0.937612918 0.212951708 -0.056716059 -0.803161632 -0.050352867 1.176980148 -1.995116660 1.009239969 -0.628160365 -0.361920583 0.698971312 0.088549749 1.779313008 0.090685601 1.108149379 0.405069283 2.087106274 -2.149917383 -0.284364123 0.527285004 -1.902712982 -0.298312982
4.138943324 -1.940829655 -31.521755982 -0.823822805 -0.308621938 -0.389373860 -0.272867150 -0.754687870 0.287281557 1.927531904 0.382237217 -0.688827852 0.462816506 0.617143754 0.866986340 0.513573274 -1.876362404 1.258902899 -1.298504675 -1.100412630 0.113038585 1.219150916 -0.352716264 1.172638277 -0.299298454 1.273764989 -0.244872519
-2.971901503 -11.404349432 -30.907121986 0.042007610 -0.895779457 0.242157164 -0.370370670 -1.140582528 0.259403452 0.493791019 1.148107851 0.150508139 -0.124781644 -0.464103023 -0.611086313 -1.477018547 -0.500837226 -2.411551244 -0.465389855 -0.718559271 0.672483988 -1.436416900 0.547642545 0.291544240 0.956705763 0.033529103 -1.112030886
3.249227034 -7.950500712 -33.878474187 -0.441632796 -0.805607752 0.066495148 0.389274990 -0.383988743 1.432107414 -0.400240743 0.024379266 -0.924859958 0.583397054 1.057654433 0.125521983 0.282460919 1.525335436 0.961401064 -0.225280823 0.250141916 -2.060248182 -0.563465446 0.247929939 0.649243450 -0.977465455 -0.681915684 0.608988985
-8.161020105 -0.221449565 -31.489036143 0.431872024 0.512106357 -0.324753806 -0.667659044 -0.888607559 -1.916494823 -1.017808726 0.418773543 1.205409878 0.743119448 -0.387882859 -1.698588802 -0.610042987 -0.404510623 -0.499927500 0.218211714 -0.605586949 1.077192373 -0.252170497 0.148416302 -0.030839290 1.450008941 -0.506443571 -2.629047720
3.200877239 1.073749583 -26.798101054 -0.121595292 -0.235120707 -0.446181204 -0.854900679 0.401850961 -1.591488711 -1.466858097 -0.009970757 -0.530345607 -1.859508070 0.228474188 -0.130427212 0.365529991 -0.319849673 0.220323831 0.830776632 0.492547275 -0.685544448 2.701129640 -2.111617049 -0.183375739 -1.246138443 -0.802466434 1.359206914
-2.814166978 -11.980229171 -25.169135485 -0.580512975 0.037169014 0.713094082 0.391305483 -0.987134705 1.324491943 0.939862200 -0.533803226 -0.332968294 1.173878372 -0.296691821 -0.643452988 1.037270114 0.255401421 -1.147025148 0.845029772 -0.162498435 1.737792952 -0.473536252 -1.074028447 1.274738264 0.257838882 -0.143866590 -0.339307970
-1.528446716 -11.438205795 -36.581068108 0.684345139 0.326791124 -0.089118569 -0.645706723 -0.631339381 0.458308244 0.390118429 -0.314055113 2.043053698 0.693962734 0.500444334 0.839671421 -1.047438946 0.004241630 0.596770845 1.186442937 0.082090805 -0.840792990 -1.779467874 -0.388481512 0.739583164 0.489197974 1.302237563 0.216059677
2.597165495 1.859670268 -29.272746416 -0.626751437 0.373359178 0.536874956 -0.423734400 1.445058112 -0.885258060 0.369233945 0.679910584 -1.597234111 1.246257878 0.342145049 0.388511734 -1.323516279 -0.138924502 0.452421836 -1.442957225 -0.846620366 -0.789630298 -1.066620256 -1.057219109 -0.710846613 0.114940203 0.484953533 -0.203934194
-5.003887899 -7.838871487 -28.080609844 0.326080146 0.315315954 -0.474856901 0.754160799 0.386966641 -1.219364600 -1.986433933 0.109427134 0.721695280 0.040190339 -0.933353753 -0.222487963 -1.042335571 -0.491971959 1.044237780 0.901927652 -0.138027264 -1.416694224 -0.455300137 -1.034802250 1.663090101 0.494011744 -1.819306758 -0.045286522
-2.059426578 -14.608166783 -32.471753574 0.098699929 -0.930660239 0.186476338 -0.298925440 -0.824852856 0.890788684 -0.821101632 1.057419142 -0.869656854 -1.133944142 0.970308812 -1.478866553 -0.320992072 -0.457803257 -0.491641154 -2.485297412 1.193643697 -0.421600042 0.593497605 0.484195862 0.337462364 0.386976915 1.154782002 1.253246280
-0.227490682 0.242038139 -34.623103046 0.728065199 0.314922884 -0.525237803 0.308009566 0.799669184 -0.147668676 -0.638131749 -0.458014598 -1.379782999 1.078749313 0.823550703 -0.517006542 -1.110536147 -0.111790897 1.028021768 -0.310951865 -0.629362400 0.514951692 0.245559469 -0.424931418 0.749699961 0.751953687 1.089373120 -1.372206313
6.357976193 -8.384943271 -31.739602377 -0.752730837 0.361715408 -0.549487470 -0.024935314 0.262705480 -0.803083062 -0.257896907 0.542668171 1.111149138 0.935733303 -0.147374097 -0.101239697 0.499059225 -0.021917366 0.007012684 -0.837866502 -0.803048356 0.684653698 1.119551925 0.827009530 -0.162382238 1.078435541 1.023563782 1.687907132
-3.306803292 -14.228530289 -31.590518779 -0.700967845 0.565237258 -0.053385508 0.431625892 1.388669228 1.725575874 -0.493516808 1.554610632 0.452294563 -1.307443863 -0.644449740 -0.284172143 0.753526117 -0.069577641 -0.305183509 -0.557405906 -0.306704212 -0.177057297 -0.442934848 0.312350875 0.158839787 0.400941871 -0.557659016 -0.379429651
1.179016030 -0.687562560 -40.546216838 0.457533245 0.342979982 0.191324573 -0.797761224 0.968777090 0.063357378 -0.963720663 1.677917964 0.124839701 0.961265189 -1.049745867 0.443482438 -0.247277874 0.256957060 1.825150813 0.313324468 -0.935193830 -1.545964266 -0.721892416 0.415493655 1.562985835 -0.196024339 -0.029449383 -0.526455005
-8.645192618 -9.042525264 -29.155286054 -0.267033160 0.074339978 -0.601200237 -0.749483245 -1.347424496 1.026684039 -0.759721485 -1.532323335 -0.562882027 0.291678051 0.752549870 -1.513800155 -0.143074419 -1.248018701 -1.306055314 -1.693849757 -0.135597070 0.197273063 2.266710721 1.098526793 0.389037699 -0.316184717 -0.765889824 1.380844937
-0.444520966 -9.085742523 -25.904236259 0.855639644 0.435786250 -0.151894838 0.234305573 0.133437433 -0.034478634 0.558637921 -0.388746821 -0.807850480 -0.948383245 -3.044472301 -0.064467445 1.478508052 -0.552279781 -1.145468277 -1.076083207 -0.800383295 1.476557195 0.628964079 -1.250409433 1.059976059 0.088290685 0.086496823 -2.241745539
-5.337248919 -1.334599049 -36.284211257 0.946337695 0.049976164 -0.311984505 -0.067919205 -0.383794995 0.178991772 0.522185585 -0.664201377 0.737599164 -0.971239974 -0.666861349 0.479581337 0.223686720 0.307067455 -0.816449795 -2.241706434 2.564220828 -0.227240065 0.002294523 -0.446323049 -0.692054382 0.844384978 1.118613494 0.193978318
-6.066459033 -2.855834376 -35.688420845 0.668895986 -0.008822753 0.568747813 0.478566864 -0.340075991 -0.464938676 -1.662553209 0.746910853 -0.459086170 -0.668319289 -1.062709667 0.188857903 0.755241238 0.506353803 -0.273747425 0.128938560 -1.031833135 0.735763018 -0.625985688 0.492968319 1.691638908 0.631957054 -1.513738494 0.942517982
-0.965262184 -2.491291298 -40.128827449 0.742471185 0.252837119 0.610072279 -0.112346546 -0.517787145 0.027149929 -0.114600006 -0.396326145 0.738397501 -0.838519090 -0.126717468 -0.083704181 1.106060898 0.940776232 -0.021054347 1.046107502 0.665875564 1.013671696 1.004825783 0.969980673 -1.070971491 -1.113549704 -0.351444581 -1.461964102
-0.279007059 -10.367916796 -36.065737658 0.259534804 -0.193139206 0.918501334 0.227363656 0.416562967 0.174488747 0.617972409 1.081492094 1.219527299 0.036095718 1.699281387 1.435467723 -0.794859053 0.800520480 1.265011000 -0.498554489 -0.358795532 0.549831148 -1.048034008 0.566766729 -2.422736606 -0.820499800 0.062673978 -0.346209921
-6.718066410 -7.318681997 -26.479478044 0.839747550 -0.197257418 -0.396817614 -0.313766386 0.088252283 0.371750155 1.732193805 -0.914262431 0.875031715 -2.387596422 -0.678647353 1.651687819 -1.065702302 -0.131707978 0.355102372 -0.155007126 0.621049238 1.607941959 -0.001221163 0.489323464 -0.200086845 -0.595107471 0.316695455 1.542957251
-4.281529143 -0.500188605 -39.336782351 0.251128072 0.218219685 0.926418245 -0.176250096 2.232080111 -0.061140606 0.114094528 0.313030382 0.182265869 -0.120308857 -0.317327629 0.587810310 -0.412703414 -0.805359406 3.338120441 0.335745195 -0.295572338 0.085439845 0.261720209 -0.042402662 -0.140599593 0.823041927 0.182638089 -0.593342818
-3.326112838 -4.163782552 -39.140581805 0.018081630 0.937451634 -0.151072613 -0.313104702 -1.170994689 0.388266207 -0.297101430 -0.613777519 1.588308116 -0.583567258 -1.376455386 0.100616636 0.049090293 0.247977929 1.863224381 -0.370708501 -3.119094147 -0.769809376 0.029145439 1.736639325 0.626959355 0.450449756 -0.029522439 -1.258549382
4.970845537 -7.197332180 -27.990376304 -0.576598147 0.185900599 0.016755922 0.795421136 -0.262394993 0.022642698 0.098210817 -2.051737590 -0.130769124 0.409001040 0.505301286 -0.344411892 -0.215607757 0.487040903 0.578308589 -1.688630032 -1.668105179 0.545499287 0.699027589 0.837489005 1.197195492 0.060444590 0.188097772 1.623220346
-8.351171163 -6.460631932 -32.348227339 -0.024636486 -0.900288866 0.434320310 0.015455406 0.680646966 0.129288121 1.253476816 0.651197557 -0.602860218 -0.851647361 -0.211456366 1.898263760 -0.530259959 0.399358065 0.143956048 1.724426466 -0.299263236 -0.730916096 1.031430285 -0.982576365 1.144757354 -0.366117726 -2.124703075 1.654876298
-0.578127693 1.722524554 -34.333801749 0.854810691 -0.014016008 -0.516027943 -0.053079147 0.113935867 -1.482894313 -0.076333999 0.167652184 1.435910953 0.586514591 -0.695603839 0.052985524 0.362886465 -0.314125386 -0.339044866 -1.033097877 -0.380221944 0.921645585 0.420366732 -0.175810387 0.452787857 0.107860496 1.082095764 2.231414186
-2.842192500 -4.202922272 -30.196658022 -0.239186710 -0.964513107 0.111593209 -0.007151214 -0.166518363 1.219830479 0.776089800 0.000634745 -0.535246199 -0.218062970 0.201534291 1.098496389 0.344773644 -1.095260310 1.576591782 -1.018752972 0.836479499 0.081980608 -0.704819787 0.984976663 -1.253756476 -0.952524255 -0.423168004 1.064253503
-3.333022248 -5.566771534 -40.014367753 0.747446530 0.119196508 -0.646720785 -0.094170608 0.590296097 1.480867310 -0.330000291 0.746101495 1.325567195 0.466572576 -0.579809072 -0.340352811 -2.919713959 0.794892188 -1.415849835 -0.053718341 1.717118048 0.925483538 0.235377314 -0.308106088 -0.189702595 -0.988576865 0.157402053 -0.746984012
-5.151328384 1.889106819 -33.520505776 0.246304091 -0.210140179 0.657545926 -0.680300489 -0.937988357 -0.143528624 -1.172556857 -1.091338891 -1.776269514 -0.227963469 -1.603641591 -0.438770343 -0.190858785 0.956390580 2.244450208 -0.915905698 0.961874683 -0.419595607 0.541050699 0.751236080 -1.363562215 -0.027329560 -0.246958473 -0.918631624
0.674658002 -14.883642984 -36.283549932 -0.005152479 -0.225494283 0.941540894 0.250252924 -2.863070552 -0.569928367 0.551247877 1.221655025 0.226061705 0.357869088 -1.874994833 -0.028161900 1.897394168 0.004158058 -0.316589683 0.150724268 0.263191933 0.651064482 -0.290073867 0.524506971 -0.892165287 0.365456103 0.888562966 -0.090433850
1.754755881 -0.942518605 -34.096132783 0.804233191 -0.041872854 0.452465043 -0.383054857 0.254747407 -1.162218661 0.293917049 -1.275360487 0.327934263 0.813924015 -1.267743068 -0.462825560 -0.144444533 0.575738319 -0.428588534 -1.098093937 -1.252933143 0.035445033 1.318923152 -0.097710140 0.454094450 -0.713883378 -1.435438440 -0.607414763
-6.303071584 1.387185808 -35.826928628 -0.493225551 -0.804713334 -0.171943438 0.282135535 1.747081263 -0.044797499 0.987374700 -0.512904584 -0.365138050 -0.282947830 -0.396616029 1.047066977 -0.791349022 -1.107815116 0.084052915 -0.162596893 0.788391807 0.142166652 -1.461637398 -0.002644210 0.921248715 -0.899141312 0.209997138 -0.297327721
2.780882408 -12.760031720 -28.281318633 0.530415123 -0.804244640 -0.045806718 0.264106231 -0.565785469 2.118658130 -0.854740673 -0.606583485 -0.109312486 0.355751421 0.348971663 -0.655128760 -0.728044559 1.206731616 0.024789914 0.445078358 -0.199492817 1.064708861 0.531569336 -0.250851028 -0.096034692 1.067541336 -0.237014459 0.479890820
2.829131969 -4.790094833 -38.147349729 0.454380317 -0.319086746 -0.325211717 -0.765479924 -1.292707120 -0.387718866 -0.431699845 2.412317317 -1.038746570 0.091093946 1.388129481 0.634303629 1.656460750 -0.029254448 -1.710252598 0.682144523 -1.546467289 1.129914528 -0.911039758 -0.975487389 0.064747456 -0.024040257 0.288105952 0.218453655
-1.619791432 -9.689864589 -33.812777595 0.679455067 -0.679709702 0.176936425 0.212200458 -1.187799626 -1.325652536 0.936632063 0.395597436 -2.210410878 -0.352857638 -1.607519620 1.444486875 -0.002763880 -0.223674507 1.046404594 -0.783478393 -0.088573279 0.249609337 -2.281033565 -0.588201464 0.719551968 -1.431436328 -0.922831652 -1.522667014
-0.483701032 0.930094410 -26.318799891 -0.482132749 -0.439834610 -0.755490158 0.057690110 -0.174132636 -0.493274809 0.576800432 1.187460171 0.959617170 -0.509312722 -0.288418766 0.649172942 -0.870204041 0.884917129 -1.162472160 0.191037896 -2.246654015 1.455981030 -0.039067840 -0.418355943 -0.631082478 1.125322246 0.197314467 -0.522409366
4.543112319 1.171849400 -29.075512480 -0.932740812 -0.288288771 0.074451748 -0.203325109 -0.751473659 -0.327653767 -1.207671721 -1.383751950 -0.298353386 1.130965243 -0.179400200 0.005895316 1.691085671 0.975273681 0.388449973 0.415564896 -0.882163153 1.245559882 -0.265309016 -0.935849546 0.962298772 -0.087117018 -0.377854235 -0.655056475
2.859770643 -7.022226210 -24.624187727 0.111377039 -0.727426851 0.629529477 0.249274888 -0.863239982 0.418379980 -1.446575308 -0.224846259 0.594172416 1.220263020 -0.808467240 -0.009293701 -0.582447257 -0.186139094 -0.174049500 0.387795498 1.365262529 -0.389668520 0.681984942 -0.018886047 0.999719237 -1.276463469 1.364486243 2.065345403
-7.462439855 -6.465153454 -25.772722946 -0.296818549 -0.710724602 -0.501430153 -0.394128266 -0.224534919 0.464738967 0.902034128 1.583025606 0.706186775 -0.764371627 0.580688635 -0.857400156 -0.916132999 -0.308114698 -1.365959540 -0.776592519 -0.792355846 0.188794199 0.135269142 -0.615889606 -1.447814960 -0.062964762 1.290796216 0.473773227
4.061735898 -10.747348217 -32.869431082 0.134582079 0.128132041 0.096608678 -0.977822380 -0.794218884 -0.229423948 -1.432681423 -0.219764810 0.780410186 -0.168343982 -0.022113188 0.571972597 -0.325235056 -1.672536199 -0.074999960 0.504984520 0.137797646 -0.464979356 0.632812614 1.337530427 -0.459330523 0.959356593 -0.552573203 -1.989248992
-0.268694739 -6.226357765 -29.415918718 -0.341116592 -0.577175131 -0.488070463 -0.558834110 0.003119960 0.737744876 -0.920370766 -0.127873007 -0.442542920 0.226263320 -1.652723833 -0.076147497 -1.366332905 -0.123419727 0.045639659 -0.340721444 -1.482241119 0.152443452 0.789383006 0.551611695 2.633674294 -0.958403690 0.257323245 -0.977594749
6.041421024 -6.925135373 -36.736701550 -0.195213782 -0.144626755 -0.889611500 0.386737715 0.833954358 -0.653279427 0.327576550 -1.155990382 -1.465070111 0.700089020 -0.612458527 0.131306080 0.873108662 1.513437372 0.910614647 0.182766558 0.500872972 -0.261499899 1.686613228 -0.898098291 0.958014066 0.124886223 1.093819948 0.661762637
-6.700798794 -7.374507395 -35.563963141 -0.522355814 -0.214932084 0.738084853 0.369024868 0.975131208 1.663109144 0.049588188 1.929394740 0.192946631 1.681791465 1.142137785 -0.415235341 -0.058879646 -0.242859087 -1.002087458 0.077952401 -0.876110059 -0.690054741 0.246485049 -1.514699637 -0.135763559 -0.747229527 0.067589771 -0.520143199
5.384087644 -9.147470358 -27.622112269 0.088538808 -0.788745723 0.597231544 0.115566198 0.198304053 -1.278313153 -0.784980867 -1.208677775 -0.793639941 -0.627928165 -0.229879159 -1.596755527 1.795814897 0.594110115 1.060240725 0.330700941 -1.292751601 0.145452099 1.537483875 -1.940028779 -0.162315786 1.299061514 -1.284390410 -0.679068451
-6.878729260 -9.304488220 -33.600542706 0.002078864 -0.039276319 0.867487575 0.495901558 0.203949276 -1.656587210 -1.739453936 -0.441726560 0.226416546 -1.664526990 -0.222666436 -1.599455895 -0.572566349 -0.088748169 0.304707396 -0.590194157 -1.791809100 0.728609331 0.767377804 -0.288669487 -0.385465182 0.711798889 -1.338211206 -0.344140164
0.210069837 -12.038373768 -29.473797400 -0.846493858 0.447316959 0.274397056 0.089788317 0.389979673 -0.585079607 1.709186283 0.366690549 -1.289720362 -0.518059078 0.540392983 0.394243025 0.738839364 0.472499260 -0.992137641 0.780346615 -0.700690249 0.449567473 1.739947581 -0.078379084 -0.676203152 -0.867226466 2.301356970 -0.925810311
-5.084075324 -7.613714149 -40.780045057 -0.005354943 0.089649851 -0.410249813 0.907540258 -0.346536744 -0.610622170 0.562556140 0.827582216 2.023458474 -1.123598360 0.399923922 0.628310074 0.780662463 1.660473277 -0.167828466 1.284266706 0.871496260 0.001847671 -0.775570989 2.386635063 0.969145065 -0.375185965 0.614445165 0.555769776
1.739901639 -11.587644352 -32.150258339 -0.765579195 0.485688149 0.072034289 -0.415700108 -0.776149459 -0.139312607 -0.352352537 1.728181799 -1.280079312 0.493409888 -1.036353959 0.720784970 -0.327492734 -0.135153836 -0.516544714 0.813635536 -0.892444844 -1.868753068 -0.782142218 -0.540306141 1.870931699 0.578404287 0.998423537 -0.792655195
1.544312588 -1.447667653 -31.125426292 -0.155294338 -0.395617696 0.819364073 -0.384724347 0.432453581 0.317169226 0.465949080 -1.327516632 0.744689847 -1.121803286 -0.471852399 1.258307766 -0.473646424 -0.622994334 -2.073154981 -0.253160767 0.673518597 -0.514605875 1.338113411 0.353739814 -0.534539766 0.287683282 -0.116721126 -1.850284066
5.140163539 -6.259660459 -35.076722040 0.036349457 0.628721977 -0.199888300 -0.750621117 -0.581734127 2.025922794 -0.216653498 1.039845140 0.066189931 -1.899130664 -0.522591899 0.152548045 0.576078432 0.007588895 -0.694591022 -1.268675681 0.635020737 0.032956429 1.669855012 -0.272454982 -0.086108762 1.630954137 -0.386415058 1.179975373
1.983845222 -6.207326884 -30.211768303 -0.647975436 0.555966449 0.398730585 0.334728342 1.207993581 -0.180734909 0.144494684 1.272698760 0.822899852 -0.522713316 -0.692942191 2.134401520 1.112754512 -0.221607319 0.802964505 -0.793934453 0.929821826 -0.192678264 -0.468209000 -1.865505922 -0.283283656 0.227355651 -1.150243142 0.780095941
3.443635392 -7.247530468 -26.993081474 -0.794449116 -0.479729435 0.031384394 -0.371113582 -1.052944731 -1.864973756 0.682980319 1.220648703 1.236646188 -0.264571393 1.154696960 0.140158885 0.890362357 1.972896187 -0.913877618 0.759100679 1.716563737 1.258109180 1.018336585 0.325088836 -0.227525440 -1.769010990 -0.128799470 -0.496575090
-3.203641850 -1.782639517 -24.320353732 0.055244302 0.303315872 -0.689930748 -0.654937487 -0.182470163 0.829479826 -0.422521880 -0.769252192 -0.140313918 0.305408968 1.066163777 -0.527054294 1.473098582 1.520695959 -0.009124846 2.518515809 -0.030055134 -1.149884514 0.403467657 -0.738816445 0.555926638 -1.672936003 0.440036679 -0.602817384
4.963194676 -13.128096975 -34.182144576 0.826711567 0.099852528 0.512639323 -0.209232840 -0.165678057 0.621269432 -0.489880348 0.233510618 0.496690289 0.863476115 -1.016057054 -0.845872485 1.205872266 -2.014947589 2.052766217 -0.635084606 1.407090404 0.116545100 1.485342728 -1.260983519 1.312805902 -1.610993594 0.537700085 0.422975153
4.464074654 -8.996439079 -27.239984732 0.653317190 0.418155510 0.630105953 0.035904128 1.537737375 -0.778681066 0.816837541 0.671006593 -0.773804970 -1.286183134 -1.448561511 -1.374790554 -1.734311788 0.764825287 -0.232861552 0.622589467 -1.100562905 -0.798393898 0.036558039 1.730655696 0.682383929 0.171330833 -0.231975478 0.002637679
-1.076243156 -13.469555314 -37.588143652 -0.920522268 0.261613295 0.028241467 -0.288789988 0.377362481 -0.339461120 0.487676250 -1.107610203 0.236378511 -0.257001980 0.783918285 0.523357657 0.145801017 0.124879459 1.670695483 -0.412691334 2.330757932 -0.574045855 1.069677802 -0.608393370 -0.174028920 -0.166920370 -0.475406272 -1.120844413
-1.714220709 -4.580976833 -38.781735083 0.649934971 0.686601345 0.210708891 -0.248525431 -0.893725858 0.890674872 0.660198753 0.208566279 0.135036818 0.801032009 0.784908091 0.155132155 1.005351458 -0.554828566 0.677945463 0.794356880 -0.140696530 -0.649032899 -0.428467236 0.804859689 -0.816115029 -0.495268922 1.141311501 -0.437116221
-5.575761250 -1.483958121 -34.697127364 0.084668274 0.840776924 0.273857022 0.459268744 0.799964452 -1.535277739 1.857253280 -0.408355167 -0.835467306 -0.432888315 -0.425349555 -1.292748558 0.655505470 -0.487594964 -0.166310118 0.216021843 0.125388294 0.120814576 0.269389566 0.831368709 -0.499477934 0.989204348 1.783314703 1.546906239
-2.881057032 -15.502216410 -31.679679128 -0.147689083 0.285910517 0.836217919 0.444052591 0.769777748 2.628034527 -0.510420052 -0.479500098 1.514294637 -0.599132608 0.662187536 -1.641799728 0.318614765 -0.482996459 -1.227183788 1.422034363 0.122165888 -0.341045720 -1.615370535 0.501834468 -0.239466890 0.119809563 1.895834427 0.375595034
8.307211536 -9.711414851 -32.764444324 0.583975861 -0.126065901 0.365448335 0.713811668 0.545890009 0.481989558 0.007416275 -0.822690387 -0.143634004 0.258878019 -0.192430171 0.970332174 -0.126760530 0.436506465 -1.800323164 1.254341810 -1.434627799 -0.340136261 -0.807971944 -1.650011905 -0.064088680 0.911239617 0.420599603 0.665751110
2.744862696 -8.201590078 -30.989217641 0.843214487 -0.101462676 0.292818935 0.439262706 -0.042715100 -0.528507089 -0.529359177 0.100164807 -1.916157541 -0.061913124 -1.044104800 0.700195202 0.603753439 0.260071296 0.192152071 -0.047703951 0.954331061 0.010810339 1.695858659 0.315786192 1.476400457 1.349941536 -0.197590251 0.129636854
-2.079355977 0.383892015 -33.303132320 0.881218139 0.337209068 0.189992797 0.271380495 0.167480718 -1.087761210 0.086487574 0.102147649 0.012745705 1.690915196 -0.505487979 0.154110787 -1.624263067 -1.145978612 0.315600718 0.444660757 1.902560474 -0.130123508 1.214453168 0.777584838 -0.198174342 1.368739658 0.725888701 1.113230800
-10.140440511 -6.797711494 -30.490726551 -0.799697001 0.339448468 0.451862013 -0.202682426 -0.223403994 -1.383058848 0.975211538 -0.125761809 -1.277960154 -0.615477039 -1.048269371 1.126960132 0.156659751 -0.065351680 -0.222831890 -0.015945089 -0.596435474 0.211043655 1.693798054 0.230063712 0.093290341 1.480443654 0.418359693 0.970730504
-2.909846560 -2.454924503 -31.911753942 0.746269059 0.451889382 -0.453644283 -0.181893769 -0.576549300 -0.136123628 -0.006693592 0.179825845 1.413211507 -1.274369842 0.789290982 0.369276583 -2.516682067 -0.366340750 -0.127600696 -1.434316168 -0.274103344 -2.614445815 -0.498020176 0.627696518 0.682523714 1.572346281 -0.033194742 -1.223373330
-9.891476374 -5.111636194 -29.671417265 -0.679910732 -0.182264524 0.589297724 0.396521416 -0.025781393 1.645714960 -0.140813540 -1.207310958 -0.270593645 -1.071553293 0.099961245 -0.752482127 0.599531541 -0.948828103 -0.792571563 -0.238613708 -1.004917422 0.311897392 1.525588623 -0.628201649 0.620325398 0.122851248 1.814189593 0.141161202
7.298368640 -4.611910191 -30.508384767 -0.230605906 -0.128704666 -0.818525704 0.510168302 -0.489476083 -0.127255657 -0.018924782 0.672435064 0.052026307 0.660145944 0.152420839 0.178012963 0.216043867 -0.615514099 -0.038946328 -0.102941917 1.016900771 0.231238015 -0.772842540 -1.109066686 0.828586123 0.675539101 -1.227688012 -0.214273518
4.734173091 -10.653828016 -27.662677868 -0.334622317 -0.182125345 0.807662254 0.450044384 -0.302662869 1.616943968 0.869132934 0.847131114 -0.413527590 -1.539518522 1.593908716 -1.064151466 -1.045563483 -1.470944088 -0.578556047 0.252625584 0.597561800 0.752478404 0.602906270 -0.347197232 0.003138241 -0.463798250 0.276624276 0.083442131
1.868772873 -4.564011127 -30.966457620 -0.115311311 -0.167751195 -0.085283758 0.975340719 -1.498979569 -0.422482833 0.079085948 0.181179471 -0.627626545 -1.310387304 -0.733192383 0.566743362 0.218580853 0.706456056 0.538794046 -0.055003681 0.535754152 -1.195522502 1.168770582 0.389773419 0.320447967 0.261331956 -0.518599279 0.617360683
-6.305153504 -8.438248603 -38.946037117 0.583895971 0.638620557 -0.490247124 -0.104340964 -1.237958821 0.169334129 -0.625639009 0.388398294 -1.979333878 -1.378516965 0.589169389 -0.102945320 -0.470653874 1.746992516 0.257213817 0.074397109 0.165306422 0.867833448 -0.445075830 -0.299340007 0.602516789 0.680410852 0.037450047 -0.779357254
-4.508880687 1.482347649 -32.047517036 -0.098149497 0.864324913 -0.493055869 0.014318928 0.262564941 -0.820989563 -0.214902006 -1.530046076 -0.779705541 -0.048626989 -0.981160976 -0.136728181 0.760128923 -0.318071438 3.102352681 -0.651366329 1.111024407 -0.945522621 -0.327970847 1.650931212 -0.020522235 -1.335557647 -0.937097119 0.541935786
-1.224642958 -4.605952525 -25.074079361 -0.596682032 0.774164460 -0.207630040 -0.039111491 -0.056754933 0.978164655 -0.044626248 0.289058565 1.379798026 1.753246351 1.023015539 0.212656835 1.311687675 0.723532373 -1.466376846 -1.835296201 1.890036872 -2.016082291 -0.813530069 -0.176079416 0.642668451 0.251990374 0.477119031 -0.973170723
2.686880942 -8.603690828 -27.531850807 -0.405804635 -0.800916594 0.070568554 0.434597845 -0.140047942 -0.662451745 -0.947211316 1.192989237 1.320390565 -0.160578177 -0.450688190 2.324729143 -2.491745992 -0.510182212 -0.090096650 0.180991122 1.250059739 1.919695343 -1.682009186 -1.386973964 -0.388192104 1.968602978 0.415312016 -1.566310791
-0.414712127 -14.026201965 -32.273495569 -0.060056988 0.331309733 -0.299366555 -0.892752309 0.197574353 1.383827953 0.979910915 0.663758103 0.665916540 -0.695456139 0.778344120 0.721214962 -2.134095526 0.915382752 -0.337611363 -0.078054983 -1.808826960 1.718854594 -0.040580954 1.369787093 -3.005979303 -0.085107257 -0.157182777 0.001913862
0.224201159 -4.455633987 -23.156170566 0.552086702 -0.547126190 -0.317047664 -0.543446395 0.497211041 0.287388549 0.211413734 -1.296242943 -0.358037373 0.008125423 0.238715541 -0.107615879 -0.492256004 -0.860221845 -1.345145255 0.457418721 0.931402264 -0.904555817 1.460385353 1.329051040 -0.828769402 -1.044801186 -0.345740131 0.730233792
0.529544576 -14.214674091 -37.143671732 -0.793251704 -0.397865621 -0.255101396 0.383898371 -0.157357629 1.041339644 -0.669999239 1.174672436 0.027924869 -0.298027919 1.003050477 0.447243790 1.630625019 -0.832639686 -0.462126242 -0.971525224 -0.407253524 -1.318192011 0.189190553 0.559683724 0.085103163 0.210343058 0.821401243 0.150314293
-3.201182092 -1.731939983 -36.540123879 0.205662360 -0.787159643 -0.429194911 0.392268300 -0.054328926 -1.524238472 -0.998646439 0.539044851 -0.562021471 -0.140422131 1.197258671 -0.892002734 -0.960176802 -1.036097065 -0.339147810 0.543643243 -0.502765269 -1.337147158 0.982780135 -0.495433334 -0.276123250 0.946750511 -0.585712454 0.520061344
-3.613579318 -10.377104475 -34.850089425 -0.132752960 -0.034370524 0.933936340 0.330088218 -0.793741355 1.141895148 1.101288583 -0.269754028 -0.581490417 -0.021711260 0.133379759 0.985425384 0.759839590 -0.534677632 -1.568244216 0.280221872 0.350789815 -0.018689955 0.919642428 0.897154753 -0.839715347 0.015232912 -1.258655857 1.380536736
