15.791384153 13.559444117 -19.605310712 -0.289241264 -0.246824482 -0.866538874 -0.323307202 1.455408612 -0.616557028 -0.879347166 -1.138006179 -0.269083971 0.084425281 0.782362396 0.122713430 1.590752652 0.394774481 -1.077744408 -1.111119324 1.254238548 0.299309902 -0.936727692 -1.372996675 -0.154840550 0.815564941 -0.629653160 1.364065009
22.401752336 15.992743754 -9.498357870 -0.896678853 -0.236815680 0.314371293 -0.202622946 -0.869760619 -1.098848687 1.425713979 -0.488160319 -0.467675259 -0.128081784 1.083798573 -1.394795622 -0.571351335 0.181380635 -1.682743240 1.103467987 -1.581693198 2.278449442 -0.402672477 0.224293438 0.007598136 0.764215517 -0.474125931 0.267643914
25.231171784 19.547813786 -17.603923392 -0.450882542 0.605820315 0.427162134 -0.497211414 -1.067765911 -0.291074341 1.201966686 0.093694859 0.263795437 -0.211441583 0.256583926 0.671998327 0.381737257 0.797078274 -0.510863856 -1.168969208 1.876035356 -0.198873815 0.136537568 -0.328111422 0.017703220 0.467712008 -0.680441453 1.213320017
23.713237088 13.927745412 -14.222517570 0.004566637 -0.244324668 -0.967366741 -0.066979033 -0.750279079 1.478536300 -0.549701507 -1.590842367 1.375052847 -0.505373451 -1.097077813 2.031553671 -0.019507001 0.714455473 0.908764072 -0.447181409 -2.511552194 1.574563381 0.691558011 -1.111907017 0.222573141 -0.587760638 0.852950977 0.900986056
17.553599480 15.098178156 -16.603622254 -0.151441303 -0.527381419 0.767676942 -0.331068700 -0.196437361 1.397493874 1.231792739 0.787581923 0.415024822 -0.550306607 0.002042209 -0.535289671 -0.326454109 -1.315985533 0.600979975 -0.673252914 0.209686237 0.560441984 -0.299387036 -0.173968640 0.026316629 -2.147996542 2.428841470 -1.379626237
19.161917151 11.357300932 -11.769868056 0.167385560 -0.127958923 -0.974533050 0.076771889 2.285786052 -0.787662813 0.074089384 -0.654748009 0.179097456 0.391875643 -0.520612458 -1.202082596 0.880297441 0.861497865 -0.538785904 -1.369282474 -0.230901504 -1.092513121 -0.276119115 0.336166593 1.794521278 1.491408134 -0.162984617 -0.234597641
26.636891664 15.738127833 -15.248510312 0.187286419 -0.952917609 0.042667987 0.234630072 0.782603927 0.797345271 -0.475260705 -0.627156637 0.399238434 -0.778269139 1.001618120 -0.133241815 -0.302102459 0.555012880 -0.139408265 -0.119222386 0.046702685 0.960906574 -1.035440412 -1.826462126 -0.496041568 -0.882750005 -0.505395122 0.187303962
22.612743277 8.535563297 -18.238266923 0.903730314 -0.377810596 0.162173111 0.119291894 -0.665969440 -0.347658257 -1.437608673 0.078030095 0.814291946 0.236423673 -0.061701734 1.108926288 0.829594597 1.240985905 -0.408633345 0.952319685 0.395128435 3.094022671 0.576197446 -0.848173484 0.995371802 0.441586255 -0.977332248 -0.571640634
19.513777063 3.705538279 -18.994502288 -0.652675320 0.607264478 0.203427094 -0.404798960 1.349453469 -0.225800651 -1.456633785 0.045799075 0.282837375 0.010121970 -0.679775620 -0.379445088 0.528351973 -0.601778262 -0.040973467 0.260082075 0.187850907 0.537513135 -0.206914053 -0.166611482 2.015816843 -0.626293286 0.831813296 0.385193542
18.727713616 7.244039309 -20.213353005 0.620698220 0.572636452 0.141590226 -0.516501134 -0.581028629 -1.417041966 0.241098947 -0.277367820 0.288617492 0.593761854 1.399650961 0.313353415 -1.300551849 -0.122872716 0.237193469 0.952878554 -0.401399995 -0.919591495 -1.120014980 0.912215889 0.214067178 -0.031547365 -1.566465854 -1.355601711
26.622251838 8.589274216 -17.818292501 -0.624706110 0.263858981 -0.606429736 -0.415167061 0.180747262 0.753046468 -0.313967014 -0.774315157 -0.702640442 -2.473502581 0.075356589 1.232820607 1.091229308 0.412051539 0.434519321 0.222371821 -1.399266902 0.015539478 0.010465671 -0.001706121 -1.181610350 0.505325807 -0.407657425 0.435704995
25.430808383 10.023784157 -13.556451681 -0.105867455 -0.913265730 0.384823758 -0.081538116 0.377986577 -0.743890854 -0.241211444 -0.326814416 -0.187721832 1.706463919 -0.336546856 -1.061867111 1.128260867 -1.799430624 0.782285457 0.676820755 3.378728029 2.309970333 -0.165043418 1.106140615 -0.346194606 0.088782306 0.810857300 2.330639682
23.921627237 5.281196021 -15.748221039 -0.240862068 0.896898659 0.074395349 -0.363350509 0.569357707 0.640102645 0.836015619 -1.980051056 -0.834468614 1.363246577 0.079704910 0.742928793 0.438552050 0.073647421 0.672556200 -1.369461652 0.308711039 0.396386913 1.574993430 0.087107190 0.515332321 -1.474594152 0.640827109 -0.302086002
20.898256065 19.246915984 -11.654189445 -0.467328722 -0.799391274 -0.164865466 0.339701097 -0.210294969 -1.185755358 -0.927965714 -1.927236760 -0.994977090 -1.809948089 -0.682823639 0.814553856 2.692428090 -0.438560871 -0.977722566 -1.030974752 1.763390829 0.225898146 -0.281241653 -0.312462316 0.696873340 0.947245916 0.356217362 0.313994771
16.159499316 3.564066945 -17.857505986 -0.718931505 0.552812932 0.372705677 0.196534557 0.473043932 0.830515906 2.070050613 -0.425131146 0.646160185 -0.390797394 -0.217621705 -0.880588954 -0.494444020 0.316965954 0.427926037 -0.374052375 -0.386971862 1.214931013 -0.545348623 -0.313397998 0.798324686 0.015647909 -0.827193759 0.433244506
18.700175322 14.962244457 -14.904247217 0.824212053 0.045093802 -0.553310178 0.111753694 0.732514187 -0.458405930 0.869832358 1.309688065 0.927634852 0.695116272 -0.807513606 0.581576990 1.411289226 -1.592905829 0.766248855 0.119272218 0.166070675 0.987079265 -1.184688721 1.637524240 -0.268725483 -0.275907553 0.629284617 -0.435436053
17.132741067 13.471487901 -19.456533561 -0.503024495 -0.247791059 0.343472240 0.753387529 -0.748335197 0.952765059 -2.155960969 -0.488638905 -0.592574186 0.364985171 -1.634845822 0.163116842 -1.300068020 -0.954171418 1.284805451 1.649162146 0.585805165 -0.393921437 0.473890142 0.391725063 0.511199950 -0.207232214 -1.589173248 -1.330349494
24.138208055 10.527422802 -18.783906296 0.022969357 -0.349129401 0.038532285 -0.936000178 0.553926045 -0.528280874 0.375328294 0.450292458 -1.523926738 1.420361587 0.432884141 -1.596914022 -0.402962103 0.448737481 0.768231943 -0.525216256 -0.007585883 0.214636030 1.040822893 -1.019886292 -0.309264429 0.045032292 -0.260637718 -0.944237173
17.370545695 9.908544527 -23.942442946 0.683434888 0.715979952 -0.103251308 -0.098125582 0.420911351 -1.129989967 -1.848895304 -0.162540318 0.016936621 -0.107070882 0.066938056 -0.210490582 0.910791263 0.114123731 -0.917515935 0.372653405 -1.886837714 -1.381782550 -0.081945760 -0.493730870 -1.122767152 -0.566815172 -1.454095587 2.134444984
17.221691911 3.007713978 -14.894119827 0.648930409 -0.267458999 -0.684411245 -0.197322722 -0.241122171 -1.139728993 0.636858919 -0.572718082 -1.421514477 2.105750577 1.220801396 0.116084693 -0.082329127 -0.955382813 -0.374913630 1.521316896 -0.390688911 -0.515471189 0.216373982 -0.786818435 -0.714709926 0.225444715 -0.214090117 -0.227790284
25.421317076 10.457362005 -20.424633160 -0.259437595 -0.199605711 -0.936228026 -0.127776278 0.632418919 -0.196914958 0.962477753 0.358322141 -1.008104125 -0.958944603 0.914499078 -1.594874037 0.502412443 -0.567815701 -1.007280570 1.021107952 1.806029889 -0.269985061 0.764111551 0.064889373 0.304883123 1.024461005 -1.100295704 -1.242803851
19.538726092 9.866660275 -13.185144356 -0.673261856 0.506296105 -0.439994499 -0.311107005 -1.105757869 0.507246307 1.066337910 -0.198563218 1.141405121 -0.139625434 -2.525152757 -0.092278088 0.997466606 -0.320174932 0.861309999 -0.930422960 0.543838650 -0.164208368 -0.415999931 -1.411790165 -1.400384370 1.131086909 -0.893428747 0.891335656
10.985049163 10.089224370 -11.585422012 -0.495911517 0.850416804 0.124826789 -0.123617553 -0.866113299 0.004947513 0.498118126 0.848446914 1.680507019 0.286568136 1.332552437 -1.010089916 0.355087702 -0.380444320 0.473248589 -1.499625769 -1.794525172 -0.833728088 -0.614828550 0.265662467 2.287077532 -1.963015714 1.313046824 1.743015752
23.387132118 14.659267603 -12.886317126 0.468765330 -0.563588897 0.549043946 0.401469010 -2.293183938 -2.368132032 0.911843827 1.373609215 1.532771161 1.024676745 -0.554811593 0.291706139 0.159807922 -0.325443123 0.321299207 0.556305749 0.441501155 0.676579969 -0.467775750 -0.678595311 -0.770591644 -0.719919779 2.023476904 -1.500759945
21.037442639 7.520489444 -24.135807635 0.898630706 0.409992684 0.145423519 0.056752566 -0.366912840 -0.782907005 -0.892549495 -0.416376894 -1.676802857 -0.026559777 1.019203979 -2.086687846 -0.391754790 -0.343258322 -0.314840350 -0.044330042 0.407609526 -2.799716345 0.075823571 0.066598364 -1.849084637 0.975031728 0.300248608 -0.403222932
18.445573336 13.703709481 -9.144407561 -0.435612842 -0.429304732 0.583213230 -0.534603805 -3.313165204 0.435961105 0.631062331 0.003937265 0.013505711 -0.154045862 -0.564559385 0.552118244 0.333087230 0.107694250 -1.221595136 -0.353977903 0.252902196 -0.420782756 -1.710846939 -0.706130738 0.221589496 1.531558543 0.118529364 1.944352880
21.547589795 12.425276446 -15.826637844 -0.122159105 0.574954124 0.141263770 0.796586126 -1.144326554 0.401852483 1.238298542 0.573006130 1.255626806 -0.055956281 1.298367914 2.271617390 -0.929771122 0.550848957 -0.066486650 -1.338571011 0.091915768 0.136518153 1.010487204 0.109888976 -0.516125285 -0.664121154 -1.572618823 2.076677641
18.786799069 19.792916638 -16.795383289 0.673599021 -0.508624896 0.156610090 0.512872649 -0.521496720 -0.546927228 0.646068228 0.671426496 -2.407742347 2.318671340 -1.808906976 0.244784835 -0.862068087 -2.155376350 -2.261271320 -0.070133063 -0.835962653 -2.007771613 0.038116326 0.367356736 -0.908634008 -0.854347821 -1.200391466 1.161710033
10.254892937 15.167539616 -20.972899925 0.281542873 -0.575494086 0.767783423 0.006984562 0.868266477 1.123456976 -0.523939818 -0.618246730 -0.805599765 -0.402553007 1.760881000 -0.904727386 0.424753865 -0.548620312 0.853220354 -0.769652801 0.496375453 -0.206420592 -0.104054863 0.893917858 0.001219702 -0.291563107 -2.256156184 0.288933193
17.931337677 11.360877871 -21.441488043 0.923045704 0.155145262 0.274244791 0.220695198 -0.998252763 -0.056022503 1.445831750 1.524070172 1.568694767 0.122439439 -0.785347431 0.569009288 -0.361967590 -0.160841941 -1.112320968 -0.527606947 0.751794795 -0.999581098 -1.088583116 0.149666642 -0.964887657 0.579996151 1.896380995 -1.370444035
9.753461757 15.649785338 -16.947389513 -0.125504260 0.497991771 0.117129371 -0.850019757 -0.330461355 0.259932936 -1.077429839 -1.040061399 0.754930883 -0.250169777 -0.880825790 -0.667952510 0.958053832 -0.000222042 0.569497694 0.409394475 1.615009170 -1.277023893 0.350122900 1.366806868 -1.543680654 -1.521733268 -0.709963420 0.736074802
18.905758586 11.554265338 -21.388031916 -0.377070802 0.515524746 0.731599392 -0.238357243 0.489167016 0.002843919 -0.102398638 -0.269668827 -1.828578246 -0.883357131 -1.297421739 -0.228802557 -0.823226397 0.420906349 0.225157698 -0.836793938 0.438770930 0.764417332 0.260925256 -0.084107114 1.307967370 0.309203365 0.437206295 1.952163343
21.205612319 21.369760296 -17.450222165 -0.852490106 -0.366055931 -0.029293831 -0.372028959 0.536660606 -0.190581467 0.319455944 0.351240997 0.159162339 0.190375146 0.091739000 -0.842995496 1.195473504 -1.012160606 0.684334290 2.698142319 0.119274693 0.816832395 -0.100576057 1.328939830 1.973607092 1.252278588 -0.494718926 -0.293748410
13.930014555 18.935421072 -12.531954124 0.148258686 -0.135094748 0.766327208 -0.610337105 -1.082740876 -0.613367265 0.950457055 0.573018055 1.427524470 -0.477192577 0.576792225 -0.498915824 -1.407678236 1.303016048 -0.760720454 0.699823968 -0.585933576 0.161209865 -0.995674992 -0.176192002 -1.407200727 1.259645002 -1.181874611 0.837793554
17.959364594 9.876352977 -24.077453603 0.693136247 -0.665545900 0.223678349 -0.163030041 0.976032409 0.904378632 1.004114665 -0.171253381 -1.298496323 1.361993637 -0.024941463 0.540196139 1.434238219 -1.244937413 1.299932831 -1.784664468 0.299979599 0.582115956 0.539092469 1.612767873 -0.078684194 0.577883720 -0.307022537 1.792298657
18.061749368 17.253638861 -14.173927756 -0.638854407 -0.450293889 -0.380554370 0.494245720 -0.212520298 0.470660207 -0.528074471 1.217519765 0.652749190 1.311535606 0.570998010 2.189026225 0.813232271 -0.468132679 -1.585177760 2.250170914 0.464617143 2.227232307 -0.078887629 0.805978150 -0.090034137 -0.182791656 0.973676634 -1.350279794
23.824286758 18.288584555 -19.433393773 -0.447796906 0.266552965 -0.648346649 0.555044206 -0.598757808 -1.521416157 -1.043438541 0.673127350 -0.071781051 0.762688197 -0.761785694 -0.155555123 -2.248447244 -0.368669237 -0.518611933 -0.467620827 -0.423109930 -0.430243960 1.852230932 0.426770626 -0.600779101 -1.763138526 0.053074741 0.991203905
19.044507800 11.377159824 -21.903031374 -0.696881519 -0.600368876 0.344421348 -0.187849134 0.653323942 0.854133601 -0.301768735 1.628202512 1.247866318 0.018875048 -0.304443015 2.024081761 0.461925113 -0.941838657 -0.061334630 -0.873686632 1.563539464 0.585072211 0.090414554 0.557304319 -1.080377193 -0.948986880 2.112721169 -1.230188746
19.646316903 17.479339561 -15.843213238 0.725296091 0.566830258 -0.352218429 -0.169089374 0.841945855 1.279371569 0.923582640 0.279961653 0.210386835 1.319532799 0.164156021 2.471527677 -0.597047829 0.913653600 -1.312317149 1.405580602 0.004840479 0.628506281 1.537750580 0.015998424 -0.480693182 -1.403082926 1.207144171 0.997159145
22.477068163 20.482452911 -13.757143045 0.891142805 -0.254829158 -0.054226697 0.371464759 1.299431301 1.190548391 -0.388978361 -1.559656295 -0.385774847 0.386522315 -0.019162942 0.822967893 1.463922026 0.427929863 0.715705108 0.096278932 -0.012471529 1.366152347 0.542401513 -0.397594346 1.349615720 -1.874686729 1.775874137 -0.050462327
25.519250770 14.335274392 -18.559636537 0.712778247 -0.326275274 0.003982568 -0.620866939 -0.558677724 -1.059314012 -0.029751089 1.354063496 0.941334947 1.318776712 -1.223048693 0.072958256 0.160698212 0.758127645 0.759283392 1.807754339 -1.276319748 -0.344625792 0.509748860 0.408987636 -0.852805437 -0.157558169 -1.128845970 -1.052200661
15.648047820 12.235295961 -13.976861515 0.714281471 0.335472012 -0.288541744 -0.542221515 0.309572575 0.166431704 -0.097254627 0.358774844 1.893110335 1.374708392 -0.421350218 0.139414014 0.291242415 0.272645049 0.817527302 -1.007265799 1.490172693 0.672459308 0.113296438 -0.011114856 -1.348569106 -1.321612201 -0.518911295 0.729012464
18.180895646 8.200371003 -21.860418571 0.259304679 -0.602078367 0.335705997 -0.676434925 -0.303709627 -0.146328119 -0.590788407 -0.771951267 -0.255220311 0.162703412 -0.190474051 -0.271119469 -1.294643306 0.396866319 -0.955980597 0.035019473 0.763154382 -1.571938221 -1.309883641 -0.700730424 -0.362252881 1.092411312 -0.998397740 -0.466073922
23.235849416 10.922601698 -10.892524711 -0.139568031 -0.657420478 -0.722137085 0.163820357 0.741269212 -1.748151208 2.781568620 1.141430224 1.183947936 -0.254423453 -0.482045779 0.984218557 -0.575931202 -0.692138364 1.918647729 0.103745442 0.046661165 -1.293897476 -1.348002686 -1.179360456 -0.576815601 1.439548816 -0.840276222 -1.414902972
13.512326489 18.999567357 -17.806688616 0.433006612 -0.465640342 -0.751159543 -0.177323676 -0.960100669 -2.554871268 -0.793865995 -0.008805863 -1.126662596 -0.656764495 0.673388502 -0.969014773 1.117158215 -0.832119816 -0.734742911 2.510623410 0.046694106 -0.618824209 -0.146830920 0.345256999 1.105021793 0.969023019 0.023071299 -0.049912713
18.398857835 18.909791280 -14.508172303 0.409423016 0.390777649 0.014102048 0.824297734 1.502246237 0.646212723 1.139597966 0.259735116 1.120870910 1.448657352 0.444782458 -0.734002331 -0.341955585 1.390065314 -0.374262953 -0.656193315 -2.096798609 1.179672349 -0.148668126 -0.649649289 -0.091222237 -0.695089735 0.748815133 1.229787773
18.793338428 19.150638941 -20.326268578 0.064068570 0.596179114 0.768394807 -0.223685276 -1.793247021 -0.888796360 0.736344738 -0.390213493 -0.880228629 -0.582396936 -0.070066784 -0.694017513 0.371199544 0.394476419 0.302706718 0.644770621 2.147347000 -0.771600600 -0.020175056 1.355310237 0.960553988 -0.308022825 -0.631631910 1.246455105
12.256075811 15.627144714 -21.979381448 -0.095334754 0.079880379 -0.905147168 0.406496020 -0.944418219 -1.287030884 0.525863183 0.135303121 -0.813619430 0.512534031 -0.435257164 0.186733652 -0.485239412 -0.775335927 -0.887692777 -0.416249830 -0.780971524 0.638196185 0.945720867 0.761364369 -1.087813235 0.334280868 -0.571237313 0.770464868
18.164030571 19.507780816 -17.154991880 0.186053161 0.012787476 -0.886023801 0.424479123 -0.702787611 -0.275658524 -1.218098022 0.225956303 -1.154054690 0.578016060 -0.353548431 -1.937638101 0.495676749 -0.971808209 0.601209725 0.323545445 0.553755604 0.516712574 -0.274533108 -0.689302069 -0.025685227 -1.481225797 0.811536005 0.885881875
13.201940841 10.503707834 -12.528953851 -0.136654953 -0.667054704 0.724013631 -0.110307329 -0.941197139 0.963905572 -0.073275551 -2.815976498 -0.743958698 -0.215949309 -0.760086690 0.286577648 0.696885835 0.636770555 -0.352326317 1.088634843 -0.103970353 1.106545284 -0.894317091 0.368897276 0.703932151 0.520661671 -1.650097372 -0.740843233
20.533227724 11.644898672 -17.867515330 -0.398139570 0.838231945 0.005876786 0.372582277 -1.191946839 -1.100166334 0.004962390 -2.668543132 1.934417352 0.880477681 -0.578400664 -1.270252595 -0.402877937 -0.977442838 -0.117030488 -0.243272982 -0.680008150 0.500950952 0.542302085 0.464821155 0.858684792 1.017298015 -0.640394329 -1.162930665
21.942613273 15.662004764 -10.645220890 -0.449544056 0.872895066 0.183444641 0.048087520 0.406933510 -0.332499761 -0.543281929 -1.159107522 0.116798981 -0.050292631 0.478952971 -0.340265141 0.161503884 -0.663418143 -2.120115877 -0.468148997 -1.102581266 -0.226191404 1.389419811 1.196528390 -0.103311516 -1.521735258 0.834698953 0.816334007
21.299693093 11.881497597 -20.977792866 -0.254527167 0.727882107 0.153865929 -0.617842080 0.970093509 0.877050964 0.423163530 -0.613317516 -0.119362171 2.192961103 -0.211770827 -0.046930935 0.241035286 0.134040878 1.554576197 -0.960914141 0.661079845 1.468413067 0.097704867 1.317485146 -0.961924175 -0.411214053 2.222321967 -0.080330581
21.783183412 18.063199838 -15.164698155 0.484100638 0.192104176 -0.752520041 -0.403058489 -0.877931329 2.578679069 -0.285664650 -0.898804755 0.745008662 -0.025925240 -0.192402718 1.248890568 -0.218821127 -0.751295769 0.878463457 1.639877295 -2.668260758 -1.494107705 0.987305728 -1.199985869 1.246229393 -1.101196583 -0.545752084 -0.435243069
21.363803971 15.846030521 -10.104936118 -0.268654541 0.367872267 0.671912067 0.583976804 0.570344500 1.442912981 -0.388453742 1.257309356 0.878245362 -0.274160369 1.036692215 0.434714613 -0.598092841 0.451445308 1.866272611 -2.274855569 0.609933052 2.096482759 2.117815741 -1.886908797 -0.515966848 -0.773612249 -0.158177552 0.703738654
15.534670539 15.610469382 -17.406620364 -0.175194843 0.959640959 0.206821154 -0.074973372 0.073480200 1.237216737 0.589875594 -1.054514589 -1.069350189 0.384013751 2.131638228 0.911221408 2.320692837 1.110917253 2.100390575 0.445747315 1.456442460 -0.429700524 0.400167699 0.602725311 2.222172941 0.019362602 -0.368258539 2.668065202
14.201113997 8.160214836 -10.214807765 0.319718115 -0.787806662 -0.333946184 -0.406965522 0.194092745 -1.369401347 -0.259327540 0.491707530 -0.882990734 0.076868343 0.110217747 -0.364076346 0.247662146 1.633848762 -0.232327089 0.759553346 1.483327187 -0.835789068 1.412376273 -0.499799561 0.466674104 0.790912229 0.457320128 0.088315322
20.710058676 7.736683060 -18.004586578 -0.035591214 0.738769708 0.653779852 -0.159763854 0.832294750 2.246357115 0.011830239 -1.231179212 -1.614245446 -0.270538256 1.011691793 -1.696822666 0.236963703 -0.467771482 2.242719058 -1.339218998 -0.914721368 -0.716612081 -0.403899501 -1.600873001 -0.683041684 -0.708216595 0.031067640 0.670707674
26.267806749 15.680868190 -17.788210889 0.408212190 -0.316758115 -0.686928575 -0.511034478 1.937656277 -2.154322160 -0.666237685 0.804113790 -0.016611262 0.318743279 0.130572963 0.249586037 -0.741421836 1.335759807 1.081502268 0.300319618 1.037568089 0.176090260 0.357319781 -0.408538328 0.591795832 -1.906815743 -0.467780009 0.381302925
23.905550377 16.389211259 -15.703279985 0.459105392 0.299657217 0.056299959 -0.834420821 -1.270628894 -0.188128269 -1.327795822 -0.351512355 -1.201290618 2.250133017 -0.455142645 1.009539982 0.801774357 -0.063059322 -0.331825286 -0.144336533 1.907133965 0.151327661 0.818055695 0.282684999 -0.431293472 1.564955617 0.430103391 -0.352559960
25.931764522 11.238794318 -21.968110778 0.589243600 0.660026018 -0.344191093 -0.314149849 0.699244627 1.028198011 0.786407180 0.219592703 2.069430758 -0.148363974 -0.791121468 1.422402301 -0.494777006 0.424153331 0.486260025 1.586003838 -1.222433558 -1.443358648 0.590047066 -0.596782318 -0.189278908 -0.445531132 1.626685527 -2.006048151
25.397652447 15.767592110 -14.650955169 0.025620185 0.279424348 -0.796238294 -0.535975951 -0.650100800 0.146185397 -0.139854620 0.203361142 -1.153223786 0.932915793 0.415240607 -0.803009886 -1.065796888 -0.018227600 0.846273507 0.283853357 0.088847977 -1.051410483 0.145191670 0.836749796 1.394948033 -0.700149226 -0.102538076 1.516349085
26.002547672 7.972998176 -12.358336505 -0.543229952 0.280286159 -0.605007125 0.510203162 -0.016914748 -0.457423916 -0.269494401 -1.609966842 1.000360946 1.079123697 0.543368362 -0.352159921 -0.189178728 -0.267996556 0.155673112 -0.189017014 -0.441586213 -1.284043169 0.366936169 -0.619781413 -0.081633905 0.562700949 -0.834506807 -0.922617972
13.690580280 14.140715980 -13.522003714 -0.090940213 -0.055057482 0.735870415 -0.668725118 -0.427894680 -0.617409411 -0.292243322 0.085862978 -0.955485059 1.273831890 0.325457540 1.055628985 -1.038286968 -1.204734451 -0.601758288 -1.204187653 1.853385934 0.774596489 -0.655214790 -0.473099792 -1.733729546 -0.362100030 -0.822875492 1.170960734
13.348452304 14.472468790 -10.824722928 -0.518132903 -0.137238635 0.460620805 0.707483092 0.405116746 -0.187647319 -1.517145800 1.661498650 1.338131440 0.698483760 -0.069610937 -0.435832115 1.216999636 0.414535356 -0.318711437 -0.480384411 0.228885576 -1.628466948 -1.764061709 -0.886293568 0.862658489 0.978064735 1.047936583 0.941555153
17.491203375 12.812715125 -15.668330746 -0.338540414 0.683966528 -0.432823096 -0.479837832 -0.218908014 -0.847145362 -0.778919420 -0.776873209 1.028913002 1.945646716 -0.211315725 -0.575146364 -0.255125757 1.910614427 0.044722928 0.717656835 -0.235702166 0.151697516 1.248074622 -0.305088389 -0.130080694 -0.787036765 -1.671839940 0.201112120
16.418473330 17.151948815 -12.416986286 -0.485663265 -0.856643127 0.098734555 -0.143336088 -0.648561282 0.532783018 0.501025409 0.437369363 0.200803390 -0.208271612 0.256493614 -1.040434954 -1.510035078 0.636239799 -0.771411629 0.944972684 1.180135044 -1.475409044 0.563849202 0.021208046 -1.089692350 -1.492742630 0.595422769 -0.765874857
20.936062076 15.638183270 -8.215202581 0.759750217 -0.155428326 -0.339171053 0.532526657 0.496206228 -0.113549034 -0.499991797 -1.013339933 -0.307699898 0.553057470 1.493883976 1.490393836 -0.226950916 0.034861940 -1.768033143 -1.677268320 0.232219469 -0.097561602 -0.783430057 -0.361756882 -0.636026145 -1.942915407 1.010958850 -0.638850605
21.121969589 7.816876816 -18.799878362 -0.601069641 -0.223579587 0.516784390 -0.567151963 1.086016831 0.227502121 0.689866984 0.412157203 2.017096084 1.180176789 0.951103523 0.952891704 1.429630385 -1.349154170 0.424985176 0.202372782 -0.029517048 -0.231739584 -0.009620071 -0.430002058 0.013885151 -0.292204389 -0.340341383 -0.806488981
10.433851636 9.759892354 -15.880671568 0.372906385 0.851667986 0.121373085 -0.347665132 1.266229287 -1.692472104 -0.956431750 -0.837899498 0.463772537 0.383838239 -0.572765481 -0.060216014 -0.788477495 -1.116156070 -0.854081711 -0.141129570 1.017009580 0.024196585 0.410774353 0.716239968 0.407641219 -0.262663818 -0.553538971 -2.197037012
19.264456982 11.279712170 -10.020164756 -0.129046848 -0.387858935 -0.389316098 -0.825436450 -0.661183520 0.302736261 1.112258864 -0.815637903 0.986369886 -1.779954546 1.096741272 0.679410373 -0.777470228 -0.609131582 -0.553428887 0.811130166 -3.026361173 0.173818025 1.032698414 -0.590664678 1.808808213 -1.012731408 1.178419334 1.314495206
14.760676961 11.122920987 -9.233627891 0.092521794 -0.436409031 -0.591445616 0.671698563 1.035859731 0.726635411 -1.478239332 0.637874428 -0.627809102 1.255998651 -0.712149077 0.707073081 -0.273251683 -0.323739347 -0.367035644 -1.566493527 0.159326277 0.147188337 -0.251190696 0.045542615 1.788416884 -0.716716042 0.706476682 0.087064477
17.732199780 10.291955953 -16.309803725 -0.160875464 -0.170081991 0.689704480 0.685199921 0.477763094 1.446116285 -0.164846852 1.837162609 0.960602626 0.285197419 -0.432688727 1.688127805 0.284036734 0.813497189 0.028946942 0.532135149 -1.195697127 1.784154160 -1.067057103 -0.122947977 0.128927869 -0.835442763 -0.553177261 -1.815692152
17.298811875 8.812939315 -24.039056326 0.459373788 -0.862479565 -0.182759085 -0.108184288 1.805478053 2.065170228 -0.458077446 1.371904089 -1.120716641 -0.522728211 0.678530690 0.599220831 -0.012738786 -1.054526151 0.772728894 -0.303092036 0.231215327 0.433572008 -1.326481120 0.104305599 0.423103903 1.216520305 0.351083430 1.475231824
23.143570668 8.686411328 -20.050472394 -0.101974167 0.445449244 0.562693448 0.688877582 -0.233964408 -0.999787854 -0.044372792 -0.407968916 -0.597648065 0.358807167 0.922880419 -0.778444302 0.011976332 -0.480088410 -0.594674965 -0.606922230 0.845986181 0.995599316 -0.829090184 -0.427868802 1.662290053 -0.425733931 0.137608873 1.650611254
12.575755033 8.443606174 -10.830740805 -0.288243530 -0.400458297 0.001090094 0.869797466 -0.192212039 0.161125033 0.044853196 0.060756291 -0.694396037 0.401475911 1.632907040 0.953184226 -0.356324407 -0.245522850 1.046884356 -0.191856352 1.861566505 0.774456299 2.708129393 -0.640449528 -0.319610245 -0.762641670 0.932248770 -0.432868855
24.349705675 12.432886838 -24.319933246 -0.673951391 -0.608513052 -0.389748111 -0.153615749 -0.083308784 -0.610647321 0.646909165 -0.045563702 0.772274098 -2.211039325 1.419121548 0.181107648 -1.617102428 1.163724595 -0.081711804 0.665938425 -0.008136909 -0.320321613 0.226185184 -0.421718707 0.721972245 0.627054581 -1.798912980 0.876961373
27.039847616 11.532588213 -14.895792988 0.319727942 -0.856259827 0.348102323 0.208369680 2.241279807 -0.339629280 -1.220848731 -1.303073043 1.018079654 -0.880741588 1.710346477 1.912018382 1.442892350 1.100347801 -0.823867590 0.941346026 -1.679729718 -0.684898199 -0.287537747 -1.699582470 1.289983268 -0.913552590 0.392720209 -0.753505510
15.668868603 10.298728682 -22.146602543 0.510463214 0.257021743 0.516951696 -0.637281786 -1.010246860 0.278699758 -0.986533583 0.329440860 0.026112402 -0.175073139 -1.662724017 -0.777818518 1.080311014 -0.975217406 -0.000547527 -0.530468056 -1.959685862 1.756447286 -0.521221605 0.353892822 0.044563257 0.435890642 -0.191525188 0.632893057
21.745281563 9.052589979 -11.410353447 -0.280221003 -0.297318123 -0.911430722 -0.048704843 -0.871900776 0.009261752 -1.063982140 -0.971822024 0.642663469 0.138023369 -1.310512068 -1.332993194 0.916673260 0.067709148 0.992339885 -0.615133013 1.755218145 1.943973338 0.285779706 0.347126704 0.901807041 1.709960578 1.091910061 -0.521322742
22.553684996 14.083804805 -24.027400965 -0.914945919 -0.167855249 -0.292382269 -0.221835950 -1.510505045 -0.671400608 -0.522142631 0.567871674 -0.485739625 0.239709839 -0.716622217 0.226731037 -0.618213455 0.783250017 0.231432452 -0.846704390 0.268288256 2.567037765 0.629246908 -0.451906575 -0.990861832 1.833128571 -2.078953533 0.708367576
19.304367594 14.351835963 -16.405386660 -0.899040553 -0.390565102 -0.173739475 -0.094866109 -0.020922057 -0.703043881 -1.159308358 -2.369625797 -1.123158826 1.220053294 -0.671798459 -0.207346022 0.777872409 1.310013721 0.291997733 -1.850480389 1.511351539 0.628661149 1.208459978 -0.623497417 1.812754493 0.197517591 1.363104827 -0.760208698
18.499903643 18.649474675 -10.927901322 -0.231025212 -0.252001011 0.938015324 -0.057009591 -0.870301504 0.871557335 1.264482050 -0.814692358 -1.311482574 0.224405136 -0.980932054 1.124520760 0.177508110 -0.449907795 0.070929966 0.785508773 -1.354292099 0.864743070 -0.928919168 0.312890913 -0.818426342 -0.194434481 0.584541805 -0.486326839
11.710163043 18.531968864 -14.736964482 0.682536410 0.123982412 0.584139922 -0.421370338 0.435422726 -1.263529163 0.103570986 0.423069450 -1.082111508 -0.257326561 0.207154473 -1.268514968 -0.731183958 -0.255106445 -0.151359894 -0.105875189 0.400612806 -1.807227337 0.797850017 0.744858068 1.144208963 -1.615245923 1.323673693 -0.207638176
27.426970506 12.604274058 -16.055147527 0.745097675 -0.424528603 -0.221140199 0.464437221 0.895276338 -3.064630294 -0.481625691 -0.563200884 -0.762830164 -1.275986674 -0.280759632 1.181186737 0.999287655 -0.482639744 0.395411232 -0.219430069 -0.051643323 -1.390694300 0.132636345 0.227539932 -0.372421817 -0.816020800 0.604743091 0.850542616
17.331648809 13.842960518 -23.869595833 -0.321343038 0.030824061 0.916309234 0.236993496 1.024161475 1.283399732 -1.592580880 -1.046661837 -1.740983294 -0.081259896 1.986971438 1.355785032 -1.508325699 -0.034867435 -0.004056283 -1.026643738 1.423726737 0.767739155 -0.657455649 -1.335196990 0.341396521 0.987958940 0.969504896 -1.379910261
16.042703623 7.913674159 -24.258195413 -0.109352721 0.305919832 0.491200144 0.808193948 0.349495490 1.192747219 0.690980492 -0.055791026 0.362066696 0.677720215 -0.959314062 0.118898195 -0.368821876 0.664789014 -1.129934457 0.224770312 1.572743629 1.223592681 -2.360372883 -0.181576085 1.035482146 1.614835384 1.265337535 0.590837945
12.397147134 19.376647962 -20.080592435 -0.570082716 0.469767546 0.674034814 -0.001104295 0.444238029 -0.136095887 -0.414190174 -2.423418026 1.374829225 -0.740063170 0.345992107 -0.833588457 0.533498430 1.788067262 -1.049229329 0.614158498 0.406216840 -1.401171846 0.086959159 1.337814382 -0.315393404 0.723828088 0.498666129 0.821685070
12.397820364 11.065980506 -18.401161043 -0.114445488 -0.856041914 0.177069185 -0.471954420 -1.334911300 -0.060570406 1.090239088 -1.771732952 0.153643004 -0.817561153 0.461201318 0.848431020 -1.949447649 1.333690385 -1.409830115 0.958561766 -1.265633114 -0.402761253 -2.310675327 0.829429552 0.005884097 -0.234750453 -0.063004579 -0.483244241
16.063723637 19.419005475 -19.632724775 0.894447567 -0.125316168 0.275547652 -0.329139637 0.102882251 0.103665855 0.741062607 0.916739201 0.591639493 1.054965195 0.172018300 -0.281449644 -1.235704318 -1.600882047 -0.832551011 -0.787203033 0.272776137 -0.226656452 0.666274378 -0.422693734 -0.680001207 -1.139854900 0.915984484 -0.630766045
17.558451966 17.396564874 -10.139229879 0.795642286 -0.167064809 0.471361733 0.341849118 1.348429553 -0.099358029 -1.804298907 -0.994699344 -0.459714890 0.146589137 1.108170261 -0.840897508 -0.501761839 -1.600145863 -0.868785302 -0.753689982 -0.705140671 -0.282659223 -0.969938245 1.671309649 -1.099375472 -0.368909313 0.763709439 -0.402723094
10.615240697 7.498015571 -16.636608044 -0.050929019 0.397070235 -0.916370863 -0.002430032 0.668384911 -0.291936904 -0.288017679 0.720032926 0.100822575 0.596671461 0.475649781 0.775855947 -0.007676889 0.845637503 -1.724917751 -0.247845143 0.128863926 1.258466049 -0.761058500 1.522007807 2.194619656 0.808807018 0.179849141 1.277568231
25.713209608 11.278797778 -15.913863193 0.769099564 -0.520810980 0.023836322 -0.369693944 0.115338299 0.564162593 0.586877787 -0.067684653 -0.530830233 -0.058031997 1.251244093 0.865374807 0.859656429 -0.313430614 0.626860917 0.231692837 0.729183256 -0.317737982 -0.327087722 0.740412764 0.370333872 -0.698521275 -1.638458990 0.534868686
15.599182740 15.250428251 -25.477097155 -0.749151911 0.029399275 -0.529804344 0.396502780 1.156687132 -0.155535516 2.171571652 -1.553385939 0.752351139 -0.350550923 -1.420079654 0.209462886 0.149352899 1.791456876 0.513830616 -0.953340862 0.255577382 0.634330804 1.608813471 0.670481857 0.962829720 -0.061360556 1.223096945 -0.397998537
16.654248300 9.081499867 -10.523057577 -0.053280308 -0.694469418 -0.667516760 -0.263239077 1.459531594 -1.013680333 -1.533956114 -0.588315891 0.300628750 -1.003988108 0.190182742 -0.691710058 -1.168767477 0.384708865 -1.015395171 -1.387187737 0.462445412 -0.917396205 0.067864653 0.214249987 -0.343164902 1.895561795 -0.575155206 0.417400636
18.619052655 15.318486204 -9.830370129 -0.313787470 0.643840956 -0.695711418 0.054697997 0.404277601 1.063804558 -0.459167725 0.962511930 -0.944804731 -0.491723855 -0.092191382 1.419738104 0.295555978 -1.528453616 0.653105074 0.612142811 -0.942004735 -1.083815384 0.665974175 0.638464197 -1.148429145 0.000150563 0.242994897 -0.154966067
17.433052587 11.087469125 -20.633726376 0.650709990 -0.148412014 0.032924543 -0.743953196 0.467075596 1.172144338 -1.824841045 -1.451977672 0.211092192 -0.448070334 0.416075284 -0.421015249 -0.908642826 1.200869106 0.885736049 1.239305512 0.504553808 1.355777561 2.314409540 -1.180896258 2.346674787 -0.415746179 -0.788041273 -2.640762113
28.025640998 15.156571085 -17.876355358 0.733678066 -0.047550602 0.677658444 0.015312383 -0.711036272 -0.885170289 2.637716077 -0.566666101 -0.783541908 -0.082441659 -0.202370526 -0.486853210 -1.271595610 -0.327829386 0.901054088 0.432460859 1.375476980 0.124824485 -1.358798884 -1.051274684 -0.060037115 -0.393507257 0.067133567 1.648388968
21.012791655 16.473028745 -24.365802185 0.597245987 0.278564852 0.673356621 -0.335096576 0.088997114 1.818999311 0.863732057 0.772098207 1.325630649 -2.247513098 -0.420281256 1.166508866 -0.078520840 1.675302067 0.935727151 0.181086350 0.388689960 -0.064182827 -0.080473738 -1.770044038 -1.167621727 2.656498261 0.899755982 0.544428970
21.051701655 6.011000651 -24.382087573 0.012097124 0.867677766 0.106233407 -0.485492964 -0.831110822 0.043210918 -1.340919080 -0.123909977 1.480686471 0.232362233 1.575631437 0.323096785 -0.540253568 0.162143905 0.979291384 0.796696666 0.983258559 2.227306994 0.876846118 -0.750359173 -0.567730428 0.045057335 0.735517650 0.340442933
18.786700990 5.808501783 -20.844796486 -0.405648836 -0.782763292 -0.373322581 0.288722878 0.250616961 1.414526434 0.152109850 0.392102504 -0.468386002 -0.072425131 0.324118348 -1.860100597 -0.870919346 0.387197651 1.821345877 1.032147105 -0.601484643 -1.549660849 0.291651585 1.719373557 0.216665510 -0.544143448 -0.495019890 -1.233460436
22.142557869 14.836618110 -16.029561743 -0.280658904 -0.412545577 0.862464342 -0.084805571 -0.891224270 0.862262918 1.868684377 -0.244824878 0.102007916 -0.483923338 -0.285414339 0.089596626 0.081142983 1.156725764 1.569311212 -1.050234130 -0.212726564 0.011606579 0.588712146 0.194760447 0.334876112 2.090447529 -0.239135480 -0.650551118
20.965445477 4.557007648 -16.581101462 0.289952787 0.704152682 -0.311806731 0.568219099 0.133622527 -1.061330969 0.772841325 -0.803350896 -0.535982266 1.012389822 -0.334872520 1.064259521 1.009185126 0.618221961 -0.086505498 -0.522442315 1.059600275 0.527700796 -1.742715500 0.141771268 0.577938928 -0.083779858 -0.841025624 -0.001795556
25.032437074 9.753517022 -24.597655418 0.539263778 0.273647273 -0.460043810 -0.650131864 0.065754648 -1.146788258 0.285655579 -0.050490708 -0.088235270 -1.938905706 -0.272043446 0.572578008 0.162715146 -0.854762399 0.013875309 1.109118196 -1.679939423 1.965237892 0.821542350 0.435854611 0.855694027 0.231046587 0.561664900 -1.924385868
22.158903327 16.246498899 -10.063185808 0.348307215 -0.356547570 -0.855806622 0.138386924 0.089459942 -0.947036722 2.092377553 0.405850376 0.343863851 1.278469373 -1.897308769 -0.609386892 0.715181633 -1.590074924 -1.578927093 -2.299433679 0.180078553 -0.137992128 -0.850730115 0.512080865 -1.157109628 -0.706862155 -2.696770029 -0.163219938
21.504596802 10.995275500 -19.625793890 0.633092954 0.365093214 0.629107305 -0.264809847 -1.090115424 -0.452872693 0.660132826 -1.111210719 -0.157779483 -0.030846552 0.744554249 -0.329996864 1.410234567 -0.962386071 1.471650260 0.713852390 -0.410051854 1.774384645 0.228952363 -0.529708172 -0.328834802 0.056244519 -1.553320090 -0.315024697
22.705179200 11.834777811 -13.980674177 -0.158309700 -0.834644864 -0.416866702 0.323308123 -1.287243892 -0.077473609 -1.392695643 1.263627086 -0.896995026 0.524874450 0.686155731 -1.407065088 -2.157170599 -1.247228979 1.896284999 0.292502596 -3.546226385 -0.755867780 0.083364535 0.373731541 0.647299768 -0.920342221 -0.318017512 0.341340483
17.921540536 11.051249604 -26.063086129 0.010264861 0.952593778 -0.285741839 -0.103977539 1.699563961 0.370643692 -0.299117641 1.592418367 0.019911843 0.345710259 -1.884217271 -0.251354748 -0.077056571 -0.222211379 0.588241683 -1.129868017 0.328847609 -1.262640749 -1.152085461 1.134930878 -0.185879825 -1.613375228 1.342257001 0.901360232
19.967103085 21.188064981 -13.605583825 0.346773709 -0.264808463 0.406992982 -0.802484384 -0.256846186 0.064852193 1.005456127 -0.625601654 -0.388349339 -0.088637506 0.786492435 -0.225184804 -0.816933956 0.874656965 0.320954800 0.776042951 1.480581765 -0.335324745 1.862786863 0.718906725 -0.756865194 -0.957887917 -1.905515665 -0.723361525
18.308130938 15.172960391 -14.522635356 -0.090192541 -0.004544519 -0.082483764 0.992492358 0.223922811 -0.930728192 0.036109650 -0.130929564 -1.244510177 0.028405592 -0.261948595 0.277510060 -1.918613854 0.074715663 0.264017608 0.306714475 0.015665548 -0.949099362 -0.234940258 -1.048271770 -0.403055037 1.272753170 -0.511027704 1.366396156
19.046388737 9.160007163 -14.705633582 0.771575854 0.244715779 -0.090476774 -0.580171391 -0.291679554 0.731218719 0.435520995 -1.198640448 0.798350274 0.052839413 -0.368880517 0.876491499 -0.303383267 1.547203607 -0.616965146 0.660336125 0.303035570 -0.511903006 -1.026829975 0.368155271 -1.774092840 0.608321946 -0.745584873 0.668951309
18.720241289 12.149131096 -14.874044150 0.357122745 -0.030490532 0.265761394 -0.894932709 0.232678551 0.487215251 0.560021709 -0.119584440 -0.444201790 -0.827796014 0.213419636 0.924009157 -0.025272232 -1.825775851 0.749208564 0.498986732 0.117930473 -1.133070335 0.028226211 -0.234814209 0.218948243 1.128017753 -0.063748937 0.594326878
22.282589532 15.932341487 -20.849366190 0.155389575 -0.241712014 -0.308957308 0.906628239 0.851197722 1.651018647 0.346958195 -3.320703818 -0.140394926 -0.639336541 0.872437852 1.053546267 -0.087888388 0.469098695 0.387557208 -0.823053701 0.404725519 -2.351622069 0.407649396 -0.629563389 1.236950762 0.017607810 -0.386943520 0.549390241
25.166514638 11.574068366 -20.243442312 -0.361131297 0.068861688 0.920069872 0.135328065 1.025100550 0.823238870 0.193444736 -0.639407192 -0.790058921 -0.443106771 -0.721662582 -0.546319748 1.480946067 -0.143637181 0.832116566 0.063797217 1.696124736 1.607754250 0.899994582 0.189503160 -0.032617961 -0.829797026 0.468534298 -1.910006592
13.581319879 5.989763570 -19.539241017 -0.881248539 -0.344456368 0.262302390 -0.189600316 -1.920658838 -0.431854777 0.430807044 0.394361213 0.731159716 -0.490415368 -0.872811194 -2.221405348 0.130972197 -0.285470239 0.558113724 -1.551224697 -0.154104742 0.659939959 -0.329160526 -0.253092658 -0.163973630 -1.356212664 1.834697419 0.514820158
15.398898061 7.635055312 -14.518784180 -0.657482162 0.581657730 0.423116942 -0.224418237 -0.472377598 0.710455490 0.010078443 0.632242817 1.589775751 0.650867468 1.121769318 -1.772226013 0.866468146 -1.419402571 -0.292613803 -1.339686886 0.792556213 -2.591924122 -0.236542631 0.367861537 1.417735318 -0.797882987 -1.177514702 0.244429035
20.986785709 10.206061157 -16.009548753 0.137623759 -0.126567819 0.980549673 -0.059687754 -0.250888487 -0.437469903 0.801272893 1.011752420 -1.280882412 -0.506565183 -0.594451001 -0.960902721 -0.346300742 0.568515085 0.701954063 -0.230491850 1.066956075 0.131322092 0.948608483 0.272090194 0.412998752 0.644819028 -0.061057446 -1.932045134
12.935246395 13.504275863 -9.874783163 -0.402750149 -0.212169588 -0.862464592 0.221204002 1.572339106 -1.112142510 0.977815308 -1.798714813 0.881484841 -0.685546439 -0.254823358 1.226608796 0.461001514 -0.167553308 0.636921542 -1.209874264 0.820117908 -0.585917386 -0.627962566 0.834076209 -0.702196815 -0.792918466 0.620855022 0.230823817
27.073184438 8.126275004 -18.527856657 0.456569184 0.137720984 0.824454336 0.304717179 0.229494359 0.690950082 -0.077285287 0.815144848 1.650169813 0.638043142 0.058553489 0.062863733 1.453904536 0.602450890 -0.272059189 -0.198870648 0.148062782 -1.553801323 -1.173976496 -0.129929683 0.191211292 1.254168386 -0.501859256 1.386256343
14.590237104 17.680379908 -10.460658491 -0.678884756 0.353345211 0.486906666 0.420932950 -0.262644572 2.203624380 -1.307952524 0.450568558 -1.236776677 -1.350858080 2.352300304 0.479457121 1.217594204 0.010014017 0.307750962 0.391962684 0.047199505 -1.141738458 0.242262970 0.693341536 -0.722309805 -0.099915349 -0.679512597 -0.024381546
18.614187963 14.196419319 -24.477284293 0.342923722 0.615041086 0.165243122 0.690523348 -1.579103820 -0.030615504 0.216014918 0.221687356 1.980688432 0.231745908 -0.940365602 1.635630304 0.246824943 0.398901233 -0.760818735 -1.298082079 0.046106562 1.240395590 -2.854299859 -1.740335733 1.447784797 1.004614278 2.041613721 -0.074082977
11.020138396 9.075287411 -14.364253888 0.331976209 0.791832681 0.464976259 0.215846892 -1.461300601 0.422657473 -0.060987853 0.320357017 -1.553070039 1.176376626 0.022146415 0.563543545 -1.466438411 0.737213765 -0.054417810 -0.651220161 -0.558902951 0.825610072 0.049060045 1.788067471 -0.372980700 1.233332138 -1.015655998 0.367252843
22.999487230 11.080730723 -13.840212348 0.162728206 -0.978636529 0.060762906 0.109990654 0.658899272 0.548056583 0.935362420 0.483909499 -0.786336409 -0.498043206 1.024873007 1.697171028 -0.334801436 -1.763526869 0.405742893 -1.486924329 -0.970849324 -0.250202456 -0.039135511 -0.164814378 1.601875334 0.837869643 0.081100299 0.192864407
24.551701238 16.856791261 -13.050228054 -0.180519318 -0.525868552 -0.828695813 -0.064329559 -0.609022495 -1.180447347 0.082033318 -0.379999900 -0.215569381 1.770815589 1.551671116 0.026367333 1.308339518 -0.717395163 -0.057051466 0.644530578 0.332993409 0.631232595 0.111557171 -0.186474464 -1.029845265 0.744019258 -2.615437160 2.451236360
19.846919762 10.767095889 -23.431114277 0.267577303 0.461979352 -0.678540957 0.504539032 0.174407564 -1.145563158 -0.687706206 0.707146361 0.647142705 -0.985650976 -1.729528007 -0.420709490 -0.323384362 -1.631108224 0.200947490 -0.192998618 -1.687378904 0.132790982 0.954168779 -0.507163268 -0.924757239 -0.282609129 -2.072188713 -0.147598898
26.209329722 15.521544995 -16.875784369 0.699093487 -0.046336902 0.494587426 0.514299976 -0.664217904 1.984480164 -1.898037610 -0.000307693 0.864455301 -1.997010260 0.758127864 -1.127597957 -0.871443378 0.250887759 -0.152792809 0.337298151 0.332414699 -0.799428264 -1.400865549 -1.013983153 -0.657648719 1.059932721 0.220688214 -0.438929844
17.419008373 21.695777563 -14.452010303 -0.483118856 0.616781174 0.444244832 -0.434538471 0.488904673 -1.919228287 0.640991644 0.043939289 -0.131533253 -0.315733590 -1.255531776 0.210146028 1.197740236 -0.142123962 1.598341391 -1.102998724 -0.347750277 0.911556965 1.169684061 -0.828328436 0.753939473 -0.926105859 0.307474732 0.107790150
18.000553511 18.889179936 -17.375044502 0.662329327 0.288908558 -0.686366206 -0.082177490 0.102134906 1.706571434 -0.188617131 -0.301805989 1.254465566 -0.510434187 1.440978459 -0.615286567 -0.021168333 -2.060478010 -1.501483237 -0.415085596 -0.806344233 -0.002109608 0.505891615 -0.822138668 0.172675838 -0.602083280 -0.611983738 -0.814942565
20.219923229 19.767828434 -19.822135730 -0.314856023 -0.691888376 0.499150691 -0.415938395 -0.123700686 -0.460583538 0.612437517 -0.963074257 -0.018330695 0.947222074 -0.003033198 2.569172413 -0.194415290 -1.377736732 -0.076059154 0.414839183 -0.844737139 -0.032416721 0.479461395 -0.882819128 -1.087106418 0.458172386 -1.158094512 -1.724763145
19.925406345 13.754685904 -19.166582896 0.423625065 0.892566734 0.142186713 -0.060410008 0.653102207 0.656305383 0.085581841 0.690997838 -0.907280017 0.601620204 1.491293582 0.685468270 0.023916208 0.530713591 1.919145307 -0.224463003 1.754256006 -1.769585347 1.303031297 -1.171969951 0.578417308 0.372984675 0.474955955 -0.285216190
18.016075353 10.151635012 -14.615742050 0.095030052 0.730039968 -0.049253432 -0.674970395 0.077494637 -0.291647918 0.611423544 1.769152353 -0.466400214 1.260527853 -2.605423934 1.269266733 -0.369948242 0.984142571 -0.932647686 -0.225824709 -1.708684491 -0.272738480 -1.263291360 0.712720617 0.685710556 0.468815786 0.208031475 -0.200978741
9.943792893 14.025133271 -14.473159418 -0.342809718 -0.272200853 -0.162108527 -0.884369277 -0.473670978 1.222114472 1.351089113 -0.694715749 -1.020181146 1.343795993 1.037864986 0.109470416 0.202987108 1.629837534 -1.474003391 -0.800523231 -0.045545145 -0.131600036 0.649612083 0.205851801 -0.269892467 1.749488897 -0.188566518 -0.202278124
11.337597158 10.106743521 -21.114706013 0.201130472 0.105279437 0.478740681 -0.848097950 1.025556807 0.939608331 -1.365072206 0.381950005 -1.255135910 1.594883361 -0.855086035 0.148403291 -0.906145875 -0.239958526 -0.858522350 -0.004405754 -0.057052866 -0.056893875 0.397319040 1.202992885 1.018516148 -0.030489199 -0.576588827 0.814852441
12.130998387 17.987089913 -19.102767659 0.506008962 0.302396808 0.687522585 0.424056359 0.891198281 -0.142482752 -0.568542314 0.376814246 0.336614118 0.126454844 -1.077466244 -0.359075763 0.557717902 0.449614527 -0.784907216 0.132437155 0.197928406 -0.226334073 -0.034364129 0.658254923 0.372689748 -1.036978621 0.244327547 2.152987789
19.844161432 9.629317392 -11.086990654 0.964646874 -0.076381285 -0.023897694 -0.251099997 -0.664443455 -0.847948617 -0.457131835 -0.500895432 0.040163812 0.674596169 -0.059917566 -0.322841226 -0.779418477 -1.102955194 1.134149903 0.415835855 0.817705653 1.272965919 -0.254896866 0.254671226 0.914486050 0.183098973 0.292515455 -0.560874042
20.133807779 16.588865454 -11.188623490 0.376605025 -0.604930194 -0.701340885 -0.018683630 1.365067261 -0.369308358 0.366557652 0.406429964 0.482993709 1.577187853 0.549364702 0.276010885 -0.469608355 1.388553932 -1.704710736 -1.359059620 -0.457561701 0.246480010 -0.142733044 -0.946186666 0.142378818 -0.581404975 -0.933985715 0.800691244
24.281094980 8.636896995 -21.919712820 0.962089402 -0.093370927 -0.169229312 -0.192424768 0.136989261 0.017840086 0.558575209 1.332695251 0.873691121 0.297905475 -0.185538895 -0.164712574 0.095630355 -1.098715053 -0.947964742 0.011103395 -0.492474390 0.847057614 1.224235620 2.331260630 -1.415123609 1.315675261 1.165746264 0.124048061
23.836214933 13.415890481 -12.420183202 0.789780665 0.550757090 -0.033394290 -0.267951394 1.204802974 -1.104164356 -0.057345687 0.630384764 0.605772589 0.357253738 1.900114385 -2.736932894 0.304109444 -0.390707137 -0.565538971 -2.066163110 0.184413149 -0.137646728 0.891230084 -1.162038777 3.846135880 -0.130784679 -1.685784249 -0.817113463
18.323848720 6.963241838 -21.068565419 0.264215515 -0.242145807 0.080630925 0.930082912 0.814061444 0.150430554 0.943318129 0.719286683 0.898414232 0.704455103 1.495424557 -0.081483361 0.044646709 0.615788298 0.288893545 0.686900191 -0.917734539 -0.048733355 0.359196211 0.864015673 -0.158911909 1.417698696 1.569489813 0.394019632
18.951369628 17.500112291 -14.141275057 0.242738290 0.966767605 -0.066870654 -0.044349016 0.362933497 -1.007966915 2.154488988 0.047415202 -0.972457116 -0.234027782 1.814662386 1.141132333 -2.412247682 -0.105749770 -0.938901813 -0.384567701 0.317403576 0.732015616 -0.463715812 -0.531732944 -1.736098580 -1.017736834 0.639868059 -0.561698298
9.335691180 11.696352368 -19.959482371 -0.644238897 0.444468660 -0.069701549 0.618502666 -0.429839726 -0.694541739 0.013957735 -0.208749285 0.408398535 -2.455482340 0.462930128 1.506499190 1.305788740 -0.567486597 -1.263883851 0.905844011 1.916213945 0.810623007 -0.609141189 -0.127876824 -1.180937991 -0.713810538 -0.133169086 1.465609447
19.116182248 10.718316316 -18.856072781 0.402662151 -0.564775129 -0.363058284 -0.622158282 -0.246817727 -1.225764001 2.188548957 -0.051309284 -1.726405508 -0.751746495 0.259606131 -1.334890882 0.193479858 -0.401982403 -0.867730900 -0.742573068 0.456321458 0.275193485 0.191179704 -1.289047403 -1.255011420 0.319460603 -1.520408229 1.033342322
18.276468146 3.349080642 -21.064916015 -0.803947407 0.469297789 0.360380490 -0.059615889 -2.066972556 1.878762872 0.719209334 1.425005282 0.858153733 -0.287762339 0.532191221 0.774464725 0.316257559 -2.802167774 -0.168582611 -1.129034375 -1.041180993 -0.116589664 1.324663661 -0.943330694 -0.541319099 1.912728090 -1.018973284 -2.001253438
14.851403977 17.360084072 -19.883924894 -0.354102899 -0.907213962 0.099204923 -0.204284967 -0.077038456 1.024700178 -1.595143290 1.447892289 -0.999614696 0.306211804 -1.831819041 -1.290418522 -0.592394787 0.006700648 1.390363826 1.497781502 1.338832175 0.210685137 -2.293309071 2.086413824 -0.505584930 1.009380311 -0.241768486 1.054937980
15.906980201 10.825670077 -21.769424963 0.088599998 -0.314400627 0.709290122 0.624667759 -0.407172863 -1.556093989 -0.618135968 -1.135043657 -1.743056566 -1.504043770 1.288395283 -0.886634856 -0.709361669 1.781126445 -0.742761458 1.124446196 0.212458668 0.045549318 -0.229803890 0.121639622 -1.566044011 -1.122914158 -0.346789244 0.138060091
19.807792709 7.606912755 -12.366830616 0.250523308 -0.861269474 -0.440351810 -0.039284191 -1.082581370 -1.023310208 -0.404403364 0.059956116 -0.032610679 -0.097469772 0.092498410 -0.358065951 0.494388054 1.372228765 -1.127805029 -0.041220408 -0.413296332 0.210884615 2.965105208 -0.881515785 -0.398781849 0.605590327 -1.128291834 0.823324643
14.649299912 11.366999838 -17.801677491 0.239880534 0.685879411 0.682884711 0.075466774 -2.046111524 0.821573286 1.547907142 0.771398067 0.681599362 2.577937169 -0.572930353 -0.987673875 -0.851935140 -0.291815620 -1.278039860 1.058389725 0.920187063 -0.843292744 0.730252556 -2.004307612 -2.158243180 0.622910738 0.339855896 2.036538887
22.589317054 18.247930444 -19.140819925 -0.012090034 0.362440383 -0.042396103 0.930963678 0.944620967 -1.516056984 -0.893670752 0.425471149 -1.356834472 -0.898810524 0.407717286 -0.907963089 -0.659139178 0.838456184 -0.386078704 -0.136869008 -0.676745498 -0.167370284 -0.369481689 -2.000136147 0.368771241 0.202245503 0.091012185 -1.294770156
11.028862819 17.269086135 -19.207849216 -0.494674017 0.712678622 -0.315550050 -0.384467119 0.226455545 0.120414219 2.429917457 0.170105645 -0.395791925 -0.808449600 1.294645276 0.290907415 -1.038470012 -1.814620469 -0.563654017 0.200230869 -0.984648650 -0.425784139 -0.842974061 -1.115162997 1.233435203 0.097210133 -2.427456253 -1.976144549
23.044375593 13.161442651 -16.773275755 -0.756437374 0.205295017 -0.515742354 -0.345928142 -0.208482528 2.063054635 0.794887583 -0.356566843 -2.138530760 -1.392394954 0.000030673 0.794726299 -1.178765991 0.603404888 0.517386672 0.549957348 -0.626141447 -0.122165602 0.847625426 0.992896473 -0.074505627 -0.305610436 0.229898252 0.737735975
21.275437222 15.552018662 -23.224093960 -0.489757148 -0.735870032 0.423450929 0.198299122 -0.459544815 0.278735337 0.987826519 -0.152214186 -0.790809256 -0.839201364 -0.028936809 1.018194721 -1.259188117 -0.470610861 2.135113909 -0.632581167 -0.684497567 -1.339227071 -1.050170469 2.845329592 -0.301250389 -0.553562427 -0.789444904 0.336629724
12.746666445 18.052015594 -12.331841425 0.403640900 0.498969350 0.320509151 0.696690387 0.908694854 -0.489443132 -0.371727235 0.198800385 0.593322285 -1.705953723 -0.444695880 -1.885955496 -0.795395024 1.272184888 -1.442268321 0.471014184 -0.688139944 -1.588104470 -0.604714740 0.407186505 0.212530659 -0.061760257 -0.931896791 -0.720191392
17.716660025 13.398967262 -9.350495779 -0.318355727 0.273932095 0.583890150 -0.694754007 0.302106551 0.567810109 -0.017211920 0.386670340 2.586236729 0.299614679 -0.695399957 -0.652732880 1.569868823 -1.277905966 0.154225804 1.360120234 -0.951678799 -0.357589865 -0.279483408 0.123438644 -0.621268934 0.124784457 -1.365901179 0.596847683
11.133266080 11.718340352 -14.687072936 -0.264775618 0.784810407 0.166099591 -0.535142433 -0.945599951 0.038027202 -0.682452985 0.359071081 -0.565014994 0.391799499 0.255147270 -0.801566782 0.130302411 -0.189171491 -0.010539533 0.498296762 1.490060375 2.405377698 1.093289351 -0.969094467 0.651043633 0.321608721 1.238574642 1.192387279
23.460768858 10.227662554 -11.612335132 0.679179107 -0.733362682 0.029362319 -0.005724629 1.583110554 0.439363610 0.297008347 2.513040059 -0.430355595 -1.294282033 0.555461243 -0.412978143 0.347993891 -0.016922022 1.435264138 -0.049827842 -0.018614107 0.968413045 0.167568970 0.337403890 -0.214723739 -0.171531759 -1.475257528 -1.386787874
18.622360564 17.183268606 -21.366871972 -0.069841020 -0.191246653 -0.519956989 -0.829573191 0.242893635 -2.331739804 0.978765824 0.803060064 1.339572245 -0.341896485 1.746672637 0.106818447 -0.832399869 -0.229760635 -1.102546114 -1.731924479 -1.544593214 -0.630589275 -1.344322797 -2.147537539 -0.974635331 -1.130159947 1.097783423 0.468096551
17.212720737 11.205354501 -11.882434363 -0.500402228 -0.750208521 0.283892765 0.325867585 0.690135695 -0.233106796 0.077463992 -0.352448184 -0.316729238 0.023272654 -1.619068248 -2.575448709 -0.255503918 -1.406736762 0.080553622 -0.075012975 0.847021512 1.278300075 -0.957123063 1.360463145 0.482767176 0.028968522 1.148455096 0.641280951
14.962985721 7.482109883 -22.252848586 0.038464024 0.825055432 0.241389375 0.509445996 -0.599579765 -0.948295386 1.438731750 -0.245268418 -0.123314601 -0.929661784 0.511523132 -0.457103550 -0.067026681 -1.239658883 -0.142019546 0.699680667 0.180726094 0.493931667 1.461291648 -0.355701778 0.192373459 -1.192336220 0.996098482 1.694052956
19.816804179 14.423392455 -25.245982009 0.937052305 0.184126740 0.233400328 -0.183179169 0.383552840 1.005371468 -1.483649847 1.227518054 0.906484303 -0.773388455 0.235439326 -0.153696177 0.581128897 0.518519967 0.246287937 -0.844129763 -0.412720874 -0.893054230 -0.954117454 -0.787929315 -0.471269886 1.050867633 -2.219475235 1.429040439
14.184224222 15.947688876 -20.251591145 0.416788605 -0.834151243 0.038126354 0.359200980 -0.414939419 1.665406551 -1.296798559 -0.169471435 0.753782452 2.431290943 -0.558219118 -1.562911704 1.927714405 -0.610283153 -1.159392743 2.484058745 0.305169643 1.332893865 0.147776645 -0.841922119 -1.199385621 0.162506298 -0.591073251 0.972751418
27.362620859 13.745896195 -16.233581231 -0.192085841 -0.709905206 -0.662956501 0.140093918 -0.137168672 0.831575245 -1.353827135 0.003279961 0.434599328 0.458600229 -1.058898720 0.688650500 -2.071853431 0.338350223 0.877163972 0.895971638 -0.267234317 -0.452522269 -0.487254206 0.272986213 -1.126427730 -0.849050561 -0.002860255 -1.938582800
15.785586850 12.375620301 -11.389166507 0.523504338 0.699100573 -0.325219201 -0.362538369 0.450464410 1.052930296 -1.060135698 -0.076566893 -0.592424315 2.030746182 1.937139169 -0.488702191 -0.002749947 -0.329740269 1.038631018 1.003388949 -0.585628360 -1.031459357 1.409254805 -1.503314651 1.189770137 -1.429869696 0.773644151 0.547802025
23.288316401 7.473232909 -11.011427402 -0.065718240 -0.279886813 0.688434294 -0.665884906 -1.808310404 -0.595240513 -0.866076751 0.098925927 1.466632499 0.217832985 -0.368395884 0.047150366 -1.784125535 -1.985801835 1.171718982 1.082358930 0.321409236 -0.759615893 0.428224417 1.263262565 0.308213785 0.730282556 1.573729587 0.945576448
23.687665816 19.575469182 -17.975628794 0.537131564 -0.132105777 -0.814976961 -0.172772395 0.390879041 0.461841197 0.991391187 1.137974424 -0.161535413 2.625354390 0.297526176 1.134485107 0.001564491 -0.166383990 0.023306037 -0.050502767 0.083435455 0.190547768 1.649740660 1.084379920 -1.657313788 -0.390875943 -1.213404518 -0.821875041
12.232498897 14.766780796 -17.444157034 -0.590007859 -0.046431280 0.107754567 0.798826525 1.050026861 -1.163223765 -0.544417599 -0.258196158 -0.261157358 1.829335391 0.019075445 0.493089840 -0.638062462 -0.464618650 -0.959996187 -2.009708191 1.441637034 -0.259299419 0.640471686 0.639282390 -1.636504392 -0.051833041 -0.369188722 0.951244500
10.165255304 16.759676082 -16.987415952 -0.654314479 0.249834511 0.694855536 -0.163190268 -0.419749388 -0.463380416 0.328928741 0.286674979 0.399525491 1.033654570 -0.502058198 -1.510394265 -0.253361606 0.102682739 -0.337033675 -1.359325075 -0.407776076 -1.170117344 -0.013106615 -0.713532135 -0.156910215 0.533374462 -2.533180986 -1.304665638
17.721156087 15.483776316 -18.128613989 0.243232115 0.378451188 -0.108242956 0.886507924 1.859250735 0.105127466 -0.316745302 0.148383732 -0.824028416 1.354319390 -0.895089047 -1.725339221 -0.836022145 -0.121567321 0.668605370 0.172886365 -1.445415823 -0.038108844 -0.460775795 -0.246673248 1.611364851 -0.481440979 -1.433614570 0.238651409
17.083657435 13.727554515 -18.935477411 0.170824871 -0.753198231 -0.288799682 0.565779137 -0.536917978 -0.428725626 1.256514694 -0.535153109 -1.502168240 0.644604431 0.301729526 1.502657138 -1.216363771 -0.282970961 1.057085699 0.700943618 -0.426711978 -2.147619341 -0.453404765 -0.857788872 -0.024472228 -2.551976194 0.593850011 0.742108348
18.806911824 13.577853616 -19.583631109 -0.422066982 0.597771347 -0.584074346 0.351263487 -1.350088956 -0.725936327 -0.561233459 -1.356205379 0.652622443 0.863903500 -0.623917451 -0.542417209 2.109105801 0.071734419 0.392639480 0.658980395 -0.251964725 0.889793630 1.813326932 -0.460048820 -1.136752680 -0.181972656 -0.916512855 1.981010068
21.127851566 9.638137972 -21.014454978 -0.279647602 0.697007308 0.406733700 0.520140106 -0.256166054 -0.717409113 -0.816527765 -0.144455630 0.956336743 1.607467505 -0.644752517 -0.145696813 0.201652619 -0.139698844 -0.553349085 0.797962792 -0.974699462 -1.553622477 -0.389653995 0.467832090 -0.007756608 -0.141379828 1.078702806 0.182674567
15.764119160 16.844567850 -19.278049595 0.386948671 -0.525084998 -0.433858792 -0.621548887 0.614087073 -1.181216095 -0.121463647 -1.085535631 0.539184426 -0.333949111 -0.187426493 -1.775242077 0.492581493 -0.228363533 -0.725618404 -0.690713836 -0.775562746 -0.114021503 -0.045608079 -1.174402622 1.295674833 -0.071757906 0.163413550 0.227291931
16.184204800 10.067538571 -18.746013718 0.512444875 0.745677719 -0.009836943 -0.425756061 0.381369212 1.080831446 0.666048038 1.041714930 0.641140719 0.084720489 0.937169025 1.866801744 -1.061689907 1.276528789 -0.088855924 0.047652155 -1.042474177 -1.666721239 0.152538008 -0.497567304 -1.554868210 0.270919125 1.021098392 1.564022413
22.657333702 17.029868615 -23.891822389 -0.595590561 0.162300120 0.007384873 0.786686735 -1.141709163 -1.079762940 0.922564371 0.235799561 -0.831303660 -0.942563268 0.410702000 -1.017800770 0.874783915 -0.186212365 -1.393507490 -0.868819965 0.665669078 -0.136972884 2.897840851 -0.451197944 1.325593013 -0.207623162 -3.574982531 -0.752599728
20.961841235 18.178988122 -12.207624518 -0.196065247 0.730214209 0.057270119 -0.651970675 -1.876088204 2.001167926 -0.181785254 -0.226837132 -0.144626272 -0.055470134 0.965159098 0.565981805 0.258669030 1.122434296 -0.655893410 -0.784367872 -1.015206742 0.886824913 0.940504189 0.628782405 -0.248733621 1.059316784 0.229601951 0.691710965
13.021657561 7.984890350 -22.114862813 0.464619292 0.390390798 -0.329437958 0.723321899 0.373312185 1.493025568 2.898902529 -1.912559095 -0.143647402 -2.551255032 0.101596364 0.400496825 -0.284897849 0.574362573 -0.401007416 0.817908203 0.578170624 0.304697919 -0.416577692 -1.115906238 -0.202992537 -0.881942566 0.339676422 -1.162414015
12.214774831 13.541736395 -13.814878532 0.318350160 0.556838428 -0.009316770 -0.767135802 -0.584084582 -1.430598277 0.647763070 -0.550324827 -0.042054467 -0.017931326 -0.110285744 0.937865713 0.279240274 0.199621009 0.185689882 -1.537302518 0.526650290 -0.067931585 0.837773735 -0.437486873 -0.620415378 -0.805731289 -0.719429154 0.388809066
24.979435231 16.896758058 -21.552324159 0.548733679 0.785705145 -0.058350208 -0.279560421 -1.440613183 1.616919164 -0.317640970 -0.751775716 0.325944629 1.126435179 1.392002285 0.389760565 1.073340899 0.363470022 -0.316507896 -0.892711141 -1.208900731 1.749841417 2.370949865 -0.022264522 0.476137932 -0.936448951 -0.116413243 -2.577099539
20.513602511 10.789475178 -25.941633243 -0.089615266 0.858352419 -0.488666042 0.128084845 0.465205490 0.824098671 0.314372003 -0.238687079 1.147536296 0.252980429 -2.570188330 -0.054043365 0.233462029 0.217900756 -0.586386359 -0.673612040 0.821151712 -0.772536024 1.393994785 -0.220024740 0.051264618 -1.115229663 0.002238696 0.984506897
26.295250739 15.098399705 -21.029073464 -0.070648505 -0.383407820 -0.803205135 0.450409528 -2.561329161 -0.356670225 0.601328781 0.742764475 0.504865891 -0.105380694 -0.500386080 0.168980248 -0.178054386 -0.139470427 -0.970416752 0.571558572 -1.195047842 0.996461559 -0.478128497 -0.937270876 0.777469471 -0.488719821 -2.229195155 0.303481213
19.991970321 14.031365005 -9.890399028 -0.933729640 -0.159813514 -0.276479846 -0.161763700 0.136521253 1.179909374 0.319729646 -0.422431301 0.229037104 0.992381291 -0.230656246 0.123897757 1.153719420 -0.642920114 0.829168172 -0.324451876 0.592796875 -0.419118093 -1.179724355 -0.530478366 0.138663056 -0.098319440 1.053134870 -0.641352681
23.526384629 4.132975992 -15.431305711 -0.433074018 0.362795666 0.326306748 -0.757858895 -0.367213723 -0.869136806 1.557464886 -0.625692164 1.013276923 0.036964625 0.427932373 -0.220656067 0.621142149 -0.403269385 0.117593591 1.966546989 0.789798016 1.566486501 0.061006715 1.807820875 -1.243923564 -0.190625340 0.688453731 -0.329101634
13.252244151 9.831044785 -10.318148356 0.561512396 -0.333329353 0.746328126 0.128801008 0.516584302 0.806224215 -0.333753742 0.112189838 -0.673111307 -0.104137656 -0.366106319 0.527288028 -1.233533743 0.098243638 0.122084826 -0.451155571 0.172041151 -0.804887843 -1.542295872 1.510004572 0.772221323 0.227827550 0.213815166 0.322115529
27.117920093 14.011314309 -15.430735404 0.586211357 -0.655721994 -0.446887107 0.163330417 -0.521263082 -0.781713518 -0.717270253 -0.293309689 1.019672162 -1.242915669 0.080081178 -1.568117925 -0.604572502 -0.004498737 -0.746219030 -1.612777259 0.186520485 -0.709115866 -0.560118583 -0.787167528 0.356645291 1.203490031 0.431182417 1.617843457
17.530790414 14.304739426 -15.300951847 -0.277953349 -0.217177694 -0.889595318 -0.290165392 0.988952196 -1.068504193 -1.919041571 1.259278615 -0.010946835 0.269731804 -0.598129939 1.420460362 0.647353680 1.414632093 0.664120320 0.017319733 -2.013393581 1.254799597 2.132107904 -0.621521516 1.552687277 -1.215328518 1.226826334 -1.293650560
13.653917360 9.835699492 -18.538211053 -0.305868332 -0.769074921 0.443924942 -0.343364202 -1.303875137 -1.162901317 0.299896774 0.436192073 1.532652291 -1.084874065 -1.302090314 0.664755659 0.776150870 1.471835334 0.900304424 0.361860459 -0.261188368 -2.642335897 -0.070209066 0.064358393 1.176977283 1.929842220 -0.286400051 0.889241883
13.876360474 10.123057995 -25.317088229 -0.631376760 -0.404732104 0.077905777 0.656875940 -1.434165916 -0.543443295 0.363442367 0.399154319 1.461723071 0.013583657 0.097237338 -1.228342574 -1.173011190 0.134388575 -1.192450515 -0.166465182 0.943947739 -0.040594104 0.366890965 1.123983911 -1.736267912 1.409012378 -0.254961392 -0.463002691
16.471937043 21.995664734 -17.316261554 -0.212710210 -0.899445164 0.342938870 0.167766789 1.768882298 -1.216261258 -0.817968247 2.172297194 0.562713845 1.159448008 -0.538984790 0.142627260 1.399544259 -1.294469848 -0.760359554 -0.050262107 -0.673093223 0.374966568 -0.867178889 -0.923522485 1.007886993 1.004828924 0.735547690 -0.998704661
23.799491463 7.524325690 -23.011508705 -0.514432411 0.661010787 0.223659634 0.498397836 -0.290177287 -0.877070304 -0.861982554 2.427385098 -0.173611562 0.572250965 0.957273960 -0.007426476 -2.118133404 -0.875997456 -1.312928893 -0.808160638 -0.827755614 -0.257923601 0.790287631 0.462195408 0.708896461 -1.541303347 0.603214646 0.238403274
28.109971999 12.495488020 -15.042605948 -0.055054246 0.366832708 -0.067623395 -0.926191055 -0.110115749 -0.078759418 -0.755293529 0.939744995 -1.268844881 -0.284646019 -1.365210918 -0.261536661 0.874071053 -0.069444166 -0.880247188 0.363284671 -0.043350778 0.681079918 0.075644627 -0.476677367 1.595426308 -0.662600474 0.014265798 1.619010162
20.065529780 12.092042108 -16.642047522 -0.457413709 -0.621735278 0.314453274 0.552573146 -0.416976907 0.070329518 -0.145427357 -0.711899301 1.295722327 -0.169152242 -0.905708846 0.854036576 1.445449850 1.382671496 1.216967470 -0.491673529 -0.557581547 -0.013700347 -0.776716045 -0.515093704 0.169489419 0.568799184 -1.310393435 -1.382959014
12.719257128 11.971706144 -10.027759973 -0.310179834 -0.694873474 0.546469926 -0.349728388 0.862238231 0.928115537 0.500932491 -0.294877450 -0.644949083 0.829412865 -0.255546157 -0.640540782 -0.427676043 0.982189160 0.521229786 -0.226810838 -0.302238256 1.141619076 -0.562727423 -0.707860076 0.756878317 -0.314430087 -0.544075451 1.402891972
19.961655279 9.432744028 -18.856080343 -0.028204378 -0.976660428 -0.072052851 -0.200367932 -0.022464433 -0.550313515 0.989990999 -0.861203118 -0.297728980 1.246917524 -1.215057973 1.374562090 -1.493625479 -0.264811776 0.602158238 1.685761071 -0.712234552 -0.319026205 -0.870163051 0.051542725 1.124155498 0.149512956 1.127595561 -0.591688917
15.114753875 6.052408470 -16.560962233 0.134664735 -0.939913513 0.116023885 -0.291490060 -1.212744364 0.974236134 0.444428660 -0.595767371 0.012460964 -0.054350831 0.777315035 1.604933222 0.473798019 -0.436901387 1.060918924 0.695631528 1.863737292 -1.450319481 1.237968242 0.002333810 -1.121302721 -0.988928944 -1.127739117 -0.252431479
21.985022498 15.506819130 -13.200342252 -0.397917449 -0.633422245 0.436498663 0.499906872 -1.261668149 -0.273575550 -0.258996043 -0.155123830 -0.327135783 -1.466793162 1.255807087 1.888770063 0.882814599 0.737310721 -1.452542581 -0.020357958 -0.174966297 -0.037696541 -1.474650476 0.931549551 0.542649939 1.535613920 0.246411737 -0.600793072
10.807358878 13.294108235 -14.162062386 0.002276659 -0.766616252 -0.376608706 0.520057903 0.748649998 -0.307616516 1.640619908 -0.267307780 1.877072951 -0.491301872 1.057318054 -0.571002854 -1.588923842 -0.385484014 -0.698806905 0.982811564 -0.295109363 0.408821903 -0.175307701 0.403323200 0.087794442 0.477027526 0.358877947 0.343402850
21.382056305 16.961266067 -19.948087539 0.557096705 -0.667834110 -0.356388364 -0.341508707 0.193253833 -1.209384683 0.907808536 0.965051863 -0.444530594 0.144107434 -0.640912155 1.010315549 0.639530660 1.101973102 1.546267062 -1.345948775 -0.544842328 -0.723634671 -0.262635102 0.202572990 1.064182934 -1.690913008 -1.167049537 0.164791164
21.595037673 20.901313300 -19.591838818 0.104638067 0.990903192 -0.083232887 0.015297903 -0.460091889 0.324042731 -0.294350411 1.189020585 -1.208427560 -0.219769165 1.294270047 1.035198760 0.613486775 0.782099512 0.460576518 -1.445093115 -0.335983184 1.761549813 0.578783090 0.312588928 0.803708288 0.516718829 2.566414883 -0.335690751
20.100957691 17.219640550 -8.738724772 -0.313450174 -0.321204831 0.270888560 -0.851584307 0.487417146 -0.668233757 -0.843041420 0.580959507 0.283724067 -0.901437864 1.778307504 -0.161099018 -0.012198206 1.122319481 2.528452320 -1.506666609 -0.522072355 -0.150205289 -0.452271783 0.422832839 -0.196416167 1.410848308 0.661098294 -0.392991134
19.642431165 20.050881701 -23.084420165 -0.002790688 -0.602077191 -0.398518327 -0.691865891 1.161189976 0.611273366 -0.345300163 1.403000173 1.544651972 0.635430883 0.291299304 0.307657006 0.513504595 0.456574793 -1.750534625 2.648131452 -1.512138047 -0.408199775 -0.224318921 0.088286704 -1.005911872 -0.001307422 -1.215620865 -0.842061856
14.689449892 6.124559590 -15.383196779 0.521851885 -0.244289819 0.348913000 -0.739089178 2.692070151 -0.332665428 -0.589725221 0.227780664 0.679680086 -2.053448618 1.263591240 -0.292652311 -0.309553422 0.040848533 0.820470777 -0.467208314 -1.906698884 0.573674378 -0.814771556 -0.133847088 0.545376287 -0.480881177 -0.759205868 1.042812868
