-11.918738155 -21.403667106 19.069674036 -0.475499654 0.252446776 -0.695110987 -0.476436165 0.776103523 -2.025710889 2.274790726 0.401091183 -2.004284112 -0.635000270 0.098967640 -1.665249896 0.761810620 1.498617705 -2.239124855 1.247100049 -0.326043044 -0.974051008 0.344002294 0.933325061 2.643530327 -0.175593679 -1.726334156 -0.864676905
-6.634472660 -21.999750047 26.655929778 0.534853790 0.719894057 -0.015140607 -0.442102627 0.144080059 -0.864392867 1.234826254 0.407769947 -1.307160844 -0.002722963 0.617193475 -0.470927515 0.878452504 1.468008804 -1.605100140 0.025232145 0.115749098 -0.435122698 -1.162303257 1.189369789 -0.685955306 -2.507844108 -0.460322492 0.845636540
-5.747058641 -14.262966108 24.164754548 0.116117852 0.514865013 0.845689189 -0.078996576 -0.374438552 -2.549894948 -1.989270345 -1.322179890 0.714062031 0.995435113 0.641264494 -0.379331641 -0.399882713 -0.683301648 -1.725596749 0.775223066 0.263587504 -0.950254918 0.201587290 -0.062490936 0.081757015 0.068686792 -0.061078287 0.692560292
-5.487852040 -16.706538541 31.787476332 0.330499073 0.229735248 -0.241806138 0.882905357 -0.711042290 -0.686021776 -1.354359697 1.264591310 1.301209969 -1.239665570 -2.535938094 0.977702311 -0.189608249 -0.512723333 -0.186027826 -1.649724706 1.340563202 -0.656887255 1.029625142 -0.446263094 -1.220907757 0.175093222 -1.436399092 0.465898183
-7.007799390 -19.644183759 17.125292180 0.981282609 0.110304139 0.150532516 -0.047512097 0.754677014 0.684511625 -0.480631612 -1.064590040 -0.554922821 -0.864913213 0.076592456 0.144323129 -0.583416362 -0.457480174 0.431738856 -0.133130566 -2.142246576 -0.070733585 0.625563663 0.411283833 0.332650770 0.476700460 0.960380597 0.468678473
-2.601142741 -16.161095124 22.730602409 0.680481934 0.708323798 -0.015142788 0.187062638 -0.215369477 -0.571617478 0.626998632 -1.348236811 2.439736405 -2.045468447 1.924375780 -0.414033622 -0.186087255 -0.066623447 -1.321892679 -0.405700448 -0.442268180 0.872940769 -0.170624294 0.607625318 -0.116252285 -1.880211396 -1.398717386 0.277438464
-2.697548633 -22.515551224 23.414738400 0.306401825 -0.280407182 0.823356950 0.386746773 -0.027668958 0.753227723 0.440361282 -0.825239789 -0.606663663 1.046958305 -0.603850675 0.432944718 0.923840839 0.830466038 -0.715683119 0.758743637 0.211380972 -0.962594735 -1.220976698 0.998463818 0.709871311 0.869703713 -1.279099022 0.450176479
-13.645943201 -16.726154787 28.919719774 -0.032800883 -0.965422545 0.129859513 -0.223651332 0.391606177 -0.806075876 2.010153414 -0.641088419 -1.470943291 1.110511684 -0.154925358 0.184152844 -0.959462419 -1.093519547 -1.331871770 -0.742730897 0.050637846 0.126221493 -0.317188717 0.144898427 -0.076803662 0.993552954 0.181880656 -0.167590641
-11.118735722 -27.709199947 31.908016112 0.604407751 -0.452240433 -0.323860289 -0.570337071 0.019830962 0.414326358 -1.662808457 0.361091110 0.666440135 1.613539517 -0.316929426 0.187352822 -0.219984444 0.435744228 -0.301853615 -0.508013739 -0.507099108 -0.870964477 -0.201501837 0.160599062 1.109191882 0.397553238 -0.756778505 -0.898358607
-14.827448711 -21.738032927 21.069728021 -0.062967595 -0.251115642 -0.899825209 0.351127625 -0.138855692 -0.410045979 -0.592052834 0.292398358 1.656242803 1.840820854 -0.357790014 0.608770916 0.551400862 0.018791952 0.099904580 0.159025054 -0.687320856 -0.374984404 -1.384736247 -0.614219199 1.268090329 0.367626867 0.384723737 0.269245254
-14.785464332 -26.300936705 23.491817716 -0.167890649 -0.597919057 -0.781597728 0.058399687 -1.401948627 -0.126265461 -0.394168667 0.426237968 -2.226734157 -2.039281490 0.299321630 -1.814442413 0.756637432 0.873279809 0.096052503 0.485415878 -0.955119572 -0.641226895 -0.656798640 -2.160401612 0.253484666 -0.596946284 0.041365386 -1.678758211
-13.182620885 -20.319773114 25.499384928 -0.550068227 0.817650615 -0.025140531 0.168048719 2.384832983 -0.231489179 -0.312328853 -0.476975266 -0.695727423 -0.667460867 0.856553353 0.177064366 1.335354682 0.076628696 -1.229127967 1.765854426 0.204741939 0.625015511 0.086049049 -0.669506287 1.806775810 0.449654620 -1.007529142 0.853976365
-7.645721186 -25.538376454 16.450983239 0.935822593 0.078682724 0.044265306 0.340713496 -0.973694159 -1.469926043 0.184431140 -0.097388096 -0.466206037 -0.493830374 -1.035368541 -0.685441322 -0.219506295 1.108853469 -1.531632471 0.014199821 0.882377936 0.316913578 0.137588353 1.068288934 -0.841322590 0.134087796 -1.223078016 1.344851530
-5.492664980 -15.111378678 25.433276144 -0.899198730 -0.285862843 -0.255958109 0.210260614 -1.492031675 -1.553461310 -0.136712115 0.435462596 0.683835059 -0.972301033 0.002066187 0.788366808 0.827149165 0.349732903 0.984976264 -0.060820298 0.205778274 0.961596337 -0.904196819 -1.858167516 0.452657062 -0.139108164 -0.627834500 0.819602949
-12.420519679 -22.902020891 28.946604575 -0.853107811 -0.058221329 -0.467773816 0.223617971 -0.164351989 -0.827260554 -0.799960992 -1.114684532 -0.135424352 -0.382262998 0.140590096 -0.967395803 -0.080905363 -0.030089946 0.238176635 0.956678598 1.610871453 0.346283710 0.232830729 0.731175252 0.257346669 0.071798338 -0.677064733 -0.975876900
-6.641610328 -28.793584374 28.445865477 0.669666293 0.268062405 -0.528723420 0.447371375 -0.394669982 1.538436626 -0.723266188 1.379196824 -2.380919192 0.038843774 0.993277882 -0.165406334 1.004830891 -0.917137143 1.237944721 0.623983757 -1.595489101 0.048542297 -1.108120207 0.582177656 -0.643043527 -0.499196360 -0.745208895 -0.086341345
-13.594452765 -15.148092698 32.136141138 -0.296461608 0.643573334 0.449808084 -0.543687932 -0.945181704 0.077552627 0.054662126 -0.650384866 0.407802759 -0.203461611 1.482418280 -1.803564501 0.130258510 0.226465393 0.500255868 -1.358039466 -0.565279894 -0.634762211 1.215320626 -0.218015970 0.299583051 0.644141184 1.346577201 -1.158442012
-6.697367159 -22.926033154 16.251130779 -0.210476734 0.257756144 -0.746849798 0.575740127 0.793647685 1.135678951 -1.575944928 -0.296321759 0.234013056 -0.859948825 -0.398691471 0.800377464 1.828670613 -1.009868831 -0.248273097 0.703459566 0.276164819 0.888432488 -0.950258761 -0.446179748 0.488475242 -1.045393787 0.377932071 -0.722234352
-5.686055165 -28.381495468 21.735833843 0.761693362 -0.091498740 -0.504266577 -0.396442205 -1.615425533 1.806362911 -1.632493177 -0.742589923 1.994019401 0.751686886 0.371917689 0.448145068 -0.002525321 -1.193152083 -1.007528850 -1.656841765 0.522491271 -0.825829674 1.960145708 0.532729344 -0.041780974 -0.093672454 1.279709754 -0.030736265
-13.237066017 -21.468913691 26.891797525 -0.484182670 -0.126836200 -0.304340570 0.810466864 -0.109313056 0.314320935 0.889256543 0.086467557 -1.752329743 0.562873376 -1.097514705 0.228192374 0.827809716 -1.401874381 -0.552148920 -1.516962930 -0.715578089 0.257652215 -0.226953810 0.385372695 0.736060900 0.700403491 0.218881396 1.493826470
-17.573781156 -15.928027056 27.990344036 0.087984757 0.056859710 0.208642401 -0.972365160 0.557343945 0.258036124 1.066259679 -1.235427781 -0.825544827 -0.573336068 1.547985413 0.133910068 0.715159866 -1.430179035 0.207410100 1.687742241 0.980640107 0.834832978 1.075701892 -1.976660480 -0.898209629 -0.595761116 -1.082282919 1.024496108
-15.722565522 -23.796376358 22.162226515 -0.445109847 -0.391304481 -0.249117013 0.765962624 -1.406783641 1.327324176 -0.447921764 -1.338101452 -0.501256246 0.427984541 0.073409407 -0.364452591 -0.646325912 -1.770112900 -0.185155884 0.645091654 0.470638530 -0.767540479 -1.340598395 -2.078185364 0.698042496 -1.040827057 -0.519764765 -0.038310198
-12.029371877 -16.698021069 26.484029631 0.716580695 0.162079418 -0.276426243 -0.619540880 -0.106158394 0.040277544 0.011519791 1.789911201 0.847329163 -0.649475719 0.817349518 -1.054475484 0.765608328 0.094490865 -0.828424681 0.303095256 1.274562226 0.378219365 -1.285957888 0.282936983 0.912936138 0.143499811 0.763627610 -1.329909923
-6.796367231 -22.173067221 17.888085367 -0.519715376 0.836798663 0.163595713 -0.053855057 0.066128876 1.591944216 1.074816906 -0.005052026 -0.543331181 0.784097184 1.800503026 1.256820630 -0.053816467 0.600636085 1.315779912 -1.868723465 -0.233849554 -1.399704682 -0.980905830 0.069131150 -0.747231952 0.468288475 0.106126569 -0.255155275
-12.547121772 -15.933226092 29.082582145 0.693470207 0.311279169 0.419885151 -0.495883868 -1.145222447 0.343321580 -0.372216336 -0.823527324 -0.903130648 -1.679971943 -1.579510534 0.809400268 -1.091715990 0.560973986 -0.024366679 1.356783976 0.605218888 0.692576201 -1.090463580 0.319040737 1.483291096 0.017460860 -0.733749757 -0.696994245
-12.663686637 -27.488241771 29.992637687 -0.433130426 -0.425561719 -0.792677454 -0.054384842 0.498639109 1.614999899 -0.241011277 -0.497015055 -0.942417179 0.995889812 -0.667348309 1.645848877 0.010141974 0.950834442 -0.999132959 -1.027875075 -0.027182565 0.890834563 -0.412386812 0.630791005 -0.415685454 -0.152928793 -0.363998856 0.151235723
-17.180194892 -19.199553149 18.551497748 0.440950899 0.491381890 -0.351190637 0.663906077 -2.765068552 -0.749481708 1.354125832 -0.149452481 -0.406365010 -0.034565898 1.344887698 -0.484340168 0.365808962 -0.474026059 -0.751924469 0.112289975 0.191272598 -1.466838511 -0.431918595 0.323238687 1.486424584 -1.643819949 2.016698327 0.584664221
-10.087860913 -21.046462981 30.087614856 0.541644377 -0.337710679 -0.055463412 0.767786869 0.400851699 -0.314823571 1.753439211 0.119445622 0.157114293 -1.091560478 0.396845151 0.267673149 -0.025127214 0.173062207 0.763042182 -0.343274824 0.408766800 0.379619462 0.018416299 -1.185730072 0.370268797 -0.462653958 -2.226160808 0.457027657
-4.282996460 -20.406583224 25.563514799 0.394022989 -0.347756448 -0.833886181 -0.168656972 -0.372355310 0.685970026 -0.462342507 0.757845053 1.564781791 -1.096890465 1.010584956 -0.356309818 -0.398962829 1.329584368 0.523665410 -3.101969515 -1.398386506 0.655112343 0.322160204 0.137421491 -0.194400664 -1.287966687 1.737131838 2.144843284
-6.138734041 -23.839447279 25.111560752 0.198138767 -0.585823367 0.781673655 0.080859808 0.723729144 1.426840853 2.145429148 -0.534741990 -0.370057979 0.776164902 -0.890009349 0.442112728 -0.147966049 1.037527933 0.354816931 0.436791552 0.016127659 0.502823549 0.099097810 0.645904919 -0.324757336 -0.520750324 -0.553227374 -1.060251534
-10.410070703 -24.996700807 31.548645399 0.030232946 -0.216098978 0.760918697 -0.611056411 -0.749072394 -2.590989768 -0.091599196 -1.022625639 0.318588801 1.508514873 0.550669454 -0.382251268 0.039259970 0.023169571 0.644399027 -0.447889296 -1.560929756 -1.038711662 -0.150252617 -0.303437410 -0.225626690 -0.940026819 -0.059145628 0.929249826
-12.024464548 -29.117603870 26.768605127 -0.191813302 0.398929955 0.564378377 -0.696806714 -1.441512439 0.739261632 -1.188896926 1.068945684 -0.154978642 -2.376491946 -0.013613957 -2.376815214 -2.048873435 -1.612294420 0.187191576 -0.742319509 -0.330390615 0.162224868 -0.775128755 -0.813000368 -1.423291483 -0.109316567 0.705565847 -0.312101915
-9.141986218 -26.561376002 21.658167771 0.035302142 -0.990012688 0.089952700 -0.102650608 -1.698644791 -0.926550691 1.909992410 1.267973699 0.506590461 1.413073584 -0.300013509 0.216908290 1.157694341 0.739242832 -0.046556266 0.824442377 0.217228973 0.821783285 -0.435879692 1.539670589 0.928508372 0.989984227 -0.634047762 0.157396037
-1.859178110 -19.439750822 24.491993080 0.190888650 0.235552941 0.274229260 -0.912619662 -0.297030044 -0.841231574 1.091998530 1.193671517 0.542164842 0.331108403 -1.640606573 -0.085471723 1.278931322 -0.677839808 -0.256202203 -0.846507618 -0.439142086 1.589557428 1.415991421 -0.204235221 0.002390788 -0.465051020 0.794558768 -0.188140048
-12.442118222 -22.020427977 16.847183442 0.638887492 -0.592520108 0.004768896 -0.490632196 0.161460549 -1.119847616 0.359824445 -1.987901095 -1.363968147 -1.476040606 1.368058507 0.288363836 0.095538831 0.679863328 -0.909363152 -0.859259875 -1.063276171 0.045766462 -0.826612519 -0.689503744 2.014363185 -2.085563353 0.343641459 -1.100902130
-18.922371889 -22.510545301 27.271171449 -0.395850764 -0.087124740 0.335402584 0.850421401 1.454108572 0.639653877 1.006127412 -0.661134212 0.563318358 -0.320212876 -0.496387912 1.238934488 0.102807338 0.256696417 -1.571840304 0.509729952 -0.774086442 0.102855405 0.638129775 0.616835269 -1.916305165 -0.472365735 0.223555941 -0.100579870
-11.039260753 -19.253054947 19.793312718 0.140046918 -0.417285373 0.446204341 0.779205662 -0.210505893 -0.940736614 -0.207718553 -0.441814840 1.928943530 -0.311855128 -0.395784721 0.907200514 0.770730144 1.004973850 -0.859395643 0.597561903 -0.044145455 1.644995812 0.600280227 -0.362941431 -0.305560172 -0.600302636 1.493473535 -1.232362367
-8.543113735 -24.149492719 31.583468913 -0.030764876 0.681326939 -0.498420179 -0.535186369 -1.732331741 0.657267967 -0.334654556 0.384914446 0.051659239 -0.617972092 0.241390740 2.345842280 -0.492450091 0.487322942 2.546392393 -0.694641413 -3.113793279 -1.301276708 -0.777829732 1.484884063 -1.071330908 -0.424228816 1.139765772 -1.279594641
-9.194521090 -17.237623758 24.712858883 -0.630342831 0.675654634 0.381867203 0.018334966 0.147694667 -0.247606720 -0.500083073 -1.038793664 -0.778721185 -1.338368697 0.108104756 1.244439672 -1.612853008 0.456961341 1.646953220 -0.796690291 -0.376937596 0.351949365 0.444593696 -1.895836104 1.523320825 0.574138462 0.341108361 -0.628690638
-2.146174545 -20.351006247 25.398613439 -0.027762338 0.125663931 -0.345163933 -0.929677196 0.088482229 2.414136903 0.854195573 0.846281599 0.184027712 1.673522795 1.136842267 -1.211829883 1.781441918 -0.493024617 -1.795809660 0.838145158 -0.619717194 0.410570838 -0.534251500 -2.341994806 1.079434611 0.028071489 -0.563076086 -1.560796224
-7.770970195 -24.008028793 28.379615722 0.393099535 -0.509913571 -0.083678246 -0.760564827 -0.675125214 -0.270139891 -0.267621605 -0.625831249 0.184833965 -0.735174951 -0.194322319 -0.361561325 0.405661125 -0.545055187 0.460113827 0.422284602 -0.391477007 -0.198679349 -1.393229875 0.788508748 -0.213241289 0.366762974 -0.092202296 -0.509731339
-12.346714772 -20.814255075 24.858066710 0.416426382 -0.547617899 0.542928923 0.481593074 0.652911949 1.038491497 -0.477575936 -0.416874282 -1.284185776 -0.333021308 -0.721314730 0.731722292 -0.644658446 -0.289372966 1.038466939 -1.322642426 -0.552745269 -0.078478262 -1.318848838 -0.676958360 -0.457948367 0.310837025 0.597279916 1.036850644
-3.403945919 -23.710097889 26.550782508 -0.718417218 0.364650834 0.590217122 0.050499684 -1.923873156 -1.391923912 0.325494827 0.058712085 -1.780196110 -0.368215438 -0.606190782 0.601204456 -0.123774526 0.194416250 0.353357832 0.386682002 -0.101150509 2.103263438 -1.230320189 -0.389050256 -1.179707431 -0.654541609 0.796524980 0.615626012
-1.709230884 -20.160214964 25.633079699 -0.430666541 -0.590935851 0.645429675 0.220775190 0.113041785 1.114955389 0.203104742 0.953563825 -0.847362738 1.212396712 0.140081567 0.126188927 -0.373733035 -0.039356059 0.955441563 0.694148335 -0.180856172 0.435498082 -0.495145820 0.046239157 -1.030114519 -0.164883626 0.288772175 0.682777024
-14.154432565 -18.823031772 29.455445093 -0.434087220 -0.017218663 0.607340960 -0.665138152 0.503689783 1.208205804 -0.297849031 0.354823224 0.507251059 -1.282195639 -0.582684795 -1.925147157 0.480732189 -0.132930126 -0.188026974 -0.420400691 -1.636284894 -0.087497741 -0.376461423 -1.919258237 1.563572462 1.874620939 1.328636612 -1.065225956
-14.972172845 -28.536478165 24.388836902 -0.207163865 -0.672776612 -0.399562352 0.587200725 1.485437431 0.896631850 0.113322141 -1.130220010 -1.507770225 -0.491812764 -0.997056656 -0.321672136 -1.082476479 -1.425387256 0.512087524 1.115387774 -0.034199763 -0.824152407 -0.924227533 -0.232904928 0.727627460 0.032005869 -0.620569791 -0.741204168
-14.113646657 -29.156175340 28.862833461 0.405157021 0.150087706 -0.901033661 -0.038207479 1.095901689 -0.753003889 -1.442164867 0.981522787 -0.253604601 1.083184246 -1.075739393 1.245925374 1.038626357 -2.557439594 -0.036494311 0.272994761 0.046303558 -0.972951290 0.512975055 0.473444641 0.544619101 0.057704757 -0.234253094 0.129252092
-7.563620254 -24.609683015 28.195430109 -0.268052829 0.190837476 0.922202843 0.203151804 -0.263970113 -2.090745713 0.530156143 0.653405379 0.068894948 -0.911560873 0.197459981 -0.763371026 1.551024642 1.025948717 -1.941607702 -0.478492441 -0.359889643 0.263976597 -0.612960882 0.585124548 0.859387659 -1.676957705 1.082456196 -0.325416442
-15.013313738 -25.582708334 28.038148016 -0.851450354 -0.065003042 -0.035571740 -0.519173911 -0.311218169 1.310018625 -0.732199365 0.337211371 -0.243610068 -0.066222531 1.206091733 -0.116707246 -0.759529532 1.492264064 -0.077711079 1.061465747 0.609125305 -0.906411018 0.105390807 -1.154004732 0.972450760 0.612221262 0.522497527 -0.367863546
-14.199937399 -26.222544640 21.087938258 -0.634384405 0.466191317 -0.335676490 -0.517245954 0.580259464 -0.438971746 2.386823856 -0.764196675 1.711570606 0.405986607 1.038627725 2.457188815 0.115941207 -0.631838738 -1.050705362 1.422455790 0.454805065 -0.710855957 0.611723877 0.050028642 -1.526672881 0.407421097 -0.689724034 -1.130159142
-16.460792036 -20.482243828 29.109001130 0.042088033 0.203034289 0.480270506 0.852259301 -0.446738213 0.121735890 0.260282333 0.425150955 -0.730807921 -1.513806821 -0.849144998 0.911869847 0.111523504 0.720803231 0.518144754 -0.113227902 0.973786402 0.757580440 -1.046112356 0.250256195 0.837153701 -0.631333785 0.706745307 0.097351682
-8.861119861 -19.690440333 24.402164186 0.981119173 -0.096207447 0.130664852 0.105242541 -2.712966418 1.697911126 -0.534224452 -2.024549054 -0.610963475 -0.620841709 0.866238946 1.676964548 -0.866068046 1.335385966 1.029468138 -1.225249212 1.173564267 -1.463554100 0.194990337 0.087238197 1.337590708 0.675910559 0.625245905 -0.264673467
-6.899624643 -24.385919442 24.268216498 -0.692708219 -0.452054160 -0.531782463 0.181685914 0.199409246 -2.043851509 0.630567209 -1.715196264 0.706387762 -1.662737300 1.320677286 -0.466676943 -0.424692946 -0.886895917 0.015709203 0.501587593 -0.059323687 -1.228660573 -1.235043971 0.250502284 1.726265995 0.494477882 -2.338717581 -1.016346656
-8.765913880 -17.785364262 23.848313618 0.672022139 -0.263036135 0.688580123 -0.071103095 0.678013885 -1.222515596 -1.022377431 0.325269430 -0.573520467 0.950301034 -0.345097953 -0.175769284 -0.655845892 0.615758770 0.627134042 -1.262872556 -0.939346260 -1.696565497 3.601446733 0.110584774 -0.343128469 -1.822368927 -0.927829737 -2.088115018
-15.341775909 -23.839829668 30.198681865 0.201324720 0.920569062 -0.256141508 0.215435575 -0.791577668 1.170280695 1.330285340 -0.020286799 -0.520387859 -0.228387343 -0.220904328 -0.293628800 -1.374097401 -0.796487917 1.842304305 0.680955256 -1.205479309 -0.839614960 -1.381137626 -1.084892953 1.040103416 0.889208804 0.610307143 2.258835945
-10.556572706 -18.765282985 24.125615049 -0.318989924 0.593370583 -0.725333346 -0.141592080 -0.068242620 0.113516902 -0.411996885 1.098904118 -0.451976243 1.689044362 0.633317285 -0.317190960 0.157665489 0.097907706 -0.844587188 0.980485561 0.427537017 1.141420764 0.998405592 -2.016241347 -0.031039452 0.735281671 -2.223797412 -1.314991746
-5.054960080 -25.123767076 31.009806604 -0.739333529 0.608798741 0.179408473 -0.224861347 -1.092401651 0.338761338 -0.122598227 1.542569311 0.614691602 0.118479468 0.568331689 0.607035706 -2.692303624 -0.285775792 1.005046867 1.096464773 -1.200304340 1.860909217 0.410138480 1.775690012 0.235976321 0.169136766 -1.559019138 -0.044659716
-8.578305874 -12.443450304 26.238418080 0.518442040 0.284794581 -0.218149812 0.776221977 -0.285166944 -0.994960541 -2.098100810 0.002078954 -0.741949480 0.251831539 -0.066947541 -0.368187193 -1.079528497 1.207260879 0.124605745 -0.734829368 -1.175226383 0.170672328 -1.244426190 -1.009533959 0.526526278 0.672961184 -0.735973541 0.025291576
-7.792565996 -15.505430087 19.448808192 -0.191587887 -0.737388323 0.551122511 0.340318264 1.222789057 -2.133909092 0.008501005 -1.016585522 -0.288869005 -0.465368316 -0.456050334 -0.262388500 0.377809996 0.478102978 -0.660549784 -0.458302551 -0.110958712 0.503673685 0.103409772 -0.453204264 1.101995902 0.221183480 -1.143491804 -0.412285468
-13.127422638 -21.590371506 15.918404953 0.193996238 -0.698417415 0.248480061 -0.642523333 1.464605209 -1.343269246 -0.297015687 -0.863057337 1.700087984 0.929527372 0.142715972 0.629305710 -1.324786439 0.971811937 -1.939822840 -1.344900932 -0.835086946 0.055164749 0.255671776 -3.918032817 0.913079182 -0.118305358 0.135587216 -1.233982062
-13.314416064 -23.490385764 32.472029797 -0.701683036 0.364133232 -0.489501879 0.368016056 1.548741638 0.564180849 1.350308876 0.128071572 0.838457234 -0.681140309 -1.202885301 1.527179102 -0.300577952 1.861168859 -0.310227677 -0.879376375 -0.017989999 0.786005456 0.302341912 2.366284585 -1.234481088 -0.172814494 -0.538190074 -0.186750610
-9.801155338 -16.525801842 22.156348800 -0.168870647 -0.094027311 -0.635224203 0.747751149 0.841861167 -0.576879773 0.434440687 -1.433628420 -0.105774006 -0.515891008 -0.319281934 0.195311769 0.651034007 0.602789093 -0.308503744 0.183830874 -0.559922174 -1.178421785 -0.743298181 -0.911525516 -0.040223821 -2.044557626 0.035202994 0.456762664
-11.096227608 -18.236554542 24.622377604 0.835947734 -0.249285697 0.484586670 0.064990666 1.265878677 0.394272662 -0.935583658 1.017734346 2.001244930 -0.407441177 -1.288630125 1.137696412 -0.702684052 -0.493965956 0.436738648 0.354021785 0.047887713 -0.561901280 -0.346966776 0.282136526 -0.615865013 1.625942219 -0.992675193 1.399027277
-14.983337228 -25.945990279 25.020501060 0.013156022 0.670662989 0.303069211 -0.676895212 1.313094467 -1.029703661 -1.021079968 1.109390859 -0.687849000 0.275581702 -0.289608500 -0.638175926 0.049724468 0.149393937 0.173961965 -1.791900942 -0.164094771 0.803585448 -1.461816666 -0.566519069 0.012355543 0.733990210 -0.612376443 1.190716025
-6.504151463 -13.417086990 23.984596020 -0.620342253 -0.065423068 -0.492830033 -0.606641467 1.153620406 0.644959192 0.320642483 -1.646590828 0.797546835 -0.782792431 0.654203506 -0.939768857 -0.499827882 0.209254135 0.916990559 1.583264219 0.904825638 -1.097877253 0.850799307 -2.946070785 -0.273556291 0.984117725 0.038489750 -1.082872832
-7.514746283 -24.798599480 24.701939357 -0.027166225 -0.580008045 -0.811570344 0.064855539 -1.639189773 -0.648273950 -0.122593641 0.819953133 0.252889306 -1.221321292 -1.866899923 -0.683783064 0.150347740 0.422888642 -0.255182594 1.539619354 -0.477779546 0.771830714 -0.955536156 0.488692350 0.135785780 0.187824650 0.293961834 -0.106130741
-15.783961197 -25.355202967 18.345876181 0.351804335 -0.416449049 0.460449569 0.700564125 -2.969578840 0.056622244 -0.995780623 -1.029994768 1.692633645 -0.697471053 1.266848289 -1.044619291 1.447239659 0.816034980 0.053943466 1.289667271 0.946020232 -1.203428324 0.529240393 -0.146959436 0.828056772 -1.232479999 -0.899210645 -0.051735305
-4.565146572 -21.863185880 21.166581939 -0.377535730 0.181441522 0.549633311 -0.722806316 -1.138934042 -1.392592665 1.518580460 2.078039997 -0.441549877 -0.991286785 -1.591234824 0.311782353 1.880383683 0.114925932 -1.165328054 0.343053684 0.246097155 -1.672136064 -0.829515907 0.802412710 -1.172813355 -0.907798507 -0.659265785 -1.897681938
-19.126154264 -20.522090636 28.535006985 -0.175179267 -0.504733999 0.110761608 0.838026062 0.395682296 -1.584038043 0.537457957 -0.434054573 -0.019385457 -0.792743498 -0.342206882 1.349339101 0.039617043 0.989490196 0.039581353 1.238325578 0.416120298 0.019434544 1.173531908 -1.941429655 -0.648968393 0.570214032 0.424473475 0.846173425
-10.034284539 -20.008516613 30.756231748 0.668504490 -0.427052112 -0.279257900 0.541057544 1.745181857 2.056646283 0.637707494 0.757531093 -0.030627861 -0.166145067 -0.423326025 0.266339237 1.516091405 1.883415946 0.243492245 0.765749167 -1.198655383 -1.531128208 -0.815108762 0.240325358 1.696690062 -0.052737051 -0.592928792 -1.361935951
-13.928898680 -14.139934457 23.536257180 -0.826827819 0.213398042 -0.023513329 0.519869366 -2.735221366 2.127518756 0.559946026 -0.901925289 0.849990438 0.375541702 -0.453459323 0.591065287 0.245609492 0.508853651 -0.967000538 2.754101738 1.354226318 -0.909901784 0.631227704 0.415873162 0.500758106 -0.401973578 -2.152569302 0.277067830
-1.723692941 -22.401048068 22.294460505 -0.380729967 -0.329067787 -0.784314916 0.362779819 -1.091701480 0.307221854 -0.081201861 0.473340440 -0.123737094 1.057057549 -0.423867838 0.801104821 -0.458171603 -1.439517975 0.024703448 0.274348880 1.902961475 1.011032281 -0.081262228 -0.836155342 0.545096105 -0.594334920 1.102899393 -0.747687218
-2.899496695 -21.526166897 28.463856072 -0.594721691 0.126679149 -0.603755098 0.515498094 1.702385703 -1.422315890 -0.579461289 1.375854627 -1.146107661 0.204307371 1.531352440 1.718950374 -0.082028508 -0.116010517 1.115430137 1.835083567 -1.749164775 -0.145910839 -0.927944893 0.579492053 0.830925214 1.335252058 0.047611120 -0.320954786
-19.695930863 -21.659801724 22.340415429 0.528657691 0.484785289 -0.125298882 -0.685422833 1.177020632 1.091029631 1.032339889 -2.714793732 -0.376981849 -0.859931683 -0.740906901 0.738498509 -1.903415758 0.419168890 0.439678903 -0.038484578 0.961348484 -1.297615616 0.520004595 1.655423529 0.053168109 -0.535736527 0.499572036 0.197564002
-11.847169103 -29.728235404 29.599862954 -0.790262668 0.450277099 0.011980115 -0.415441845 0.534974873 0.607504590 1.009205780 0.653456938 0.222332706 0.448977193 -1.307083302 -0.142156197 -1.574562769 -0.944461553 -0.452633304 -0.415046823 0.452757230 -0.784764782 -0.441284808 -1.452603994 0.467966907 -0.613985190 0.183448286 0.802971238
-13.983509425 -20.818010108 16.129957877 -0.183471264 -0.735694198 -0.282170616 0.587768735 2.586252114 -1.453980233 0.739365678 -1.173311343 0.969884183 -0.998745275 0.145472391 -0.218776575 1.299281983 -0.291265465 0.553659320 1.932748263 -1.388521592 -2.345994032 0.869114016 -0.351313975 -0.314061881 -0.959336139 0.272499819 -1.039705622
-10.307100990 -24.089171168 33.688619793 -0.106492569 -0.039509069 -0.924692502 0.363376034 -0.709833765 -0.917363585 0.481249167 -0.572814827 0.458003365 -0.622332315 -0.015796926 -0.117413677 0.727915069 2.781408883 -1.527548290 0.659156345 -1.687898803 0.741603757 1.012673092 -0.340188658 -1.160567684 1.087764686 0.144766497 0.570748037
-4.501655724 -18.336189145 20.426228582 -0.571773596 0.427059263 -0.015828416 -0.700317643 0.520465080 -0.767828178 0.699730173 0.441422348 -0.276169336 -1.581654420 -1.201868859 1.055424450 1.021682996 0.362928756 -0.060802682 -0.405753367 1.793525348 -0.442010248 -0.975280286 0.315731092 1.866115435 0.753202056 0.887064453 -0.598479358
-10.449014239 -14.707568254 25.872304365 -0.391644774 0.250083318 0.835291708 -0.293871513 -1.918457183 -1.350056959 0.905925087 -0.908940132 1.291195987 -0.845631213 1.656131345 0.302145361 1.737830889 0.749283992 0.404330395 0.529527527 -1.201531670 -0.999467328 0.641394607 0.466565622 -1.161400502 -0.908159605 0.445423809 -1.460102291
-12.525829579 -21.249988568 17.814318637 -0.220793754 0.193276100 -0.030200910 0.955501111 -0.908033825 -1.810215216 0.945417707 0.267725518 -0.576841015 0.165272801 0.370727752 -0.653169022 -0.372693854 2.148014887 0.938275627 0.448848352 0.539975629 -0.591024159 0.666921694 -1.915037757 0.535542976 -0.781397405 -0.200354237 0.380243676
-18.991374107 -22.620736767 24.061638212 -0.812998842 -0.423188857 0.132456842 0.377358263 0.932699088 -1.170702810 0.065541754 -0.628140289 1.731490920 -0.671451195 1.631381160 1.052600116 0.149867616 -1.152114179 1.055010257 1.182271645 1.453199760 -0.481969109 0.977306746 -0.314158270 -2.095428962 0.311489122 -0.920494650 -1.088435440
-18.397114532 -17.397404657 20.483818238 0.040730241 0.703821861 0.694324091 -0.144533362 -0.539117676 -2.042717913 -1.740815043 -0.920941107 0.910118351 0.922175319 -0.886352293 0.088221928 -0.767715158 -1.554234927 0.794070965 0.252078305 0.746801797 1.759215144 1.751811351 1.411676953 0.051988953 0.076230198 -0.239008379 0.006775095
-3.788820853 -23.229982376 22.769112139 0.321540784 0.505237780 0.557484389 -0.574941271 0.497565651 0.485992200 2.426775835 0.586552895 0.756819535 0.995704223 0.132863011 1.750340413 -0.203604519 0.086566145 1.093419144 -1.043362683 1.128612567 -1.226787128 0.937347907 0.355889358 1.675216205 0.058896079 3.106814561 -0.668935246
-12.298946650 -27.962213402 27.121609821 -0.492525635 -0.313102622 0.305752089 0.752263855 0.673811801 0.367337954 -0.052572903 -0.796574701 0.169851378 1.565118993 -0.996636999 0.658739073 0.363306298 1.080205670 2.008907840 0.411504256 0.846235239 -0.111859863 -0.337635529 0.333915948 -0.692314272 0.479290682 -0.128453748 -0.192434937
-10.028789671 -17.809545420 30.036029630 -0.035240226 0.646224604 -0.229808120 -0.726870082 -0.037698351 0.691400609 -1.143737262 -0.268205513 -0.234157392 -0.439075972 0.486007396 0.212974087 0.463319327 0.472334525 0.142474644 0.311218219 -0.456536024 -0.838962448 1.447527444 1.100962498 -0.453169141 0.647147560 -1.117096265 0.698463505
-16.686147178 -14.634401818 27.219849213 -0.435399727 -0.803714400 -0.394225770 -0.095164501 -0.936083335 0.449350122 -0.123987256 0.290721964 0.688552759 -0.981034428 -0.135122352 -0.542320672 0.877202156 1.227843445 0.347659732 -1.522025858 2.036755355 -0.875817886 1.451920048 -0.760751642 -0.010761435 -0.084175803 -0.031457784 -0.630126211
-9.452096868 -13.856185909 23.960872968 -0.107724189 -0.775546592 -0.591570654 0.192268416 0.924081045 0.515618605 -0.840579415 -0.171622136 -0.470424722 -0.442618882 0.477829757 1.765095673 0.655463604 -1.603967116 0.665728630 -0.982318476 0.126559238 0.003020437 0.205603176 -0.927751420 0.192631326 1.006788194 0.367370922 0.383154162
-15.584855206 -25.450909003 24.369954741 0.144564547 -0.182794529 -0.243316813 0.941532889 -0.941945956 -0.434997609 -0.695901136 1.845554961 0.549813239 1.593888478 -0.418189347 0.383537628 -0.543439322 -0.660220295 0.060948748 -0.859442086 -1.235916193 -0.016142399 -0.869595963 0.936104000 2.442414229 0.340190931 1.649055460 0.055071494
-15.288285809 -27.312691454 30.990230437 -0.326530515 -0.350016211 -0.602604189 0.638541045 0.353428099 -0.412106117 -0.738298232 -0.529910494 -0.510202331 -1.135493402 0.317914432 0.264084500 0.936893740 1.324875808 0.215333525 0.410483459 -1.657610568 0.099171181 -0.221519665 -0.667303974 -0.869080191 1.960198016 0.588761918 -0.776808997
-15.209594996 -27.386045012 23.945238407 0.483688026 0.407040917 0.187574005 0.751784263 -0.718549403 -0.070717058 0.151579730 -1.492608884 -0.757433537 0.434452013 1.646436153 -0.858547918 -0.488994145 0.649885872 0.371107948 -0.748237261 1.280967663 1.913464245 0.933276423 -0.345294654 -2.166962056 -0.425579345 -0.899005872 0.090888196
-13.096950137 -20.763227844 20.547268774 0.122201123 0.263930674 -0.321801282 0.901027979 -0.107916241 1.299110614 -0.780085411 0.075057113 -2.257063549 -0.204483267 -0.322004853 0.132560867 -0.858998978 -0.324827291 -1.039355647 0.091532304 -1.408958184 0.675197736 0.106168990 -0.286417852 -0.889530090 0.085768658 0.039963042 0.831646246
-7.534459164 -29.073453891 26.524403857 -0.465545125 -0.810686560 -0.292348523 0.201463096 2.279413139 -0.404399011 -0.084793971 1.888390779 -0.312389031 -0.304699087 -1.850951476 0.703887579 0.187004799 -0.730390940 0.534204722 0.418376813 1.109543959 0.740999047 -0.445229863 -0.522395405 0.299091387 -0.096188847 1.151962560 -0.511121569
-7.941982589 -27.727400452 22.442071286 0.320511778 -0.251462719 0.146235940 0.901473101 -1.660813812 -1.975953768 -0.360269968 0.780049841 -0.111522290 0.774799027 -1.258276695 0.281553633 0.510178020 0.008662208 -0.887182366 0.676411488 1.444854693 -0.084195610 -0.628527595 -1.263783100 -0.184068699 0.698457566 1.351509325 -0.266991450
-14.507501187 -13.289599625 25.294805804 0.264803854 0.846379377 -0.461739677 -0.017814023 -1.143883185 0.632593003 1.275906498 -1.652850127 0.065334101 -0.609995435 -1.309500684 0.316234209 -1.596528661 0.938770100 -1.131615806 -0.189514056 -0.388236965 0.964388607 1.591445098 -0.186774340 1.129121465 -0.920479552 0.588291384 -1.235192168
-13.475509854 -14.129784845 30.024103589 0.587238220 -0.726005442 -0.100869527 0.343355079 1.555629125 0.812236805 -2.441800815 1.443424923 -0.351104696 0.513738482 -0.425244218 -2.158744167 -1.381572447 -0.875271286 -0.466115361 0.250922676 0.857148743 -0.806818979 -0.419636917 0.218641084 1.318544755 -0.610319280 2.512034051 0.724873040
-12.141747284 -17.601995376 30.422088340 -0.632749086 0.637310873 -0.079784158 -0.432548188 1.060526027 -0.214717425 1.194461787 -0.668484845 -1.300923643 0.049262520 1.223760039 -1.033661648 2.445334874 -1.167092643 -0.753169157 -0.204787888 -0.381222155 -0.818869342 0.084329686 0.940660932 -0.797104902 0.039919734 -0.592772481 1.092998282
-5.254967791 -24.955209277 29.082535287 0.015848754 0.598818059 -0.799446380 0.045290570 1.261162556 1.545448647 0.787723727 -0.177470017 -0.186541032 0.737483164 0.553723558 0.976407938 -0.761993420 0.101896821 1.580738841 0.809946355 -1.699664527 -1.034119365 2.348064158 0.103975275 -0.444877692 2.432538353 -0.269382071 0.972391010
-9.812015134 -13.409861892 30.017851340 0.330351434 0.920523048 0.208531865 0.004439527 0.206439227 0.551042322 -1.030119121 1.266271879 1.084998232 -1.042490497 -0.660991426 -1.455282603 0.062685644 0.242325426 -1.758299684 -1.594325225 0.833063780 -0.828230827 0.425451123 -0.827792418 0.371270209 -0.569295304 0.666738217 -0.837114985
-17.178741020 -28.208513273 23.174154894 0.281802541 0.820438035 0.020724444 -0.497030437 0.910210878 -0.503421284 2.834142156 -1.705586167 0.220938212 -1.323849473 0.307919175 -0.667837330 -0.281420043 -0.059716959 -2.118578994 -0.626816717 -1.651817155 -1.936771086 0.333216592 1.652967124 -0.484702605 -1.009652331 0.204729425 -1.874120442
-6.187794832 -21.791507134 29.798533021 0.109103897 0.889111648 0.436313250 -0.084897380 0.178640139 -0.249654807 0.038462663 -0.339661234 1.606009299 0.915601967 0.907798136 -0.368945047 1.090814166 0.898905052 -1.791537036 -1.040917715 0.003325334 0.612532383 -0.635817327 -2.231983066 0.803958221 -1.163525712 -0.037537431 -0.280199753
-9.806284904 -28.073395544 21.629040451 -0.955507388 0.250151890 0.152810681 -0.032841419 0.030363529 -0.459079302 -1.668579169 -1.291176236 1.705022004 1.600030101 0.282191491 0.798569640 0.669899370 1.455977672 0.320066837 2.159577818 1.141502142 1.592180428 0.012700673 0.587164281 0.006725568 -1.947018779 -0.221599981 -0.433453808
-10.238685791 -17.675426160 28.952746263 -0.032112306 0.813770590 -0.350823169 0.462243799 0.895273518 -0.284341776 0.885982264 0.369628901 0.444283205 1.779273424 1.039351720 -0.037390281 -1.057518144 -0.176249869 0.094114059 -0.586520270 -0.885972734 -0.626327472 -1.411832105 -0.474739734 0.294358090 0.446450343 -0.036042814 1.362500652
-10.128948125 -17.595864378 19.425341833 0.791425112 -0.361913209 0.019950035 0.492206377 -0.765499572 -0.765211202 1.814529251 1.065671154 -0.257030070 -0.448360591 -0.672025197 -0.399677991 0.665628433 -0.798380924 1.173357973 0.272550399 -2.314579316 -0.730473677 1.204543583 1.283257825 -1.971934126 -0.325167270 -0.465978934 1.610722981
-13.919280299 -14.307047439 28.791974485 0.881224703 -0.402488030 0.043338519 -0.244065938 1.070974027 1.019600990 0.957286365 -0.795744508 -1.674117320 0.807970653 -0.201024950 0.141203522 0.604200217 -1.704179366 -0.220934760 0.039373284 -0.532373508 -1.477765359 -0.460814764 0.760964924 1.848106931 -1.293335642 -0.459679166 -1.130211900
-18.183459325 -26.202202375 25.349968419 0.017891532 -0.377200637 0.734900920 -0.563311824 0.117683002 1.864133581 1.375296160 0.284445780 -0.154426439 -1.122605187 0.522944201 0.014183115 0.815155669 -2.216136073 -0.597757142 0.844928155 -1.061098292 -0.808687146 0.119428726 -0.237635741 -1.205735360 -0.221674806 0.698547052 -0.564099291
-10.963302315 -26.204740155 27.378607593 0.326173568 -0.382260901 -0.703413743 0.502689282 -0.623234359 1.391135348 0.891777230 1.039090662 -0.256961097 -1.496699206 0.822120542 1.021537242 0.455073359 -0.556591251 1.801544769 -0.451312920 -0.445516263 -0.414281067 0.727564794 -0.207379715 0.175932408 -0.780313229 0.564939631 1.445030412
-7.951349954 -19.378949911 18.745481373 0.255830725 0.836036502 0.230603495 -0.427101434 -1.478471643 -0.455070122 0.271902407 -1.032521422 0.389994979 0.357784235 1.634698625 -0.919980077 1.213121575 0.132397308 -0.606387781 1.169396198 0.501199122 -0.695584930 0.065998750 1.357400771 -0.727475250 0.935119623 -0.876023700 -1.363913340
-3.607703937 -21.247158911 22.225319938 0.614506106 -0.289557034 0.235592391 -0.695007335 0.028260263 -1.345959108 0.828915841 -0.288347946 -0.121001548 -0.251712543 0.145364581 -0.212094976 -1.241601260 -0.744156429 -1.725781118 1.018254024 -2.098000183 1.593437927 1.213833809 1.047910474 -0.473661460 1.887845135 -1.148142017 -0.529791838
-9.288753785 -25.818379410 30.659026335 -0.625715356 0.774075982 0.089886944 -0.034741976 -0.181681167 -0.985112616 -0.593628390 -0.028914011 0.715938534 -1.556196887 0.075831091 -0.123881791 1.883964987 1.062873019 -0.597720344 -0.564755019 -0.402647706 0.572395204 -1.287709964 -1.141078794 0.450890786 -1.179247716 -0.285559017 0.635001382
-8.311570706 -20.101522940 19.174964607 0.200035493 -0.337837298 0.016614798 -0.919551907 -1.370423087 0.200102148 0.079367254 -1.616069039 1.834517889 -0.418832331 0.767074015 -0.800978200 0.948763214 0.451336582 -0.216059016 0.450602780 0.205306107 0.800912015 0.563321422 0.049115828 -0.359667824 0.835510117 -0.426549015 -2.346328239
-6.968774820 -26.098441526 30.478362031 -0.237117135 -0.609292932 -0.744838468 -0.133241298 -0.364146380 -0.455967318 -0.520485041 0.036677978 0.636661051 -0.715304043 -0.576361613 -0.090826500 -1.573553385 1.017757329 -0.507858207 0.257387358 0.288829296 0.143470647 1.226394804 -1.034229300 -0.443714806 0.031426254 0.485869629 1.899847914
-9.370511126 -23.806797924 26.714801339 -0.079795150 -0.974323219 -0.083274360 -0.193371093 -0.295714794 -1.333417559 0.913445868 -0.064836357 0.021832901 0.320645538 -1.601506085 0.916544128 0.422010699 1.655676379 0.068536375 -0.101887282 0.617756104 0.132284904 -0.979683645 0.274135846 0.281018032 0.017490692 -1.086303511 1.401882070
-8.252098040 -22.516885637 20.655373216 -0.170445784 -0.361424308 0.763899202 -0.506733375 -0.131024228 1.188283317 -0.092869648 0.069977965 1.558288011 -2.439174123 -0.112408838 1.146355374 -0.466250418 0.823767842 -0.234759388 -0.512556489 1.296006130 0.706968098 -0.144437339 0.228163715 -0.795007963 1.183721310 0.860737760 -0.454202875
-18.350842012 -27.414130135 26.556672436 0.001080737 0.475949077 0.859935281 -0.184343756 -0.639838344 -1.859460043 -0.364202104 -0.767605519 -0.949958984 -0.419505052 -0.969731345 0.858868860 0.538448624 0.331698008 -0.666869306 0.972345520 0.121625804 1.168547498 -0.246031187 0.685026126 0.758695783 0.642861516 -1.474350358 1.566745588
-14.598510796 -24.491761766 28.362235311 -0.233604608 -0.471529515 -0.583578374 -0.618486124 -0.984368168 -0.978213226 -1.596292120 0.400911077 1.414641152 -0.481327124 -1.336233222 1.608396370 0.918619298 1.248084750 0.263244329 -2.865391002 -2.195889877 1.272808636 -0.593157187 0.331722831 -0.370291275 -1.306535397 0.383821656 1.731236229
-15.507246249 -18.013802978 17.387598760 -0.752316002 0.121592104 0.342410130 0.549537348 -0.794145502 -0.324085990 0.006373279 -1.380063346 -0.366029387 2.623181488 -0.015180364 0.269824216 -0.941951602 -0.127997354 2.338901073 -0.973363663 0.621618409 -0.497495028 -1.232459632 0.179723574 2.258357465 0.698248761 1.355494414 -0.386237207
-17.118422132 -19.009818591 19.842595850 0.866526294 -0.124620667 0.264492639 0.404531229 0.920083565 0.022179168 -0.295822550 -0.336123142 -0.714863069 3.751673370 -0.616528201 0.142831513 0.383612296 0.544433490 -1.640482796 -1.764246632 -1.903572933 0.848055948 -0.326496092 -0.017956343 1.162427947 -0.511013618 -0.160015373 0.908062634
-14.534833495 -23.966453138 31.711485666 0.089715041 0.055548520 -0.842756953 0.527850634 -0.332719960 -0.324943590 1.354925330 0.170342919 -0.117406445 0.970771689 -0.585708571 -1.677388460 1.797857304 0.256811351 1.237751491 -0.562579504 -0.927218609 0.483687859 0.047379122 -0.618382218 1.161576622 -0.942375482 -0.282302546 0.497750711
-4.537076018 -14.071803337 26.448535573 -0.357890381 -0.472291831 0.456483118 0.663685215 -1.059740632 -1.822589041 -0.625661968 -1.127576410 1.804298714 -0.036631604 -0.109638141 0.712889351 0.314569593 -1.563601809 1.393883100 -1.320093960 -0.661160994 -0.319522961 -0.160015539 0.838435839 0.776808526 -0.067176360 -0.064937420 -0.907517405
-10.145775342 -19.647918137 19.451410852 0.678930703 0.671149316 -0.024173126 0.296694044 -0.434355687 -1.121236930 -0.189893530 1.126924455 0.990534233 0.597146343 -0.657502686 -2.189057274 1.761729914 -0.052373012 0.688445103 -1.745113597 -1.338578228 -0.347099284 0.144038590 0.114607954 -0.093489251 1.522444675 0.741695223 0.296785505
-7.240803209 -20.822693613 26.831595358 -0.846634956 0.531687436 -0.013060441 -0.018631872 -1.515458854 -0.161990665 0.146564517 1.374552563 -1.185094401 -0.205401290 1.033270741 -0.146584072 -0.772662565 0.325207584 -0.644836996 0.664003316 -0.834328979 -0.326776401 0.464353684 0.034549233 -0.110550783 0.230619838 -0.325729779 -0.988042069
-8.478148336 -23.131581322 18.663612761 -0.355275372 0.295579626 0.238482709 -0.854130021 1.918865983 0.337030151 -0.415258639 0.669075788 -1.338926261 0.002463479 -0.144128170 0.455734002 0.494687605 0.023070218 -1.230789451 -0.530460103 -0.816669144 0.658149584 0.712863417 1.782835970 0.157509271 0.247615104 0.538723457 -0.199782404
-9.659714876 -14.561955291 29.598231314 -0.589270310 0.226884738 0.288019684 -0.719950331 -1.697285730 -0.690270327 -0.316921906 0.018984584 0.337986611 0.253437650 0.513228602 -1.359559543 -0.950919077 0.045530850 0.122471101 0.411381813 -0.151632541 -0.283223827 -1.087871491 0.068239469 1.893107589 -1.536490881 0.551037432 0.542741696
-11.923136805 -21.190630137 29.239744390 0.519009593 0.752389570 0.405463020 -0.011777821 -0.102015847 0.379699290 -1.481013624 0.490597507 0.555681524 -0.532928328 0.861504198 1.018676972 0.135103991 1.098251192 3.027841664 0.510556440 -0.787389387 1.407877077 0.341652074 -0.333234114 1.150843952 0.444261271 1.632246933 -2.114006162
-15.502104230 -15.480895774 23.435293663 -0.624592326 -0.454946232 -0.500319038 0.390626691 0.109298084 -0.690735362 0.932019645 0.862104641 -0.577220259 0.543769212 -0.287323592 3.329577353 0.460440495 1.129984509 0.027479398 -0.377960015 -1.980565543 -0.366880908 -0.958384258 2.681954616 2.450773990 0.360118985 -0.113072942 0.943609692
-6.955176279 -29.738484110 25.821432853 0.390156663 -0.629483843 -0.445870663 0.502719824 1.622539227 1.783577780 -0.432151251 1.313749110 1.804811976 0.017336873 0.918334431 0.194890620 -0.312963155 -1.846658339 -1.412593268 0.941854791 -0.049448081 -1.209967422 -1.281264778 2.070567499 0.422503009 -1.911518312 1.941795388 -0.006726741
-10.708420741 -21.240638063 29.312112989 0.205898374 0.433890927 -0.271056486 0.834189969 -0.537899356 0.933198202 -0.442098698 0.180456922 0.634690744 -0.328636257 -1.296079837 -0.050786042 0.807741557 -0.116837570 -0.409183167 1.359978487 -0.757329614 -0.566606057 -0.253712890 0.209329579 1.207177128 1.528846429 -0.890383892 0.264828537
-4.550873819 -28.153030779 25.770673154 0.634890970 0.099530878 0.473594465 -0.602258535 -0.524841861 -0.424368133 0.104078788 1.432770851 0.475583848 0.345259390 -0.879943807 0.046640349 0.729878227 1.811429377 -0.002719164 0.482094774 -0.168447582 0.242247379 0.373425331 -0.809965292 -0.641829733 1.698673447 1.298837195 -2.017518374
-2.526786409 -21.725693732 20.967720864 0.777421753 -0.331777206 -0.127818708 0.518846491 0.814886784 0.387861658 0.189223415 -0.485600965 -1.591874573 0.382981794 0.353964263 -0.870093793 0.078672613 0.158321744 0.939541079 -0.646533220 -2.231744962 -0.903085309 0.625343772 -0.599406514 -0.031659935 -0.536394895 2.175285525 0.556612604
-11.127549152 -26.496194478 27.369225562 0.041288591 -0.905504615 -0.339346802 -0.251396882 1.277176366 -0.386100582 0.248613807 -0.187244450 0.289845583 0.519955224 -0.456044674 -0.040596773 0.295689403 -0.737443521 -0.797691404 -0.600201003 1.193896951 -0.498261101 -1.134872388 -0.917940473 -0.270479703 -0.840434796 -0.583223045 0.084349511
-1.155515442 -22.885425428 28.009007886 0.051595939 0.061295130 -0.009419159 -0.996740711 1.375988200 -0.060999098 -0.165228495 0.927198859 0.243691864 -0.616137746 -1.933626260 0.651260843 -0.341736527 -0.567772092 -0.241714529 -0.249481306 1.657089485 -1.034173936 -1.193777119 -0.457556961 -0.227732914 0.356313231 1.309377175 0.924781700
-8.094151635 -24.690552896 33.950665303 0.039182192 -0.388094229 0.791382968 -0.470702266 -0.256174382 0.819220210 0.775859494 -0.999913996 0.500721654 1.163045175 -0.297251156 1.189989631 -1.381873632 -1.298856248 0.445093870 -0.628567829 0.059133283 -0.631456907 -0.460681564 2.536660109 -0.138044165 0.551641478 -0.489559019 1.338685871
-12.486052378 -16.266799366 30.906113232 -0.434514800 0.057768486 -0.891494358 -0.114444309 0.388688703 1.128569968 -0.174246959 1.725632593 -0.231736931 0.690858661 -0.325200992 -0.878357864 -0.241424652 -1.421842122 -0.007581481 -0.794259124 0.367773813 -0.565094093 0.191145471 -1.132014824 -0.442350982 -1.103699634 0.068387020 0.365783601
-5.817590970 -21.054047587 32.920323235 -0.004503442 -0.032562099 0.412449178 -0.910387338 0.123239236 -0.492559694 -0.818288286 0.287845482 -1.036522184 0.243462755 1.219168754 -0.620944644 0.176532264 2.630831147 -0.203442966 0.380418262 -0.030025786 0.076438224 0.470931559 0.575719989 0.246832716 -0.216662803 -0.259736405 0.227070672
-8.160969219 -15.222993337 30.200278477 -0.216072856 0.974793484 0.008136397 -0.054990758 0.982984854 1.829724477 -1.313704222 -0.100659663 0.312862347 -0.289892386 0.401378097 0.617561523 -1.423168793 0.327863061 1.150205679 -0.333983837 1.407077663 -2.339814980 -0.034444015 0.928418713 1.294596505 0.006654197 1.706179225 0.287150961
-6.821295406 -19.803206939 17.566417960 0.564201495 0.391762177 0.586893569 -0.428666548 -0.873588273 1.827528472 -0.293270888 0.673340733 -0.816490433 -1.841633728 0.747423799 0.841612146 -0.739805912 -1.178311342 0.825681261 0.579726233 -0.295155539 -0.049496943 -1.900883644 0.523595722 0.242481874 1.204178677 1.733732266 -0.170086478
-11.506654123 -16.062914420 26.721817399 0.077333642 -0.805054347 -0.079687818 0.582715075 -0.153411542 0.885769546 -0.185388945 -0.279021202 -1.571102900 -0.134390223 -1.202791331 1.157155892 0.127487223 0.404407352 0.021824592 -0.187042742 0.778939696 -1.008999585 1.452388031 2.080601319 0.643230544 0.017440479 -0.597303625 -0.662065643
-11.462039137 -14.050545057 21.227341404 -0.826403690 -0.229156839 -0.009931413 0.514242600 0.656916775 0.109084343 1.061907374 -1.263944800 1.146621151 1.361266047 -1.190799122 -0.715282756 2.097123898 -0.257819090 0.644331470 -1.094759262 0.102558589 -0.399448043 -0.681000321 0.549824594 -0.869609366 -1.437382444 0.905424365 0.178042447
-10.102792756 -19.328540572 27.408569814 0.887300731 -0.330243294 -0.078709698 0.312156312 -1.022709215 -0.800436267 -0.503784685 -0.643677937 -0.021257328 1.284955281 -0.867295530 0.058781221 0.900770333 1.971999275 0.152631647 0.116855572 0.030452597 -1.599963969 -0.813217165 0.142239998 -1.659251919 -0.947032552 -0.074712882 -0.817081113
-7.096429272 -23.098355844 20.900102457 -0.193744300 0.211086760 0.376595074 0.880954980 0.386834705 -0.337484503 1.201395461 -1.026768527 -1.299137613 -0.757138691 0.238448536 -0.144081974 -0.599889588 1.776652154 0.643236486 0.761900548 0.093610363 0.063917713 1.984215290 0.528513784 2.619462677 -0.603009658 -0.703195495 -0.745129876
-13.292306402 -18.810757214 30.257218899 0.773994836 -0.167826176 0.360973527 -0.492406825 0.718129307 -0.390251593 1.453801147 -1.242949591 -0.681765722 0.741005812 -1.159940967 -0.004523105 1.473873158 0.563618943 -1.717340680 -0.343306977 -0.305157121 -1.520558231 -0.168775642 -0.122075874 -0.600656389 0.185266215 0.101752143 -0.355005143
-17.965613264 -14.820843610 25.677781458 0.925752858 -0.046133206 -0.006297161 0.375251542 -1.021509811 0.812345725 0.598317878 -1.541321197 0.540889742 1.454579428 1.448057895 0.324518709 0.075892942 -1.506577715 1.487753286 -0.744462688 -0.331193980 -0.121124640 -0.793070197 -0.545284744 -1.842880279 -0.760493073 -0.264784576 -1.163100725
-12.121092933 -28.969745779 24.875079625 0.274341027 0.037390173 0.922470482 0.269048666 0.479631549 0.940865392 -0.624820646 0.092139318 0.442268994 1.111143894 1.080746911 0.248624898 -0.367617975 0.427892598 -0.053114161 -0.998451239 -1.629718930 1.902191907 -1.512904967 1.849813721 0.637808181 0.180943814 -0.148693038 0.251345315
-15.315975174 -13.269355467 25.698283967 -0.570414926 0.269540454 -0.629005875 -0.454231621 -1.332253759 -1.405649939 -0.534666234 -0.214243328 1.982770826 0.182695091 2.328244756 0.357152933 0.536945804 0.594852693 -0.713430776 1.608198829 -2.132942788 0.912340801 -0.328905618 -0.413281722 -0.464615215 -1.032206674 0.074338289 0.516076647
-9.687550562 -19.439366942 28.737065082 -0.457896605 0.116041400 0.460542541 -0.751508923 0.951261356 1.051817244 -0.675526899 0.625781231 0.434602273 1.003740695 0.996723528 0.332617426 -2.152120555 0.937978758 -0.231320621 -2.378944486 1.367571556 2.540219068 -0.712122241 -0.750634964 -0.503436206 -0.831777296 -1.755571669 2.496973086
-9.167123478 -24.824633097 21.926542511 -0.248347341 -0.545562650 -0.392343819 0.697675656 0.602819360 -0.475715748 0.445245141 -0.463553181 -0.513297344 0.640854334 -0.760740782 0.592767640 -0.584855036 -0.277037816 -1.305848951 0.820807016 -0.127687551 1.341151386 -0.242785082 -2.243487418 0.139991470 -1.605009309 -0.342449701 0.489825969
-11.477468043 -21.737338069 32.475746421 0.379081770 0.781779842 0.301087259 -0.393018769 -0.221272227 -2.780400579 -0.968928570 -1.937629137 0.533410127 0.261987277 1.213628146 0.665132010 0.932871579 -0.779970882 -0.828587292 1.440660060 -1.442905400 0.101515871 0.237118733 -0.024882960 1.343439594 -0.808534087 -1.784698019 -0.811895055
-7.310826368 -28.051876148 24.172056587 -0.943684232 -0.153913082 0.212481375 0.201550238 1.723616882 -0.958724129 -0.124269567 0.782657934 0.082081951 -0.190274247 0.820747099 0.283103937 -1.502098767 1.767522980 -3.033065738 2.048691564 -0.590276435 -0.359854109 0.091312167 -0.635566547 -0.031043564 0.816024305 -1.741112320 -0.397647446
-10.375734711 -28.668936952 30.361318112 0.000856555 -0.749581649 0.367515882 -0.550507670 0.525597664 0.476793670 -0.254942136 1.554438772 -0.241441264 -0.158272829 -0.873644174 1.203069280 1.460832811 -0.013078018 -2.014900491 0.683562641 2.795495305 -1.343782994 0.275298350 0.381681729 1.849380265 -0.335651434 -0.382215140 -0.116392728
-7.638564157 -21.933627116 30.334422210 0.303943281 0.436635499 0.827844242 -0.177881517 0.801587212 -1.712146133 0.145642016 0.422502008 -1.083252037 -0.540302665 1.289917349 0.528108893 1.729159258 0.758489457 1.154533552 -1.470408509 -0.693342546 1.492058230 -0.461014730 0.563959540 0.848059404 -0.305002882 -0.529441900 1.399373299
-9.667302099 -16.551514757 26.513758614 -0.064461199 -0.379309313 -0.730796446 -0.563831317 0.368288895 1.979204643 -0.595399200 -1.111747117 0.744149997 0.996776244 -1.037730146 0.543481578 0.208258953 0.560825610 0.656598142 -0.642068314 -2.537260741 1.990959518 -1.066284885 -0.576721802 0.488522433 -0.015176991 -0.209388546 0.253498412
-9.720825183 -20.175202878 27.108748445 0.101121145 -0.290423828 0.293829751 -0.905037343 -1.319707053 -0.421532886 -1.097398705 -0.779736751 -0.388003169 -0.305755896 0.646648034 0.173435184 -0.288384791 -1.054344282 1.066981079 -0.564486979 1.411008496 2.798083195 0.573765981 -0.605877651 3.532304602 -1.655745386 -1.585649990 -0.067863151
-11.879988759 -17.552740860 21.266409461 0.947336663 -0.261906571 -0.008900248 -0.184062436 -0.456548491 1.839824525 3.351912879 -0.656051040 -0.350916421 -0.026982733 0.319898658 -0.674184634 -1.326062914 -0.780155884 0.245019933 0.570287049 -0.291929226 0.918536970 0.837276107 -1.213335616 -0.339685368 0.238173562 0.436436624 -1.323240435
-1.686476724 -19.641671323 21.198818464 -0.423294463 -0.563014489 0.705952281 0.073944975 -0.245335665 -1.367572671 1.315657757 0.200338302 -0.004958298 -0.389834920 1.776557491 0.693258440 0.709086057 -1.179114777 1.371121300 -0.693469889 -0.196273069 -1.297663061 0.180478858 -0.290513158 -0.812041084 1.491939184 -0.202842371 1.357579457
-14.510068852 -24.044688013 26.531412803 -0.137342549 -0.825853682 -0.014916261 -0.546699392 0.277830352 -0.280052535 1.362245931 0.181701983 0.652981634 -0.950077842 0.477595436 -0.007845450 -1.368170054 0.219536521 -0.232749451 1.062310360 0.420963390 -1.021603061 -0.045255692 -1.421629762 2.170694270 -1.089335734 0.784619405 0.442558371
-7.778145311 -14.896879365 26.049871941 0.375841050 0.231671840 0.896862844 -0.026621462 0.269070123 -0.744729352 1.369626906 0.540960481 -1.331849956 -0.313479363 0.801700393 0.078385058 -0.292197357 -0.573908380 1.009165924 0.012892958 0.938809009 1.525826727 0.323408048 -0.784557368 -0.422824627 0.325437096 -1.425504217 1.786238653
-7.392575348 -25.635415168 23.594134342 -0.432843874 0.000450145 -0.384283383 -0.815458313 -0.078549004 -0.251546300 1.177140537 0.220003215 0.168254561 -0.137520381 0.071382344 -1.285624703 -1.391057270 -1.162117282 -0.417804488 -0.119796338 -0.069282626 -1.892485984 0.170416308 -0.428344494 0.903044086 0.546250446 -0.574645406 -0.939747108
-16.781306581 -18.930118080 18.582414178 0.321510384 -0.912440272 0.063656582 0.245013598 -1.063404615 1.371134878 -0.674809015 -0.223393145 -0.728279724 -0.375748892 0.511642500 1.655657015 1.365401260 2.253644687 1.981864541 0.715765106 -1.643725709 -1.252919531 0.015952772 0.326037631 -0.181363531 0.032056265 -0.367001703 -1.067407091
-2.756121273 -20.469455814 21.543206811 -0.862380281 0.388008626 -0.256776252 -0.199538252 0.319353749 0.719051057 1.805684964 -2.087582740 -1.895060768 -2.541591580 0.333770979 0.538826903 -1.364139233 -0.472610342 -1.765768813 -0.429619607 0.112799962 -0.570107045 -1.784829668 -0.080997883 0.466349469 0.066460266 0.565985116 0.540078790
-11.326272770 -27.258565103 31.018219799 0.853091334 0.501034180 0.138174839 -0.045909035 0.669731969 1.414134646 0.518337268 0.662068682 -0.985868251 -0.646020204 -0.153686935 1.869811285 0.679999581 0.317854197 0.144930148 -0.155782629 1.718040051 -0.505566258 1.667858459 -0.261314984 0.245183228 -0.819174053 1.813634394 0.603065289
-4.591488293 -15.808066922 28.335089822 -0.612771717 -0.322759976 -0.588117568 -0.417677564 0.613099683 -1.507625929 0.432802082 -0.261771897 -1.191736335 -0.101738613 -1.314898599 1.948748209 -0.552146990 -0.858462225 -0.105342052 1.387943428 0.422127641 -0.201289230 1.487863518 1.275340040 0.757487499 0.541702514 1.032427269 0.227879321
-11.276710931 -26.942263755 20.784487329 0.734307388 0.151315240 -0.255707783 -0.610335881 -1.114865731 -0.698477906 0.903981725 -0.070644639 2.402330376 0.658175299 -0.568037783 -1.592319138 0.452875651 0.051301938 1.393913758 -1.262706043 -1.638008796 0.232771692 -0.488838748 -0.541429864 0.271253633 -0.613746826 0.004071612 -0.767997429
-16.770780093 -28.602767267 26.833205899 0.777027167 -0.040374004 0.540346266 0.320350798 0.424869609 -1.359540563 -2.044152222 0.030060372 -0.752013377 -2.264235953 -1.127974734 0.383632903 -0.283528099 0.666859029 -0.755374601 0.272085825 -1.025301568 0.703167607 1.151016928 0.045022636 1.366847262 0.906367402 -1.708735581 -0.052232034
-6.694986542 -15.152704420 24.857793736 0.811959787 -0.248324259 0.486702298 -0.205370982 0.672649697 -0.714273429 -1.334050609 -0.505389606 0.756017565 -1.037917774 0.273664672 -0.029069900 0.380662031 -1.392227952 -1.302802759 0.291795163 -0.843978784 1.059832627 -0.588755929 -0.860186034 -0.744543785 -0.717161677 1.096485546 -0.486251530
-12.142858640 -29.205147190 21.696528344 0.450650434 0.053271650 0.543136681 -0.706455139 -0.138659379 -0.146196737 -0.005067742 -0.887554604 0.990512280 0.505716617 0.562451779 0.204235064 -0.305207391 1.312532661 -0.777429603 -0.054754020 -0.482231830 -0.277771368 -0.197621263 -0.214762467 -2.685081005 -0.777265878 0.154453291 1.204424245
-14.679542634 -17.676443680 26.440861186 -0.771673522 -0.108948826 0.618866084 -0.098259342 1.175468567 -0.216068619 -1.029038292 -0.540710609 -1.293042934 -0.781423165 0.759160293 0.560488276 -1.582666882 1.036512145 0.658810563 -1.068144624 0.702097902 -0.786000334 -1.200543870 -0.476978427 -1.922038641 0.480513169 0.277615518 -1.301259463
-8.556011667 -20.423463563 32.144754836 0.743445823 0.351527330 0.394314674 -0.410161899 -1.455789017 -0.088748130 0.852377980 -0.242449627 0.965910534 0.791818327 -1.222548932 0.583456954 -1.146809447 0.936685315 0.206611880 -0.746714767 -0.027269135 0.846898406 -0.292894176 -1.741487245 0.709580018 1.057042436 -1.331275832 2.242150510
-13.606785920 -21.720849126 16.468322979 -0.964225901 -0.032667366 0.048699599 0.258514223 -1.095526560 -0.615179034 3.161557538 0.898156500 0.592373854 0.940906988 1.322690390 0.782824913 0.186292679 0.849670361 -1.086525625 -0.202590257 0.312228611 -0.534089948 -0.132161998 -0.711871940 -0.080969000 -0.683373716 1.014051440 -0.389148631
-16.808972076 -26.150145652 23.316988901 0.601027036 0.053521070 0.437371424 -0.666789498 2.098854725 -2.263975334 0.642443831 -1.335224497 1.043610691 1.287481988 0.072242114 -0.603211731 0.188955265 0.901903353 0.884849526 0.367369689 1.092800130 0.723453961 0.067627419 -0.611732029 -0.285634863 0.291668819 0.253335704 -1.290179028
-12.821805500 -18.319143559 25.597466536 -0.436802439 0.056918671 0.045799872 0.896585894 0.301365734 -1.017286132 -0.215719625 -0.863746398 1.750066172 1.006735017 1.142350129 -0.824124395 -1.472900767 0.597854282 1.190912314 -0.222032579 0.370734592 0.296147538 -1.193689346 1.771426980 -0.919054288 0.286285883 -0.143537907 1.783497255
-8.027720431 -18.544297605 33.342216145 0.040663814 0.832064609 0.321977104 0.449828507 0.474000116 -1.333460944 -0.483294390 -1.221304218 1.264612173 -0.166845615 0.994144196 -1.199694381 0.232748294 -0.868169345 0.529695802 0.629002006 1.458367795 1.315463036 0.523642948 2.352996696 0.310863057 1.638182424 -0.366714860 -0.023049192
-2.716569609 -22.289863706 25.150275127 0.981237807 0.170695499 -0.043700458 -0.078266735 0.403629036 0.099383174 0.564427034 -0.304948134 0.226876068 -1.223488256 -0.050639248 0.543298528 0.098884642 2.238213224 0.622650955 2.611061719 0.369280804 -0.565688189 -1.100660629 0.266695888 1.531834186 -0.574093006 0.723182601 -0.789810379
-15.095696305 -20.254871752 17.247689457 -0.440819753 0.063438747 0.638902463 -0.627261599 0.723145460 -0.027762095 -0.723813282 -0.012782820 -0.325419143 -0.383394211 -0.432274888 0.223502747 1.199545598 1.133489864 0.501597198 0.055555936 -0.222852913 1.102713158 0.013712250 0.413562849 -0.670813907 0.977125147 0.053366254 -0.838954454
-12.028172498 -26.448940355 22.324206809 -0.008959867 -0.333936902 0.113514965 -0.935692374 0.094928014 1.608347602 0.849120658 -0.159887473 -1.898755886 -0.487205872 1.065028716 0.110680503 -0.094022573 0.556307548 2.171988590 -0.346679166 -2.568735577 -0.694085033 -0.500875712 -2.259530671 1.766055198 -2.280310179 0.315182678 0.116570535
-3.140878142 -25.314619330 21.231839669 0.655646649 0.396899555 -0.624273212 0.151265238 0.495107105 -1.231066756 -0.557629438 1.169984919 0.525635280 -0.158351503 0.638014554 -0.124289962 0.189153992 -0.309904145 -1.307492921 0.171436124 1.174550670 0.955248643 0.664381016 0.680130450 0.614078582 -1.966913802 0.421849002 1.662855344
-9.680709197 -20.783070776 33.678604986 0.545019999 -0.430220662 0.382040803 0.609842773 -0.569664179 -1.231498387 1.895458471 1.158471425 0.441088279 -0.047323142 1.140909715 -0.913480312 1.609674146 -2.354323276 -1.435551084 0.751709630 0.818653651 -0.714351344 0.179590072 1.256314231 -0.146509565 -0.607092366 1.301048261 -0.687853012
-3.306533524 -23.232987885 18.801188407 -0.722370233 0.019127708 0.266445353 -0.637826192 0.419006708 -0.707231307 0.315808498 -0.827146478 0.960379611 -1.255910890 -0.908397818 0.277214798 -0.263117613 0.970733742 -1.917460824 1.572642399 -2.480306737 -0.638368336 -2.755155374 1.017623037 0.098437275 0.713789301 0.651650997 -0.606069338
-9.255783305 -16.436036939 19.026085846 -0.329308074 -0.816052639 -0.006071820 -0.474949909 -0.366757571 0.230386076 -1.839193549 0.790595392 1.768697687 -2.025576569 0.025868493 0.185038819 -1.004267505 -1.188924534 -0.331356778 -1.259934440 0.025351805 -0.247402447 0.198760752 -2.454144110 -0.552680203 -0.626700093 1.054898823 -0.907226633
-14.505060232 -18.003305515 17.570459393 -0.235866706 0.202077685 0.948434468 -0.063273733 1.332166876 1.350306124 0.198561129 0.732482963 -0.328578767 -0.217822071 -1.407408122 0.423031674 -1.035449354 0.530924313 -1.797334873 0.987660138 1.005310010 0.926767549 -0.254516225 0.390875259 -1.034187873 -0.232109890 -0.252453269 0.396929407
-15.301468663 -22.552957570 19.413198595 -0.849255868 -0.436265952 0.080909733 -0.286164472 -0.200524758 0.598217619 -1.069645589 0.300105127 0.030046380 0.864148513 -1.329925770 1.060440085 -0.207251687 -0.670719386 0.205164188 1.449301014 0.604118750 2.213470712 0.130765496 -0.397389643 0.357239803 -1.514157820 1.490941657 -0.875798021
-5.904618690 -24.267220733 26.505835022 -0.170686164 -0.328239536 0.560245576 0.741113982 -1.331857911 0.962768978 -0.674839325 -0.674768729 -0.054920414 0.513220001 -0.126908548 0.317268359 -0.833849813 -1.267972531 0.817278872 -0.172273107 -0.312719157 -0.312070287 -0.291189655 -0.487271553 -0.583807620 0.113411275 0.072886929 -1.010484040
-9.393893137 -16.072686295 18.940796415 -0.911022105 0.043237942 -0.201541298 -0.357141861 -0.185733368 0.152652448 -0.867349940 0.199094992 -0.567552805 0.334171296 -0.760777221 0.327491616 -0.130130263 1.290021055 1.543353923 1.306157091 0.742833500 0.780316900 -0.117723412 0.737664600 -2.185295656 0.174816201 1.564110409 -0.210919930
-8.457810580 -23.402183648 34.253410329 -0.061960293 -0.106184899 -0.369102603 0.921221449 -0.051736298 0.087679733 -0.835637487 -1.088118969 -1.544360842 -2.573188782 2.662520133 -0.337136837 0.880476802 0.690894600 -0.762236883 0.441693119 -0.448559116 0.667845817 -0.038631557 -0.635783228 0.723967944 0.532123224 1.240820561 1.314625480
-11.095401090 -29.098418486 23.911127703 0.428048762 0.167079983 -0.468357012 -0.754652401 -1.079179383 0.488172467 -1.818884809 1.741934164 -0.653043822 0.530066540 -1.676925965 -0.728595941 -0.434832810 1.346060629 0.898161720 -0.849534284 1.696830354 0.166521786 0.927143705 3.119994592 0.642977258 0.972881062 -0.528406142 2.031253219
-13.693076148 -19.452556721 24.379803543 -0.044401185 -0.742087969 0.459010124 -0.486460365 0.792773292 -0.974504453 0.169239718 -0.552476643 0.041964974 1.157344978 -1.042850586 -0.318779738 -1.078034433 -1.163774758 -1.460223004 -0.099055439 0.652137856 -0.843600122 -0.016063991 -1.071403977 0.132057477 0.430813600 0.834362888 -2.278803677
-6.983427110 -19.065756043 18.840488632 -0.078302370 0.094746309 -0.296876696 -0.946972071 1.509179536 0.562489893 1.001290337 -1.072484233 0.139320505 1.550032829 0.913556037 -0.381982499 1.027816351 -0.146360542 -0.485485246 0.911919480 0.001267166 -1.169843618 0.981515087 1.927568426 -0.373907573 0.475933512 -0.692714564 0.394589037
-8.369088425 -15.021154950 20.656049164 0.646390862 -0.196957888 0.721593960 -0.150627357 0.579777987 -0.761443411 -0.326974206 0.400361557 -0.583770389 1.262066858 -0.500410693 0.273264426 -0.977127717 0.132809428 -0.586088570 0.735316388 -0.913302236 -1.603832443 -1.540671995 -0.446053771 -0.487090489 0.600288228 0.831881611 -0.337431152
-4.271926971 -22.463838322 18.075757341 -0.253464504 -0.131967213 -0.495053348 0.820525797 -0.644323860 -0.995827720 0.128042159 0.971596219 -2.066853742 0.705831136 -0.818316232 -1.018452985 -0.949866652 0.158380630 1.187212043 -0.287085054 -0.003947459 -1.089872301 -1.847676589 -1.323222306 -0.014908720 -0.575909637 -1.812609051 -0.785280947
-10.712073672 -27.202285043 22.856255634 0.896371022 -0.011218924 -0.065573239 -0.438284471 -1.425349405 -1.383583106 -0.862222175 0.933335384 0.097025831 2.177231452 1.820887547 -0.720692994 0.154297597 -0.562002911 -0.042714689 0.731824727 -0.618488117 -1.495062320 0.098018764 0.122078496 -0.255639691 -0.885476503 1.049978008 -0.167972323
-1.081076385 -23.356632840 25.106288148 0.540089142 -0.021957012 -0.184881182 -0.820756089 0.087254650 0.061810405 0.029031224 0.893376548 0.231019148 0.224348668 0.063430494 -0.533537687 -0.064208166 -0.468358836 0.689381227 1.734552235 -1.124546228 -1.317385266 1.487029283 -0.163159058 0.224624354 1.002394130 0.692234633 1.018957118
-7.684154568 -16.648438150 25.118951686 0.010996091 -0.488834492 0.795162862 0.358658540 -1.064622006 -0.683540226 -0.298568402 -0.117766922 1.571915375 0.562635208 -0.881933068 2.015034241 1.866646525 -1.886228120 0.572709645 0.725634617 0.270961786 0.311297189 -0.693498913 1.053474126 0.039149265 0.239588986 0.487157737 1.257087264
-8.862596553 -30.217474818 22.285233891 0.712131709 -0.557266961 0.422627486 0.060893119 -0.630848481 1.430108116 1.354015576 -0.632882029 -1.156202483 0.339602357 0.456449830 0.875294507 -1.233146639 1.107297262 0.652470120 -0.322120212 0.745200854 0.531001124 0.747033486 -1.168566308 0.548305137 1.063442006 -1.103402133 -1.176526535
-8.966682783 -26.327374990 18.010442426 0.056923189 -0.380836541 -0.750016222 -0.537772207 -1.087908091 0.098787353 0.724859916 0.228926967 0.546186777 1.684126334 -0.934223799 0.234837635 0.307422207 -0.102123857 -0.419152049 0.855177205 -1.463840429 -0.992771172 -2.039564523 -0.887998396 0.411597112 -1.740867611 1.927574058 0.867426942
-12.172761992 -30.678445041 26.974807325 -0.090520118 -0.724577482 0.489498573 -0.476638991 -0.275492919 -1.317362042 -1.031265237 -0.227892009 -1.682135222 0.607494883 -0.687761903 -0.441703034 0.448948989 1.817745788 0.949701478 1.019024066 -0.477874112 -2.604996595 -0.247766983 1.215612074 -0.231840082 0.070498195 -0.503372767 -0.048941727
-16.275594981 -23.144284061 19.882395782 -0.332592851 0.173167793 0.869863466 0.320519050 -0.609180620 -2.281709655 -0.303573638 -0.928489195 1.099582473 -0.291727861 -0.801033410 1.270292883 -0.391514504 0.051815938 0.807925666 -0.218558675 -0.093370583 0.686782768 -0.470848359 0.449002947 1.898048393 1.262484599 0.556753140 1.152807770
-10.603223456 -26.531624985 18.288953638 0.347678988 0.418777131 -0.276676284 0.791956609 -0.771510057 -0.226990244 0.575708250 -0.006594028 -1.114623793 -1.428083498 1.032094854 -0.122509807 0.922478266 -0.437938152 -2.104684753 -1.247439970 -1.081646033 -1.992961375 0.689435509 -0.884671777 0.995906514 -0.395844649 -0.965567255 0.352475015
-15.607918006 -20.421302341 21.744924487 0.855047064 0.161624062 -0.490066800 -0.051055970 0.681786874 0.952830162 0.288880973 1.655038220 -1.283370331 0.809902502 -0.891110972 0.326838247 -0.531384435 -1.044021229 -0.104299259 1.552525555 0.365756176 1.376500607 0.474806347 0.831826283 1.700724765 -0.721384094 -1.015150805 2.370898097
-12.631707805 -20.979317913 29.415139479 -0.619294142 -0.746899410 -0.031614760 -0.240034464 -1.275642307 1.765555041 0.254823598 -0.034350032 0.040950808 0.233349285 -1.482154050 -0.766632205 -0.302877476 0.417092968 -1.120241869 0.699759659 0.835363441 0.252939662 1.100788101 -0.387436753 -0.055371069 -0.281948440 0.172892201 1.120520003
-10.143567986 -17.067514540 32.159395494 0.629942626 0.601506576 0.004630947 0.491264371 -2.111539110 0.686210621 1.967603307 -0.616211625 0.455061073 -0.372086179 -0.444827359 -0.196440960 -0.215883108 1.386313234 0.390407239 0.140186251 -1.346840905 2.338431583 -0.066569416 0.150654048 -0.572373915 0.406050636 -0.021394867 0.005836870
-14.320944938 -22.656134489 25.293588925 -0.806060910 -0.359386858 -0.232402025 0.408774013 0.401586696 -1.437332666 -0.933995150 -0.603229144 0.840322342 -2.486057004 1.291497254 0.452498178 -0.593580099 -0.881107732 0.520281587 -2.000085016 -0.364375879 0.089081634 1.283954081 -1.025508068 2.574296292 0.288729127 1.611328613 -1.476827580
