-6.090510308 -10.900121670 20.669177881 -0.684928375 0.010963803 0.387550949 0.616893166 -0.387627182 1.010142394 -0.994287494 -0.506907872 -0.674458450 1.058696700 -0.008636670 1.696481770 0.596051412 -1.232646967 0.468229023 -0.703609085 1.812084210 -1.864443619 1.414536998 -0.102916094 -0.744315431 0.193472084 -0.096776345 1.314003755
-4.790946765 -10.857500188 11.577182284 -0.632131782 0.605440186 0.483552249 0.005367807 -0.241502105 -0.016108177 0.317839780 -0.304373642 0.196992132 -2.708024961 -0.159839522 0.551669188 0.430658820 0.463409967 0.245238893 -1.250434512 -0.650451444 0.120492823 0.553398247 0.108388132 0.670139234 0.612771375 -1.153897861 1.956281082
-5.551691081 -12.147423527 10.920393023 -0.470877596 0.273407503 -0.812940463 -0.206519804 1.530016275 0.718060261 -0.084926259 -0.102191453 -0.532068192 0.426792186 -0.292734072 0.019568832 -0.873637804 -0.908028309 -0.855166408 0.507547518 0.927963656 -1.800038171 -0.187394811 1.089493700 -0.922649906 0.335884632 0.190337329 0.973843067
-1.668919186 -5.154046664 9.515455565 -0.376671976 -0.909678841 0.105528266 -0.139522094 -0.180125948 0.176311027 0.504135235 0.209421252 1.466358732 1.383911955 -0.803004255 -0.016552969 -0.170723570 1.372861870 -0.761330095 -1.504272294 0.660381787 -0.624277763 1.793756889 -1.778696003 0.610631196 0.279576132 -0.560253601 0.985767018
-2.678733134 -10.564927898 16.803943922 0.072348159 -0.052473008 -0.233983905 0.968123886 0.632621554 -0.198152898 -1.321077043 -2.216651781 0.881587859 -1.244797658 -0.062363647 -0.791037195 0.460289114 0.564485151 1.745851368 1.138442670 0.347989960 -1.452840594 0.818673882 0.207690474 2.920987181 1.179310266 0.873033340 -0.957600752
-3.035611341 -7.136250231 19.231159949 -0.774718712 -0.134225407 -0.339766330 -0.516094272 -0.430049083 0.184257977 -1.734545990 1.444134710 0.159893071 -0.661186649 -0.250715528 1.130720785 1.350189200 -0.124994302 0.099143488 -1.125444380 -0.529859330 2.251364144 -0.522176927 -0.821731553 0.458861045 1.780893896 -0.387564399 0.486999672
-4.735798697 0.046381297 15.430323501 0.601915384 0.577072609 -0.223955454 0.504508700 1.081623869 -0.456063097 -0.216729431 -0.410945531 0.629926176 -0.603759682 0.583286078 0.785354016 0.142018341 0.319127144 -0.933809554 -0.673862337 1.990411524 -0.287322813 0.670199584 -0.228950610 1.631351121 -0.237946847 1.766829739 0.216944405
-10.526725221 -11.340687378 14.254716863 0.082650710 -0.812684351 0.576367854 -0.022651766 -0.566088554 1.204525795 -0.123827228 1.558649711 0.422296127 -0.494022710 -1.053025588 -0.760538384 -0.573367704 0.636432273 -1.060314159 0.240113190 -0.278881489 0.701588830 -1.119639015 -0.021383408 0.413518487 -1.263501046 0.318746711 -0.526161496
2.576678340 2.227335697 12.754378687 0.835044598 0.116099965 -0.316906096 0.434501834 2.004754765 -0.588998135 -0.948811635 -2.107986951 0.020212955 -1.123628013 0.622533820 0.722216257 0.864530539 1.467313180 -0.026347244 0.984341211 0.587242726 -2.505288000 0.105269005 0.551679838 1.168518748 -0.230481624 -0.251003786 0.124699595
-5.052599994 -12.107343651 10.169715269 -0.527005522 0.189371557 -0.226837982 -0.796836322 0.915443532 0.172542403 0.228523101 -1.402779892 0.925269763 -0.956374691 0.380134127 0.420916721 -0.983556142 -0.696437965 -0.597812645 1.480834432 1.573165988 -0.596682907 1.383735784 -0.803516808 0.039956947 0.806724937 0.463762673 -0.241694528
-8.798460762 -9.066470066 8.570965353 0.501107989 -0.458838577 -0.447806369 0.581229214 -1.193166808 -1.312880536 -1.123735620 0.586060174 2.956393909 1.941833017 -0.229151222 -0.647181567 -0.252948373 -0.980023471 -0.656544150 1.251165433 -0.584979981 -0.683803495 -0.572164156 1.385154055 -2.505347265 -0.503945835 -1.633359746 -2.156398654
5.293921020 -5.547263569 16.970608834 0.379758861 -0.636870189 0.217028958 0.634884243 -1.054045510 1.178615611 -0.434763020 0.102638981 -0.035180010 0.487766808 0.316105769 -1.662773337 0.363233414 0.169637669 1.494511903 0.832552384 1.850884131 -2.226798598 1.027644059 -0.403591331 0.743755391 -0.707226681 0.358976567 1.268239745
-11.149382242 -8.291420390 15.508327203 0.196942554 -0.272779633 0.603944854 -0.722534093 -0.218234676 0.007771001 -0.673758730 1.719170615 0.634550882 0.842379191 1.411767778 -0.631908280 1.795035737 1.741579607 1.079930074 0.286808596 0.516241556 2.010251804 0.672242813 -1.448984208 -0.595869682 -0.050321776 -0.481386403 1.119912759
-2.996412459 -9.096752824 14.462126740 0.676995944 -0.659559567 -0.324700565 0.035031594 0.840199413 1.636274995 0.953089237 0.300431837 -1.307753639 0.665186880 -0.798865043 -0.024587850 -0.857022845 0.711091545 1.361893368 0.376798455 -0.151336327 -0.999394633 -0.150678303 -0.944990068 -0.440150632 1.486160148 -0.868326018 -0.002811043
-7.067251858 2.906590562 8.290898280 -0.487828084 0.037737493 0.849707153 -0.196462202 0.248566859 0.603848905 0.158168030 -0.358938358 0.640845218 0.683519566 0.702461524 2.043869747 -0.381059810 0.141902414 0.544333586 -0.533162631 -0.418225961 1.861610581 0.489931471 -0.833926102 0.497508109 1.532909993 -1.187032270 -0.159082123
-5.954946832 -13.539038394 15.340769032 -0.294275554 0.528907573 0.404672656 0.685491589 1.462165276 -0.667527971 1.184055970 -0.396980694 1.354489807 0.309758574 0.486375078 0.406476616 -1.924446738 -0.977429499 -0.464370536 0.304106553 -0.617864121 0.644230903 -1.123816047 -1.467532801 -0.093704831 0.524921568 -0.403383039 1.564718972
3.447262003 1.166464050 11.812167775 -0.468100729 0.570596757 -0.614324872 -0.279116463 -1.578443916 0.183116762 -0.040849060 1.546740595 1.589052712 0.174142079 -0.890906982 -0.157891514 -1.165965374 -0.232666031 -0.001339249 0.872928796 -0.697048269 0.325018403 -0.541797218 -1.825351457 0.296745418 -0.799706577 -1.674534847 0.986721769
-6.324470726 -11.156441325 16.383906107 0.110830029 0.722151268 0.103070656 0.674974585 -1.205983926 -0.609000022 -0.419236046 1.258657707 -0.597761281 0.832600362 0.964127116 -2.216211553 0.496511840 0.566177665 0.989203099 1.266531092 -0.180320161 0.019754167 0.526902784 1.164606458 0.762791692 0.987768481 -1.199212053 3.261884130
-9.124158930 -3.312661422 11.501839371 0.492113203 0.535478093 0.444079230 0.523336837 -0.690474572 0.898030987 0.091044682 0.447635425 1.156604383 -0.578092354 -0.131899134 0.591448414 0.073079863 0.763412622 0.539436276 -1.032832342 0.942544200 -0.960108496 0.606066105 -0.442428420 -0.623133365 -0.211268988 -2.542686415 0.564822308
-11.157483918 -4.735236030 8.385767750 0.261614132 0.235850185 -0.188111775 0.916813338 1.895200924 -0.790812937 0.356477391 2.862249943 0.226561827 -1.747574584 -2.008261980 1.358052446 2.415476680 -0.285012667 1.238433248 -0.978331383 0.793470864 2.369499423 -0.421439596 2.621318711 -0.304472137 -0.759169971 -0.551956286 0.089757959
-1.273553738 -8.123466925 5.969863914 0.055409995 0.189263653 -0.891713833 -0.407376291 -0.581996892 0.318458325 1.287761618 -0.426370013 -0.905871395 0.748941023 0.366790267 -0.473902452 0.489513990 0.572560782 -0.872851069 0.970434409 0.313453411 -0.839359726 0.381942976 0.635742674 0.792571897 0.456307852 -0.449790314 -1.348076145
-4.465245015 -10.918450900 13.984449817 -0.446925611 -0.795897512 -0.090043542 -0.398367680 0.124850311 0.624626850 0.653435834 0.793505119 -0.690931219 -0.404208771 1.313481542 0.281167488 0.242092314 0.790146804 -1.655013298 0.154996280 0.334546820 0.134137450 -2.132372507 1.598987666 -3.054485810 -0.881354182 0.035434343 0.675012532
-3.780907087 3.664801599 17.109546368 -0.265746888 -0.044315702 -0.899396411 0.344239459 -1.005430904 1.288315880 0.284638560 0.433398546 0.770745592 -2.222603245 -2.070037770 -0.364206151 1.214647820 1.627635665 -1.490598662 0.168601098 -0.635684480 0.447186729 0.348992500 -0.102781520 -0.240720010 0.642148394 -1.056509128 0.485672953
3.474900629 -4.587432358 20.696408919 -0.243322781 0.876494032 0.006277722 0.415346635 -0.106955456 -0.273061481 -0.043209652 0.558079071 -0.044827319 0.953373493 -1.365316910 -0.373871819 -2.098539920 -0.030327837 -0.967941055 0.287662987 1.014775816 -2.010558880 -0.003386421 1.177953816 -0.926596355 0.605660077 -0.524734980 -0.422969128
-2.116614434 1.037763541 9.650283081 0.502617958 -0.100439975 -0.307813195 -0.801584704 0.752230934 -3.370497386 0.309206517 -0.512499731 -1.365162971 -0.088007675 -1.612789259 0.057280434 -0.708884665 1.193625767 0.878363095 0.229210901 -0.809768117 -0.926689803 -0.160885815 0.550448428 0.529749566 -0.465035314 -0.045258693 -0.147566645
0.160864985 1.290040932 20.260954665 -0.686438096 0.229992395 0.681992825 -0.103884672 0.610086339 -0.210055463 1.288728458 -1.336288723 2.300540205 0.249672972 -1.126844719 1.309958832 0.749125526 -0.573179101 -0.722321113 1.970794471 0.832966624 -1.471973761 0.088595481 1.552514157 -0.520363061 -0.849454867 0.899620190 1.286171651
-5.428475940 -10.430947825 15.143340091 -0.362815609 -0.036301987 -0.896192934 0.252755266 -1.781725963 0.047271896 0.787420640 -1.813638669 -0.729458424 0.983382629 -2.806654561 -0.384408483 -0.773183894 1.185965306 0.946258227 1.783620574 1.583671431 2.945767449 -0.761584548 0.639506564 1.474470851 1.123886904 -0.075274894 -1.410424522
-8.061014560 -3.775547900 13.134133052 0.626959538 0.050744405 0.675018664 0.385611912 0.149710506 -0.336100059 0.519308078 -0.004604978 -1.152585072 0.483863249 0.868475745 0.869124482 0.049594359 0.030496421 -0.137138246 1.116296491 -1.335658072 -3.030326242 -0.293964336 -0.249499559 1.057777576 1.825195650 -0.367057254 1.481989174
-1.082335730 -3.376386110 21.226226004 -0.702931618 0.292915152 0.534554659 -0.366523083 -2.343912500 0.739144600 0.446195237 0.486695141 1.013330957 0.384358729 -0.135414735 -0.420876739 -1.265479357 0.591743094 0.403885882 -0.755157459 -0.191790647 -0.114047011 0.309975463 -1.195617567 -0.169268384 0.723312638 2.551931068 2.898647452
-5.798233788 -7.651214584 7.342984070 0.640373346 -0.464068636 0.611599065 0.022557969 0.556806748 0.263359650 0.627927133 1.857053059 0.677957972 0.071618024 -2.373899935 -0.186225629 -1.157941807 0.763329481 1.080130505 2.038184075 2.349996185 0.255356241 -0.718230343 0.001833095 0.259577190 -0.494205644 -1.322978309 -1.444023874
-13.729901444 -6.076247902 15.527671582 -0.738043110 0.032365378 0.419066714 -0.527852194 -0.057625850 -0.893112137 1.319653365 -1.583625841 1.069934861 -0.200121506 1.026810828 -0.874642392 1.974168645 0.469102138 0.481935121 -0.524150146 -0.865153170 1.092584680 1.972672374 -1.752304948 -1.174397203 -1.356114237 -0.054623648 -1.732784215
-5.395604640 -11.983195700 9.765665770 -0.355216100 0.090100988 -0.573877781 0.732371236 -0.347414984 -0.600290981 0.830737536 -1.010834126 0.579727473 0.647006556 1.024582696 -1.366875192 1.901167133 -1.864021921 -0.174546854 0.127414458 -0.438747999 1.446305442 -1.557029932 0.565124729 0.697739869 -1.275754460 1.986975934 -0.770331123
-1.474929550 -2.673357726 13.110011601 -0.382251321 -0.895404367 -0.210016002 -0.089600375 -1.418583995 -1.456486500 -0.082574663 -1.854021412 0.849034746 -0.358955384 0.673951673 0.064278772 0.571082004 0.696446478 0.490045316 0.559831780 -0.193613057 0.992822809 0.451115729 0.655002597 -0.575162041 0.959046465 -0.758421809 -1.044590446
-7.797530377 -4.372110581 7.823225823 0.360389523 -0.929214756 0.081212314 0.009159119 0.311296992 0.045287825 0.712868158 -1.513459374 2.518792379 -0.211326731 -1.668449172 0.260501122 -0.660104648 1.033812072 0.658195517 0.261842615 0.326529199 -0.803009996 -0.653754993 0.722377497 -0.832175073 0.103663754 0.143717220 -0.015604271
-6.809065398 2.276148858 20.830095951 0.103784937 0.752858231 0.454833873 0.464283662 -0.915726703 -0.990919390 -0.202575096 0.753969802 0.957396903 -0.580077722 -0.416247019 -0.531970524 -2.432360748 0.462816521 -0.012685085 0.571962877 -1.069363598 1.176843855 -0.211793399 -2.274370116 -0.158580393 0.938978669 -1.360378161 0.639057871
2.731128639 -7.209400676 19.359885468 0.447964375 -0.790617944 -0.290879839 -0.299399573 1.845557771 2.418226762 -0.373850148 1.777044895 1.601493373 -0.887173967 -0.300924273 0.714749672 -1.362792888 -0.312849522 -0.084261083 -0.037563897 -0.851937567 -0.555039112 -0.851949364 -1.317362098 0.549196388 1.255127363 0.642412977 0.211994538
-0.247864259 -4.977324830 17.359063841 -0.571046088 0.792919831 0.026034084 -0.210966193 1.056928210 -2.012527388 0.348277877 -1.213857388 -1.852544617 0.208379741 0.527142109 -0.165931868 -0.610370901 0.693344699 -0.143425598 0.411213255 1.850680008 -0.509258339 -0.102866171 1.699999248 -0.310109632 -0.676110738 1.326779836 0.330783423
-7.617437791 -5.260448562 10.894558568 0.688787501 -0.426314748 0.413477197 0.415769313 0.601448230 0.318506145 1.774545903 -0.004881055 2.433621543 -0.046884789 0.618095754 -0.484742892 -0.783013397 -0.163877142 -0.161545340 1.265332202 -0.484176131 -0.766934436 -0.807750628 -1.067594702 0.749926694 2.560217112 -1.349145089 0.214507602
2.695717482 -6.613093311 14.434610549 -0.557278389 -0.181010150 0.707603218 0.394935197 -0.974566508 -1.148649901 1.687268911 0.989236044 0.993949245 0.680467197 0.644477308 -1.056876440 -0.433768134 -0.355605154 0.171657904 0.161369992 -1.411840506 -2.808761220 -1.505110532 -0.389950587 -0.852391632 -1.635311701 0.841952319 -1.036310399
-8.670658719 -4.070567223 8.185907539 -0.035933297 0.111808827 -0.552991458 0.824868493 -0.877804761 -1.651480154 0.874910814 0.503954407 1.120133022 -0.436699691 2.257266285 -1.318173237 0.232128943 -0.064429851 1.343690666 0.055031103 -0.091934812 0.749428954 -1.340470279 0.825894689 1.333479704 -0.294411822 0.019244842 -0.888287314
-3.813676634 -1.586664166 11.740668195 0.101853296 0.679609424 -0.535805425 0.490580762 -0.476576398 -0.359216066 -0.892236927 -0.243351727 0.110842627 1.089591881 0.427646542 0.481305607 -0.641120309 -1.185094812 -0.127105034 0.585592294 1.940452152 1.175409147 -1.030071224 -1.215038594 -0.248330558 1.011255627 -0.132436600 -1.085443154
-4.087226412 -2.132482248 15.025816962 0.933116752 -0.212251910 -0.018893798 -0.289629555 -1.854328391 1.363347932 1.234631219 0.907414616 0.307669221 0.129606242 -2.052494984 -1.564994033 -0.501589709 0.824134149 0.815501418 0.051595500 0.811048822 -0.236518210 0.663658096 0.125359162 -0.025011805 -1.005882995 -0.502360290 -0.697330827
-10.161377439 2.761244362 16.734834727 0.016792149 0.424323180 0.608349165 0.670506641 0.358686728 -0.839614717 -1.422042807 0.262215215 -0.888972176 0.325682180 0.269860690 0.214334145 0.456447961 2.002497371 1.510014520 -1.620560042 -1.653815657 -0.803144088 0.487990024 0.049945744 1.351107479 0.761391904 1.305448740 -0.047559361
-9.967392257 -3.562967611 16.164516397 -0.146410733 -0.028435186 -0.216459886 -0.964831827 0.288515265 -0.800325210 -0.302826250 1.074228395 -0.118604688 0.494730887 0.427587931 0.151636417 -0.665804759 -1.051496468 0.569547881 -1.578819570 0.706495339 -0.762637351 -0.025662906 -0.984487351 0.190771103 0.062917632 -0.841326790 0.572536496
-3.807226844 1.212802110 12.731879647 0.391799659 0.280735708 -0.635795583 -0.602863555 0.496354439 -1.872322199 -0.845454979 -0.094800986 0.137605517 0.167556040 0.286854331 0.377150407 0.085428458 -1.231837029 -0.675215743 -0.441613358 -0.196145796 -0.013012766 0.936990271 -1.112370143 -0.882670381 -1.683488079 -0.682842958 -1.822711514
3.765254883 1.641637800 14.304353486 0.250210687 0.033859393 0.887186790 -0.386196522 0.127500261 1.167257725 0.505210576 -0.241230774 -0.394305499 1.497014817 0.191621354 -0.275936684 0.182577673 0.437235192 0.932334157 -2.653313108 -0.114738962 -1.709766251 -2.946441575 0.390854172 1.791929835 -0.594635839 -0.359242871 0.036046613
-7.223918232 -4.943325881 5.203614380 -0.593612390 0.474187349 -0.642993994 -0.096588879 0.413170741 0.145562595 -0.507297977 1.352855057 -1.387233443 0.652772505 -0.034746288 -0.552293087 1.024797066 1.451021564 -0.874233346 1.174799427 -0.400230970 1.523999206 0.313821158 0.537076781 0.116122551 0.551052031 -0.198092798 0.402213048
-3.241361395 -7.463244904 23.403596769 -0.405893505 0.222623422 0.628739136 0.624801067 0.347470825 0.576856279 1.532878169 0.321149715 -0.127055340 0.113660935 0.667373658 1.115974388 0.509650362 -0.768516531 -0.576113761 2.509354792 0.434817652 0.661066598 -1.764468537 0.486029090 0.381567498 0.510186847 0.285817636 -3.496878628
-6.571816159 -0.501005793 9.464488548 -0.375275290 -0.131206466 -0.798230514 0.452527753 -0.722708728 0.484422541 -1.972810644 0.165305667 0.953377889 -0.075469289 2.235907163 -1.564241100 -2.038897984 0.142185716 1.152474036 -0.877007169 -1.053895937 0.771919645 1.772118839 0.002988644 -0.787175448 0.966192120 0.777505927 0.031507377
1.598619882 -2.295496094 18.649475751 -0.035060021 -0.638252363 0.235212207 -0.732174798 -1.144073830 0.615220889 -0.176385291 0.623310665 0.769928940 -0.343471767 0.083535084 1.216320509 -0.875074781 0.354856579 -0.748894446 0.667422727 0.951297528 2.084891654 -0.755042426 0.339211842 -0.324590819 -1.648594594 2.224051348 1.495440888
-3.910784754 -3.376288825 4.488146673 0.180432500 0.469637752 0.863375841 0.038296884 1.105926727 -0.256031940 0.658182882 0.316596714 1.552811757 1.794272774 -0.631525540 0.694697337 -0.497269096 0.598630397 1.960504516 1.228497240 0.996880762 -0.734781690 0.877700154 -0.283175745 0.174126114 -0.947481088 0.680014726 0.943064674
-3.369164812 5.663819146 15.413652821 0.240859999 0.367560362 -0.892180978 0.104398005 0.589269932 1.071083262 1.539759442 -0.753615871 0.078718928 0.922860652 1.195535304 1.439916703 -0.326680332 -0.079917079 0.790895061 1.698785117 0.890171529 0.449836195 1.827802690 0.721298970 -0.907348436 -0.464063624 0.909548889 1.251988421
3.290751684 -6.088254041 11.680419093 0.743444248 0.072642097 -0.517308550 0.417619013 0.216935317 -0.934663925 -0.195650671 0.677478325 0.148375106 0.555263619 -0.261120592 1.863500533 0.502344626 -0.294981197 -3.256291868 0.662164748 1.291841667 0.650253485 -0.314876789 1.881260989 1.901992321 -1.363191330 0.384535339 -0.714160045
2.025857581 -3.932330155 14.109917223 -0.430877115 -0.814541629 -0.072314759 0.381624714 0.098611435 0.340276086 -0.889221212 -0.203352949 1.047998964 -0.309686612 0.171329036 -1.120609923 1.782902676 0.992589489 -1.851431377 0.900187146 -0.439093796 0.558635455 -0.373863120 1.427496867 -0.093888540 -1.310172868 0.832900747 -1.252188503
0.331494907 -4.438512160 7.602236679 0.906023222 -0.307950842 -0.162067148 -0.240878477 0.005758747 -0.641661120 -0.673539058 0.245153321 1.919990496 -0.279780391 0.585322369 -0.669623039 -0.239020351 0.943579256 -0.298231146 0.650871431 -0.108424224 -0.144237192 1.139510621 -0.091654465 0.599213560 -0.502204148 0.158556923 -3.017046340
-3.114722673 -1.168198823 10.597774500 -0.837800762 0.403684598 -0.106570461 0.351811548 1.115518153 -0.992793568 -0.333058673 -0.484626103 0.222112606 0.743054919 -0.401933107 1.312961695 0.010065189 0.769091332 -0.049847054 1.270440532 1.067684833 -0.954901945 -0.716591644 1.224147513 -1.060164498 0.691995494 2.011543844 0.400542921
-12.435220156 0.332800400 13.577367282 -0.227550755 0.571136266 0.787181448 -0.048676356 0.711583452 -0.017260824 0.149185920 0.294571548 -0.778725086 0.651823172 0.089157538 1.383526651 -0.851866497 -0.461458796 -0.535911476 1.076359090 1.303972926 0.194326675 -0.218151734 1.419546519 -0.642899771 0.316409793 -0.419159867 0.017203309
-5.832750842 -3.827320491 7.407388003 -0.244572185 0.905509724 -0.091359586 0.334499645 0.038140809 0.901982853 -0.994719476 0.999568364 -0.644876158 -0.965084482 -0.775867420 -1.598194877 0.160107543 -0.760256923 -0.073769833 0.504862908 -1.178116855 1.180511140 -1.027873919 0.797123967 0.837351927 0.311123092 0.153959811 -1.084110110
-3.913593051 -9.415825901 21.870326921 0.271058170 -0.238611118 -0.626788284 0.690455393 -0.116719427 0.643388115 -0.454716601 -1.258935703 -1.149236536 0.159501921 -0.427648425 1.412485552 0.336318124 -0.731660362 0.292548870 0.433961592 0.727158097 -1.287863329 0.928587127 0.437727199 0.426903150 0.257723198 -0.200190548 -1.571115651
-3.462245461 4.178385082 15.485125448 0.009024817 -0.369442682 0.698862807 -0.612389937 -0.254660241 -0.967023404 0.046688479 0.438247970 -1.351855189 -0.534635893 0.877914611 -0.041616984 0.007007796 0.101941941 0.655570220 -1.214234525 0.882990069 1.720253274 -0.687557518 -0.254993901 0.668804501 -1.123769056 1.693161625 0.567317420
-3.149945695 -11.959056199 10.878958683 0.303861573 -0.545551691 -0.666385591 -0.407396294 -0.276361197 -0.294496427 0.681370361 -1.748806429 0.079554847 -0.235168147 -0.436387430 -0.825366337 0.636108405 0.658519989 -1.928176433 1.560773488 0.844116146 -0.967541451 -2.626230531 -1.215096169 0.188640861 -0.392701707 -0.466521380 -1.131789988
-5.009813045 -4.260955665 20.944820088 0.847747761 -0.423833604 0.205298017 0.244011338 -0.229976704 -0.096108853 -1.186186749 0.181256625 0.786520306 -0.013435703 -1.070126733 -0.799726364 1.587189088 0.944097629 0.909793635 -1.536528202 -0.019519773 -0.681190120 0.287529142 0.140298697 0.349903034 -0.827866548 1.516084610 0.133535702
-1.054815027 2.515380550 7.524295855 0.277434315 -0.094299458 0.956088050 0.005783871 -0.648887941 -1.092658264 -2.063905964 -0.790747934 -0.553647907 -0.326755486 0.723018710 -0.767347024 0.982077063 0.071248643 1.073421657 1.105352781 1.169480770 0.916449725 -0.776667786 1.076193368 -0.489393640 -0.436020648 0.090225212 0.115717392
-7.451469297 -7.213563797 20.611335943 -0.173629542 -0.557542017 -0.627858049 0.514581337 1.117542062 -0.157102530 1.344921554 -0.378722997 0.159470350 -0.287628273 0.418442720 0.458828863 0.616378989 -0.240622494 -0.524935404 -0.029663570 -0.291989776 1.106157183 0.227966688 0.504395791 0.052424930 -0.331986384 -0.518321505 1.323544190
-4.629179710 3.746295646 10.002656311 -0.050493158 0.101065314 0.973346509 0.199581604 -0.036637509 1.802881378 0.944988920 -0.269057044 1.123983049 0.502334753 -1.304848857 -0.091233527 -0.436002142 0.091204624 -0.996719487 -0.757880239 -0.039726694 -0.942429253 -1.402095511 -1.445065552 1.932557538 -0.707822345 0.987447483 -0.028757538
-4.354479295 -6.738481970 19.167878613 0.830433921 -0.483333345 0.010141857 0.276885396 0.070540564 -0.945482121 0.553694968 1.471302667 0.249970425 0.075446132 0.229207932 1.451677437 0.063801586 -0.587719022 -1.899654155 -0.020487412 -0.173301034 -0.238391373 -0.375610760 1.969860961 1.486319256 0.014717728 0.312888038 2.075610302
-4.587128113 0.678517926 5.522722946 -0.504750624 -0.401820794 -0.734592407 0.210097247 -1.472163197 -2.020220776 -0.116226976 0.653248596 0.133999555 -0.409325155 0.572118767 0.797992171 1.451854514 -0.413343178 -0.267618520 0.074664814 -1.219392806 0.407589467 0.520700271 1.194434469 -1.371735757 -0.332192136 0.991233950 -1.649006982
1.149279927 0.491902016 20.405201737 -0.613710282 0.102027741 -0.404652095 0.670228850 -0.054851295 -0.109506230 0.496167147 1.315055719 0.105756138 -0.824349568 0.894984803 0.104442039 0.199818432 -0.560045340 -1.683605461 -1.424795242 0.607025948 0.581169134 -0.117170617 -1.344172120 0.684803887 -0.305865174 0.111974284 1.719720292
-2.808132761 -6.552875287 16.677022390 -0.844849841 -0.264004005 0.401820799 0.234671424 0.153234169 -1.132694539 0.884183061 -0.401172281 -0.340157800 1.764304045 -0.299984714 -1.639931593 0.978203834 0.845610606 -0.604357862 -0.876534659 -0.804998703 0.963620040 -0.212601294 0.107475376 -0.659212787 -0.751146922 1.612347908 1.523121415
-6.249465577 -1.595997317 15.743836641 -0.574853542 0.300620478 -0.026445684 -0.760573047 0.119218739 -1.210888517 -1.640048524 -1.867755531 -0.128449179 2.120344465 -1.062815317 0.361981387 -0.265123524 -0.077011558 0.131486873 0.438767423 -1.352187153 0.902319139 0.682680675 -1.266411169 0.312969620 0.917274927 0.039892819 -0.828625945
-6.351269911 -2.963468920 18.294649085 -0.829528427 -0.222549290 0.193437914 0.474274368 -0.218065693 0.346952852 0.527508278 -0.829502912 -0.475864238 0.486870555 -0.639116611 -2.807602974 0.421668329 0.361448437 0.149175127 0.154034767 -0.251753703 0.018230791 -1.142978140 0.052071583 0.088787222 -0.311161827 0.089925402 0.504451376
-6.051319740 -2.331166263 23.114835413 0.073898016 0.672536182 -0.735897504 0.026249389 -3.157900692 -1.000261463 -1.548341833 1.119290248 1.158350560 1.642974192 -1.179416525 0.288951348 0.603079286 -0.294023592 -0.522074436 1.382956333 1.375475253 -1.544356532 -0.925885691 0.103177165 0.227853731 1.069127485 0.136816109 1.293289337
3.307770885 -3.084725456 14.655457900 0.965749810 0.075439712 -0.245841651 0.034612667 0.514335837 0.620784561 0.645374771 0.622255585 1.316527910 2.102724018 -1.203868935 0.047967086 -1.889489768 0.703608355 -0.244068201 -1.197534497 0.993684152 0.167815953 -0.944481229 -1.758086396 0.121555290 0.202315356 0.194294463 -1.824281952
3.888058127 -2.496107330 16.164166331 0.005616944 -0.183853790 0.547405836 -0.816402526 -0.097745059 1.785223411 0.781970721 -0.011693093 2.001514235 0.831163931 -0.772004551 -0.972222798 0.596724944 0.794697266 0.238503272 -0.780384357 -0.013685592 1.011075785 -0.778654370 0.385209187 -1.075593798 -0.096687294 1.218723840 -0.647025817
1.196252046 -0.978454676 18.809250774 0.567858001 0.035770199 -0.375012640 -0.731862899 -0.119075929 0.225547145 0.765607021 1.323495715 0.914614364 -0.168211322 0.919935661 0.005180918 -0.700636547 0.236583036 -0.225265060 -0.843315557 0.695222436 0.948207458 0.291191879 -1.044670209 0.263760931 0.849654490 -0.234443850 0.136731806
-9.932610307 0.281176860 19.254731635 0.427091633 -0.522427778 0.559332840 0.481465189 -0.660865415 -1.219985487 0.073795873 -2.256526106 -0.961183320 -2.453588733 -0.685653526 0.286586150 1.069085862 0.310439440 -1.244349824 -0.386123370 -0.390228676 0.205182913 -0.243296082 -0.064935000 0.484231131 0.565156110 1.122924539 1.136793337
-4.785825879 -1.290011087 7.008008656 -0.007726723 -0.587319784 -0.694579147 -0.415398096 0.988081444 0.468126926 0.239064568 -0.537326441 -1.135701589 1.392561710 0.863730500 -0.138558720 -1.267898593 1.425269736 1.087568125 -0.471507888 0.631428535 -0.134470462 -1.013179711 -2.376476126 -0.318586374 -0.545606870 -1.695295063 -0.899242736
-9.432911698 -0.376009550 14.123844393 -0.580315646 0.774827846 -0.116602442 -0.221989706 1.822658702 -0.402142378 -1.776578442 0.804979044 0.616828733 0.640759926 0.917130451 -1.882712391 0.784732539 -0.640688168 1.242079944 1.463300339 -0.886065422 0.089240718 -0.328581047 -0.283457148 -0.275964308 0.030607095 0.611883912 1.827393532
-2.795839610 -12.298405670 14.407727070 -0.538100615 -0.150394587 -0.756202757 -0.340568034 -0.599192202 0.389317184 -0.986902433 2.353791502 0.102106367 0.536172724 -1.105882523 -0.956840985 0.350072998 -0.107487984 -0.970760938 -0.838819830 0.335241842 1.415464486 0.916907968 -1.345574935 -0.883058040 -0.353848305 -0.252895211 0.521795434
-1.797428624 -0.098491816 17.983569530 0.816098746 -0.497592587 -0.086254998 -0.280970691 0.645530658 0.462172292 1.589984999 0.666936383 -0.016713510 0.629440785 0.374334717 -0.023427583 0.048703471 0.062564376 -0.646092170 1.380719070 0.430164354 0.738753089 -0.087285289 -0.560535185 -1.811035750 0.472577167 2.487901990 -0.204021418
-8.941701677 -6.229053807 7.402721775 0.501661920 0.522275591 -0.300090864 -0.620893710 -1.669588025 -0.872941247 0.287045311 0.803221879 -0.821330877 -0.691939555 -1.541124802 -1.055872966 0.316886121 -0.637226863 0.537139480 0.098239767 2.162269952 1.510240512 -2.019689005 -0.544088033 1.033130785 0.080917439 0.572784199 -0.725864547
-0.582131343 -1.491051501 14.894261039 0.647059803 -0.417498429 -0.629316769 -0.104733370 -0.399838950 0.915021055 3.013402998 1.108482212 -0.809114293 -0.429160600 0.000088244 -0.075161131 -0.171446969 0.060639383 2.063590428 -0.428144098 0.128525984 1.405280441 -1.857937207 -1.839058975 -0.040880460 0.168907626 -0.758713168 -1.881349374
2.111373351 -1.772724601 10.529821237 0.531835981 -0.269149339 -0.446031231 -0.667656546 0.164628137 0.255625005 0.061325315 -1.307164338 0.226213229 -0.153756731 -0.126477619 -0.097661322 -1.246937164 -0.659389708 -1.379140568 0.535892691 -0.804598287 -0.399859712 0.963791903 0.675962856 -1.324345960 -0.415104288 0.848499784 -2.330302227
-9.814299743 -4.534948800 18.391445548 -0.159268753 -0.817491826 0.483659405 -0.269098791 -0.346605947 0.324621603 -0.982678417 0.466319187 -0.397446256 -1.261404331 -0.390482307 1.648944153 -0.854937963 -0.300628488 -1.199538245 -0.695192934 -0.796230779 1.618537892 0.532989862 -1.341060546 -0.487643420 0.742976441 0.222652666 -0.397886506
-2.059914551 1.158179104 20.557004086 0.286952495 -0.712594918 -0.092503387 -0.633490230 -0.499677472 1.356719418 0.222337775 -1.623779692 0.534624293 -0.256072137 0.423495952 0.838025468 0.673418514 1.548279201 0.349019420 -0.768084208 -0.420173558 0.452709355 -0.091287663 -0.993923422 -0.679385712 1.808827387 0.143620040 1.369359706
-9.846173711 -7.639451029 9.800565273 -0.485697597 0.440900992 0.302138579 -0.691676542 0.463999977 0.130053491 -0.807116684 -0.174670694 -0.772870528 -0.996140752 0.030471972 0.793578470 -0.484883396 -0.755494751 1.378830136 -0.866907433 0.678675068 0.761833503 -0.266093963 -0.125790946 -0.699291728 -1.220807107 0.788694738 -0.893628896
-12.258192004 -1.596965060 13.650564923 -0.420627838 -0.487716448 0.091926532 -0.759443481 -1.228837527 -1.363869216 -1.353694710 0.733785640 -1.694875448 -0.092317381 -0.053105725 1.335707091 -0.170896023 0.304694037 0.535492309 1.724223127 -0.142902840 -0.612651765 -0.967004279 0.284300238 0.600227354 -0.648281256 -0.444192253 0.606828699
2.556378551 -3.694129710 20.103230730 -0.200328292 -0.174181757 -0.824112692 0.500367426 -0.579259145 -0.382036219 -0.412744867 1.606736686 0.318778737 1.489060256 -0.344999862 -0.722669028 -0.367118228 0.766473436 -1.058220297 0.031239652 -0.738437099 -0.939797961 -0.398886101 -0.928360825 0.441874135 -1.882465173 1.750277019 -0.053542630
-6.339783916 -9.626672870 19.601523497 0.001185508 0.400179451 -0.885937158 -0.234457572 -0.038722986 -0.339723430 0.134781702 0.386781478 -0.334516800 0.416063505 -0.110562080 -0.680975256 0.754429114 -1.707970238 -0.038505311 -0.316403592 1.054381299 -0.484316258 0.851666380 -1.569360911 -0.076271832 -0.280639013 -1.621315265 -1.824500046
-10.000225562 -9.248507624 18.031783307 -0.966408072 -0.047114729 0.217045213 -0.129332964 1.439762547 0.900243489 -1.841525482 0.913928477 -1.492011805 -0.832973643 -1.136452206 -0.404109880 0.618656906 -0.026331633 -1.443589609 2.148902482 -1.062721086 -1.245215571 -0.361403935 0.452091966 1.006788511 1.528992356 -0.611425373 -0.129584831
-9.827260889 3.093051103 10.720300856 -0.876177695 0.429812422 0.033613969 -0.215508771 -0.372209341 -0.018520252 -1.076413615 -1.048763405 -0.869718745 -0.430296577 0.601107959 -0.416627726 -0.532431939 -0.604951166 -0.686452380 -0.790688352 1.270844818 -1.350348192 1.628985834 -0.021409216 -0.381782484 -0.645805957 -0.411814533 -0.121834537
-11.365317217 -4.646930862 19.119566402 0.101821135 0.603888871 0.788712441 0.053697054 0.399295416 0.261003270 1.238377857 -0.279093165 -0.441010737 -0.038119837 -1.564692178 2.832483662 -0.683527146 -0.347176519 1.044933455 0.383453837 2.702992595 -0.613946539 0.393151519 -0.856253958 0.065149892 1.060928183 0.226860252 0.388349630
-10.663633496 -7.979451689 16.291508682 -0.257981471 0.761532278 0.124486862 0.581392442 0.106529238 -1.450704093 0.793411592 0.333394279 0.479764645 -1.090490485 -0.018278183 -0.792190607 0.598219821 1.244718439 -0.441695360 -0.000792110 -0.354160767 -0.836858345 0.759191902 -0.719521768 0.249847622 0.375109457 0.737143315 2.562188218
-5.402085360 -4.882456648 23.452582335 0.679253383 0.402084399 -0.359026555 -0.498039066 -0.719449124 1.011027729 0.361224650 0.902378300 -1.030322929 0.090037641 -1.349232999 -0.504541063 3.115869750 -0.015053453 0.822973915 1.039676545 0.378450462 0.185457076 1.483617064 -0.530781080 -0.260550877 -1.461921986 -0.156151208 -1.428972704
-2.206821933 2.181881646 20.277898716 -0.590371477 -0.128768986 0.654060817 0.455065396 -0.268446904 0.232645641 -0.957233288 -0.332051557 1.412322102 -2.911874536 -3.242241770 0.203808670 -0.265392782 1.168962935 1.397259809 -0.945492806 -1.042578135 0.879853808 -0.534288694 0.417180436 -0.601803166 1.085944705 -0.097109481 0.030743248
-0.745241871 -6.486681334 13.963758494 -0.712693813 0.227423789 0.308325372 -0.587606513 0.498490191 -1.152251764 -0.050977657 -0.789286591 1.105205153 -1.785818715 -0.531673471 0.483672166 0.367694972 2.653811876 2.130320315 -0.464710451 -0.623939205 0.292877906 -2.101342891 -0.366160724 0.627746109 -2.243738755 -0.631758813 -1.638862439
0.179133129 0.540380239 17.931676898 0.180618235 0.021545016 -0.865887791 -0.465994848 -2.233118871 -0.019543044 0.054716039 -0.969706137 0.695013660 1.129340074 0.834200226 1.363243925 1.295691908 -0.239929920 1.456179717 0.863366396 0.567124499 -0.221028170 0.681215029 -0.703864497 -0.870375836 -0.227032056 -0.059865101 0.133022296
3.085530689 -5.760124350 7.934669262 0.320188244 -0.304481853 -0.171188795 -0.880604728 -0.173620466 0.920175501 -0.387959333 -0.209739951 0.336022686 0.741251357 -1.000902516 1.157991971 1.907527374 0.315954711 0.439474736 -0.986201586 -0.893710086 0.335006971 -0.305438067 0.414391392 -0.439295216 -0.200881547 -0.952280978 0.511707780
2.269359297 -3.445599097 10.682832386 -0.126369908 -0.074156858 -0.722953893 -0.675180772 1.725576492 0.835919759 -0.172295782 -0.523348726 -0.718617777 1.797097474 -1.343051521 -0.405402730 -0.164731295 0.535688013 2.201418402 1.340571315 -0.577755103 -0.484429007 -0.736217170 -0.617899641 1.154471330 0.757115589 -2.317356516 -1.983802266
-1.507735126 -1.700073484 5.976113475 -0.602074901 0.201493181 -0.050296631 -0.770958209 -0.586912437 0.584458718 -0.017547236 0.743675331 0.754462708 1.018961723 0.908346574 -0.732939692 -1.338346619 0.230484317 0.862358515 -0.124937682 -0.875386522 1.077001192 0.237481186 1.627333463 1.365793366 0.250501718 -1.586561774 -0.686738068
-7.826784484 -7.333217905 22.248208823 -0.879006247 0.007010342 0.180029390 -0.441461540 -1.714811468 0.589916542 0.818238424 -1.465437232 1.418442382 0.209696078 0.547486307 0.656213400 -0.315271013 -0.056892382 1.012718498 -0.824027833 -1.048993308 1.437754311 0.276601949 -0.064721967 -1.388578819 1.422219021 0.449264336 1.757240066
-11.424465823 -1.559410576 18.457205498 -0.537478353 -0.401466665 -0.404584099 0.621492755 -0.423635602 -0.840087930 0.324162032 -0.879144653 -0.011244579 1.830155091 -0.152277929 -0.735381487 0.630862042 -0.420609006 -1.639520665 0.532989530 -1.720992615 -0.539915836 -0.156454586 1.780532781 1.726676298 -1.359016669 -1.177864146 -0.886835258
-8.127562430 -5.605694112 13.971110248 0.163176749 -0.021914402 -0.686350330 -0.708389958 -0.389994741 -0.519528081 -0.286347282 -0.111541738 1.987876057 0.790319225 1.497415624 -1.233793746 0.197691011 -0.837461371 -0.550257358 0.898018481 0.981285765 -1.069795111 -0.598300098 0.898051537 3.001253715 0.742832723 1.009581356 -0.224728331
-9.184956883 -9.923601298 13.628464564 -0.853178116 0.394916874 -0.063263559 -0.334851440 -0.642180531 -0.142359324 0.299090900 0.089028365 -0.811966583 0.230436499 -0.693802081 -0.109584805 -1.885476524 -0.766784908 1.177747209 1.228149144 0.894394580 -0.528096291 -1.146086470 -0.635870725 -0.918268255 -1.160086353 0.231216335 0.121571275
-3.463783274 0.336041235 13.108107903 -0.061955599 -0.533917798 -0.553477949 -0.636203936 -0.740008197 0.358868331 2.558964732 0.017116674 1.121013997 1.824837497 2.040659215 -0.436214482 -0.058691025 0.433650107 -0.790888161 -0.902062541 0.233036532 0.259371434 0.662702015 0.183002518 -0.392083378 0.822977992 1.891983694 0.240841248
-8.535605541 -1.882909820 17.997147031 0.008196949 -0.629764039 -0.048600348 0.775221305 -0.462432166 0.553365481 1.490190556 -0.879465899 2.240502936 0.635021986 -0.501256494 -1.193935266 0.421100274 0.749907556 -0.220894238 -0.733456788 1.470554548 0.618607116 -0.816564400 -0.698953510 -1.175749553 -0.829349734 1.416603977 -0.820304043
-8.038142464 2.439776708 15.539428250 0.288315254 -0.749380435 -0.178731306 -0.568646110 -0.610039956 0.444014823 -1.512524241 0.719194528 -0.051326595 -0.022936937 0.319402889 0.765272628 3.035318354 0.405457101 1.911441962 0.418839101 -1.056981982 -0.601224621 -0.707581327 0.555763832 0.727845496 -1.838502662 -0.252244241 0.430877239
1.239055598 2.361855892 17.107257253 0.709251070 0.197272895 -0.497002726 0.459385041 -1.773067829 -0.729786939 0.952900085 0.104513166 -0.772098866 1.064397421 -1.052086356 -1.643200124 1.816733532 0.447374354 1.369536265 -1.482605445 -0.508554958 1.197483000 -2.085431229 -0.171985123 -0.724943948 -1.546914363 -0.207389474 2.492545479
1.228335071 -8.198177806 21.344907063 0.045030287 -0.820733940 -0.567807615 -0.044301069 -0.707312961 1.125878243 0.441243827 1.058007230 0.918228509 0.854798653 0.022029834 0.576842423 0.032141640 2.140389793 0.494767218 -1.282439039 0.640912874 0.554432228 0.738359318 -0.731526901 0.591544108 -0.125904999 -1.801095384 -0.437208368
5.688394966 -5.259695426 13.205098736 0.815014244 -0.444622420 0.349569070 0.125952975 -2.312530766 -0.618060572 0.385797303 0.983946252 0.445500319 -1.186962781 0.556873587 0.018914333 1.829994324 0.684676510 1.137387391 -1.302418581 0.091561743 -0.761110123 -0.371072397 1.248100920 -0.193336835 0.148742243 1.009280641 -0.713546388
-4.520179333 -6.891425977 8.797051862 -0.396027820 -0.896731027 0.027904458 -0.195593383 -0.640003454 1.457251499 0.057581696 1.054434623 1.114597602 -1.740946615 -1.188124311 0.001746486 -1.274966296 1.268297378 2.167612839 -1.381564930 0.726831296 -0.031950400 -1.713405719 -0.770086018 0.238100897 -0.182529538 1.788985784 0.364200260
-8.295570270 -4.405686978 22.611773842 0.640895925 -0.285340073 -0.700478721 0.131007700 -0.233818222 -1.525099463 -0.084337762 0.855851978 -0.630662502 -0.424771653 -1.201224778 0.193552800 -0.941756772 0.588105310 0.353171193 -0.415779002 0.871118869 -0.988582859 1.231381163 -0.040049630 -0.882749593 -0.294556526 -0.846776241 -1.080907778
-11.599037200 -4.776031944 10.710066609 -0.757333689 -0.312108129 0.197095759 -0.538690506 1.655900421 -1.789698016 0.688129985 0.419566481 -2.189545507 1.288058253 -0.179232582 -0.024283961 -0.702999217 -0.001873103 1.065241550 0.397429651 -0.881480525 -2.081527566 0.174939595 -0.312421509 -0.172567122 -1.725861734 -0.544607573 -0.684654649
-5.915897310 -6.531570942 15.968256650 0.334479149 -0.482374754 -0.025550026 -0.809188169 -0.052211455 -0.534681656 0.967848835 2.023138420 0.933775848 -0.339086990 1.724821115 1.242100176 0.029400186 -0.108606347 0.204234388 -0.337548339 -0.898926193 -1.095352529 1.341686953 0.148674603 1.551733324 0.131315514 1.481631724 1.304672045
-2.139069828 1.038412830 9.899076955 -0.234350558 0.284349443 0.093885650 -0.924884152 0.280184617 -0.533336353 -0.105112741 0.198380092 0.389847142 1.018511135 -1.714028085 -0.560850339 -0.461595270 0.116255189 1.435481862 1.756416566 -0.012128904 -1.520269395 0.078974287 0.117589547 1.111517853 1.977397976 -0.535353365 0.638788828
-8.869900274 -9.136694327 18.538102889 0.932585429 -0.337929900 -0.103736220 -0.072983532 -1.099746714 -0.142424121 -0.072096701 2.345302712 -0.797548695 -1.083650669 0.903089117 -0.501338556 1.629121518 0.707569747 0.504380672 -1.528748150 0.679078588 1.603198735 1.700086607 -0.081080211 0.904819556 1.042421579 0.496669169 1.851780558
-9.714194069 -5.754082390 10.698991869 -0.193547001 -0.848966087 0.437608669 -0.224265008 -1.902640539 0.387636870 -0.053021257 0.225213836 -0.770664906 -0.239933359 -1.192031859 -0.031171814 -1.095273569 0.434355627 -0.007320667 -0.985579199 0.151215483 -1.204527814 1.210898302 -0.496139971 -1.011529232 0.188580362 -1.210566593 -0.693730614
-0.448060219 0.412092645 7.607743659 0.622798484 -0.036036253 0.281867024 -0.728954332 0.633749318 0.361116532 -0.819269885 -0.472108747 0.070142046 2.093410748 -0.725907287 -1.213152348 -0.072225971 0.126119235 0.863136417 -2.815051793 0.873318547 -0.362347471 -1.966692721 1.453998790 0.816331804 0.536310954 0.964700414 -0.119971871
-4.434440257 -8.681810585 6.480198235 0.627570090 0.475369895 0.267791402 0.555398064 0.352926820 0.222945074 1.251268106 0.286616534 -0.050148292 0.927195171 1.081505251 0.422750421 -0.953984318 -1.161774210 -0.253810683 0.044158019 -1.338316738 0.314614099 -0.673561606 0.790782285 0.380878283 1.110580252 0.457920344 -0.590473269
-6.758781491 -4.572279975 4.843622543 0.272855483 -0.344591370 0.868463799 -0.229297411 -0.164854970 -0.852060385 -0.378097770 -0.552079856 -0.787888266 -0.394296403 0.664628265 0.164445676 -0.379618271 1.448141903 -2.393564245 0.206305945 -0.795535286 1.358751431 0.013574976 0.554473750 0.566518240 -0.254930528 0.194166470 -2.206980589
-8.930495219 -3.725680332 8.752552328 0.598821697 -0.109747503 -0.677854269 -0.412167018 0.431828258 -0.646551837 -0.640563736 1.018237960 1.285836490 0.596124013 0.243391667 -0.111092937 0.377787748 1.285408158 0.443751537 1.543469164 0.627154830 0.989487219 -0.230404908 -0.327192153 -1.636287738 -1.074027732 0.884375786 0.083756191
0.193997248 -2.945027768 8.590321153 -0.170688094 0.869738929 -0.383388555 0.259678619 -0.231739006 0.618659993 0.024184158 -0.217900603 -1.498360440 -0.317070206 1.948824741 -0.284879498 0.376754124 0.371243687 -2.517209597 -1.247250295 1.273992796 -0.033701332 1.392358391 -0.351257296 -0.020504079 -0.973715896 0.690676223 -0.667716877
-11.031448602 -5.265352514 9.037259547 -0.371355162 -0.087483702 -0.557953631 -0.736973332 -0.191022697 1.527072266 0.449362992 0.120054363 -0.898519211 0.241158073 -0.507865581 1.479762369 0.361619479 0.436534365 -1.226359076 -0.460175988 -0.274736797 -0.324041334 0.329344864 0.581208583 -1.297204109 -0.427305955 0.860284069 1.291670661
-5.505287251 -9.863643142 21.766850314 -0.680775250 -0.290366839 0.197836890 0.642722897 -1.568583164 -1.303368800 0.978470789 -0.011719727 -0.528764213 -0.600725699 1.764239441 -0.570184300 0.961672942 0.108587528 -0.072047832 -1.901131448 1.655362497 0.788078047 1.239848898 0.550468233 -0.750973898 0.010225965 -0.131650853 -1.645330847
0.969819662 2.448206488 17.174481126 0.284732232 0.937397354 -0.165169710 -0.113722131 0.149511389 -1.104807377 0.172631882 1.693546262 0.860730160 0.013137408 -0.571587555 0.837831260 0.713975006 -2.663439865 -2.403359795 -1.845398296 -0.209474738 -0.345928238 1.381401040 -0.292761882 0.770263235 -0.472849426 -0.612928190 0.086096177
-4.790369892 -5.873761696 19.660435943 -0.616226637 -0.219622665 0.748164154 0.110819743 1.736707127 0.100799051 0.015422466 0.442719156 -0.330901921 0.478621069 0.075944614 1.470583447 0.905864168 -1.166602612 0.445135133 -0.335497352 0.570205900 2.397105724 -1.916496591 0.431729714 0.520049003 -0.089685356 1.602252358 -0.362331340
1.349784770 1.230457013 7.876372662 0.781460314 -0.012219335 0.097044521 -0.616240883 0.294758753 -0.720946722 0.140024865 -0.179428027 0.432366641 1.336799981 0.235212981 1.031522556 0.519880050 -0.838615677 0.280411573 0.934890729 0.284326799 -0.343320183 -1.367207846 -0.064519833 -0.427488291 -0.620488049 -1.581869323 -0.786581769
-7.520978574 -2.630977971 12.462542179 0.176164256 -0.302033322 -0.487418950 -0.800102990 0.110976390 0.021867539 0.526196745 0.363997686 0.562509088 -0.054829668 -1.445036208 -1.076792631 -0.396322788 1.420333500 -0.459914736 -0.781363325 0.786497528 1.542427853 1.900501922 -0.098757882 -0.576206570 -0.451231996 -0.853961241 -0.153311559
-5.192638057 -13.620214686 16.258592519 -0.459901408 -0.062802624 0.282041480 -0.839642262 -0.001493130 -0.578431806 -0.432594587 0.577830527 -1.463001888 0.639968774 0.589395579 0.058649314 0.302663926 1.922384143 -0.661534477 1.399504058 -0.712682120 -0.534669291 0.291496308 -2.324264396 -0.653307836 0.782456032 0.410103239 -0.955365343
-5.490881557 -2.923602308 12.237882452 -0.388555159 0.911803963 -0.129480331 0.029551068 -1.127737598 -0.379035293 0.790173150 0.407477293 -1.268871150 -0.327144730 2.104552524 0.174342799 0.515736857 -0.614890895 -1.829853905 0.291208439 -0.773438497 0.493850700 0.875436266 -0.169433930 0.041386420 0.728848607 -0.014437288 0.348328227
-7.682804074 -1.581777562 19.178466703 -0.201904729 0.327929088 -0.918999685 0.084478237 -0.247782846 0.378366249 -0.765094879 -0.141160225 1.420628209 -0.757974729 0.025637522 -0.450004125 -1.208059485 -0.340465580 0.501260239 1.147994062 -0.009738200 3.259418777 -0.347707797 -2.145261736 -0.438855264 1.296664326 -0.632406703 0.769083963
-3.172566885 2.271067621 18.633520226 -0.292659477 0.216678367 0.760646591 -0.537417603 0.532937728 -0.302467640 -0.583303344 1.810506314 1.647316222 0.622234878 1.045427317 -0.393482043 0.221821688 -0.314523822 0.559361509 0.400182843 1.444468969 0.412631233 -0.186315415 1.829732965 1.204918694 -0.375719127 0.764245013 -0.665876155
-3.721703198 -5.322033385 9.782641716 -0.204990102 -0.392287685 0.552591390 -0.706209732 -1.109746187 -2.738949442 -0.553052760 -1.379468700 0.056179343 1.272824099 0.585879675 -0.597115544 -0.356189073 1.571835288 0.305993281 0.509272837 -1.401895318 -0.815539404 -0.762863057 1.413443852 0.183498370 0.517069805 -1.358714897 0.165001794
0.012914507 4.837222017 12.890335408 0.466017276 0.712258265 0.509390304 0.126639566 0.999567341 -1.031454040 0.958769956 0.937786898 0.847369191 -0.026184065 -1.375295679 -0.497653842 0.286266550 -1.280228688 -0.095832155 0.984300129 -1.206261792 1.805168519 1.233655934 0.322202766 -0.623958911 -0.904704154 1.373114763 1.474460338
-5.227812998 0.276142055 10.651982852 -0.483060874 0.694791900 -0.498569253 -0.188002945 -1.576848908 0.096738898 -0.088940272 -1.384797920 0.685630293 1.120768078 -0.714112573 -2.344804447 0.227396782 -0.056978255 -0.197360861 1.220167619 -0.284430910 -0.125254739 -0.295339265 0.328772988 0.427675679 0.706155630 0.535774200 0.600747035
-5.143327200 4.538549694 13.818140383 0.528959973 0.674082153 0.232859918 0.459990061 0.982059717 0.623313183 -0.743638122 -0.220110090 -1.462134533 1.905781204 0.518143650 -1.812586565 0.264890986 0.719133303 -0.406512702 1.088362471 0.665231933 0.217538971 -0.464436505 0.049641897 -1.424311748 -0.057230787 -0.011781512 -0.316929590
-9.073553442 -1.894227657 14.737524123 -0.843919378 0.405610692 0.274868912 -0.218465401 1.482187320 -0.929416072 -1.609937812 2.291436427 -0.886788781 -0.876279765 0.000663730 -0.472866939 -0.521777176 -1.234573257 -0.397933309 -0.922972265 0.402823778 0.126488689 -0.409799098 -0.192208385 -0.310232413 -0.165939357 0.264165309 -0.808297271
-0.808748196 -7.763144559 12.133215068 0.405719428 0.640862462 0.215371083 0.615062880 0.089938053 0.343967378 -1.500650296 0.637007935 -0.743583848 0.333023583 -1.635781783 -0.236638960 0.680031001 0.464221817 0.534997923 -0.458079073 1.405188384 0.457901638 -0.651573170 -0.909799551 0.601734577 -0.351178179 -1.663504316 -0.821570169
-1.592397638 5.390067766 12.376184319 -0.022577580 -0.949590373 -0.280236387 0.138693702 0.309024746 0.155025127 0.137144403 -1.899147992 -1.488930235 -1.719484463 1.765349651 -1.093413281 0.803117521 -1.666643282 -1.396731066 0.172977870 1.041586832 0.243132180 -1.053482833 -0.930695537 0.846661781 1.482319147 1.521441334 0.161440163
-8.482071353 -2.253457992 20.956180366 -0.552429125 0.102103734 -0.376057991 0.736869918 -0.415010295 0.579904135 -0.822236537 1.375207029 -0.630994996 0.711152197 -0.015789163 -1.145010817 0.174150178 1.436560276 -0.371840043 -1.164424746 0.211676889 0.400950049 -0.584389512 1.740339857 -0.404406304 -1.029151561 -1.735214835 0.166873802
-0.781478266 -4.666806558 18.927933433 0.638763310 -0.664095965 -0.348434243 -0.171905679 -1.566072342 -1.387483405 0.906165519 0.127674419 -0.554085832 -1.576457225 0.829271766 -0.368820209 0.340420276 1.113325933 0.191396500 0.919264922 -0.027614703 -0.053073348 -1.366963550 0.206257308 0.517263935 -0.130602066 0.327789407 0.988298491
-3.922112584 0.375689289 19.770947193 0.633615462 0.660211628 0.114351477 -0.386750297 -0.037778690 0.209770614 0.655774219 -1.087387011 -1.357642660 -0.688520308 -0.559696156 0.805147609 0.681705664 -0.671915068 1.434849361 0.236172339 0.048182591 -1.249795788 -1.439616024 -1.379633659 -0.039209814 0.714769148 -0.528659306 0.430578640
-4.976449948 -3.368930850 15.328822899 0.164216276 -0.171493802 -0.450027725 0.860870454 -1.117430774 2.831931398 1.054787954 -0.207114633 -0.986660287 -0.649782190 -0.707955829 -1.147524561 -0.302218345 -0.906486086 -2.604328829 -0.772051189 -0.404790335 1.903505773 1.631029569 -0.548971587 0.547099815 -1.050010269 0.109806572 0.538571719
-8.312394135 -7.606185560 19.827191348 0.050928820 0.468658814 -0.757883820 -0.450973710 0.786036142 0.316305845 -1.061174021 -0.768877138 1.300221907 -0.183415607 0.228600928 -1.575602673 1.581938190 0.566878766 -1.758557850 -1.579269441 -0.044273795 1.146791775 -0.512591993 0.010177174 -1.220847871 -0.540677811 -3.218781089 0.790473943
4.847149197 -5.031053198 17.654345353 0.976343330 -0.109653572 0.103299686 0.155109547 -0.151788469 0.002141342 2.404272354 0.574439917 0.023123879 1.714656647 0.751224336 -2.663312990 -0.521576323 0.853126600 -0.295637305 0.776154988 1.719538621 0.686596117 0.477425350 -0.366582021 -0.037522586 0.624072626 0.381781915 0.489807429
-4.227214832 -7.726338914 17.652145419 0.582093975 -0.497512788 0.140788843 0.627555681 0.408783094 -1.183824591 -0.939241575 -0.108862528 -0.724451997 -0.946472372 0.405622698 -1.490572360 1.010197292 0.369973174 -0.021675925 0.225729670 -0.918330613 -1.035618844 0.456630309 0.070377069 -1.191892910 0.099509624 0.818431363 -1.021488946
-1.537333515 -2.815585239 10.757539281 -0.071653828 -0.790234202 0.588270712 -0.155991037 1.120995851 -0.385965027 -0.954630940 0.139055589 -0.113317727 -1.063481311 -1.161955552 0.461972318 -1.619873151 1.540369879 0.455515672 1.773424476 0.505048712 0.645944111 1.332834785 0.779451462 -1.432287188 0.684514490 -1.261266998 -0.772698423
-11.075716493 -3.256393756 18.322121816 0.162252466 -0.257168304 0.866397901 0.396097561 0.602694966 -0.859199450 0.084537800 -0.560906653 0.123451457 1.378812909 1.539640839 0.570065201 1.239264823 1.744864120 -2.215412660 -0.477004755 0.704950396 -1.815841662 -0.329995888 -0.248511188 -0.896312281 -0.645929691 0.399547346 1.089615318
-8.743081794 4.769171701 15.779580638 0.427779727 0.269688380 0.819816411 0.268651700 0.096593652 -0.137885457 -2.230095738 0.069640324 -0.258892860 -1.011527428 0.430103273 -0.333832911 1.921705242 -0.946001115 -1.495437703 1.259824260 0.492564271 -0.764323578 0.527562158 0.617087044 0.890743915 1.176578734 -2.269367804 -0.872574667
-6.837377265 -4.082691818 17.804290109 0.367048893 -0.545032034 -0.552272943 0.513039754 0.336851207 0.952208089 -0.207319534 0.320618779 0.657056469 0.023153821 -1.144604641 1.096143030 0.568997095 0.784843908 1.359273907 0.268756762 -0.489643303 0.771925052 -0.217066095 0.929091648 2.124372284 -0.000667418 0.470076882 0.570189964
0.354024361 -5.965960386 22.857271455 -0.046846135 0.274412668 -0.862029082 0.423566984 -0.218696151 -0.337440728 -0.253668117 -0.208253021 0.191600357 -0.528556940 1.165573764 2.167408706 0.327898934 0.200385408 -0.249443397 0.563534480 0.648104323 -1.946233471 -0.311282202 1.055423218 1.895013113 0.635554027 -1.418398632 -0.979523515
-9.283546171 -7.649585946 7.955580372 -0.299619452 0.212067298 -0.612330730 -0.700219052 0.750606581 0.114285372 0.454884807 1.570153107 -1.035706892 -0.519618769 -0.273456599 0.118212941 -0.885180607 -0.136379184 0.275473271 -1.636919610 -0.419230628 -1.439804484 -2.748102129 1.602766700 0.243977919 1.912712954 0.218473977 1.092453821
-11.568756254 -8.142642614 14.231750317 -0.447029092 -0.080640240 0.115327032 0.883380902 -1.136314132 0.220092718 -0.473510172 -0.266032780 -0.864694736 1.680208971 0.067364491 -1.956676624 -1.007996291 -1.014992007 -0.363197549 0.847589657 0.734635655 -0.590179456 -0.355683274 -1.270028121 -0.651371444 -0.246440922 1.424066306 0.041378548
-7.471717814 -1.321921437 15.586764495 0.394864958 0.910147369 0.122335141 0.027341275 0.330578159 0.932548793 0.847898323 -0.987825586 -0.545963087 -1.580908954 -0.923111632 0.425582227 1.481714660 -0.570088412 0.655675886 0.033448393 -0.596375658 -0.029056214 0.245013442 1.287373672 0.391983113 -1.325040093 1.746220381 -0.548623941
2.089482768 -3.791517186 10.803334767 -0.220202041 0.666077502 0.290369663 0.650797420 0.575075994 -0.521540331 -2.608244579 0.555130249 1.466592163 1.409471691 -0.251159418 1.221959762 -1.593098724 -0.121136050 -0.023794146 -0.545852159 0.609530521 -0.144442697 -0.325158373 -0.526682355 -1.539828401 -0.722239433 -0.769439727 1.091070499
-8.981791676 -5.109574374 21.178231352 0.511337565 0.010248463 0.341187070 -0.788682602 -1.468957591 0.571400403 0.736641092 1.492338688 -0.036325023 -0.420740135 -0.876476295 -1.946351334 -2.073875938 -1.312730074 -1.297462818 1.229897903 1.207427366 0.502895275 0.742425170 -1.124673756 -3.420305682 0.698378987 0.499941749 0.078904255
-1.884452696 -8.057084308 7.494198939 -0.034601093 0.498174315 -0.388495340 0.774400728 -0.410789841 0.238155951 -1.229139154 -0.171722732 -1.039058312 -0.543568218 -1.230688493 -0.466486273 -1.408206268 -2.510874906 0.519829331 -1.074580482 0.406053028 -0.073225368 -0.863468936 -0.518204768 1.406971617 -0.320136728 0.084083212 -1.035214689
-7.885212005 -7.423715902 13.822946513 -0.651903860 0.097278456 -0.013110922 0.751921780 -1.247449389 -1.353389603 0.919607334 0.871745593 0.099486539 1.276470494 1.157977554 -0.804406673 0.329871777 -1.347197392 0.368120407 0.378013742 0.249427598 0.254841599 -0.013476838 0.062142039 0.165636089 1.051650547 -1.737554947 0.177774289
-13.487108123 -5.541138897 13.318194563 -0.717254393 -0.095541585 0.562188822 -0.400451831 0.472530905 0.679376322 -0.059615894 -0.018296543 1.016357561 -0.584095762 -0.824040677 0.064249161 -0.740525523 0.665086452 -1.243155106 0.914374308 1.460575488 -0.560213298 -0.648359420 -0.280593157 -0.274416802 0.240954770 -0.752614702 -0.845930126
-8.553281237 1.307887968 11.069215937 -0.237787245 -0.083724958 0.405186937 0.878789453 -0.312276105 1.167540022 1.808190055 1.110670500 -1.591659413 -0.399802632 0.416006658 -0.586421066 -2.152531566 -0.483941991 -1.055825856 -0.143290053 0.078796715 -0.692196772 -0.955703224 -0.633617372 0.573820330 1.180356275 0.930299141 -0.085131966
-3.363464973 -10.546617450 8.761567275 0.294682463 0.637206967 -0.075924322 -0.708071342 0.107938679 -2.300930366 -1.701304068 -0.176817530 -0.133203262 -0.235180742 -0.396968407 -1.557836476 0.024012089 -2.268877210 0.919885630 0.046666834 -0.435701185 0.828903590 -1.624007424 -0.168718864 -0.743506330 0.611911934 -0.700989363 -0.686719554
1.073277975 -4.665899372 14.321401614 -0.645731318 0.433900277 0.325629756 0.537333115 -0.527206477 -0.598191802 0.245152081 1.976775656 -0.442434519 0.254659584 1.775260085 1.116206577 -0.186186865 -0.965246879 0.522602991 0.134482654 0.211088731 -0.242425847 0.133887051 -1.287436774 -0.016219753 -0.830709690 -1.526235474 -0.609772444
-3.667912404 -5.396843403 5.478813209 0.415147109 -0.429361737 -0.129556656 -0.791527921 -1.363957507 -0.507836217 1.109257334 -1.275100006 -0.295035357 -0.147889118 0.327589005 -0.234978059 0.396490948 -0.506240260 0.511004111 -0.128571190 0.810019990 -1.314887069 0.301395338 0.483305401 0.731039453 -0.485222601 0.326913261 0.543884387
1.367930733 0.810006798 15.149685119 0.087055915 -0.627558355 0.555432082 0.538597235 0.687173474 -0.466182551 -0.561089356 1.068115153 1.069904583 -0.629127986 1.903111470 1.762107202 0.204231000 -0.482483693 0.277628758 0.658008822 3.186988067 1.352209518 0.036769623 -0.049034748 0.631236021 0.771612219 0.432768849 -0.169168659
-1.167767387 4.329101688 14.910448281 0.241789285 0.042783267 -0.934637798 0.257215317 0.182772397 1.207663048 -0.792349353 2.250631188 0.446116205 0.277752965 -1.823028477 1.171729047 0.419833135 0.279711053 1.469909363 0.478830728 -1.196087487 -0.983717306 0.441901557 -0.164227637 -0.320080928 1.174625983 1.185907769 -0.752134718
-9.447290668 -8.959724254 8.031727666 0.215434297 -0.682222395 0.456619894 -0.528827893 1.615867105 -0.423863084 -0.509332309 0.127626979 -1.015149692 1.046216286 0.307371297 0.833224222 -0.455417289 -0.919095344 -0.046151286 -1.145916683 0.038100584 -0.549498649 0.208120720 -1.683978425 0.311549681 0.572982285 1.462250001 -1.571710465
0.002747060 -0.302066096 17.449254797 0.357359386 -0.657137678 -0.194388157 0.634568819 0.134011064 2.763165350 -1.061172549 -0.246018625 -0.441824886 0.381692655 -0.615859578 -0.109918167 0.374159501 0.335276133 1.124649568 -0.322258769 -1.486023074 -0.326616112 1.409154895 1.809590730 0.329882139 0.283659925 0.667794998 -0.306474153
-12.093760281 -7.510006966 11.045699921 -0.602171817 0.457846581 0.502607681 0.418510608 1.312652933 -0.153338955 -0.722235586 -0.314820625 1.246593600 1.380688217 -0.085059187 -1.432679344 -0.940333573 0.246996172 -0.667381331 0.048190905 -0.593119923 0.824007177 2.015948304 0.865022351 0.663973595 1.051885831 1.140904704 0.306344843
-10.830042871 0.241461878 9.177075684 -0.371792514 -0.860127161 -0.348702581 -0.018923620 -0.842614102 1.443544185 -0.772351760 -0.408682234 1.520689873 -0.861564505 0.427377184 -0.735805899 0.822755609 -0.363158835 -0.192167820 1.453177616 -0.530586476 -0.506755912 -0.912445951 1.378211674 -0.491294620 0.756992761 -0.084315833 0.919735255
-0.602935455 -6.424663515 21.917819512 0.068902943 0.420570844 0.194270175 0.883533615 1.306677094 -0.409026414 -1.581646919 1.827117683 -1.640702385 -0.264502305 0.456066453 0.548550376 -0.285733690 -0.635513480 -2.030249306 -0.580254177 -0.778862907 0.568551824 0.277365740 -0.083740626 0.373254118 0.539656300 1.739102383 -0.166071576
-0.356421925 -4.572636539 7.792921366 0.509392070 -0.616594867 0.584647494 0.136080112 0.325489881 -1.256255040 -0.122886541 1.173484743 -0.055448922 -0.306890902 -0.583035507 0.499557465 -0.187790447 0.561371963 -0.496942464 -0.918463627 -0.573222927 -0.022410093 -0.596957118 1.382955749 -0.737809984 -0.184342042 0.054337333 0.119269095
-1.608709788 1.526334460 18.211167401 0.206310815 0.924430140 0.076227501 0.311535120 -0.531550427 2.075857123 -0.754688186 -0.106172818 -0.517236657 0.724618919 -1.373010742 0.180510008 -1.100902443 1.186798481 0.123376145 1.124959315 1.287923275 1.297467346 0.861846773 -1.331451403 1.288094982 -1.573253261 0.475136179 1.608422663
0.866981705 -8.941589987 9.292651634 0.535176023 0.313972977 -0.249743756 -0.743394680 -0.768827847 -0.405500831 0.726706439 -0.385416823 -1.182907021 -0.783601361 0.129275714 1.343444988 0.351801885 0.465927405 0.449403625 0.993372609 -1.083682793 0.619100380 -0.524003965 2.022078418 1.244756178 1.029738005 -1.981015742 -0.739663932
-10.152469652 -2.087296800 11.421229928 0.642892308 -0.198587308 0.217778197 0.706983181 0.618386954 0.337793973 -1.015902061 -1.090210891 0.697646146 1.264984865 -1.709215441 -0.938879803 0.479151766 -0.627924042 0.754304173 -0.661998050 0.680854155 0.401652820 -1.808738337 -0.622618144 -0.189768587 -0.109069857 -1.537814458 1.355640517
-8.856616821 -3.544808100 8.248579319 0.024845733 0.817695029 -0.573736321 -0.039801549 0.040565321 1.809052368 -0.674418559 -0.074964071 -0.366104606 0.439480791 0.695916623 0.065351047 -0.648581914 -0.576946591 1.462791523 0.681629340 -0.082530372 -0.195345060 -0.058326888 -0.186199439 -0.276757808 -1.113170737 1.373390474 -0.055675354
-9.355322468 3.372838720 12.231077302 0.144129910 -0.160777131 0.744651259 0.631562971 -0.154295578 -0.065972296 -0.660024767 0.689359370 -0.052642203 0.771780418 0.137058210 -0.434696101 0.296954541 -2.324934718 -0.230166531 1.843368921 1.717403417 0.766384678 -0.721255354 1.573370983 1.561209872 -1.835468161 0.744603083 -1.058674473
-2.827242561 -2.457689225 17.039310361 -0.371070142 -0.825145716 0.304670556 0.297686663 0.397303645 2.429186853 0.086754841 -2.222934685 1.252101295 0.964146860 -0.455033574 -1.050712963 -2.483857880 0.230543185 0.965367713 0.404834705 -0.204753982 1.054438572 0.590046951 -0.527910298 0.684820960 0.471856964 -0.023568977 -0.459779949
-0.827276460 -2.443264517 6.990012896 -0.361054218 0.575516825 0.123553401 0.723294403 0.791625787 0.077478893 0.411503706 -0.572984971 -0.920084367 2.488592399 -1.706114664 2.189400646 1.945358348 0.132584165 -0.029515494 0.193985850 -1.235654983 0.985097750 -2.010220670 1.398316116 -1.713216954 -0.482087264 1.523995967 1.226048000
0.869351472 1.678067598 9.383498312 -0.921062397 0.050443893 -0.147718905 -0.356761263 0.198774807 1.851149804 1.090781419 -1.331140904 1.081181884 0.567198961 0.604474081 0.188239370 0.205157878 0.434491807 -0.602628311 0.170033201 -0.512844343 -0.192623449 1.071775806 -1.183169408 0.442910873 -0.789924548 -0.793344750 -0.047450440
-0.094383298 -5.794966438 11.670739170 -0.211515160 0.238047441 -0.159005635 0.934511616 1.029102050 1.031580535 -1.942548413 -1.653598697 0.732795119 -0.643076751 -0.684122784 -0.716300195 0.303264751 -0.219051443 -0.363707836 -1.037841937 0.098311440 -0.247588562 -0.274390246 -0.393021291 -1.798596401 0.477687440 0.820855317 -0.204890379
1.017234599 -7.885684086 8.344195908 0.730071798 0.004442485 0.300439789 0.613768170 -0.100011879 -0.979412931 0.641926445 -0.190830210 -0.942164964 1.433814791 0.509096516 0.195021936 0.208011489 0.236205649 0.818250540 -0.503417634 -0.554790537 -0.973906545 -0.333208023 0.555457518 -0.389300143 0.634484065 1.037054707 -0.237156181
5.224112731 -6.788031985 14.766616953 -0.155158191 0.076423188 0.648095587 -0.741658643 -0.880283313 0.128547790 -1.518158933 1.197203886 0.539979808 0.990936379 -0.180422441 -1.288899653 0.775489531 0.812518793 -0.171396253 1.307688767 0.364125093 0.175247884 1.173008214 0.375268136 0.571200750 -0.041830658 -1.142169345 -0.625076136
-7.206161298 -2.962500918 19.101053640 -0.116023484 -0.363601767 -0.232338571 0.894623438 0.529239696 1.194142544 0.171728636 -0.119927288 -1.018398418 -0.072241610 -0.592596417 2.319272156 -0.547399750 -0.219313862 0.985964232 0.123071999 0.508740591 -1.097061105 0.083551919 0.730448830 1.218095791 -0.293905989 0.463828946 0.869037562
-1.737006260 3.133695587 9.627174133 -0.363589605 -0.179553337 -0.306975832 0.861004667 -1.757225746 1.426592001 1.565660679 1.406256197 2.548794820 1.013711315 -0.331179101 -0.759857502 1.724054132 -0.950733064 0.645698183 1.867189547 1.261147117 1.097442433 1.197782248 -2.011847218 1.435511193 -0.684509981 0.653134259 1.341614549
-8.117737208 -0.526701868 18.426662703 0.034611830 0.635970756 0.338897175 0.692453553 0.154379749 0.559827208 -1.466121435 -0.018515860 -1.685134529 -0.533180620 -1.439657351 0.343508430 -0.877908054 -0.219462191 0.434108516 0.737650816 0.643092880 1.018877908 -0.280457702 -0.719164974 1.067228868 1.378614681 -0.997186148 0.723347464
-9.739512041 -9.831435830 9.718494730 0.793578050 0.191696550 -0.306513381 0.489424007 -0.055595224 -0.993194612 -0.094551535 -0.081639487 -0.282193937 1.047301335 2.356916019 0.603309929 -0.147182742 -1.534487266 -0.363951251 -0.194378258 -1.079554300 0.917548842 0.287935009 -0.649945090 -1.298845248 0.276319484 1.482179650 0.897660370
-4.631582744 -8.870833722 7.241915461 -0.173980211 -0.377850728 -0.521821867 -0.744756103 -0.930713214 1.591409181 -2.586462846 0.793497290 0.250594367 -0.171812149 -1.192950427 2.432971470 -0.504133193 0.835624394 -2.365406771 1.375137441 -0.259711739 1.126244004 1.368320750 0.791596506 -0.507874347 1.608901103 -0.839863976 -0.512888492
2.504260214 -5.472942890 15.478022519 -0.027191740 -0.829795283 0.543612790 -0.123229591 0.079335800 -0.153502745 -1.379574535 -2.743994672 1.521608275 -0.391881822 0.025637946 0.492104158 1.918739662 -0.773500052 -0.598129849 0.170207321 1.110001782 2.147989082 2.110058315 0.311853421 1.104959298 -0.445841544 -1.167488005 -1.673598362
-4.346682900 3.247819783 19.645210124 -0.227449063 -0.680622999 -0.624306022 0.308644210 -1.259506286 -1.178245171 0.017995576 0.032759700 -1.472223785 0.871544272 0.238692491 1.229154623 -0.834523035 -0.732374589 -0.675125381 -0.865030615 -1.922156476 -0.018543380 -0.561596997 0.015482973 1.007573598 0.908858100 0.130422443 0.579314987
-4.774155195 -1.810950715 20.368235981 0.783697851 -0.182857594 0.502843792 -0.315482012 0.730778742 0.152597131 1.476276446 1.874058209 -0.234550690 0.917087341 -0.721197040 -0.405917436 0.414976648 0.305677403 2.024094068 -0.788045633 0.299274409 0.164625097 -1.311887023 -1.704302621 0.129074388 -0.251664847 0.872777877 1.368042737
-8.692138643 -4.832069936 21.827066664 -0.156136887 0.170717388 0.862472203 0.450131698 0.565080920 2.225241779 0.497647582 -1.718042505 1.527054516 0.541697423 0.119019034 0.354973557 -1.634130421 -0.321704442 1.844979788 -0.550711055 -0.053437611 -0.994129953 0.045741992 0.905655901 -0.196477754 0.310596496 1.684305616 0.148669103
-7.058199881 -9.205589114 18.014743856 -0.464063221 -0.158976433 0.867603528 -0.081461277 0.529663215 1.423665835 -0.510938090 0.879736629 0.347270503 -0.872168926 -0.997725500 1.365042661 0.393672632 0.934222425 -0.180590500 0.198583273 -0.562240796 0.686926019 1.114553446 0.576163727 0.692280342 -1.012658935 -0.641919013 -1.708068807
1.547424103 -7.037293047 11.464436077 -0.635322405 0.328642467 0.692982828 -0.090190744 -0.525327989 0.314516221 -1.369322201 0.612398641 -0.309205561 -0.477458057 -1.842170964 -1.296039694 -0.379377282 0.003507673 1.090690315 -0.734425589 -0.474184023 0.644790934 -0.321461940 0.778324733 -1.055788982 0.063052369 0.972872666 -0.640363758
-0.691648603 -1.599376515 22.169454304 0.740491560 -0.380393432 0.434849311 -0.343335351 -0.307867560 -0.191733996 -0.040396817 2.092692649 0.177875125 0.785762134 0.050797926 -0.015869678 -0.115449034 -0.694397096 0.499543714 0.966147341 0.036586205 0.087986633 -0.082304284 0.659487828 0.279014464 0.574550074 -0.905600939 -1.128641886
1.176717911 -7.402134260 14.150467991 -0.064167279 -0.270975417 -0.957727491 -0.072200664 -0.577079043 0.417251958 -0.881482515 -0.837976103 -1.121420764 -0.288379840 -0.293354649 -1.804370795 2.851359465 0.413206747 0.556636757 0.493381407 -0.566616764 1.372969744 -0.167561303 -0.880213551 -0.110348006 1.721896495 1.058086694 -1.103257544
2.313471502 0.425828128 12.941629008 0.706287559 -0.235616783 -0.266039115 0.612262857 0.036928756 -0.036262791 0.493285833 -0.043558183 -0.822720516 -0.356506156 -1.719162993 -0.482225633 -0.022130021 0.149030225 -1.076270704 0.009640860 -0.048159416 1.442197032 -0.674709538 0.085730694 1.114432430 3.050830475 0.192768644 0.825836795
-7.733088687 -2.662124125 8.256193260 0.607075464 -0.315675924 -0.037592615 -0.728282148 -0.955238904 -3.145647855 -1.136285948 0.111902271 0.052650166 -0.459153700 1.697631199 1.540978933 -0.899933573 1.287141168 -1.030023907 1.725883860 1.938528035 0.383554913 -1.440667777 0.457729925 0.073722982 0.026509221 -0.265632708 0.145089181
-5.603279958 -2.725897160 10.595451505 0.423459220 -0.620418705 0.504727905 -0.425455828 1.142650082 0.040534300 -0.560185372 -0.331865750 -1.160691459 0.110012933 -0.272585319 0.179074465 -2.423664328 0.885745672 0.411184301 -2.049021561 -0.629658004 -0.068064230 0.932249051 -0.885000086 -1.034504674 -1.141919748 1.359667512 -0.438806462
-4.899000211 1.310792693 12.979028345 0.058011316 0.649163198 -0.758414786 0.005370449 -0.334786694 0.474258940 -0.345926871 0.046003393 0.895718047 0.991423970 -0.059629805 -0.784424305 0.302676090 -1.012799841 -1.327092182 1.748143400 0.337695147 -0.089357335 0.621884809 2.404603850 -1.215256039 1.033577057 -0.689291378 -1.010536141
-9.323180673 -10.215359065 10.618952574 -0.198581315 0.525911032 -0.758220548 0.330279652 -0.509586777 1.069303072 0.083886086 -0.388010386 0.967834034 -1.099084189 -0.914966211 1.083790760 -0.021203600 -0.019441226 0.171772503 -1.045650252 1.337813691 -1.724584969 0.827913594 1.365801916 -0.453793153 -0.788184711 0.152243800 0.875880498
