-16.221112793 -14.895596014 -34.032361410 0.197824716 -0.548953132 -0.809561266 -0.064237043 -1.266873044 1.164655778 -1.941183147 -2.032256153 -0.717529977 -0.012049267 0.316626021 0.145240288 0.290342726 -0.910168971 1.103492585 -1.698886443 -0.314481904 -0.157779021 -0.754285092 1.622703865 -1.217265235 0.815758530 0.853601598 0.327539221
-11.976278099 -13.447931255 -33.828780171 0.950689785 0.235256862 0.110865465 0.168973341 0.645702364 -0.477927581 1.374004334 0.098274691 0.446353375 -0.473334523 -0.254561812 1.108466987 0.206961694 -1.286955808 0.109274370 -2.302748346 0.624635162 -1.725899470 -0.575345355 0.795237546 1.563225316 0.698402901 1.090417104 -0.171009116
-12.751767572 -16.466924544 -28.132684744 -0.904428003 -0.135262442 0.203642671 0.349633696 -1.714167368 0.443739954 -0.641970034 2.367111565 -0.909572367 1.840400738 -0.441420739 0.928523228 -1.684045887 -0.956863600 0.495478704 -0.478218122 0.069291019 0.673272120 0.245334192 -1.168144165 -0.694620094 0.056685748 0.492171307 -0.010367622
-7.691163956 -9.451445334 -27.529379997 -0.214899535 -0.636849013 -0.089922026 0.734952756 -0.217507169 0.914649791 1.369713718 -0.067190248 1.717740651 0.227039790 2.117509990 0.244448199 2.041179438 0.761196637 -0.705883137 -2.255848135 0.626250386 -0.245020359 1.747485983 -1.819885391 0.223152466 -0.009950815 1.206373338 -0.207048218
-7.978492203 -7.157239804 -27.853029992 -0.048242452 -0.137945989 -0.230465114 -0.962044386 -0.209707742 0.612080147 -0.974274872 -0.264414166 0.139379275 1.405507705 0.758234900 -0.062644363 0.850770699 -0.082211694 -0.901456857 0.393535934 0.764827452 -0.464821055 1.040834604 1.043489292 0.095190779 -0.154402286 0.342875685 0.685275870
-3.569358694 -21.301255611 -32.514490650 -0.162473039 0.041135777 0.780217075 -0.602637266 -0.238026023 0.733319952 0.828256040 1.828026084 0.885614381 0.443320997 1.612394914 -0.657679644 0.106033291 0.675192408 1.331455367 -1.326213767 0.974940325 -0.405086958 0.443914800 -0.904949893 -0.196319091 0.065307934 -0.258517200 -1.011236688
-11.201687311 -13.888301911 -30.731560843 0.450989197 -0.775563584 0.149168552 -0.415762691 1.589431567 0.649678741 0.635113382 0.305831287 1.008897241 1.707683622 -1.324480868 -1.187286266 0.276711796 1.823009528 -0.159477087 0.634564936 -0.184474418 0.828514389 -0.346034648 -1.408507316 0.661613984 0.285169171 2.614935920 -0.575340389
-6.368831530 -21.508714884 -20.239681771 0.347760536 -0.072847028 0.786233915 -0.505561223 0.500091377 -0.517308325 -0.881433624 0.306089206 -0.540540795 1.234884960 0.602805186 -0.488186706 -0.304162952 0.213000244 -0.526793258 0.981294947 -0.142980980 -1.036820511 -0.113158125 1.373751214 -0.187513728 -0.836869677 -1.824336841 0.592755253
-8.022158502 -9.859667500 -26.416460082 0.557132014 -0.775585064 0.072847332 0.287689056 2.015549684 -0.784036353 -0.890997777 -1.793411603 -1.148267736 0.133342313 0.766467878 -0.421192807 0.682244730 -0.831368488 0.288483356 -0.898136917 -0.113548334 -0.782384405 -0.200851828 1.241743110 -0.134749152 -1.038503759 -0.379399258 -0.684247551
-12.666287975 -13.387110571 -27.873320392 0.551624988 -0.049418009 0.301076098 0.776286620 2.277470016 2.015883949 -0.250987127 1.600989308 -0.743783980 -0.685703813 0.520503369 -2.190500503 -0.316041643 -0.862679325 -0.414270791 1.607526367 -0.345731001 -1.872521751 0.708359832 -0.679847024 -0.948950013 0.738688331 0.082766956 -1.539069665
-13.561719564 -19.284395893 -33.170499009 -0.184470459 -0.338198914 0.023903742 0.922507862 0.479886604 -0.347199005 -0.929752874 1.324348783 0.213105612 0.716192454 -0.774085467 1.092555925 0.710433427 -0.515432319 0.985579112 0.807526765 -2.722141368 0.086551773 0.556866186 -0.232450416 0.260809306 -0.330531035 0.802848739 -0.385387749
-18.026585558 -13.271338019 -28.841042087 -0.802558127 0.533221829 -0.067694711 -0.258828824 0.102136538 0.981548670 1.746706054 -0.361143120 0.631546522 -0.067456528 -0.675462160 1.570307042 0.893269906 -1.840091818 -0.361417541 1.575126627 1.164020056 1.926534742 0.040677567 -0.760651305 -0.708975162 0.364149590 -3.530766727 0.439670963
-10.398734163 -18.958713365 -35.223458805 0.481354215 -0.812772450 -0.302491907 0.127270224 -0.103530595 -0.680592391 -1.978597952 0.766678615 0.816497703 -0.584900827 1.627880734 -1.097626268 2.153937028 0.469312487 -0.381638509 -0.168273274 0.591109013 -0.827083321 -0.367859151 -1.161040258 0.612192063 -0.116178722 0.281858579 0.145867732
-3.723682505 -13.654215425 -28.827992028 -0.430539684 0.448780214 0.182814412 -0.761453078 1.143004621 0.889881828 0.070890489 0.742352593 -0.568193476 -0.092919649 -0.302839339 -0.233370980 -0.049790966 0.592339262 0.756963584 -0.604705999 0.442840889 0.323899912 -1.161209420 1.481905825 -1.434718518 0.794138819 1.090173694 -1.894049203
-14.351100294 -12.467276223 -22.919800388 0.115148975 -0.515844689 0.708890019 0.467033094 -0.699977815 -0.445449251 -0.400980093 0.541010968 1.647484273 -1.374441650 0.019140281 -0.144127814 -0.243134030 1.268629981 -0.838605470 -0.568963807 -1.527369707 -0.678062545 -2.109256978 2.549839814 0.481995706 0.424579849 -0.881275747 -1.658363296
-7.770353074 -16.925728476 -23.814932228 0.333214123 0.883824689 0.010964538 -0.328179898 -0.591504385 0.998187582 -0.483768472 1.409110494 1.296030304 -0.996866192 0.692752667 0.352867472 -0.279138119 -0.759356629 -0.297635461 -1.445793121 -0.437384191 -0.631562497 0.071326116 -0.060450107 0.407955076 1.265779856 -1.012167394 -1.056518515
-13.199333141 -18.975341314 -21.554880635 0.285345605 -0.617440567 -0.414777977 -0.604404055 -2.145078117 0.635259952 -0.491755844 -1.031446427 -1.211366260 0.615001182 0.727630377 -0.658005267 1.376565877 1.881739015 -0.471696317 -0.166948737 0.348639596 -0.568442729 0.192842085 -0.354259569 0.174580345 -0.087928018 -1.326309569 -1.709673523
-11.914260523 -24.821776340 -26.236940575 -0.402503381 0.468450494 0.621818709 0.481546111 0.127375451 -0.663733176 0.106485517 0.357614430 -0.770007476 0.950237274 -0.188145343 0.000922587 -0.411322054 0.360721892 -0.990740135 -0.328072181 -0.435952674 -0.192482844 -0.016212392 -1.587928233 -0.424244113 -0.647722398 0.301032716 0.886309434
-17.498414718 -19.421035288 -25.283719002 0.039955650 -0.403155698 -0.830205521 -0.382920126 -0.474971441 -0.471057254 -0.017367634 -0.357817990 0.267449679 -0.683749708 -0.096230343 -0.937376106 -0.106292172 0.265655623 -0.350836556 1.578374493 0.028813000 1.279814189 -0.840319819 -2.272951152 0.327070502 0.239934637 -0.006356828 1.334264511
-3.372576746 -18.456490117 -22.216916138 -0.176539325 0.434330079 -0.306294169 -0.828477598 0.381226405 -0.395405786 -0.597479200 0.850397502 -0.552464839 0.654213329 0.400632996 -0.333873556 0.001538377 0.705366167 1.169953690 -0.171046570 1.200171861 0.541762098 -0.399426902 -1.133863729 -0.082996378 -0.182266255 0.718756511 1.134664560
-11.049370690 -12.084664271 -23.107653953 0.864163151 -0.193827646 -0.174948791 -0.430169515 -0.693630141 -0.159462265 1.230349191 1.430755736 -1.204380128 -1.034881885 -0.388123127 0.517840027 -0.445248035 0.368770269 -0.481326334 0.316934736 0.196573988 1.419005849 -0.424394018 0.496056508 -1.996686316 -1.675026443 0.578710796 -0.538004558
-9.917321655 -22.432657601 -30.614089229 0.036218224 -0.579466171 0.813518206 0.033095706 0.444799128 -1.071057761 -0.262151054 0.409907261 0.782418305 -1.198945862 -0.746112586 0.161321977 -0.346285155 0.671174379 0.374028846 0.680170138 -0.892491672 -0.201786413 -0.008534779 -1.371647604 -0.025879091 -1.005890333 0.953604733 -1.529745197
-15.028181426 -23.369961451 -23.452765498 0.311700516 -0.516415387 0.052304585 -0.795878236 -1.790645340 1.053586363 1.031450287 0.843034732 -0.847779372 1.382220294 -0.038424767 0.124984514 2.159440962 -0.826583069 -1.156523264 1.227992911 0.978764538 0.899778393 -1.295797039 -0.313846041 0.447301139 -0.954939459 -1.477778588 -1.382451558
-12.097157548 -16.182483672 -25.571421356 -0.792790499 -0.292946009 -0.534126294 0.019363968 -0.799118725 -0.509647525 -0.204539786 1.201380404 -0.454857513 -0.410318229 -0.400508233 -1.325999925 -1.178381011 -0.359147038 -0.702083155 1.773611758 0.679053699 0.942821018 -1.678170603 -0.407919277 0.580236085 -0.574349482 0.137072591 1.417859440
-5.712243572 -19.644978489 -20.857118151 0.473867065 -0.453394585 -0.692726426 0.300022423 -1.005589868 1.236465195 0.835839053 -0.893566897 -1.160050956 -0.507501161 -1.279339508 0.202105685 -0.169407287 -0.855538299 1.612318324 -0.085670027 0.678543600 -0.549001412 -0.346937701 -0.396209302 0.016609360 0.154544261 0.586723730 0.701932322
-3.433576507 -20.762736555 -28.726012481 -0.668635513 -0.508902223 -0.297089911 0.453522505 -0.953984462 0.681860990 0.248108813 0.711980078 0.028106405 -0.369504236 -0.056775595 0.035701569 -0.119264460 -0.241589810 0.578064128 0.131559996 -0.059005178 2.091977828 1.140689427 -1.374771420 1.870805212 -2.153009038 -0.626264900 0.726799840
-6.285766191 -19.735290934 -19.085731126 0.761354208 0.128311865 -0.335046021 0.540018517 -0.074127971 -0.697150910 1.255179269 0.755587825 0.610807268 0.005994341 -1.068633676 -0.841502652 -1.263802733 0.865204784 0.113199857 0.453190371 -1.020558727 -0.054741004 0.101214156 -1.913250474 2.751734682 -0.490770549 0.621614569 0.369128063
-11.494126362 -8.186100854 -28.451281959 0.094366837 0.661560767 0.274686230 -0.691360778 0.003619281 -0.865759044 -0.211880741 2.461714550 -1.334251403 0.184606544 -0.676146017 -0.473731473 -0.304424227 1.916728312 1.353909869 -1.354359307 -0.516760072 -0.502208664 0.880141083 -0.429122153 0.312424811 -0.230990828 -0.851085370 0.511850390
-12.297385345 -9.905314469 -21.555024597 0.732088761 0.029590042 -0.231027894 0.640153566 0.792664963 0.818979731 -1.196259011 -0.952608836 -0.742791473 -0.791851585 1.309704963 -0.194457095 0.013784214 0.704581735 -1.894364340 -0.427551826 -0.953517858 1.204016186 0.305962917 -0.837867385 1.442127889 0.236031660 0.589824404 -1.640830545
-12.266688694 -14.233910914 -30.937191183 0.717737948 0.671444482 -0.172881925 0.064236949 -1.339101278 -0.730749282 -0.091769549 -1.747751561 1.870093862 0.520556271 -0.915112748 0.667434062 0.909762373 0.653826200 0.117106712 -2.377498496 -0.677148894 0.446703257 2.003244885 -1.319730196 -0.101757698 -0.449420318 -1.512923849 -0.033054219
-10.457525362 -8.630482748 -27.521884329 0.689118923 0.564760206 -0.408197235 0.198836709 -1.232189319 1.365847098 0.766119090 -2.283427091 -0.386660160 1.162601741 -1.462749469 0.540825740 0.235070759 -1.029509869 0.208956232 -0.303262495 0.616732880 1.853596305 -0.630490589 0.184062277 -2.170405061 0.760495166 0.271563817 -0.259863269
-13.969882920 -10.543434715 -28.802164631 0.082882361 -0.695463450 0.122484044 0.703177619 0.533234980 -0.099631994 0.768737566 0.076494128 1.060679281 1.126642279 -0.850071738 -0.315919840 -0.098187430 -1.497456637 -1.141651024 0.879545020 0.378392063 -0.726359357 -0.476955464 1.925037548 0.155579589 1.038316330 -1.519733731 -1.030204516
-11.035597480 -17.342851676 -23.896887120 0.986874123 0.132355998 0.092508960 0.001856720 1.040653606 0.480906952 0.923626861 0.105349061 -0.853457211 -1.330215007 -0.265276790 -1.488901093 1.962211288 -0.407892296 -1.424247073 0.297960908 1.619023654 -0.340342778 -0.049234241 -1.681987528 1.050554260 0.221368070 0.517710429 0.438965174
-13.285062402 -12.393190475 -22.784089674 -0.670936581 0.351842391 -0.630439505 -0.169106676 -0.090498845 -0.533086568 1.318965022 0.559228141 -0.371073848 0.288788602 1.286973107 -1.171706598 -1.640822778 -0.419999679 0.996929323 0.539411899 0.368037576 -1.202020033 1.197568153 1.020074311 -0.814616351 0.202307769 1.077725304 -0.279221369
-7.349725249 -14.547942915 -33.635151567 -0.803177962 0.038547444 0.593330562 0.037122773 -1.857557078 0.681271484 0.344649370 1.537314135 0.912553409 0.511148940 1.517443977 -1.180057151 0.774474093 0.898236892 -1.010961297 -0.462671370 -1.656877763 0.902761922 0.321157511 -0.214572793 0.082560845 0.528700500 -1.248438337 1.832157784
-17.533850834 -19.735070605 -20.595484413 -0.438021991 -0.236515152 0.866781889 -0.029773718 -1.061953953 0.742178226 -0.426008404 0.195650479 1.570319600 -1.574379253 0.100758226 0.305080610 0.780398671 -0.743999281 0.991740474 1.074283805 0.168752281 1.159099947 1.212150909 1.229949125 -1.633481827 1.247462422 -1.643410829 1.065277995
-2.932977815 -21.338569936 -28.068339021 -0.528150818 -0.484942546 0.115466725 0.687426270 -0.171387517 0.011696415 -0.375612401 1.204241228 0.000908562 -0.306871468 -0.637052456 0.232790066 0.526237613 1.044425971 1.186247417 -1.532689250 -1.025787628 -1.192320688 -0.008562687 1.483738493 -0.314057116 0.198731463 -0.002480453 -0.549970253
-14.547570471 -16.243678615 -26.174220068 -0.181603510 0.544301629 0.814133692 -0.089119210 -2.446191348 0.814825203 -0.589944053 0.639458474 1.187744241 -0.526912543 -0.496463929 1.514558793 1.202520967 -0.720363854 1.893124591 -0.445500934 1.257893313 -1.169268380 -0.556117495 -0.405934943 -1.191513231 0.237430083 -1.871840695 0.388018541
-7.637327046 -23.660249571 -32.477533680 0.296703267 -0.499537360 -0.649860490 0.490011163 0.444126057 0.231479640 -0.874566771 1.455233279 0.615699158 1.029571504 0.128935347 -0.928642618 -0.228346112 -1.329138030 -1.164617997 -1.151893946 0.098986821 -0.056431690 0.573315564 0.442227300 0.634776520 -0.323403942 -0.226651280 0.806381610
-14.274884727 -21.651833216 -21.383398908 -0.679663480 0.659994389 0.239231481 -0.212681120 -0.618430908 1.076864013 0.722588692 1.786564214 -0.874018686 1.091606084 -0.237359084 0.212146511 0.264059044 2.054999097 -0.383359103 1.031612169 -1.022644373 -1.380783553 0.145376175 0.042457394 1.786926011 -0.746591955 1.411294345 -1.120780485
-17.524791385 -17.899260084 -33.019163434 -0.092483967 0.447547090 0.867715746 -0.195493482 0.532473650 0.933562522 -1.006098755 -0.582341874 2.388588973 -0.019723281 -0.502432384 -1.742321284 0.020880842 -0.037891174 0.026875946 -0.118143798 0.456191908 0.112794365 1.891510324 -0.202061811 0.446189185 1.525589930 -0.520718156 0.722124615
-9.921151136 -23.653438265 -33.758395638 -0.462897870 0.239451322 -0.819000687 0.240055205 0.000933295 0.686519142 -0.600173938 0.386820290 -1.412475344 0.184875221 1.064410882 0.682638363 -1.158178947 -1.521023511 -0.560476463 0.486898639 -0.848913040 -0.261684273 -1.379051069 -0.742207641 0.067029363 0.033480542 1.269641756 -1.396416437
-13.179220169 -16.509914178 -18.779144623 -0.641035648 0.313737718 0.558623898 0.422588787 -1.017296380 0.992444033 0.517219256 1.165752629 -0.798883577 0.099174211 0.869398218 -1.110066459 0.998505842 -0.573010612 1.200245400 -0.864509048 2.124164966 1.223090382 -0.551872881 -0.877266525 -1.029987921 -1.872769034 0.438628912 0.277234904
-14.403132459 -15.108620784 -34.735497285 0.618553772 0.046392837 0.313009723 0.719210573 0.456885045 0.366812730 -0.546286072 1.226568458 -0.295191867 -0.601505116 -0.985951074 -0.557641627 1.449282803 -1.174388821 -1.430538988 0.366721441 -1.367007378 -0.241426906 -0.475316681 0.073082541 -0.811104249 0.929809984 1.110106293 0.398245156
-12.552513678 -7.809257508 -29.538076704 0.012556299 0.132125690 -0.962986028 -0.234612557 -1.048283166 0.615398385 -1.620034861 0.547236001 0.985101648 0.145509087 -1.296412197 0.242069862 -0.181755568 0.099603182 -0.239640251 1.165573065 -0.897926478 0.495356453 1.035496640 0.614474911 -0.465089682 0.866884092 -1.137918074 0.694603788
-6.644303094 -13.464524813 -29.027848324 0.802509447 -0.159204080 0.035724812 -0.573895797 0.132162073 -0.253438570 -0.249938032 -1.371603156 -0.495944459 -0.022786730 -0.095328623 0.065311089 1.777475063 -2.017363695 -0.102056386 -0.392407024 -2.644337927 0.443893138 -1.878695201 1.939670946 -2.240686509 -0.689384601 -0.826915463 1.652625459
-8.467109014 -19.257488212 -19.036156517 0.719409869 0.576506039 -0.331571525 0.200376024 -1.050965468 -1.053628400 0.110658273 -0.479729005 0.246368188 0.645994834 -0.796418883 -1.423322312 0.159341470 0.345011708 1.189833778 1.302742667 2.689658937 0.287887528 0.733085863 -1.863888300 0.044638438 0.370965360 0.978960296 0.133586705
-11.639039214 -8.117259943 -28.758925710 -0.503700467 -0.742546540 -0.238101075 0.371777291 0.877897547 -0.263595611 -0.081887094 -0.722446831 0.643404836 -0.347736419 1.482895447 -0.877587616 -0.068391387 -1.094526389 2.632482188 0.335637348 -1.648946409 0.437534875 -1.630024901 0.206908971 0.737173286 -0.132071331 0.262285277 2.635561668
-19.796693359 -18.255666179 -28.824799270 0.482456180 0.717092821 -0.186651420 -0.467092248 1.686968924 -0.916851947 -1.088679861 -0.022322982 2.239986613 -0.606378298 -1.674853573 -1.159713762 0.188756693 -0.203769368 -0.575830325 1.003933558 0.790091398 1.792671621 0.204678153 0.488589620 -1.163277800 -0.675733136 1.465044601 0.518386948
-10.541056688 -12.667531290 -33.502692472 -0.293549897 0.172073456 -0.819937147 0.460350149 -0.989293647 0.050724119 1.117268167 1.687260422 0.455098358 0.580084396 0.664018042 0.896485991 -0.203283551 1.112758522 -0.048500350 0.037670927 1.205712184 0.316839648 0.414394227 -0.093412308 2.347814041 -0.646763284 1.076435942 -0.672943810
-7.612862604 -15.315414312 -19.132762711 0.180336316 -0.638308500 -0.046578160 0.746907991 1.341625968 -0.215500973 -1.114804523 0.578439423 -1.168448037 -1.760278179 0.805571502 0.048148834 1.297372013 -0.203804037 -0.639553734 0.480462536 0.469907650 -0.262772321 0.640752393 0.146741510 0.306349784 1.092883412 -1.129011358 -0.272790826
-10.426847293 -9.570631739 -30.109368181 0.240232083 -0.819915991 -0.490765346 0.170808923 1.229109410 0.715316759 -1.372896758 0.900460180 1.577228205 0.533048737 0.013193823 0.650238869 1.005717616 -0.403387449 -0.636927464 -1.269385539 -0.677632465 1.634922023 -0.351670609 -0.172311596 0.328176664 -0.312429201 -0.034113747 0.093401897
-12.731124361 -22.562855089 -32.707799176 -0.386823548 -0.824700167 0.230652859 -0.342105885 -1.296390670 1.029310021 -1.997828705 0.321367031 0.351357394 -1.340263097 -0.845073725 -0.657233824 0.874743812 -0.961779335 -2.820149905 -2.142078574 -0.101999738 0.034284241 0.843031453 -0.000272313 0.032738695 0.747221766 0.342364027 0.555406284
-6.546462975 -15.399479456 -29.757024160 -0.608672859 -0.300070267 0.712658713 -0.177743480 0.375111820 -1.375529906 -1.213900551 1.030752929 -1.348660244 -0.590872771 -0.940088615 -0.424995980 1.675078961 0.662612143 0.941424268 -0.061723706 -0.894660027 -0.775763356 0.331567118 -0.626514189 0.740496029 -0.466761950 -0.356608569 0.237044519
-4.147007407 -22.146554700 -27.690413574 0.785252508 -0.038345498 0.578294292 0.217907855 -0.305622755 0.000860948 -0.418454274 -0.374499734 -0.865843274 1.614838526 -0.044813896 -0.503162415 -0.573528928 -1.552042314 0.034471177 -1.014764366 0.155997187 0.014168683 1.416094249 -1.871306855 1.345944352 1.676982810 -0.773619598 -0.144462961
-5.099801124 -13.116349558 -33.677732568 -0.023191766 -0.120872700 -0.976454998 -0.177165372 0.881663168 -1.642054168 -0.211818572 1.221701409 0.043768971 0.433266105 0.049369577 1.944089430 1.927411360 0.617755639 -1.441699073 0.434303682 -0.326234780 0.902402871 0.755906572 0.485245522 0.465726803 -1.422173115 -0.693505142 -1.061319331
-4.383298174 -22.017088384 -28.136314998 0.548773866 0.252873291 -0.761477646 0.234636180 -0.441114021 -2.031912329 -0.688103599 0.783079882 -0.904751516 1.017714182 -1.024632633 0.883633217 0.841995896 -0.330608498 -1.971463837 0.401166032 -2.295435886 0.435979183 -1.014105575 -0.518902925 1.540857342 2.662291101 0.896632363 -1.353396697
-16.491626191 -23.452388104 -23.718132771 0.551421428 -0.601140518 -0.388438107 0.428579425 -1.157901559 0.740646471 -0.345526986 -1.289145566 -1.441891971 0.536911323 -0.864909889 0.395336146 0.539817065 0.942142351 -0.891091291 -0.316234165 0.482248220 -0.935309870 -1.213990746 -0.103461993 0.780618624 0.785043301 0.014798920 -0.084190845
-8.414681421 -13.882069941 -25.308717439 0.062372476 -0.409305357 0.658920582 0.628014702 -0.646149638 0.423089175 -0.014230600 0.665872724 0.581928641 -0.348352298 -0.271448520 -0.986827789 0.802518426 0.224286079 0.827086559 0.937358424 -0.305439188 -0.021297720 -1.310059710 -0.952093602 -0.495362776 -0.317704619 -0.512875549 -0.746082695
-16.026515424 -19.322482748 -24.248011356 0.117352850 -0.827737313 -0.480816121 0.264376828 0.283231346 0.669682435 -1.055842236 1.917831388 -0.085429160 0.264505511 -0.903707850 -0.581935447 -3.083428905 -1.882680301 0.603325598 0.812274760 0.105556689 -0.096497004 1.811654779 0.438272931 0.612026026 -0.919253378 -1.156775908 -0.437495562
-11.422775725 -14.544003588 -26.195134758 0.627996340 0.609543647 -0.483789095 0.005025056 -0.111425272 -0.321476319 2.011526547 1.898003849 0.612572966 -1.285068141 -0.492327524 -2.026828175 0.216913473 -0.229348193 0.450464880 -2.755745983 -0.975926406 0.433092855 -1.452397914 0.838501775 -0.140143818 0.492740106 -1.251463366 -0.564012331
-13.355517826 -24.078847556 -32.015066795 -0.453632241 0.069612484 -0.172964837 -0.871467187 1.019895675 -1.327058225 0.471752288 1.725310010 1.051839653 1.424560010 -1.509334279 0.772390862 0.352262191 -0.653810505 -0.278728105 -0.358344807 0.749008035 1.022848601 0.771664827 0.473324152 0.174127406 -0.224230345 1.047657726 -0.954440678
-16.600110144 -16.671284555 -23.284509170 -0.220568318 -0.497857981 -0.686959445 0.481221122 0.735390749 0.039720352 -1.166015833 0.293094042 -0.128209542 0.200181183 -1.171040556 -0.442508821 0.855586052 -0.943537185 -0.158411119 -1.776470309 -1.925533442 -0.416035727 1.464773009 0.306236106 0.357577270 0.652129662 0.137132902 -0.357942273
-7.107846823 -18.273969553 -31.514290243 -0.008493755 0.849470611 0.527535670 -0.005801271 0.415788241 1.615912779 0.521303774 0.860092070 -1.857234618 -1.198508534 -0.395906302 0.025491033 -0.659134898 0.352161443 0.527576475 -0.389502063 -0.380706217 -0.615067249 0.597619161 0.532134624 -0.502233776 0.809326171 0.063685647 0.723403273
-11.543272064 -21.066208438 -30.152504578 0.144920225 0.860903111 -0.293667317 -0.389362900 -1.486309829 2.312841856 0.448205056 0.148051344 -0.643163430 -1.405672348 -0.284412438 1.479972199 1.032943969 0.215135655 -0.119714008 -0.202014819 0.142299781 -0.689263786 0.473946233 0.225142787 -0.078436898 1.222963032 1.178495038 -0.680390131
-9.290630706 -11.404839182 -19.133782620 0.927580993 0.277191404 0.114669328 0.222731614 2.149240098 -1.509958883 0.064444949 0.366551306 -0.101905384 0.759884185 -0.200680919 -0.311376721 2.014865290 -0.696032405 -0.185223608 0.479756304 -0.798646725 1.606571032 -0.001240175 0.697229245 -1.695669771 -0.085677119 -0.249201349 0.028163014
-6.534295137 -21.747459441 -33.617073986 -0.550897753 0.279881048 0.086258741 0.781497085 1.047642927 0.892023326 0.619561455 -0.455627443 -1.764051926 -1.224885085 1.578101248 0.879690248 0.811203784 -0.813677026 -0.189395931 -0.091833180 -1.326702232 0.482799676 0.432128080 -0.647343321 0.788640585 -0.281066694 1.071634334 0.908752695
-15.945798933 -14.010639483 -27.887202747 -0.120061420 -0.501593934 0.828401809 -0.218493073 -0.134411183 -0.121772036 1.081215541 1.556950471 0.669927311 0.880137157 -0.665402698 -0.659747241 0.158516668 0.206850599 0.486586027 -0.063018351 -0.458331334 -1.990456787 1.071511665 0.549480233 0.510729793 1.033948877 -1.041105133 -1.308887818
-10.086874663 -21.962551303 -30.784509415 0.609139714 0.590894559 0.517915750 -0.107497465 2.520545719 -0.477485912 -1.500507044 -1.001877885 -0.414601430 1.511108872 1.729891807 1.142567871 -0.472000249 -0.876435835 -0.955095148 -1.484154537 0.124437153 -0.707633091 -0.501289676 0.627087971 0.970896097 0.886508296 0.807945477 0.562005401
-3.952513099 -19.193004205 -19.587197102 -0.799203195 0.103496785 0.521612180 -0.280148893 -0.252984162 -0.617176614 -0.492733154 -0.866258799 0.448529534 1.779981156 1.994264239 2.160527166 -0.526176278 1.185135779 -0.773173740 0.737043925 -2.025414300 -0.521765296 -0.635411856 -1.573818661 -0.127652506 0.153954736 0.709194953 1.491296408
-7.922016199 -14.086548929 -20.824745432 -0.760904279 -0.324610267 0.133888868 -0.545643312 -0.048498436 0.496287259 0.190783897 0.495946190 -0.002158254 0.990794581 1.272629136 0.922353312 1.706418999 -1.010296900 0.641515507 -0.886020747 -1.421423568 -1.194499492 0.171945849 0.459091995 -2.183005786 1.273213521 -0.131826255 -0.640937865
-4.032742183 -17.139797608 -21.908988002 -0.259728224 0.930898738 0.165521717 0.196395901 -1.452790149 0.699125777 1.776111729 -0.199471950 -0.453807472 0.081616775 -1.675908431 0.481018201 0.024311361 -0.222858450 1.405335687 -0.416506667 0.433605415 -0.773615099 -0.829649881 -0.491345365 0.688898926 1.930300269 -0.978658805 0.276809887
-16.129116362 -21.963072097 -23.009213825 -0.506730615 -0.223367919 -0.830419152 0.061113727 0.510564656 -0.647994610 -0.026294421 0.185314636 3.280515795 -0.188132363 -0.773938519 0.140485186 -0.995624268 1.399905341 -1.132295695 0.578572150 0.600185714 -1.322189307 0.304360267 0.051516056 1.971187892 -1.142566051 -0.345660827 -0.712192442
-6.370364201 -21.847613570 -25.526116984 0.233136123 0.303099499 0.629562396 0.676335295 0.649913893 1.424128797 1.585882580 -0.160326143 0.193362680 -0.927248544 0.153389962 0.159889981 0.017421270 1.085925799 -0.918186409 -0.494542752 0.028499595 -0.519612780 -0.738327894 -0.576492238 0.323257810 2.532397251 -1.301278337 0.651950184
-11.203909831 -18.457029238 -28.134997667 0.042081769 0.907326301 -0.082201458 0.410159761 -1.307516355 0.084033558 0.341528720 0.593973202 1.737665940 1.530970153 1.853825232 -0.929421137 -1.052260430 0.013127343 0.856214008 -0.964915908 0.204156120 -2.434265261 -1.090113354 -0.185500449 0.805297748 -0.224992368 0.095731268 -2.704018557
-17.029094074 -10.163705077 -27.290130373 -0.080738318 -0.844499862 -0.424708776 -0.316107200 0.728566660 1.504216313 -0.619944192 2.148010244 -2.032533059 0.096209810 0.956588567 -0.329376418 -1.108457554 1.496967948 1.390364949 -1.022877262 0.188748846 -0.753491634 1.374261716 -0.757179548 0.125708605 0.176607904 1.114678156 0.635526248
-11.889154006 -23.034324150 -28.975761473 -0.061650039 0.977105751 -0.132854596 -0.154315520 -0.922577828 0.397073859 1.687031246 -1.087733698 -0.537619544 -0.399884950 0.178830053 0.999998929 0.814957900 0.486499784 0.740476860 1.253944644 0.163879927 1.563522315 0.185413782 -1.006197417 -0.370990946 -1.559379571 -0.281308258 1.791814215
-16.220872544 -11.138067448 -26.089802168 -0.671688015 0.148395728 0.179586478 0.703251460 -0.641955461 0.128608093 0.175265355 -0.361443319 -0.603209509 0.992289710 -0.617546691 -0.495728782 -0.093773467 0.030173323 1.292192121 0.417177690 0.318171800 -0.205541905 0.054286916 1.919877911 1.575420764 -0.932679112 -1.486876815 1.285265211
-11.603739755 -15.012462536 -22.486681009 -0.662697775 -0.034049204 -0.478136933 -0.575375863 0.781944114 0.648698328 -1.798190160 0.501307066 1.571162670 0.257839273 1.776449690 -0.965628020 -0.776331135 0.866825290 0.127082900 1.921232011 0.316216383 2.430931323 1.036424367 0.204510815 1.002794964 -2.067423106 1.249790465 -0.312143840
-10.459103802 -23.606796950 -24.459789286 0.577804020 0.664485354 -0.272726445 -0.387584848 -0.410065229 -0.298825347 0.810945488 0.420979623 0.880548337 0.566126635 0.121707525 0.419173967 -0.134863690 -0.629320015 0.146948070 -0.231216807 -1.259003228 -1.201937853 -0.533209273 0.396700364 0.927462972 -0.528788826 1.284571660 -0.385626128
-7.656992030 -21.479279065 -25.275714086 0.445283333 -0.321605918 0.833387683 -0.061297280 0.374358570 2.065491826 -0.282747466 -1.120402405 -1.141546351 0.358477629 -0.262853883 0.088719354 0.703307277 -0.136685401 0.527130316 0.622007765 -1.547746637 1.000782980 0.222704062 -0.573616203 -0.683826943 0.536777285 0.394517516 0.791509732
-12.119821929 -18.589327837 -31.989600039 -0.034445682 0.575638412 -0.288015537 -0.764526628 1.582855957 -0.752502014 2.528103050 0.914481840 0.233903647 0.181967143 -0.107576331 -0.468682756 2.417519156 -1.212011684 -0.166540553 -0.819570334 -0.069796611 0.297425262 -0.382150352 -0.853623816 -0.159820300 -1.100878685 1.012518015 -0.077212474
-4.657564807 -11.069919883 -27.868579608 0.177784008 -0.898063106 -0.402233808 -0.009136010 0.931261488 -1.568841158 -0.443132464 0.400784464 1.598457988 0.823659706 -1.747561458 -1.066039116 -0.358570584 2.479351653 -0.379807132 -0.042529661 0.002661473 0.782865853 -0.544468375 -0.412869647 -1.497854045 0.713994803 0.879916916 1.521388908
-7.820723114 -24.066109703 -24.818369762 0.657355794 -0.619124208 -0.429611279 -0.001650283 0.494496519 0.675718005 0.403919591 -0.056255023 0.147548073 0.129277609 1.271081367 0.849600383 0.718847790 -0.016094437 0.702707898 -0.134470285 -0.775409273 1.191292898 -1.082864933 -0.880148811 0.403768811 -0.906555449 0.385192883 0.203806525
-10.591095587 -13.557233145 -31.208830992 0.568973205 -0.189235136 0.636497480 0.485108765 -0.290233841 -0.538769963 1.048372648 -0.408417849 0.206846686 -0.040705126 -0.883027586 1.167179692 1.191954555 0.588850261 0.587873321 0.475502411 0.149765815 0.640261744 0.475545384 -0.306132433 -0.125991043 -1.107213917 0.238185557 0.515966992
-10.263071329 -13.477146593 -22.736032124 0.206070383 -0.274675314 0.208911979 0.915666017 -0.794163189 -1.089279802 2.968750429 -0.707138762 -1.009598217 -1.633180438 0.359864062 -1.668017546 -0.572849616 0.835181178 -1.230675428 -0.013054941 -1.113158530 -0.080935942 1.393158720 0.977962266 0.518277917 0.274242332 1.634196957 -0.283493708
-4.396512684 -13.570594910 -22.171678698 0.476995070 -0.757352806 -0.263731533 -0.359636078 -1.618633349 0.637112530 -0.936617346 0.638697934 0.453410783 2.226701467 -0.098231101 0.165594851 -0.526273405 -1.027797867 -0.669681349 0.550675552 0.236721868 -0.319934118 -0.038833109 1.964270064 0.668404537 0.156936105 0.713060006 -1.234926851
-10.166838630 -7.663526771 -25.711410784 -0.783035860 -0.169853854 -0.458588287 0.384319261 -0.537157054 0.660565507 -1.226730246 -0.307436795 0.133698334 -0.356426291 0.073883294 0.858559845 0.840644058 -0.697529364 0.599706795 -0.392073804 0.882258963 0.954589059 -1.705148569 0.038278451 -0.980931563 -1.536121943 2.038922435 0.911675835
-15.680702768 -21.273622993 -33.129089625 0.231379836 -0.673826030 -0.695491407 -0.093346428 -0.139127113 0.599119526 1.942930584 1.079433422 -0.584837410 -1.181460836 0.490859850 1.273297212 0.462830450 -0.062532846 -0.363291558 0.239177158 -0.164187279 -0.534259253 -0.934167256 0.070378043 0.850980508 0.148026479 -0.584145964 -0.453403921
-14.051711925 -18.509410278 -33.461672799 -0.864956310 0.084370183 0.118340222 0.480341385 1.200981496 -0.781449974 0.675900863 0.516353202 -0.017661901 -1.500140969 -0.430940122 -0.973808761 0.221609729 0.426976912 -0.665424084 -0.838422869 0.217846930 -0.653757421 0.476341692 -1.219781494 2.232948857 -1.104219591 0.215421187 -0.645859587
-9.766617976 -15.737361293 -36.290836906 0.343471387 0.060537214 -0.935935108 -0.048868460 -0.116216707 -0.389760836 -0.596804002 1.036314663 1.139277783 1.302679290 -1.736415799 -0.969337408 -0.597971231 -0.655766239 -1.082158167 1.032692982 -1.243832097 0.997073186 0.369839789 -0.584952691 0.753454444 -0.153914695 2.351737127 2.359227413
-9.524825634 -13.418098937 -26.595449262 0.229229335 0.964557235 0.042550188 -0.123582900 -2.137493022 -0.183390990 1.016739339 -0.465266513 1.614391381 -1.183582975 -0.612474381 0.656952639 -2.037677945 0.843338443 1.081189721 -0.351206654 -0.128322201 -0.745614543 0.592328434 -0.916020522 0.081990886 0.877019198 0.164708916 -0.071468791
-3.049945688 -19.209187051 -33.105747370 0.794783456 -0.601098918 -0.034819989 0.076071791 0.286983908 0.278129615 0.088275055 -0.573274645 -0.273127220 -0.838159880 -0.044209500 -0.960739447 0.087372993 0.166360099 0.170337464 -0.047310453 -1.872723393 1.080592954 0.573892897 -0.525313869 0.229235049 0.207432850 -0.072384744 0.534939473
-10.570701062 -17.503826678 -29.893159547 0.283708204 -0.244960671 -0.416468953 -0.828285902 0.517103477 0.385318975 0.683090382 0.851136904 0.793516889 0.678689449 0.602153530 -0.146988899 1.387161268 0.207287726 -1.737912039 -0.489900227 -0.705831960 -0.480687039 0.580772550 0.153121436 -0.058671670 0.281285581 -1.372317093 1.418420567
-14.062300794 -12.471679917 -31.860779211 0.410518797 -0.091746103 0.891980116 0.165615347 1.071102394 -0.416370687 -0.178324569 -0.100941087 0.138452505 0.003359702 -0.235362006 1.043397702 0.082602579 -0.423832733 -2.101949587 -0.455180657 0.333903679 -0.869271215 1.708479231 -1.935983121 -0.873602912 -0.563531180 -0.947463684 -0.955723016
-2.032297300 -21.276557635 -27.299660912 0.099339671 0.991348021 -0.085405255 0.008165390 -0.432942299 -0.857104004 -0.062662585 0.436617103 0.043318134 1.302203719 -0.606867782 -0.246425022 -0.546665366 0.397276373 -0.169598128 -1.070568725 -1.356646504 -0.343176221 0.670685738 1.236377149 0.241503227 -1.375537450 -0.346824445 -2.111345024
-12.439629801 -8.979582241 -23.425458647 -0.125278361 -0.638100051 0.645123973 0.401184142 -1.067048449 0.122249479 1.834191816 0.210150998 -1.234332007 0.548161550 1.514970351 -2.045811508 0.020963533 -0.580214860 0.708189377 -1.406462875 -0.920611352 0.060332207 0.479383512 0.566686810 -0.677173293 0.802986174 -1.477817714 -0.189803689
-5.666548784 -15.869586380 -32.603620668 -0.611729616 -0.522471173 -0.366927185 0.467092273 -1.082073133 0.467411260 0.825729352 1.079043008 -0.774229320 0.631478063 0.855006825 -0.325852328 -0.773187505 1.009267959 -0.439947959 0.421984753 -1.583942466 0.204685098 0.596652045 0.354864303 -1.168573602 -0.001692857 0.085531729 0.727652277
-13.759039576 -8.083717672 -27.069093430 -0.626972327 -0.006816442 -0.654329409 0.422743732 -0.293608986 -0.399649480 -0.315035138 -0.236022323 -0.405877581 1.952312073 -1.301676742 -0.651527380 1.134313913 0.009902178 1.500881366 0.077531369 0.328131228 -1.499998551 0.246753718 0.316292301 -0.909491765 -0.279980963 -0.545184272 1.729766704
-12.437347189 -8.295168206 -29.102819755 -0.372091414 0.282227015 0.565135357 -0.680086701 0.891593530 0.248824329 -1.049014996 1.718272576 -0.796776425 1.079966356 -0.990365774 -0.135946865 1.013061547 0.707514438 0.272771382 0.507327586 0.552665251 -1.588052703 -0.722801798 -1.783513729 1.761250240 -0.686506225 0.525701911 -0.832416468
-13.196648147 -15.057137010 -22.380545013 0.099385115 -0.301607393 0.726691403 0.609159407 -0.734305020 -0.137554677 1.269856515 1.341614659 -0.681943636 0.984869566 -0.662556703 -0.558831903 0.104748174 1.369158617 0.558718638 0.453165783 -1.871006700 -0.408044143 -0.010333147 1.619655604 1.356274463 -0.387437533 -0.148818076 -0.507736183
-3.439716532 -15.460357699 -23.496425440 0.132352928 -0.396774163 -0.876095699 0.239810951 0.508042302 0.955443755 0.284705832 -0.137813263 0.085779494 -2.391075723 -1.281459239 -0.212075325 -0.662250804 -0.025331687 0.562431692 2.198211357 1.078152168 -0.740925949 0.224242541 0.982451419 0.049499150 -0.819011399 0.438920960 -1.629639497
-11.100058845 -13.383967931 -30.091451403 0.234495203 -0.362892191 0.194485629 0.880622846 -0.461273851 -0.784008793 1.157810803 -1.781217963 -1.470490793 0.929405161 -0.119520865 0.190327688 0.620474265 -0.543527140 0.128760814 -2.552123225 0.258549444 1.365665871 -0.405363690 1.354027782 -0.527877047 0.390847843 0.070599033 0.080786089
-14.097375991 -20.765517476 -22.443189518 -0.842038803 0.167367896 0.512117720 -0.026345436 -1.270387356 -1.368000910 1.267812594 1.052066422 -0.626296510 0.135894059 -0.187940531 0.688162096 -0.677274252 -1.039852196 -0.157565084 0.145425286 -1.324044366 -1.201167773 0.066739900 0.498827684 0.162669282 0.599880546 1.139162367 0.324189729
-14.852392417 -21.933763401 -27.785699625 0.088781560 0.794945515 -0.351866131 -0.486178658 -2.176659765 -0.757398455 0.134736564 -0.363676712 -0.282414272 -1.493258372 -1.481878868 -0.601365880 2.416209388 -2.152203139 -0.544667515 1.903204724 -1.267296014 -0.331117439 -0.084521247 2.919231293 -0.112702790 0.525845747 1.277112014 0.316747164
-8.540363944 -13.217691400 -23.711016156 -0.274939805 0.865942841 -0.417530258 -0.014818342 -0.975275085 1.223700749 -0.858115347 2.258396921 -0.946056436 0.548658733 -1.047906763 0.825062085 -0.502385916 -0.309487707 0.928747910 1.129711566 -0.549192226 0.851191698 0.677359748 -0.876934675 0.652754297 0.777944731 -0.254915027 1.675692370
-10.647560087 -18.007783383 -31.776790764 -0.074588858 0.723748958 0.670899322 0.143241218 0.828842882 -1.439530733 1.321339040 1.272761691 0.376792862 -1.623236046 0.583403581 -0.742530736 -0.166087113 1.635575931 1.231356131 -0.159851678 1.451927412 0.303064935 0.698929041 0.876496822 0.654888452 -0.748235028 -0.009619305 -0.590495520
-6.459306867 -21.068097759 -30.786463944 -0.277454407 0.541670948 0.319012781 0.726527688 -0.419517232 0.473662525 -1.040888146 0.838247295 -0.242532008 -0.988954055 0.062768769 0.708832755 -0.989349390 0.373819142 2.286044306 0.458961342 -0.868726855 -1.346538565 0.358746704 -0.740714562 -0.778993294 0.460255119 1.040701219 0.052762480
-17.478384728 -21.721949343 -24.911947438 0.071702316 -0.490807549 0.481648996 0.722482507 0.181420802 1.435436370 -0.261227322 -1.628921744 0.071685843 0.980331200 0.821778757 -0.404768869 -0.429712718 0.029800681 -1.335048407 0.693304553 -1.570690668 0.595295439 -1.690413799 -1.072713639 1.047311749 0.885612285 0.170753086 1.441264581
-8.837904278 -10.377488427 -20.931166555 0.219653445 0.701743933 0.155429913 -0.659658516 1.195193872 0.319304192 -0.679495426 -1.042786911 1.189507809 -0.106013697 0.361501406 0.681992245 0.611094838 -1.227478157 -1.326475782 -0.758484250 -1.055207398 0.389297576 0.217823692 0.251315403 -0.011831694 0.633556956 0.021857796 0.619969243
-8.598198124 -21.741337205 -28.057959890 0.200903083 0.514580710 0.816766053 0.166546863 0.330460774 0.184009001 1.621652903 -0.069976119 -0.012127922 0.206983887 -1.537132737 -0.351458217 -0.074793987 -0.980078021 0.169999489 -0.505149363 -0.795768236 -0.779390462 1.153904591 0.033411708 -1.600348257 -0.244949956 -2.260839415 1.347232249
-4.925479443 -20.343532986 -23.462165325 -0.262073550 -0.591128845 -0.590873086 -0.482444959 0.935254154 -0.055254008 0.318974972 1.156521195 0.260477735 -0.182428893 0.747550291 0.199594637 -1.260499602 1.386361807 0.878887250 -0.457906488 -1.356215696 -0.901551014 -1.196600810 -0.819539638 2.964842758 0.259043578 0.322298125 0.678730255
-1.213326220 -17.987408341 -30.113672921 -0.611214931 0.427418249 -0.665651087 0.025270118 -0.478257984 -0.232458488 1.681340789 -0.281541681 -1.550052802 -2.049131160 -0.991196726 -0.089433657 -1.416829865 1.185740442 2.313491809 0.128606977 -0.818990984 1.205008143 -0.236342289 0.036423630 -0.695753614 0.894779035 -0.501527144 -0.649514202
-13.107927336 -15.993377398 -32.451616922 -0.367634227 0.375409584 -0.780364015 -0.339034989 -1.281141275 -0.986609778 -0.286573280 -0.324521955 0.595381308 -0.545395159 -1.225744855 -1.261788495 0.121510937 0.140348201 0.113535447 0.086560136 -0.130694999 -1.027171978 1.062375192 0.535132861 -0.464328938 -0.133258911 1.085023620 -0.298469868
-8.664934683 -22.894179413 -22.009930651 -0.149117779 0.451502394 -0.471843214 0.742477917 0.856362912 0.714617627 -1.814145253 0.205264265 -0.453308726 0.594991993 1.382751423 -0.401862249 0.420663754 0.814266679 -0.601876813 -0.505902793 1.243296374 -0.341866367 0.016153872 0.676293598 -1.140628156 -0.106182602 0.433451676 -0.757321573
-15.162426778 -11.628535742 -29.940866364 -0.455132440 0.761241970 0.053508382 0.458804946 -1.019523530 0.314269143 0.023516316 1.024147863 -0.125806738 -1.450714320 0.374511463 0.699799867 -0.751723160 0.414411530 0.707228976 -0.928388369 0.890253847 -0.066231069 0.138549711 2.338168188 -0.380053766 0.285775778 0.372614593 1.973856524
-8.947420716 -21.916598729 -28.831596210 -0.025762353 -0.491877315 0.632204945 0.598088551 0.240296571 0.154655782 0.028590849 -0.361148404 0.791718221 1.539257281 0.500314702 -0.256341889 -0.405966599 1.022484618 0.176381890 -0.204189224 0.202552974 0.394296438 -0.486818766 -0.151733041 0.905540111 1.485247775 -1.296554493 -1.075264076
-5.688580489 -16.501769794 -26.638233099 0.715003436 0.153890293 0.260324493 0.630332469 -1.290932777 -0.269734124 0.000142114 -1.698560086 1.441156979 -1.366986139 -0.619590945 0.173100002 -0.378552923 -1.092324248 0.526299637 -1.045115702 -1.891826778 -0.748066561 0.997145584 0.702181224 0.881645210 -0.643714037 0.225265525 0.992274278
-10.707574883 -13.799732095 -20.223763487 -0.212213518 0.024873010 0.310992501 -0.926083377 2.496704841 1.328703328 -0.138370825 0.151424334 -0.843030370 0.769617585 -0.042040427 0.752645095 -0.562507288 -1.450832573 -0.006102401 1.385488006 0.633640172 -0.497214494 -0.954991836 0.985723497 -1.203304002 -0.612265476 -0.604383105 -0.559270698
-9.189485218 -18.856099923 -25.730415479 0.740830611 0.411342320 -0.230216508 0.478505863 0.829392705 -1.182299731 1.426617834 0.499789877 -0.787263388 0.610036656 -1.160049257 1.014836427 -1.162222026 1.045542994 -0.196946535 -1.001883650 1.040127462 2.822311979 1.412541896 -0.108806602 -0.377494476 0.490348071 -1.336328301 1.143325481
-17.550282821 -23.128086124 -25.988270100 -0.810769331 0.490741899 0.318362308 -0.021700742 -0.714771403 0.855601801 -0.327507501 -0.074545535 0.631238646 1.941599471 0.798710155 0.940733577 -0.105434263 2.415240375 1.133507218 -0.332467518 0.125539536 0.364650918 -0.797102531 -0.839544607 -0.486993158 -2.249896124 1.247427103 0.672655633
-8.456688801 -21.915290353 -32.623152420 -0.838472868 0.339624450 0.411838576 0.109578598 -2.061178711 -0.839689642 -1.133244147 -0.268045754 0.032682490 0.226335787 0.182838300 1.577226062 0.233651361 -0.076148219 0.427467623 -0.596967494 -1.226999163 -0.589812030 -0.519377577 0.046883258 -0.795490760 1.686974661 -0.676487282 0.650527347
-8.544104330 -22.408342607 -34.433152439 0.343903809 0.562026655 0.546536686 0.516869287 -0.051751096 -0.765202185 -0.123602839 0.926376419 -0.359389430 0.765638947 -0.875516530 -0.462583729 0.129586076 0.822022230 -0.117128197 0.085034726 0.071157666 -0.895539467 1.222621434 -0.983640289 -0.033372794 0.331537060 -0.675366124 0.065766180
-7.167842559 -16.809983100 -26.535034039 -0.712773198 0.440510321 -0.437558208 0.326263453 -0.811495850 0.707353876 -1.717253608 0.059790693 0.726924908 1.106764378 2.069672903 1.368413485 0.362850492 1.964331869 -0.552867429 -0.603413775 0.375205420 0.299621628 0.861577919 1.903175830 -0.105638415 0.397266857 -1.372778468 0.018147713
-9.632432747 -13.610457548 -28.739440881 -0.688536167 -0.105225946 0.407790552 -0.590383192 0.031242721 0.530004425 -1.434403504 0.215012610 -0.650876959 -0.504612278 -0.206116806 1.098435046 -1.003468022 1.477885777 -0.070891308 1.108174633 0.661067339 0.007459133 -0.006281928 0.411431595 -0.198138618 -0.278909674 0.717494289 0.052648308
-6.023423227 -14.810546703 -33.852022538 0.074395503 0.887522807 0.443262879 0.101422859 0.922505247 -0.733086234 -1.025640031 0.796608167 0.133440382 -0.107540603 1.183080346 1.148703173 -1.741586691 1.087230665 -0.606233625 0.144017247 -0.302919442 -2.108096223 -0.548347729 -2.140446418 1.050851723 -0.187935788 1.325020820 0.946870761
-9.340045591 -18.252358556 -24.048339989 -0.807568507 0.038806785 -0.259472751 0.528205483 -1.732821237 0.246163251 -1.779209079 -1.514591854 -0.897514264 -0.156180593 -0.277330000 -1.316858053 1.542223591 -1.650659819 0.491834829 0.105344272 0.578343044 0.240397001 -1.073362198 0.887491982 -1.104375612 1.368449393 -0.237463730 0.454959873
-13.901871722 -16.884273431 -18.859305759 0.062965169 0.876199414 -0.317391609 0.357172985 2.261263836 -0.443087458 -0.707875806 -1.294071527 0.613915364 1.753035744 -0.986483585 0.558718634 1.547729586 0.025306576 1.172930109 0.296032623 0.451776474 0.108731427 0.653368527 2.067627450 1.137522013 -0.509987228 -0.492038108 -0.108884492
-11.059414137 -24.186020597 -30.884723309 0.850952260 0.459668290 -0.239846606 0.084017378 -0.726916766 -0.260119350 -1.007671591 -0.984623705 0.145651214 -1.345633467 -0.833323560 1.032341100 1.063743805 -0.012514841 -0.130084284 1.053901262 -0.071689092 0.201644083 0.362136593 -0.277699023 0.249524685 0.734402057 -0.032703583 1.002970940
-14.504034769 -8.594847977 -28.569181362 0.609366328 0.184683177 0.069790789 -0.767915391 2.217042954 0.633141468 0.825693419 1.812836083 -0.847275163 0.036845298 0.428647834 0.440620355 0.000593512 0.792275426 1.286392414 0.430331739 -0.516537138 -1.981950201 0.270443213 0.074290776 -1.218748381 -0.889209596 0.053597164 0.022700387
-2.623532195 -10.870628615 -25.648933054 0.100499713 -0.086400941 -0.920215847 0.368289941 -1.133104689 -1.601884116 0.211469287 -1.513730810 -0.617496821 -0.842154415 1.067468147 0.494162215 -0.159370834 -0.112058402 1.012366041 1.089884515 1.243688603 -0.601447564 -0.652921320 -0.322838246 -0.433341242 -1.685599052 0.031603304 -0.371847816
-14.988272965 -20.552389688 -30.471029444 -0.009647535 0.017947152 -0.553972935 0.832285295 0.481556659 0.694932639 -1.613529656 1.760947738 -0.994951047 1.647510848 1.971643468 1.055304024 -0.328654951 0.434012954 0.231643470 -0.254766135 -0.690019185 -1.087846855 -0.542706135 0.878931219 -0.656141843 0.770445932 0.354272523 -0.261228240
-13.230545679 -26.096004180 -25.835298089 -0.038665593 0.253048507 -0.237249302 -0.937114824 0.245658326 3.051505389 -0.966317539 0.290793614 -0.729975452 -0.050560736 3.667799769 -0.757036968 0.432799004 2.259723687 0.661956131 0.066641435 0.558701077 0.815972623 -1.935647109 -1.062397541 0.801004005 -0.231395256 1.105352772 -1.384726124
-8.716273106 -14.595854794 -30.772833377 0.884668053 0.298910489 0.355269408 -0.042409951 0.109866142 0.386998181 -0.502287056 0.115279360 -0.664829531 -0.783022415 -0.878635793 0.652509277 0.544994135 -1.203360721 -0.343716438 -0.671999912 -0.223430424 1.798396237 -1.353539031 1.425688897 0.518196410 -2.228627860 -0.893338752 0.388396743
-10.350020663 -16.543945584 -19.766695471 -0.456882947 0.887227478 -0.039629768 -0.050148338 -0.830362870 -0.929310989 0.062669500 -0.337960948 -1.046103615 -0.190454145 -1.135317243 -0.973819306 1.519741224 0.219571420 0.355283460 1.097925374 -0.166693775 0.260574940 0.551837912 0.030257865 0.556895632 -0.070198417 0.559763083 0.985572718
-11.846634980 -8.374797703 -22.963861216 -0.867194022 0.401295550 -0.232210766 -0.181699118 0.681240846 0.176171997 0.342741403 0.843369769 0.274295429 -0.088087179 -0.060033869 -0.290885055 -0.972136472 -0.254224123 -0.665926555 0.444285467 -0.492285126 1.000745761 1.939842913 0.157734754 0.515161074 1.143282492 -1.471081637 -0.243332699
-12.888327003 -22.477368612 -24.909904249 0.923422185 -0.300222720 -0.161532430 -0.176252834 -0.075331497 2.165309558 0.480842059 -0.327010581 -0.380778743 -1.526004219 -0.111065130 -0.383481109 -0.644797475 1.094681853 0.180315252 -0.067443321 -0.686996765 -0.905088606 -2.016726312 0.990880470 0.791613438 -1.067115092 -1.886797434 -0.237117075
-17.716504308 -15.738278966 -23.994620637 0.672330433 -0.348126353 0.635438884 0.151648464 1.775260669 0.748116549 1.324307563 0.386661351 0.264027018 -0.882854892 0.955289738 -0.421163430 0.071338381 -0.031601408 -0.437567353 -1.045216931 -0.424844685 0.545922252 1.622432294 0.362295765 0.717229660 -0.767747375 -0.176507618 -1.060690346
-6.406966838 -13.812397676 -31.630181186 -0.327789390 -0.640769054 0.493868158 0.487917388 0.045690474 0.513982221 -0.429289564 -1.319969192 1.188719660 -0.315562686 2.457004603 0.569822009 -0.286593734 0.818571893 0.953546641 -0.534170386 -0.217223354 -0.469783780 -0.875936426 -2.737080136 0.444743528 -1.471240977 -0.483457615 -1.635607558
-12.738858272 -16.412025975 -25.436053598 0.663919780 0.333150059 0.439436850 -0.505090901 1.034240462 0.498539580 1.714247728 -0.087659401 -0.214583814 -1.224075089 -1.100002050 -0.523376667 0.471343212 0.422812534 -0.463340803 1.737781610 0.568379782 -0.548379128 0.131447846 -1.929880364 -1.091998534 -0.179925599 0.366314505 -0.968064974
-10.207874353 -18.829048560 -23.257241467 0.284164607 0.250531379 0.925410026 0.010039356 -1.257013144 0.277254689 -0.125666469 0.847037307 -1.567694589 -0.705486023 0.414379403 1.329485915 -1.322998233 -0.752568363 0.255219637 -0.426898598 -0.896793878 0.961987747 0.678686002 -1.993066127 1.490066659 -2.049361212 -0.019864628 1.075758721
-13.488687635 -18.780525794 -29.107963291 0.282642077 -0.442342681 -0.817816959 0.235842810 -1.780723476 2.133036276 1.479810827 1.446491611 1.199417313 0.634142040 -1.070518620 0.173343252 -0.465606759 -1.646037612 -1.163291594 -0.945236899 -0.007630437 -1.059339720 0.786716805 1.715838971 0.690818768 -0.789742624 -1.922250473 -0.039630869
-13.779184665 -14.302422752 -28.582821668 0.447936989 -0.021907384 -0.398231279 -0.800177711 0.090215425 2.455440963 -0.600132010 -1.784033450 -2.493077992 -0.792502657 1.650292420 -0.660986848 -0.830548216 -1.144637825 -0.769015839 -0.156892741 -0.487193448 -0.454680404 -1.153770262 0.163088956 0.443758822 -0.316872776 -0.006560109 -2.391900107
-12.865254627 -11.604956168 -21.886441848 -0.178308989 0.323308828 -0.738919279 0.563627186 0.274900750 -0.183723163 0.727110393 -0.080983356 -0.613127252 -0.042213825 1.073757427 -2.444979204 0.221288068 -1.169809686 0.280013629 -1.179621242 -0.409515450 0.724022171 0.453064425 -0.121916775 0.600140371 -0.677960519 1.220879049 2.089897288
-11.215681896 -18.649646138 -35.837103930 -0.341202980 -0.829039031 -0.071631418 -0.437199898 -1.508396622 0.374429800 -0.125054463 -0.858216829 -1.031241812 0.758069991 0.128259574 0.144787881 0.807457775 2.104365809 0.448340119 0.314704404 1.700422926 -1.261191941 -0.739677583 -1.103917221 -2.351181718 2.142324296 -1.005362338 -0.433021701
-12.249593826 -8.963224816 -23.912525632 -0.591784727 -0.763529676 -0.193380568 0.171514507 0.092979862 0.954717052 0.384639558 -1.627902744 -1.334574531 0.853422047 -0.020651384 1.384274088 -1.120189500 -1.421954889 0.078358344 0.963934419 0.833169477 -0.073492042 0.413521416 -0.117519728 -0.261794209 -0.948149871 -1.077262064 -1.396187187
-3.923931266 -12.236170499 -28.405886103 0.496678934 0.515092939 0.632355167 0.296843804 0.212015029 1.352410982 -0.298296017 0.552451621 -1.098807460 0.365155492 1.341463943 1.231588101 -0.085150949 -0.001100939 1.477403382 0.617845018 -0.381055699 1.006785493 -0.341179139 1.116095312 -1.852579989 0.257716926 -1.185580870 -1.786914530
-1.803668058 -16.078660492 -22.786437218 0.877825000 0.433876155 0.165200354 0.117828664 -2.054933542 1.378054431 -0.095885667 0.639768112 -0.753414633 0.136096322 2.177970508 0.061933415 -1.110169595 -0.705479058 -1.798260885 -0.477974021 1.572785226 -0.936139583 -0.974980840 -1.137556107 -0.865778550 0.440084268 -0.271830553 -1.058819544
-12.973522679 -9.459576405 -29.118408579 0.735170016 -0.102462426 0.669432298 0.029780825 -1.529304152 1.688770533 -1.333518566 -1.247561339 0.956656835 -1.901692890 1.919301252 -0.879536749 0.670975873 -1.848242170 -2.099740923 -0.403627069 -0.547225938 0.840099280 -0.577714590 0.351308459 0.040038619 -0.158879470 -1.618208649 -1.758450155
-8.303226358 -16.832732064 -33.685457391 -0.623994429 0.411452581 -0.569597720 -0.341900809 0.438086120 0.133990104 -0.160324756 -0.378943028 -0.203456986 0.313537791 0.310321285 0.344755163 -0.250432613 0.121327743 0.373766579 0.979815379 -1.702322369 -1.760306964 1.787445462 -1.314288036 0.012317511 -1.229421560 -2.076852975 -1.236501226
-4.471500942 -16.562348726 -32.111139088 0.109805933 -0.218961409 -0.849194481 0.467832547 -0.544469526 0.389198210 0.822927539 0.151018610 0.548521657 0.497116372 -0.961259864 0.140674863 -1.484690507 0.865262036 -0.793169834 1.085737736 -1.999120081 0.140582282 -0.776532977 -0.022123074 -0.578727311 -1.089382625 -0.936374413 -0.129228038
-11.438538167 -12.530232964 -18.918899817 -0.335759451 0.352288991 0.873232786 -0.024951142 1.168734771 0.639919762 0.800299470 -0.458943686 -1.987918115 -0.580852056 -0.962924285 -0.042250537 -0.384290453 -0.165818346 -1.095509785 1.434530930 -0.780822015 -0.356706412 2.257506541 0.977550174 -0.588660863 0.776265121 0.095462722 -0.378070794
-13.208635548 -18.788512786 -26.219405016 0.496474041 -0.395667581 -0.769682788 0.067446995 -0.903813484 0.896482159 -1.704611694 0.704097367 0.601510111 1.066913473 0.464035661 0.404147614 0.832833133 1.170406857 -0.629710945 0.815553673 2.230536190 0.621275077 -1.547714119 -0.833360242 0.891168456 0.974562833 -0.464992681 -1.271434414
-5.435979638 -9.028571061 -23.623978583 0.797174195 -0.221337475 0.410324221 -0.383610555 0.740225451 0.936166532 -0.063502406 -0.243657410 0.885848371 -0.552233984 1.018295357 -0.692176841 -0.103660326 -0.057275643 -1.232097376 0.990561545 0.235153603 1.057997969 -0.455962464 -1.455297383 -0.508324691 -0.554355284 -1.258064428 1.409795106
-8.483803538 -19.373754285 -21.001138283 -0.438392522 -0.609288933 0.642584659 -0.153830907 0.332836103 0.055494719 0.229270830 -0.821300052 1.050264733 -0.535920137 1.074592931 0.617144502 0.417646211 0.323322557 1.549000130 1.768269403 0.446674873 -1.050742383 1.048883765 -1.319531466 -0.730354196 0.348123494 1.032963051 -0.582272187
-10.615115840 -7.993248376 -28.325632205 0.611590422 0.643822617 0.452609889 -0.081202722 -0.584686762 -1.575637728 -0.394318896 -0.597345381 0.044564160 0.679720389 0.406849167 -0.986112547 -0.379656752 -1.609519286 0.848872407 0.589288814 0.544809455 -2.530398830 0.728935415 1.195628144 -0.372096611 1.884745600 -0.150476289 0.613197082
-7.572178502 -15.412173571 -24.743296080 0.872974064 0.178240857 0.170505764 -0.420801930 -0.975380465 -1.084795965 0.142311963 -0.029332696 -1.045117043 -0.672177962 0.554434933 -1.069108006 -0.206542373 0.556311791 1.241702921 -0.519307071 -1.597839924 0.274416757 -0.449827934 -0.803208477 -0.972047167 0.907940213 -1.360433405 0.803809002
-5.835913080 -21.165085618 -30.562989454 0.744832986 -0.072474602 -0.444830178 0.492033909 1.352623169 -0.264614408 -0.109380537 -0.813194842 -1.154094571 0.131849220 -0.574925376 -0.008738680 2.595299746 -0.462815629 0.424340498 0.201844813 -0.941853433 -0.634751024 -2.403986304 -0.799342048 -0.094978811 0.494828771 0.336541366 1.854993599
-7.544614659 -10.762241713 -29.081394367 -0.412783329 0.903796513 -0.075284090 0.084226430 0.218654140 0.322410822 -0.343329941 -0.953069160 2.032732228 0.895012316 0.187918477 -1.785381632 -0.484257626 0.461912929 0.373763203 -0.413001793 -1.901785079 0.113935302 -1.415408356 -1.160698019 -0.719609131 2.093611360 0.357327316 1.113824142
-7.866882319 -8.127505271 -25.476637298 0.271495700 -0.599818381 -0.441898882 0.609289236 -0.035129393 -1.818718699 0.031650954 -0.030275324 1.604478620 0.496800616 -1.499319921 -0.319705365 -1.847907831 0.202122161 -0.343084363 -0.306523521 0.113061256 0.521008238 -1.790046999 0.458778820 0.955639905 -1.074821073 -1.415313518 1.113917940
-5.472039016 -22.258128724 -31.264971267 0.360487167 0.658400480 0.576256882 0.323242659 -0.502099897 0.328705022 0.655282047 -0.868655529 0.816485415 0.234027276 0.097839332 1.229060789 0.262801497 0.454850627 0.098267411 2.570394391 0.334894634 0.337648229 -0.708920894 0.211765405 0.280383329 0.730122499 -2.027562502 0.358952833
-16.693300613 -17.421092663 -30.548023639 -0.675084928 0.507615608 0.534749599 -0.025091851 -0.135325745 0.846339324 -0.534146023 -0.643174826 0.985894201 0.332626196 -0.731830604 -0.715584903 -1.639391104 1.718660098 0.909819605 0.731591621 2.039689201 0.215801076 0.354682053 -0.745131255 0.407834975 -1.490192513 0.658979504 2.131806968
-3.918423967 -23.880060850 -26.463378339 -0.721398617 0.351819067 0.419971753 0.423593090 -0.568461260 0.461761405 1.487675814 0.267801213 1.440123076 0.064269894 0.546320475 -0.417038642 -0.105592334 -0.021033141 -0.199548662 0.165749675 -0.260135577 -0.295567561 -0.515385170 -0.810191067 0.509616203 0.331424098 -0.395802965 -0.657691048
-8.254478732 -9.082602731 -28.354443951 -0.127963754 -0.683250488 0.488344215 -0.527554715 1.005861627 1.289702086 1.399792852 0.400977378 0.201285305 -0.875266206 0.358271884 -0.172961630 -1.144482620 1.296011697 0.491219599 -1.295632758 -0.411877627 -1.463734446 -0.435923612 -0.627047467 0.821276160 -1.027539710 0.195869883 1.186679097
-8.709133711 -16.781209862 -17.257553477 0.226950403 -0.926965397 -0.243751904 0.172666372 -0.294158520 -0.516658179 -1.134961664 -2.345879547 1.022549767 1.274796685 -0.506954843 1.812554401 -0.791472807 0.500054036 -1.664389987 -0.793869800 0.848903965 0.146618719 0.397600707 0.390943397 2.311319579 0.741687577 -0.058019368 -0.728355713
-13.373249708 -17.636159310 -19.849708802 0.459501130 0.303362566 0.766506473 0.330602013 -0.240209942 -0.635564018 0.317503147 -0.613986711 -2.217866983 0.225127898 -0.406730945 -1.971663376 2.403508781 2.390737613 0.443154877 -1.381653237 1.599380968 0.484092537 0.024226061 1.369493362 -0.902288348 0.000395634 1.480820596 0.090089720
-11.448978595 -17.493342541 -35.129925648 0.203242363 -0.257014278 0.817999569 -0.472771518 2.317711122 0.487775202 -0.198512235 -1.540049289 1.825487076 0.571722212 0.178669020 0.529987489 -0.402607568 -2.340878027 -1.301623124 -0.112666253 0.232999706 1.260184220 -0.360898864 -0.644906096 -0.952456490 0.752913206 -2.314083813 -0.321995236
-15.030514934 -15.329651879 -22.853828364 0.357661994 -0.839076331 -0.070189673 0.403859158 -0.483447707 -0.117974099 -0.371183340 -0.650519089 -1.480042011 -0.936012565 -1.159694705 -0.077787888 2.591422980 -1.440328458 1.119701011 0.442642969 1.052639254 0.991910168 -0.889523628 1.767254482 0.324072965 -0.978620587 -0.830234465 -0.883495907
-8.487320526 -20.772001130 -30.431443229 0.853768962 -0.346139831 -0.310519233 -0.234187070 -0.233891421 1.735112773 1.896462439 1.180426373 1.919024946 -0.774814977 -0.603348239 1.521644482 -0.047100274 1.141701545 -1.380017482 0.016630112 0.987582992 1.421656038 -0.934464268 -1.594234748 1.129304454 0.317383965 1.965112617 -0.606383194
-10.316802547 -18.870399302 -33.206604425 -0.606948773 0.124312626 0.267471258 0.737982848 -1.663317989 -0.455875892 0.268374891 0.581181826 0.725110415 -1.213028245 -0.748377106 -0.349052150 -0.465175246 -1.859615502 -0.859841383 -1.772801665 -1.643531783 -0.461897120 1.545202805 0.157859299 0.215857398 1.390786752 -0.483481982 -1.561138335
-6.021260226 -9.408691916 -31.181117870 -0.231455521 -0.875110863 0.382610356 0.184982793 -0.168058116 -0.203155727 -0.325488611 -0.685288470 -0.389873160 0.313953746 1.854051573 0.851339374 -1.387837771 0.539607592 -0.376923893 -0.488028679 0.150787840 0.374429512 0.958087338 -2.432553501 0.637710669 -0.118667319 0.254849990 -0.448641727
-13.310845861 -24.926203396 -28.234415611 0.355091889 -0.316253596 -0.739042156 0.477189799 -0.499650576 -1.497765788 0.596004662 -1.708662132 0.265237155 0.586971214 1.461580987 0.792469431 0.750805743 -0.841412639 0.969905304 -1.369441231 1.563268655 -0.988888152 -0.774043344 -0.503988296 -0.098232987 -0.505477500 0.598339800 1.639762354
-13.328665423 -15.522164561 -23.142745782 0.768125978 -0.134378749 -0.481123198 -0.400556241 -2.464749553 -0.393903436 0.319201001 0.403116747 0.196773200 1.040356889 -0.496336302 0.296930599 0.920207600 0.735042787 2.638497550 0.576498243 0.699010035 0.247605997 1.288542244 -0.707149451 0.874944416 1.461880867 -1.995253702 1.347192252
-12.234430147 -8.154077711 -25.453999645 -0.558441791 0.803132974 0.180944906 0.101878029 1.169047693 0.056500958 -1.062417287 -1.792917568 0.254343663 -0.850603957 1.200170032 -0.146712592 0.502881523 0.535871499 -0.611320217 -0.309971687 1.273347382 -0.108170744 1.064907397 1.299793689 0.053649152 0.041785933 -1.374938382 -0.416057584
-9.400129716 -16.115783198 -34.394231391 0.403599532 -0.215650568 0.427812234 -0.779473504 0.261619173 -1.215750372 0.289695985 0.848841974 0.973338453 -1.691726669 0.467432134 -0.738161193 0.206903083 -1.337710344 0.648741372 -1.202236754 0.675269454 0.940297886 1.011647844 1.004991450 -0.108318103 0.608245249 0.910449611 -0.518254849
-2.686622132 -17.789195404 -24.809934257 0.653903174 0.716554980 -0.236106994 0.056684091 0.686278187 0.334378147 -0.332386832 -0.959504263 0.755784629 -0.217806659 0.394583488 1.306557446 -1.015341268 0.385604269 1.055640056 0.436071791 -1.750496620 -0.734399511 -1.729491025 1.716686840 -0.067593638 0.566498777 0.681589007 0.854591689
-12.228607572 -21.264244061 -26.440917409 0.591619129 0.170056769 -0.469293215 -0.633112454 0.442538419 -0.644834229 -1.375685103 0.399211512 -1.019555368 0.425921567 0.136349231 -0.167766044 0.791068189 -1.100650398 1.666838210 0.098676217 0.299460025 -1.307153875 -0.334864124 0.101009426 -1.138864917 0.517616906 -0.387521373 1.147480306
-11.242749437 -16.923119890 -18.855684060 -0.101586427 0.948389883 0.286036960 -0.091758841 -0.355495086 0.330075902 -1.555542157 1.453994817 1.322277518 0.138927871 0.946992120 1.374046426 0.539614271 0.080879821 0.820405127 -1.035031347 -0.166808847 -1.108621632 1.156995649 -1.386307961 1.470941141 0.450184040 0.662640939 1.118867695
-15.167650869 -13.702516203 -24.121718424 -0.405203599 -0.630805335 -0.361976473 -0.553956411 0.169422427 -1.563598704 1.238176037 2.335062794 -0.528327618 -0.933817280 2.059207098 -1.259009171 1.156127900 0.045611129 -0.398681206 -1.366635462 2.044489530 -0.906208482 -0.162376334 -0.636636875 -0.093226665 0.591368063 0.740230588 -0.286350716
-7.772503061 -11.484815372 -31.966507460 -0.816649070 -0.109444301 -0.515116361 -0.236138467 0.174631572 0.195748728 -0.784593013 -0.683927153 -0.918919162 0.438177688 0.047084969 -0.150742201 -0.107385547 -0.450030759 -0.181029868 -0.541579477 -1.246459410 2.366066920 0.575212115 0.601350845 0.578610408 0.234445737 -0.912890438 0.412280245
-16.252507906 -20.566878896 -26.278546975 0.911456836 -0.005513357 -0.405309083 -0.070289306 -0.177069595 0.310659797 -0.230581759 0.935296669 0.555609903 0.444614062 0.162897628 0.624213016 -0.920924951 0.339730127 0.904697883 0.192964733 -0.801468142 -0.161662823 0.437734478 -0.801491884 0.095310404 1.528814267 1.118677653 -1.111239820
-14.466335357 -11.798313980 -26.862834971 -0.506577493 0.323016642 0.629373221 0.492878120 1.102271244 1.574316999 0.713443021 1.436093246 1.066903693 0.399919577 -0.032551758 -0.759805832 0.292266418 -1.894945377 -1.234167758 0.330309737 -0.671927438 0.247630707 -0.735707718 -1.818853743 0.436561475 -0.660964497 0.314835095 0.720424772
-7.221764814 -17.915466255 -30.084644812 -0.378487722 0.857877772 -0.295775293 0.182509587 -0.012159646 0.049145053 0.963142082 -0.454509002 -3.282038255 0.197482426 0.209159931 -1.920683997 1.479602296 -0.200628712 0.012912878 -0.798987225 1.770858625 -0.133472643 0.079652613 0.750406210 0.371009202 0.991726954 0.401891704 -0.942161691
-6.617626643 -20.761359796 -19.543876770 -0.427756831 0.255712329 -0.795154418 -0.345492041 -2.389680637 -0.463974920 0.406095219 0.032077782 0.649107720 0.956923938 -1.853401548 0.245036469 0.857296279 0.891748329 1.391636793 -0.730384538 -0.424743275 -1.396026560 0.948580053 -0.296884631 -1.486031071 0.700722552 -0.495882902 -0.610006859
-5.139340235 -15.237847614 -20.527562979 -0.313124725 0.763969312 -0.087989090 0.557280644 -0.779321745 -0.507273019 0.026439901 1.163016507 1.070412340 0.873337904 1.488429377 -0.569759479 -1.088355671 -0.126979713 0.920408337 -1.327803065 -0.778885769 0.356490855 -1.856457819 2.090275365 0.377484101 1.714667226 0.291641698 -0.241310935
-5.872795998 -18.843481642 -27.304651834 0.219954383 0.488444525 -0.454305733 -0.711792327 -0.731929609 -1.429762329 -0.465347758 -0.381168891 0.231729175 1.039824810 1.017021200 0.177374842 -1.486847179 -0.322511954 -0.871421829 -0.106069660 0.011586683 0.437038718 -0.023161145 1.310102539 0.859584583 1.958797310 0.509023468 0.549938823
-10.503816616 -11.635602171 -23.578596205 -0.167716332 0.800601018 -0.405961858 -0.407558844 0.313940752 1.396328502 -0.166059776 0.898978320 0.299381534 -0.713953825 -1.669483730 -0.975271271 1.474449341 0.381205248 2.193932498 -0.971740404 -2.198715798 -0.202052206 0.998405510 -0.783863979 0.838906198 0.759275582 -0.607311385 1.038941766
-11.420564185 -26.408053275 -27.880990694 -0.978557260 0.103971261 -0.099475043 -0.147378362 0.832579777 -0.410753414 -0.519643718 0.492604066 1.566656275 -0.881359771 -1.360562777 1.685675421 0.055240413 1.283656214 0.229099790 0.456598203 -0.120388991 0.292292648 -0.115766389 -0.930636820 -0.803146520 1.191489975 -1.033191880 -0.173463558
-12.313410969 -17.407159762 -25.399765294 0.201682492 0.439871599 -0.831136315 0.273951772 -0.008000288 1.216346119 0.778654962 -2.618413898 0.074082319 -0.536577416 0.696752161 0.313387065 -2.548932149 0.423355366 -0.059288735 1.413925920 0.570731821 0.907287921 -0.879005690 -0.905814725 1.175793809 0.762881812 0.942012676 -0.831710582
-16.045381920 -20.780000754 -27.819481597 0.010621443 0.361739717 0.582082223 -0.728156472 -0.039408652 0.570707456 0.088700212 0.580523436 1.914965354 -1.142969823 1.032145034 0.954839754 -0.112448387 0.409319124 0.017645745 0.679052164 1.273596550 1.340640779 1.197524075 -0.394102143 0.252069213 0.772288843 -0.942088238 1.374080464
-10.683850400 -10.873118416 -24.808189297 0.159376731 0.782202995 0.597468665 -0.076083685 1.155473936 0.179478588 0.250319406 -0.568392064 0.317945216 0.529270064 0.422860043 0.708864808 1.305661657 -0.054121072 1.103575288 0.394905409 1.745424538 -0.533973949 0.018497928 1.691844303 -1.244631666 -0.128814590 -1.498368567 -0.494303375
-8.689349788 -10.146404265 -22.701507028 0.220222120 -0.349909875 0.274371241 -0.868208339 -0.341632151 -0.006869719 0.004924480 -1.142438694 0.116366403 0.496996765 0.028218467 0.968794444 1.010335323 1.352934521 0.375132745 0.008991990 0.679129507 1.064875829 0.761300483 -0.455373710 0.069784450 0.198934768 -0.429018208 -0.110456287
-11.124147468 -18.832679326 -28.200279476 -0.669290698 -0.245872903 -0.699392568 0.049462238 1.299646020 0.363288319 0.772595295 1.474302598 1.104635094 -1.128763307 -0.669355074 1.668403893 -0.384999296 1.192322146 0.733038465 -0.162613718 0.010206828 0.181051168 0.108522036 1.183669679 0.193865787 -0.883130074 -2.158839630 -0.326443091
-6.090710485 -14.184946419 -27.996887136 -0.039539606 0.449462039 0.507762185 -0.733892403 -0.507957653 0.257372733 -0.401716038 0.676750959 -0.726317956 -0.306887094 -0.925147635 -0.825570084 -0.419282975 -1.105380651 -0.249111627 1.306054386 0.052009920 -0.931077653 -1.503806702 0.519115925 0.379930447 1.339987652 2.168895203 -1.359555484
-12.659605972 -22.035202437 -22.903008561 -0.244630950 -0.921386708 -0.134291603 -0.270495838 0.520917540 0.305469006 -0.942203803 -1.498439553 0.431958712 0.400026476 0.675234914 -0.520348143 -1.053015837 0.515404989 -2.700969043 -0.682111073 1.349259881 1.247999316 -0.005461863 0.447834363 -0.471396335 1.169468594 0.436258388 1.426095881
-10.527384664 -15.209598750 -24.778034199 0.739452982 0.596197373 -0.122301579 0.287750418 -0.588278472 -0.599530756 -1.550588578 -0.548182092 -0.412170243 0.493758926 0.397826238 -0.591936842 0.893324711 -2.151255987 1.666638353 1.723530636 0.029998191 0.988369370 -0.932912329 -0.762680188 -0.413831856 0.350147233 0.213801237 0.745866280
-8.955797030 -15.797328263 -35.239812806 0.339393137 -0.841544505 -0.412937678 0.078087256 0.113752231 1.318267925 0.103154543 0.801554600 0.156717093 -0.829337889 -0.274133139 -1.320361630 1.575354596 -1.102341618 0.463880774 -0.623582485 0.600697543 0.567151930 -0.416587111 -0.601275465 1.432649840 -0.763862855 -1.934913212 0.153971642
-6.381057512 -20.219173734 -26.706344193 -0.454057337 -0.680947031 0.276849753 -0.503485144 0.662879304 1.335598614 0.022827966 -0.321123099 -1.557750221 -1.029294285 -2.221727409 0.058334408 -0.081663305 -2.649280399 0.936415012 -0.918454400 0.646278128 1.418338638 0.586938161 -1.312647634 -0.288591595 -1.300713374 -0.964438065 -0.578481529
-12.714183108 -16.061065278 -32.632861637 0.045752686 0.870168853 -0.489000507 -0.039891899 2.146449737 0.976598703 -0.976346448 -0.672497660 -0.796206386 1.161119598 1.331978607 1.906544323 -0.546388938 -0.614220706 1.367036620 0.353202098 1.200157971 -0.066179811 -0.154531037 0.163399812 0.043917888 -0.463384434 0.528421671 0.547487252
-12.845412256 -12.959836382 -32.077705931 0.363702024 -0.870392973 -0.306029728 0.128385031 0.053250971 -1.032827072 0.768776195 -0.404214692 0.263250455 0.556559071 0.014564201 0.677970861 -0.503670221 -0.019546960 0.982737696 1.231085629 -0.192608183 -0.013697326 0.044245227 0.824483230 0.522612183 -0.825269782 -0.018083316 -0.879819307
