18.638150519 -9.769859463 6.917120038 0.409771723 -0.130025753 0.709428070 0.558473143 0.867374895 0.458699898 -0.822895393 -0.578803039 0.249813676 -0.930730497 -0.115713714 0.696478501 0.911491412 0.688717469 1.013572005 0.186474508 -0.194900155 -0.011359145 0.017951674 -0.628634230 -0.163285584 -1.463397713 -0.033561969 -1.296019686
15.146400016 -3.027935737 11.202149883 -0.924017537 -0.260161905 0.230500854 0.159300757 1.430583467 1.098551581 1.768959752 0.501699470 -1.100135375 0.747499376 -0.278279792 1.705049879 0.582435230 -1.516748503 -2.281095180 -1.038104292 -0.873717508 2.904873321 -1.584837136 -1.680943709 -0.946179119 1.479340244 0.145009258 -0.622694990
20.980818665 -5.073884831 8.309201996 -0.446734050 0.196362046 -0.110837876 0.865786117 -1.136564124 0.181838962 0.795719471 -0.095057301 1.206326046 -1.539919243 -0.269403695 -0.805788593 -1.108745045 0.368816474 0.678999647 -1.207100391 0.549651237 0.590146134 0.028950629 0.661969160 -1.171169980 -1.050197078 0.105235464 -0.941280649
19.184739207 -0.211957162 14.431392809 0.576085427 0.254803118 0.619959767 -0.467814962 0.742125050 0.757996557 0.136256132 0.465068232 0.502132768 0.886535425 0.740552573 0.477583561 0.911855893 0.838930236 0.567677018 -0.081793160 0.037915571 -0.713017725 -0.476940783 -1.420875512 0.653308265 2.569714203 -0.063747838 -1.230518305
13.953144052 -1.814056352 0.158356031 0.235461429 0.381776795 0.324837515 0.832637366 -0.610755973 2.737582044 -0.462296531 0.181035284 1.276943452 -0.198572650 -1.089515899 0.526756878 0.036911169 -0.575782673 -0.041410339 -0.251995592 0.500141591 -0.628632513 -1.023650645 -0.716955872 -0.359355114 -0.464451664 -0.014251145 -1.284930123
18.119545749 -8.032789048 2.107026382 -0.709907437 -0.433707614 0.552526349 -0.051417612 -1.046007523 -1.206539255 -1.108342467 -0.254997387 2.023990962 0.255856797 -1.683833592 -1.019005299 1.089745665 1.751919721 -0.528211129 0.370168375 -0.108637770 1.021920101 -0.083402933 0.582450570 2.016705144 -0.323194057 -0.433187084 2.708728794
21.366411136 0.896747457 3.639095357 0.459025285 -0.612353936 -0.117773571 -0.632809474 -1.010610032 -0.741337573 -0.168642636 -1.087134254 -0.664746746 0.221080704 0.841847462 1.369709157 0.981452109 -0.290994670 0.133764165 -1.102018571 -0.779986361 -0.415366189 -1.003137081 1.756084125 -1.689870317 -0.651770222 0.293407377 -1.564865014
17.561352361 -2.186650167 11.173471479 0.131205881 0.720129693 0.642248706 -0.227408974 -0.115074693 -0.520309987 1.215377225 1.220830214 -0.351950950 -1.495504637 -1.039055468 -0.589990251 -0.045121557 -0.309032170 0.096302192 1.250718026 0.044783290 1.847498859 1.126837600 2.349604033 0.584468446 0.681354149 1.065129366 -0.131787475
20.529812374 -0.026581546 1.472887933 -0.095986414 -0.156272754 0.668388937 -0.720847878 -0.777830102 -0.109921909 2.153889597 -0.995370569 0.395856943 -0.374431490 -1.237035877 -0.378852696 -1.356411698 1.577347289 0.319163278 -0.462192936 -0.996032360 0.220494468 2.489260571 1.904354062 0.670714829 -0.992002034 0.448655528 0.024238277
10.857207677 -5.061747383 12.766663494 0.841666524 0.221238882 -0.134170088 -0.473971737 0.224985006 -1.829366287 -1.011507410 -0.365777889 -2.015818326 -0.750945482 2.557417088 0.601254728 -0.997669251 3.163918970 1.044678261 2.478987425 -0.212788661 0.316019797 -0.887393926 -1.009371403 0.065979667 0.029093574 0.723047216 2.252681397
21.977252366 0.919497700 13.583405377 0.512054449 -0.662578500 0.481863585 -0.258064834 -0.577642198 0.160050169 1.776009962 0.128447946 0.293068327 0.072895070 -1.254000114 0.234016517 -1.236822460 0.846008107 -0.266506764 0.827629539 0.836763887 0.729125134 -0.440309640 -0.249542954 0.642675837 0.408899161 0.426861281 -2.077814217
16.922232520 4.671665633 7.370482869 0.520813342 -0.803907002 -0.025885884 -0.286036565 -0.135534880 -1.083664281 0.477364054 -0.121038694 0.703142932 1.083147514 0.514761647 0.407500388 -1.185194345 0.247511179 -3.057907548 -1.176112120 1.157703272 0.721903124 1.952598443 -1.323333768 -0.052601128 -1.043699296 -0.876266007 -1.085367380
13.094580332 -5.976092262 4.369187656 0.218340686 0.680391272 -0.669296397 -0.203561771 -0.357517234 1.089307295 2.591376913 -0.986680965 1.094321409 0.232997262 -2.474530339 0.012395760 -1.480050249 0.892650421 -0.533676747 -0.375195546 1.058982844 0.260199025 -0.177283426 1.095367744 0.135164571 0.766966501 -0.141199106 0.326415054
17.186780119 2.352127196 6.302609005 -0.584277460 0.277462907 -0.439951746 -0.622957981 0.155948709 1.178717760 0.315261038 0.499300658 -0.403948210 1.257537789 -1.061885626 0.766363095 0.550082593 -1.342072681 0.140957260 0.029414387 -0.069957894 -1.085086380 -0.423947901 0.073289662 -0.091845315 1.154595009 0.031774678 -0.838190867
23.303892066 -4.638217374 1.448229655 -0.676984425 -0.161025851 0.698137711 -0.168423574 -0.308476125 0.441705609 -0.202911540 -2.424517021 0.622825720 0.981659231 0.029886940 0.048276175 0.213518864 -1.878803787 0.416976851 -0.398381781 1.179701485 -0.583018754 -2.041119059 0.168721284 -1.538311730 0.523386013 -1.067765057 1.030497923
24.359771726 -1.359721349 16.281140568 0.660371186 -0.053477446 -0.708280809 0.243697261 -0.083541153 0.125505122 -0.038056269 -0.036079513 0.316002907 -1.230411881 -0.467317473 0.202166910 -0.327322245 1.361587035 -0.434317874 -0.001591244 -0.026466400 -2.024365960 -0.640276220 0.066507511 0.265756450 -1.059849633 0.786600047 1.014344211
20.069414147 -7.175638434 10.505388234 -0.429644336 0.648637344 0.419392761 -0.467744645 1.459181678 1.094407775 0.048552597 0.257983517 -0.446476554 0.113216608 0.194186385 0.096432500 0.650551931 1.912119589 1.297317081 -0.813179274 -2.243217139 1.592065927 0.904054986 2.130216311 -0.170717971 -1.381631014 -1.099428243 0.206382683
23.134666618 -5.812801215 3.229478125 0.069857144 -0.804083809 -0.553891264 -0.204386092 -1.226523194 -1.232271978 -0.638608916 1.180472216 -0.887345725 -0.784000247 -2.369910798 -0.303118958 -0.080527600 0.776753979 -0.363219389 0.279267566 0.447357693 -2.479238216 -1.261150098 -0.981428886 0.977982377 -0.184607508 2.038417709 1.462524809
10.457607545 -3.256651381 9.801298217 -0.851680026 0.194173239 0.087650661 0.478806066 0.537595296 -0.253745613 -0.592450190 -0.802189282 -0.273460400 -0.826598143 -0.055115465 0.308794560 1.438504037 1.787785459 0.512975106 -0.245618734 -0.158626855 0.545479454 -0.906993991 0.728389463 0.467347836 1.000311598 0.122633202 0.186912885
13.778521784 -7.205962047 9.552689410 0.428020386 -0.031461974 0.903218326 -0.002312883 -0.767178213 1.788130656 0.192631041 -2.081821339 -1.736012804 0.498252677 1.228784074 -0.931726065 -0.804090800 -1.430277214 -1.520996348 -1.506072758 -1.270523981 0.750758749 0.102463055 -0.415143295 -0.286525597 1.480254030 -1.341431793 0.529140885
17.067673788 2.105945470 5.567152834 -0.317567937 -0.151589845 -0.822972149 0.445968572 -0.351116016 0.081882330 -0.856770501 0.230839937 0.414840590 0.740362004 -1.493902125 1.640188145 -2.104393926 0.604228215 -0.807479929 0.422407957 -0.536542979 1.091039369 2.822665529 0.463315219 -0.536223778 0.712023117 1.852173726 -0.538113388
20.943478803 -7.984758338 8.659602256 -0.366640820 0.639882560 0.644066953 0.203230357 -0.553941655 1.647793973 -0.114178975 -0.083449787 0.840517255 -0.717180118 -1.240991912 -0.387893049 -1.825041274 0.903948226 1.355627239 -0.273495325 -0.759621927 0.694353675 1.603707981 0.017268619 -0.589821523 -0.279656117 0.908263359 0.828657689
25.667878232 4.424243977 8.738712496 -0.064473263 -0.441678532 0.030630946 -0.894329368 -0.520911882 1.839747401 -0.395149121 -0.319349168 -1.187226936 0.681303960 0.640310163 0.565491821 0.056306465 0.686963410 1.340764783 1.244591173 -1.021851431 -1.612540599 0.235904841 0.715746326 -0.973779434 -0.474956331 -0.650705307 -0.094637196
25.389976028 -2.805980257 10.952232927 0.165552397 -0.573451682 -0.759284003 -0.259293994 -0.532673241 0.136470095 -1.197339294 -0.876655552 -0.625251445 -1.304454388 -0.430205637 0.606442433 -0.618922969 -0.415545141 0.158384941 -0.405790278 -0.399558005 -0.581048941 0.133077092 0.177860555 -0.394192123 -0.243398055 0.106406182 1.309562347
21.900841394 5.558471581 6.179573934 0.207711841 0.814464206 -0.433173513 -0.325368340 0.510744913 0.510301230 0.913497874 -1.094733085 -0.164314571 -0.106149478 -1.541595387 -0.942995398 -0.591238767 2.348190556 0.615140458 0.594042732 0.325966841 -1.969133824 -0.032530310 -0.915621153 1.158876815 0.313814776 0.159588810 -0.807679324
17.907201317 4.573262206 12.423385914 -0.495429412 -0.328204805 0.137978346 0.792334071 -0.308717577 -0.922343003 0.178663572 -0.947714387 -0.653922467 0.173263796 -1.387167564 -1.190164138 -0.288628121 -1.092319331 -0.896456517 -0.613811802 1.238453052 0.531190643 -1.509299572 -0.400243836 -0.256589007 -0.355825254 -1.188348026 -1.482484857
15.054057251 -4.945961660 8.735253529 -0.065892361 -0.588954814 -0.697897231 -0.402156535 1.320686556 0.433461536 1.371848453 0.798567501 -0.858808849 -0.159778014 -0.591007776 -0.924536977 -0.675643553 -0.480752384 1.581318523 -1.635161200 -0.599192428 1.586083407 -0.203701853 -1.827330502 -0.821546824 0.563732310 -0.827341923 0.052381308
13.088189994 -6.020143733 2.082908692 0.306512255 0.856925857 0.303108588 -0.282583611 0.951312088 -1.121146809 1.163598709 -1.541485886 -0.536244002 -0.708180520 -0.760548699 0.138484933 0.127384216 0.798921056 0.790221436 0.262054454 -0.819098080 1.516940079 0.482044697 -1.569509430 0.868785113 0.609172450 -1.110890197 -1.568816451
9.751267904 -4.030915209 7.579612090 0.168956042 -0.593731878 -0.635144042 0.464250320 2.077537555 0.308833890 0.759447857 -0.384135207 -0.567502572 -0.898338186 -0.345966845 0.521558329 -1.080643639 1.347498492 0.122763786 -0.301989550 1.005423951 -0.420848645 -0.470435485 0.967152103 -0.119078268 0.790005695 1.222598143 0.268259297
10.046949901 -1.768471598 9.059518523 0.509316199 0.197781976 -0.778851982 -0.308007936 -0.033796278 -2.479757872 -0.699095261 0.599682107 -0.199479847 2.391425309 -1.127524786 0.340632109 0.867214250 -0.683550786 -0.791076151 -0.355322126 2.220471920 0.481577797 -0.856891218 -0.132378917 0.551971345 -1.061013620 -0.160260828 -0.994679267
24.772839234 -0.995414715 5.298299362 0.656451191 -0.404019527 0.545687175 0.328733270 0.254321026 -0.968954782 -2.060561757 -0.430171597 0.205827262 -0.541967948 0.172008250 -0.648477314 0.005750304 -0.244405746 -0.643700616 1.056781710 1.738573078 0.344834889 0.505272512 0.160257251 -0.171405618 0.852417274 0.132321178 -2.434079864
13.772799465 3.435405689 1.275702388 -0.288193322 0.537244515 0.030953603 0.792057331 -1.270776287 0.346424933 -1.560289654 -0.441492529 -0.747232168 -1.329927961 0.114780702 -1.020057313 0.533934299 -0.169212696 -1.197337978 -0.025732492 -0.698017240 0.510841144 -1.977810156 0.847615428 0.681112856 0.296061009 0.977559785 -0.046185015
17.639161446 -1.452263446 1.660530023 0.891204179 0.406598242 0.189927827 -0.066033332 1.567475750 0.707141971 -0.013642844 2.437992231 -0.707022763 0.577675898 1.640966005 -2.111643018 1.166002355 0.196358945 -0.415946285 -0.462078563 -1.258876368 -0.295425898 0.454850020 0.290236964 0.868340654 2.949138598 0.285370022 0.546276677
20.064456894 -3.477662716 13.978319231 0.059915306 -0.119857524 0.669182890 -0.730916267 -1.146772635 -0.221164321 1.390261834 0.845327625 -0.783474178 -1.072817472 1.215589307 0.928219925 1.322927758 -0.230463252 2.104923479 -0.720095600 -0.371264811 -0.771485553 -0.193654521 1.301972726 -0.324173271 -0.419143997 0.657450682 1.188734344
18.298548516 -4.830674659 8.858652452 -0.306914810 0.785217487 0.533362153 -0.069004429 0.304401241 1.894708711 -0.351694676 0.468592699 -1.081290913 -1.412014008 -0.079439641 -1.631617909 2.344102351 0.266310737 1.208127460 0.936593466 -0.479317820 0.256904117 0.645939017 0.914850850 -0.166500815 1.162839879 2.176093029 0.942985267
19.536060849 1.962295545 4.784814331 -0.338500408 -0.078289166 0.877964816 0.329341863 0.821816414 -1.321577508 -1.091985512 -0.137712534 0.163475949 -0.451967971 -1.033853894 -0.695461516 -1.106772767 -0.328352995 -1.337645157 0.138185551 -0.769405852 -0.233471470 1.431656636 -1.832262232 0.309280063 0.592168224 -0.196356580 0.995881165
11.980151845 -4.433895344 15.278654183 -0.632452112 0.196656672 -0.538675622 -0.520729347 -1.474592070 0.561210200 -0.172926263 0.285282961 1.535585004 -0.202451974 0.037182670 0.562928154 -0.323867756 -1.256396225 -2.309430728 0.198847554 0.188232936 1.573066775 -1.254757320 0.640436203 -0.595630312 0.226344674 -0.905138803 0.959067501
17.141134713 -5.254333689 11.351225749 0.017491769 -0.515307027 -0.595778706 -0.615792529 0.544701042 -0.793857552 1.026857884 0.513988742 -0.455772963 -0.788073753 0.160740318 0.911297041 -0.580026730 1.271669406 -0.001357132 1.647457470 0.034741992 -0.370639159 -1.233967208 0.494373708 0.373289876 -0.180245773 0.599660849 -0.740263355
16.108396126 7.130269649 9.502391773 -0.552897170 0.248818524 0.549058179 0.575264441 0.976091838 0.147227914 1.765322217 -1.665770394 0.827085041 -1.648354500 -1.704651998 1.304017965 -0.685360896 0.095775678 1.031812853 0.394117192 1.076650399 0.381995151 -0.491371717 -0.184963924 -1.354325102 -0.822566525 1.945581391 0.156232467
15.444261464 1.645121275 0.350816835 0.703654696 0.630228061 -0.253559421 -0.208303337 -0.395868037 -0.309593054 -0.100369031 -1.024734631 -0.822471500 -0.091369942 -0.362842450 -1.708145464 -0.062796458 0.075917414 0.189052941 0.002340389 0.188094332 0.686894637 1.412367169 -0.264655587 1.103244709 0.297402762 -0.817167887 -0.329887510
12.894688613 -6.707763152 10.239786634 0.732749727 0.679542678 0.013781732 -0.033311411 -1.421200767 -1.091894498 -1.530756623 0.869603228 -1.243063833 0.188271178 0.439573273 0.702047726 -1.495277062 -0.046031439 0.145097589 1.795875389 0.745171242 1.051530809 0.653969743 0.189002962 0.201746327 0.186549931 -0.334443049 -2.057149907
15.982419423 -0.960647699 17.238546072 -0.497889940 0.721794422 -0.278910358 -0.391570469 -0.277076459 -0.595844369 1.427170878 -0.873841654 -1.467502147 -0.514442807 1.205129231 -0.811691663 0.758673546 -0.790634039 -1.196684280 -0.999129512 -0.164092091 0.152899380 1.579272447 1.180560473 1.346832480 0.761663694 -0.214714340 -0.240790087
22.804076106 5.517179636 14.578221192 -0.883801077 -0.045273109 -0.349371700 0.307872402 0.253976027 0.162525797 -1.929789280 -0.462510480 0.279767531 -1.552549808 1.751111314 -0.624150923 -0.699351829 0.802450582 1.089034377 1.582148797 1.082936163 0.443772774 -2.182781275 -2.277585185 0.306216985 -0.047070532 0.067851018 -0.058493878
10.529981212 4.134477617 8.978009131 0.299483518 -0.523344072 0.314352691 -0.733214150 1.170751183 -0.183438135 0.497847841 0.337555456 -0.121991196 1.408273531 0.381195236 -0.511623422 1.695997348 -0.789952351 -1.054199543 -0.821460130 2.050003280 -1.009899073 -0.242180565 -0.933304722 -0.002666065 -1.306081406 -0.497309559 0.490086570
18.878348663 -4.300145633 0.827201573 0.696847313 -0.023577201 -0.345136318 0.628274510 0.777252207 -0.597371909 -1.078763631 -0.001617833 -1.925215963 -1.287747024 -0.494724303 0.653077825 0.983128412 -1.114021240 -0.196821763 -0.010621384 -0.856980325 -1.551499123 -2.168493202 -1.333039884 0.143411497 0.473329453 -0.725368986 0.323141266
17.443734596 -4.396635919 2.494080049 0.063776008 -0.265503182 -0.762748360 -0.586221478 -2.031008300 -0.846300520 -0.309190181 0.319938812 0.362341912 1.718692784 -0.525803178 -0.073603607 0.561710797 0.961787117 -0.710804824 -0.332598563 0.813415104 -1.368148594 2.296198348 0.148485819 1.671092889 -0.333915064 0.325616806 0.534556454
15.520256162 -6.178120201 8.778311182 -0.916525788 -0.233521959 -0.322639157 0.036768856 0.602219409 -0.146935552 -1.344729388 -0.517444803 0.358895374 1.384387397 -1.313697141 -0.669254991 0.257475761 -0.769016818 -0.551185552 0.815401866 2.112485425 0.625781637 0.208186149 0.307609587 0.932807058 0.687213150 -2.080075881 0.055643230
18.330050153 -5.518980965 16.113141764 0.950469106 0.070758686 -0.271053664 -0.134653625 1.153467452 -1.591961304 0.327381815 -0.970342085 -0.003221498 0.718250178 -0.424643313 -1.203072718 0.054327604 -0.015152856 -0.054891394 -0.430133400 0.149799487 0.228943879 0.869123185 -0.772377193 0.124846173 -0.287195306 -1.203388856 0.764471386
10.288144627 1.673434154 5.894978532 -0.314643382 0.858273621 -0.006757806 0.405364362 0.368487086 1.152387855 -0.341901500 -0.839486503 1.319677182 1.572395823 2.013998437 0.635281315 0.429830294 0.653140410 0.320562882 0.206059512 -2.483768838 -0.377565664 0.416744968 0.232061213 -0.962846853 -1.126857529 -0.595563274 -1.655664766
10.375252500 1.066145739 8.563570140 -0.542403753 -0.023474097 0.020283356 0.839544949 0.320768199 -0.461200536 0.673611671 0.491984428 0.222931275 -0.429200554 -0.670032245 0.621457222 -0.737074765 1.276297748 0.588437971 -0.255359083 -0.518640607 -1.178838464 -0.851599351 -0.431728273 -0.922504325 0.302271005 -1.076038352 -0.045477297
24.945444091 -0.179430714 8.863739515 -0.895254728 0.008795280 -0.434073095 0.100110756 0.959305369 0.051259804 0.670705138 0.977499482 -0.392021455 1.884893108 -1.901206497 -0.925212562 -0.712954002 0.447728669 -0.784229264 2.789695795 1.942630130 -0.490241567 -0.248297547 -0.763205332 -0.790985938 0.181102385 -0.795594691 -1.486491695
25.863126700 2.807245829 9.360299260 0.030148064 0.794960839 -0.337649491 0.503111498 0.238417553 -0.710055815 -0.812099434 -0.488239692 -1.723810230 0.374474807 0.777490397 -0.168857091 -2.096324625 0.329458411 0.396602317 -0.162235678 -0.000433494 -1.764312164 -0.597264430 0.702585223 0.206297700 -0.946835811 0.271913964 0.678405663
19.969664201 3.235021376 2.205065025 -0.070097622 0.277400248 -0.872684397 0.395673310 0.598333855 -0.334556674 -1.214299034 -0.649903064 1.160593310 -0.963528484 -0.271450421 -0.593287523 -1.004360487 -0.523029968 1.031673851 -1.648868714 0.322555922 -0.159519373 -0.208922332 -2.262029281 -0.843501645 -0.444201778 0.134938323 -1.651608546
12.117133357 -0.763689114 3.542674098 0.489737130 -0.859293208 0.145788198 -0.022771189 2.651599047 -0.211264704 0.238798298 0.476118053 -0.280576766 0.721693016 0.160243808 -1.188064043 0.716358988 -0.547199322 -0.390129723 -0.451377483 -1.399690253 1.163174323 0.369070686 -0.678715472 -1.379497099 1.938627369 -0.965029348 -1.472102345
25.710206297 0.636135020 13.608667992 -0.746977897 -0.064874507 -0.084265178 -0.656288580 -1.307863030 -0.049963062 -0.107905433 -0.205915235 2.116509075 0.020571646 0.681014167 1.088425089 0.134513254 -0.876808073 -0.687718577 0.145529718 0.188535430 0.305883349 -1.236639997 -2.194622623 -0.640788328 0.427702188 1.053581600 0.914455980
19.610192755 -5.899812151 4.808564002 0.318815396 -0.674638173 -0.660864907 0.080483868 0.111447104 0.364798970 -0.329955010 0.539343428 -0.010129545 0.077395559 -0.789361401 1.287255361 -0.984300317 -1.212325098 0.154596835 -0.750396009 0.169886291 0.002005569 0.093468408 -0.912148964 1.701348847 0.686018186 0.854123898 0.822798580
25.009142831 -1.007298695 9.224802724 -0.350255052 -0.693176196 0.618392245 -0.120079936 1.003398285 0.729529687 -1.544515556 -3.096278550 0.380655654 -0.363903900 1.279907788 0.132822820 1.315836380 0.514903926 0.685877667 0.540763750 0.110690911 0.445070044 0.014133697 -0.040807295 -0.228742927 1.729000732 -0.487213565 -0.064131356
15.165355024 2.884152652 9.968303286 0.625765861 -0.693157580 0.316546238 -0.166577717 -1.773384398 -0.791419531 -2.064565707 -0.838229523 -0.950600145 -0.225016634 1.372690340 -1.035818315 -1.269913584 -0.580044235 -0.720593875 -1.158303462 -0.151369628 0.249966419 -0.020851753 -1.029490282 -1.325047945 0.151760648 0.085220482 -1.475873041
23.927881986 2.670754584 15.494521911 -0.471786402 -0.120480236 0.840950423 0.236017985 -0.848730025 -0.721394593 -0.661387950 -0.210867241 -0.073734459 -0.129866847 0.556499159 0.432638826 -0.573639228 -0.858079807 1.044467793 -0.317912683 0.142012847 -0.696271390 -0.749878709 -0.093563069 -1.338183990 -0.010336122 -0.948227338 -2.372686898
19.569224813 -7.543628277 7.225246510 0.301496617 0.240088920 -0.049463840 0.921417619 0.810861988 1.469187333 -0.107983131 -1.345398515 -0.075855500 -1.276185654 -0.473618213 0.796942307 0.182006026 -1.293985298 0.782655108 0.683824715 -2.104757044 1.698602491 -1.313345021 -0.628230590 -0.724122051 2.266042324 -1.992711232 -0.533986747
27.290826186 -4.244947429 8.680822012 0.607441946 0.147294283 0.382704689 0.680335062 -1.184738590 -0.169473922 0.781772986 0.240320167 -0.803598022 -0.013992294 0.302972038 0.847821346 -1.257510389 0.688937319 1.824286463 0.070917794 -0.571191634 0.480761152 0.847772202 0.332417475 1.593348089 2.302216668 -1.593279846 -0.342531980
14.484061653 -9.226991923 9.600900439 0.157420753 0.559181094 0.174522088 -0.795032862 -0.250429970 -0.757155602 1.391794916 -2.389616193 -1.084705136 -1.978661192 -0.989671154 0.219264724 0.500153137 -0.637720343 0.067403190 1.018194652 0.656164952 0.127783479 0.724234292 -0.115939093 -1.359845956 -0.365303457 -0.349912298 -0.341117934
24.408701773 -1.906327504 12.873911015 0.380013389 -0.056714686 -0.863433982 -0.326886872 0.134313223 0.006443070 1.067250156 0.596473399 0.340851211 -1.162893767 -0.553488573 0.007340553 0.638650980 -0.932406893 1.383969675 -1.005800303 1.507119267 -0.853061260 -0.606924424 0.618821373 -0.753824851 -0.840083861 0.192875373 0.218958252
11.822077075 -0.917986505 13.094620148 0.238350838 0.686664107 0.184106342 -0.661654092 -0.102745086 -0.214400438 0.089122333 -1.703814221 -0.901407461 -1.311515147 1.071715456 -1.410767686 -0.711250845 -0.273658365 -2.659528354 0.582838630 -1.943834506 -1.355255737 0.950014806 1.268667363 0.412175538 0.245127848 -0.101793541 1.596758141
13.671697287 -1.501363307 7.635458229 -0.170806725 -0.841205609 -0.060882813 -0.509403052 -1.354943141 0.086757334 1.182621305 0.406283145 -0.114010796 -0.211462151 1.093934336 0.573798361 0.559456270 -0.558498250 1.242611822 0.095062520 0.944448585 0.874027456 0.392943481 0.166752143 0.129470650 -0.211885344 -0.855198814 0.323156161
11.140142442 -4.452467206 11.056301346 0.068559789 0.263774672 0.622144021 0.733934122 -1.297490075 -0.124591432 -0.304385002 -0.238472797 0.204401417 -0.001822231 -2.484395595 -1.202496470 0.854252611 -0.388981927 -0.647899850 -0.676381200 0.445374221 -0.228074661 0.378046203 2.216122741 -3.112716961 -1.080422536 -0.491502525 -1.590785499
21.378129178 -3.395790254 10.307726123 0.176980782 0.233172350 0.082211325 -0.952654059 -1.617483121 0.010660680 1.220576963 0.257668467 -1.722835647 -0.397862630 -1.767993889 -1.883431312 0.908883796 0.808168015 -0.014029912 0.639620856 -0.452655652 0.353770891 0.374334862 -0.482469038 -0.095191498 0.163767204 -0.376185642 1.122951071
14.511458419 0.182012976 15.178092494 0.884845068 0.084419437 -0.373955919 -0.264725396 0.444360079 2.306208828 -0.220471298 0.093364905 0.421081671 -0.846184960 3.398722045 0.267671741 0.250411261 -0.823330456 -0.108358753 -0.227508649 -0.671668710 -0.028973339 -1.536327749 0.155723692 2.663355055 -2.233042208 -0.757008406 -0.928299456
18.243401473 -6.837033772 4.999614006 -0.268693932 0.921207124 -0.280107220 0.026850518 0.547346372 0.777344944 -0.053166838 -0.657348832 -1.656215628 0.296966868 0.371971226 -0.593267707 0.110650850 2.442302372 1.330071712 -2.043938956 -0.392436023 -0.151645514 -0.413690147 1.383312025 -0.534604483 0.652000793 -0.921682769 1.532438196
17.646580275 -1.970657602 5.396845610 0.017453353 -0.099409822 -0.257983313 -0.960862986 0.284754235 1.528386453 2.500591085 0.881317357 -0.184745344 -0.377322475 -0.853709671 0.570463275 -0.076158878 -0.398243821 1.186434958 0.817653526 -0.411375659 -0.183790759 0.711937792 -1.325648955 -0.351015456 -0.567369387 -1.128840583 -0.635574549
16.102468550 -2.833671843 8.195715862 0.705719547 0.519789081 0.461631176 -0.136659758 0.668244588 0.332118978 0.083326595 0.358578630 -0.341398078 0.012069355 1.069073329 -0.543461628 2.368679663 -0.762094602 -0.477255312 1.890041923 1.647930172 0.529785982 -1.407154288 0.568727369 -1.771662234 1.066751173 0.626811524 0.647669531
22.184766241 1.613798146 2.206335954 -0.144718448 -0.726995788 0.622683088 0.250598220 1.793365066 0.581784897 2.505339552 -0.036524732 -0.831383047 -1.218546158 -0.279007808 -2.297970555 1.427735333 -2.147711885 0.467375307 0.799568959 0.656266081 -0.276276924 1.726212503 -0.197495250 0.743641442 -1.620854172 0.665093895 0.088841878
27.119222608 0.851599241 5.561112499 0.566694269 0.661955141 -0.437231813 -0.222488961 0.555944763 -0.657717687 -0.930657008 1.549306407 1.318373568 -1.753877027 0.639161303 0.674516497 0.713531908 -0.767342389 -0.145506720 -0.981134164 1.296439519 0.150813861 -0.156427961 -0.949092735 -0.751839250 0.325953869 1.049532273 -0.370632301
16.599834748 6.339139769 5.571473358 -0.070235778 0.607259640 -0.709908728 0.349760294 -0.155555280 -0.397756785 0.491146001 -1.861779157 -0.172241254 -0.560226793 1.498501673 1.273205362 -1.023782047 0.130210591 0.003860858 -1.238143125 -2.489967241 -0.928649645 -0.536952401 -1.561583430 -0.762663700 -0.352465126 -0.883058891 0.614953373
14.732900962 1.295152279 1.359781843 -0.517948484 0.595992695 -0.569975177 0.227267184 1.113391666 -0.243131243 1.000367100 0.415340760 -0.036141137 -0.079213330 0.753978037 0.097428761 0.345873641 -1.271749221 -0.071322603 -0.873969739 1.033103355 -0.231100066 0.394712366 0.352172239 0.133373004 0.090602372 -0.710427450 -0.172755204
12.976667404 -3.258982455 2.966784302 0.478578340 -0.076354725 0.655282239 0.579428957 0.055316746 0.795923974 -0.226381265 1.320388317 0.830169770 -0.288194409 0.714001687 2.077700002 0.138604057 -0.623879654 1.294237568 -0.551690871 -0.752872499 -0.816991002 -0.100116679 1.044811167 -0.089502427 0.346233518 -0.445918709 -2.012070393
15.129907217 1.253508388 13.495792934 0.003110201 -0.573851754 -0.508105703 0.642271816 -0.862861835 0.139039384 -2.003095918 0.767431378 -0.726279373 -0.422661759 -1.016380844 1.447034771 -0.156182689 0.806711980 -0.712408590 0.085638310 0.423864377 -0.839364603 1.385056002 0.145496754 -0.063475880 2.437121532 0.104437827 0.456272556
10.231164730 1.823466950 11.231010308 0.340262962 -0.267598719 -0.377987218 -0.818375039 1.087641660 0.426323685 -0.136849512 -0.195136518 0.792765442 0.200167182 0.756347752 1.065977857 0.349306325 -1.025202427 -0.418961854 0.142163060 -0.311767982 0.469089838 0.699560775 0.121946468 1.057737688 -0.261913278 0.875953389 -0.159554459
15.620633429 1.658312623 10.472313522 -0.130449453 0.370489641 0.394551594 -0.830692125 -0.243572849 -1.152502741 -1.690741473 -0.512610443 -0.068683403 0.156181656 2.394879300 1.066490838 0.449562671 -0.526388113 -0.653236215 1.067471315 1.157362364 0.029713767 2.333208468 -0.877640982 1.296225086 0.693595211 1.971114761 0.697180761
24.083836472 -3.834338368 2.134224713 -0.116625204 0.196744133 0.972559091 0.042651172 0.509873703 0.825981824 0.148711925 1.484273091 -0.502869787 0.550116558 0.893193128 0.865263604 -0.216642066 2.001928520 1.451161287 0.556163700 -0.560958410 -1.810703304 0.271790774 0.396098286 0.153157068 0.518670966 0.061383869 -2.369448905
23.965927843 0.487074587 4.342686457 -0.672406955 0.061401449 -0.540815981 0.501614218 0.400638594 -0.957717044 0.523143596 -0.976527213 0.115399314 0.467746910 0.997344206 0.902077570 0.131016243 -0.982606613 0.074247879 -1.244064531 -0.024047764 0.506006856 -1.132907209 0.302304834 -1.210412825 0.139490478 0.087256255 1.013631349
19.983531204 -7.810450192 9.794973193 0.573703174 -0.521053381 -0.232672441 -0.587564105 -1.179208294 -0.705777871 -0.665710130 0.209897652 0.468119799 0.727462875 0.092002170 0.993362877 -1.342584820 0.169602721 0.564321358 0.439021292 0.857226634 -1.003883737 -1.096274689 0.682083729 -1.399698908 -1.291479269 0.426730468 -0.839105931
20.188683989 4.304148423 13.065023398 -0.161722586 -0.585267121 0.106869875 -0.787329050 -0.022547255 -0.245951141 -0.498429925 0.283393655 0.412758511 3.272382509 0.186314485 -0.474327728 -0.527104428 -0.491716689 0.597940648 -0.911636747 0.390799093 -0.474146110 1.027251687 -0.228818047 1.600015590 0.756418170 1.226092349 1.081759374
20.318082855 -9.896247602 7.281816464 -0.585960764 0.574641689 0.280064659 -0.497996686 -1.140784995 -0.505475647 -1.524395955 -0.391758182 -0.097804542 -1.400166830 -0.543886027 -0.617079288 1.190112298 1.311671132 0.746172649 1.006875475 -0.940802630 0.465808944 0.767301160 2.014956582 -0.233050539 -0.971151321 0.331750861 -0.931445707
21.081017229 -3.366769492 16.533248078 0.487791818 0.336248967 0.201596870 0.779970818 -0.307660867 1.316680680 1.318333261 -1.129083248 -0.396870848 -0.543020235 1.247246316 1.133445185 -1.536330853 -0.211056788 -0.138910375 -0.806461776 0.760695282 0.869380333 -0.429562692 2.209227318 1.340083405 1.493878890 0.114242610 1.227500457
9.971286099 -2.733538151 4.578272617 -0.254384625 0.639287161 0.084750803 0.720706383 1.171799068 -0.140339325 0.422520941 -0.942060062 0.867999674 -0.206146724 0.626709058 1.242827528 0.160338586 -0.849932759 1.917948387 0.987149229 -0.816438795 0.507509045 0.852365563 2.710045152 -0.023126532 0.871590442 -0.574419783 0.208017531
20.201579372 -6.702294319 12.208111689 -0.211653441 0.745938887 -0.630035203 0.042821030 0.837399181 0.912453013 1.287408460 1.069915631 0.986281459 -1.298641604 0.967732785 0.110073932 -0.559073084 0.100182870 0.884134599 0.517155459 0.964563895 -0.390105230 0.230133466 -1.022798068 0.301862994 0.202055854 0.171570148 -1.859145453
13.409870006 3.967591936 14.676168299 -0.385485757 0.473524044 0.337820835 -0.716277038 0.700856216 2.166846829 -1.155352121 -0.073571223 -0.385808814 0.109005593 1.640347443 -1.449151600 1.491587436 -0.486969800 0.420274960 0.735652595 0.297957260 -0.676424976 -0.470269274 -1.149187171 0.614910398 0.723388766 -0.254063106 0.463974832
23.515990627 -1.488941370 13.791248811 -0.743473808 -0.211075173 0.599910539 0.206884781 -0.554459179 0.505894519 0.056957609 -0.657665825 0.738840548 -1.795513847 -0.304159816 -1.453548873 -0.819140705 1.812963771 1.267779040 -0.118691935 -1.091198902 -0.880374776 -0.984433846 -0.472852610 0.518870810 0.709190346 -0.089660793 0.023152774
11.439310109 2.614294423 7.657676367 -0.416545136 -0.663924381 0.217904961 0.581559966 -0.761244621 0.133961657 -0.291775480 0.734177693 1.104670457 -0.189630278 -0.840877687 -0.135761256 0.095797152 -0.152881658 0.535046662 0.475519483 -0.204414340 0.437097575 0.855309031 -0.626202528 1.336969733 -0.423579963 -0.828051563 -0.399912987
17.449649223 -1.758653550 1.792533251 0.300585345 0.022290996 0.946501267 -0.115268879 -0.855375762 -1.156211313 -0.662134771 -0.575773020 -0.223618928 0.621335735 0.863575537 -0.218784910 0.823897233 0.943285146 -0.598342763 -0.210020777 -2.025456497 0.777949009 -0.969094024 1.413624338 -3.018762606 0.005591314 -1.405591106 1.184458531
22.383362590 4.725029534 14.571426670 0.279267977 0.652780357 -0.262939486 0.653261073 -1.756850555 0.077935150 -0.963933699 -0.761389103 1.467757626 -0.766955616 -0.797999833 0.650755670 -0.482797295 -1.337892827 0.304705605 0.943538888 -0.698732243 -0.667975439 -1.869416198 -0.489512467 0.783990555 -1.385272181 0.536152475 -0.787163439
16.483010185 -0.074888990 5.144043932 -0.059227380 0.304683102 0.358012927 -0.880617436 -0.699104560 1.098353928 0.483161075 -0.693762877 -0.319246463 -0.282660603 0.486571389 1.890830563 -0.073984881 -0.312865569 -0.260543609 -0.399399547 0.780986599 1.573048626 1.392217463 2.015217532 -0.479052484 -0.577515290 -1.821785244 -1.409229046
19.202965274 -3.413906742 7.895775755 0.128655695 -0.294402379 0.934563486 0.152859550 0.437949666 0.895289080 -0.547411609 0.198069659 1.193991359 -0.306415375 1.777384437 -0.791083585 0.069928064 -0.322841825 -2.005008465 0.728973060 1.315635000 0.719291951 0.732314154 -0.018665190 -3.817770363 0.625717836 0.180699667 0.498386919
22.713359117 -3.834160027 15.915217874 0.647858208 0.374185064 0.416159210 -0.516794729 0.413249506 0.571984717 -0.586931984 -0.415880493 -1.007039602 -0.560942039 -0.645430437 -0.869555778 -0.146146559 0.030735672 0.229653170 -0.586120816 0.712659423 0.183538434 1.592545833 1.198242368 -2.119248700 0.279263308 2.032826258 1.328132585
20.811018038 2.554190362 2.628917298 0.502994819 0.415083646 -0.605174236 -0.456580687 -0.380985241 -1.133322319 0.950733038 -0.137196731 -0.414945222 -0.434080972 0.808040913 1.845485905 1.096949490 0.099354440 -0.049579545 -1.289169742 -1.398888211 0.924523828 -0.566194066 -0.757184929 0.645283588 1.666166998 0.007324786 -2.136545516
24.365683668 0.637701736 9.736920537 0.272409493 -0.611607007 -0.325379153 0.667726249 -0.042670562 0.298166024 -0.576999488 0.520365651 0.220860751 -0.565714540 -0.614999862 -0.343276881 -1.438272419 0.427700489 -0.007001895 -1.865286303 0.722443876 -0.709120359 -0.490278599 0.921705849 0.745040631 -0.924549695 1.496650053 0.664311916
23.342684499 -7.839818539 9.855987808 0.078459213 -0.242602882 0.836059916 0.485789884 1.411767792 0.705116311 0.144523632 -0.237245635 0.678314857 0.724832532 0.876689603 0.889391926 1.489270511 -0.904256411 0.039211042 0.663743951 0.379409923 0.022524298 0.957720952 0.720686234 -1.040446392 -0.962351346 0.615775257 0.249974312
21.037960210 -3.935690591 16.317201889 -0.240803392 -0.616844543 0.272875534 -0.697893602 1.453929030 0.836109791 -0.492632654 0.639050400 -1.472725074 -0.305298548 -1.988934189 0.153187325 0.093666812 -0.591709491 -1.147118698 -1.090744320 2.254397960 0.482197348 1.129147830 0.631247072 2.097892986 -0.733586656 0.285397512 0.960810956
13.795047356 -3.886476489 3.419994987 -0.293549813 -0.101657720 -0.465510520 -0.828730457 -0.095348308 -0.854881197 0.787596945 -0.251442835 -1.135814307 0.696789705 -0.088760466 -0.254522209 0.796117198 -0.033098747 -0.958672127 0.283885787 0.357130996 0.063617147 0.586273545 -1.654100657 -2.403500781 -2.632556045 -2.953323958 -0.613550968
17.181771849 3.262343779 7.777740327 -0.307072071 -0.621047365 0.721058688 -0.009015731 0.758879260 -0.397071149 -0.144285145 -2.712158672 0.309355689 -0.942454785 0.490572270 0.124738954 -0.836812919 2.040325729 -0.378013863 -0.387346733 -1.055962055 -0.771315306 0.167159141 1.397715308 0.865176880 1.489891153 -2.370818572 -0.856661001
20.859087996 3.563554871 14.377894768 -0.053253005 0.358053409 0.153307114 -0.919488337 -0.858951041 0.989378507 -0.305101013 -0.300147386 1.108130426 -0.247842066 -1.764086917 -0.115029344 -0.913356378 -0.112705202 0.279295289 0.908558543 -0.277756159 0.124866154 -0.180383110 -0.356644842 0.990368600 0.613645712 -0.352670196 -1.304299285
17.242404406 0.090673076 8.238603861 0.829230211 0.258194961 0.367376126 -0.332787321 1.901089371 -1.020221799 -1.575843424 0.888980002 0.852758272 1.506048742 1.509756371 -0.715775574 0.884194512 1.458128261 -0.144327027 -1.248554751 1.011903202 0.355428273 1.856031393 1.037961669 0.842475808 -0.837350763 -1.731550172 0.517383193
15.115142998 2.058268347 6.276764720 0.488317098 -0.714387710 0.465556005 0.185618477 1.126248559 0.631929532 -0.119006968 -2.490318117 0.287321026 1.560320929 0.172311067 -0.683253342 -0.025273120 0.679553901 1.247438707 0.540981799 0.728938302 -0.286560887 -1.205840151 -0.022579095 -0.220269091 -1.295385856 0.472262872 0.793725888
22.168762332 0.901616203 8.208726153 0.191468551 -0.700120668 0.295006455 0.621403280 0.321883595 -2.137466689 0.200387385 -1.467190950 -0.816796920 -0.887055020 -0.726011563 1.794491584 -0.525132462 0.547925014 0.340824673 -0.014842326 -0.483770489 -1.220130585 -0.286918757 -0.022658750 0.409778479 0.957722815 -0.309616762 0.589600198
20.908384038 -3.742867082 11.775730579 -0.110040580 -0.277736420 0.495266306 -0.815760282 0.535275600 -0.197379995 -0.209811980 -0.216085640 -0.039177173 -1.418449858 0.332145215 -2.124041397 -1.609167126 0.546321442 0.569728236 0.217300710 0.408661627 -0.814535775 -0.592896757 -0.579013211 -0.360804483 0.417882789 -0.407820942 -0.633484338
15.463894717 0.398812906 11.229455759 0.847880651 -0.017553245 -0.528629900 -0.036615771 0.926923630 -0.391121514 0.534324122 0.448476152 0.855150225 2.363102968 0.803432378 0.639196073 0.963654436 2.713259141 0.444648980 0.353493624 -0.442680583 0.375089086 0.491911703 1.049743388 -0.877211806 -0.909001703 0.465602500 0.402155814
12.900909767 -6.993075289 11.613047484 -0.076446026 -0.188023561 -0.057964953 0.977467754 -2.641659024 0.550570572 0.238011178 -1.502799910 -1.410947842 0.091118395 0.733715378 0.754712278 0.153584138 0.276441387 0.178086050 0.130524526 -1.054021361 -0.458192147 0.032698825 -0.264613505 0.072968076 -0.162991822 0.972960587 -1.825402984
20.736728018 5.003695500 13.390141899 0.504927311 0.385436342 0.762404606 -0.123395519 1.673600707 -1.545737011 1.641067420 0.617391979 -0.565652210 -1.959551391 0.298624446 -0.420779353 0.063856262 -0.552373714 0.761323605 2.116841931 0.519958558 -0.663908057 0.424690905 0.141978900 -0.566344754 0.263684420 0.579542076 -0.063729280
15.833750092 -1.399696296 11.094645704 0.382110289 0.247932856 -0.021184117 -0.889984415 1.130595372 0.237112191 -0.091706250 0.792214453 -0.151233091 -0.492130354 1.168203769 1.795014898 -1.508829602 -0.021657034 0.055958808 0.272992142 1.379702346 -1.397115931 1.455356590 -2.244735836 -0.501243666 -1.233415619 0.310721869 -1.437104539
24.046306567 4.663953373 3.134750322 0.458676393 -0.282573569 -0.680768402 0.496308904 -0.781813108 2.721142655 0.409162460 -1.089318446 -0.598898702 -0.157349823 0.936565120 -0.446300693 1.363798062 1.714978338 -0.364718250 -0.843171551 0.689650146 -0.227646425 0.129818384 0.520265937 -0.938070882 1.215043912 0.622911793 0.693621765
14.101638608 1.108497026 3.653798180 -0.597917261 -0.560770495 0.137959350 -0.555876441 -0.289492985 0.960111013 0.366955585 -1.974785727 0.224127292 -1.126171972 -0.851085748 -0.230750280 0.706719679 0.549284685 -0.603173257 -0.130971608 0.755187436 -1.597505634 -0.029320810 0.162791386 -0.250460872 -0.507479465 0.481764946 1.053810350
23.909979367 -4.201429828 5.458706860 -0.711019773 0.055063280 0.485721904 0.505463301 1.282488939 -0.719825464 0.839509418 0.847810020 0.870564511 -1.692978579 0.359059933 0.313675928 -0.799791225 -0.103550960 -1.446046916 0.354296356 0.474186203 -0.411939459 0.078768393 1.476893618 1.460059652 0.227430387 0.844992311 1.455831271
13.471226899 -4.811303067 13.596216561 0.562502283 -0.068019651 -0.114948936 0.815935813 0.034914961 0.793418968 0.217879675 -0.293012935 -1.488612312 -0.649148214 -0.043952550 -0.704669988 -0.042227394 0.744817505 -1.153793961 -1.606691641 1.403622057 -0.514270745 -0.831012058 0.504591478 -0.337623057 0.596111918 -0.519946200 0.826286564
12.358376274 3.159146798 9.202946162 0.508743488 0.098087068 0.826876247 -0.218711369 -0.004284795 0.127450674 0.106379383 0.657940534 1.314833114 -0.871037575 0.860737916 -0.677080723 -0.089896565 1.191184068 1.496321080 0.126951122 0.287707267 0.881726423 -0.581410490 -1.310680657 -1.242703257 -0.189377558 -0.627097069 -0.099063790
24.636587441 0.686223182 2.096983352 0.028810393 -0.857090454 -0.479091144 0.187183307 0.796077729 -1.987604050 -0.668707694 0.229165938 0.289837344 1.743281487 0.088143848 0.845193603 0.870385306 -0.101704149 -1.501433985 -1.505924546 1.487314918 -0.367839090 -0.059862449 0.154562757 -0.720829281 0.583515361 0.493350325 0.857715990
20.100717014 -6.921778959 14.646270917 -0.140498689 -0.057235378 -0.417514347 -0.895916291 -2.179500765 0.721450185 0.851212606 -0.352639950 -0.400976490 2.046861819 2.155287860 0.235349377 -0.172536086 -0.631570288 -1.878751856 -0.239253943 -0.947927175 -0.333463890 -0.195909299 -1.266554208 1.198284941 -0.235974470 -2.847363243 0.665660081
21.675156871 -7.740046505 14.866796020 -0.362577426 -0.889153061 -0.131983789 0.246017731 -0.621568858 -0.256351442 0.863987120 -0.037553181 -0.008483398 -1.559481010 -1.098380134 0.626656008 0.282446321 -0.401729032 -0.826626840 1.544242330 0.766884008 0.707673937 -0.253247790 -3.191670553 0.460827994 1.508069205 -1.056565989 -0.676485372
18.024079852 2.494253169 3.195737377 -0.075216402 -0.524778406 0.844019958 0.081119838 0.058687004 0.473120613 1.150760540 1.961407032 -1.337232612 -0.394314114 2.172770480 -0.464126249 -1.726867312 -1.133440508 -0.745214676 0.287956662 -0.381427302 1.070011643 1.597963321 -1.152690941 -0.266338155 -0.853527554 0.477244617 -1.945461906
19.178137588 -1.668064478 14.898468818 -0.877484590 -0.396988852 0.110573111 0.245345129 -0.477322740 -0.927304721 -0.537216871 0.024774836 -0.229361817 0.188506241 -0.503744000 0.097914383 -2.541029073 0.290799618 0.814466836 -0.424059718 -1.049780827 -0.699170269 -1.229642149 -1.820734554 -1.127010246 -0.798848537 0.389411556 -0.042402876
15.080732218 5.487325927 2.801049708 -0.210826788 0.956312092 0.012723493 0.202132038 0.283828172 -0.116481453 -0.308851211 1.073202806 1.159942463 -0.093200928 -0.004161595 -1.251433090 -0.118605332 -0.919088349 -0.533248357 -1.120742650 -1.155306846 -0.612557154 1.873109359 0.544050581 1.206367685 0.211845909 0.360497024 0.137146739
12.665927589 -4.245663619 2.409698686 -0.018514427 -0.922012481 0.243422397 -0.300492493 -0.739496167 -1.409507300 1.260601887 0.528325182 -0.097421437 -1.276589720 0.041330867 1.385233853 1.055294194 0.045056948 -1.532696401 2.541092047 1.161218969 0.937823915 -0.170415408 0.311203773 1.151863842 -1.911294678 0.647737705 1.037893512
22.930601317 3.068386609 14.800863321 -0.690619765 -0.388742610 -0.604107873 -0.083529642 -0.122735922 0.387268053 -0.870328556 1.578665155 1.865585109 0.404385275 0.191987908 -0.128868040 -0.179441110 0.004492329 -0.541712290 -1.419637893 -0.359793006 -0.441768167 0.784168480 -0.318228572 1.604562932 -0.860554097 -0.529682167 0.370753972
14.383226822 -1.563646224 2.504476853 -0.036784349 0.907667960 0.012658117 -0.417882230 1.873053027 -1.040992125 0.674676269 1.118905519 -0.772501282 -0.397620062 -0.402372167 0.823226223 1.362745605 -1.146315952 -1.412248282 0.615627391 0.323928347 2.438276160 -0.527949841 0.065893271 -1.817957405 -1.230013651 0.638682985 1.274645227
15.128178251 1.179946975 1.378123418 0.350693815 -0.442404764 0.651800603 -0.506406801 -1.539159541 -0.114430431 1.318052293 1.511828838 0.495285955 -0.574418959 0.205136942 0.163925064 -1.787527111 0.776725816 2.171362065 -0.862588365 -1.073022525 -0.475424005 -1.785169105 -0.668523303 -0.209816249 1.927516979 1.980201136 0.044780105
15.986250475 -8.629022890 12.967336724 0.100093284 -0.261314318 -0.955081403 -0.097548318 -0.120054931 2.350066847 -0.733356537 -2.008520970 0.219431059 -0.936025661 -0.462126842 0.752752209 -1.924550980 0.423609194 0.873985294 0.219622300 0.797771821 -2.693750287 1.418542259 1.341076747 0.696748718 -0.397360856 1.954074499 0.466137899
21.783841521 4.802951953 15.976998204 -0.593774682 0.259202731 0.012035377 -0.761643434 0.972736874 0.661468263 -0.349796205 -1.904390682 1.144445190 -0.280006254 0.425111433 0.105802244 1.205266250 -0.005106427 0.586887601 -0.752116398 -0.126943683 0.048044025 -1.407926260 -0.783895986 -1.226778863 0.871224078 -1.434843597 -0.003183636
20.201552492 -9.202620139 8.840606900 0.829170980 -0.376359354 0.193339773 0.365306522 1.734011925 0.144973211 -0.624977171 -1.091405185 -1.739407067 0.611268076 -0.266140489 -0.649521333 0.986600432 -0.182840945 0.508096552 -0.834698297 -0.071785639 0.229217877 0.116666691 1.609172743 0.205862835 -0.274178987 -1.574500429 -0.549521342
15.993021095 -7.432500168 8.383101969 -0.822049815 0.566344581 -0.032602184 -0.049244435 2.778920271 0.428264266 -0.353602713 0.095416762 0.958877129 0.384800495 -0.607348197 -0.821971478 -0.834801821 1.872758917 -0.820459330 -1.279516028 -0.201405965 0.082752319 -1.244840241 0.228205252 -0.532775072 0.636237802 0.184851444 -0.583428505
26.544912373 4.131991684 7.613691996 0.273639530 0.926132676 0.254952300 0.048979582 -1.175888187 0.998995949 -0.064600605 -1.262098679 0.663733996 0.926334256 -0.101838370 0.710258615 -1.204579293 0.862361478 1.121398668 0.511436267 1.652912832 -1.467801928 -1.002329492 0.196317519 0.103904416 -0.804340152 -0.356210167 0.592425074
12.616017713 3.314634661 1.710344441 0.264854451 0.090437385 -0.483301162 -0.829513825 -0.794867468 1.449634859 0.497211603 -0.750663505 -1.598774074 -0.573939857 -1.043889006 0.790370141 0.711961930 1.246002060 -2.269734943 -0.096185083 -1.053374342 -0.219360549 -1.015121960 0.317078604 0.750894869 0.195845541 -0.342577983 0.183328348
13.933744119 -3.321606799 16.346519963 -0.296873316 -0.721987382 0.491586363 0.385931733 -1.378842141 -0.554087148 0.599157991 1.788038843 -0.217465477 -0.827003510 -1.465507115 -0.224436233 -0.946367202 -0.156995537 0.475374487 -0.870365852 1.641841756 0.248049071 1.430781264 1.532931973 0.753739189 0.611046055 1.921726183 1.303364631
22.469740585 -2.943827603 10.069950036 -0.153711623 -0.323226796 -0.123143464 0.925598651 0.712658451 0.957333396 1.144149038 -1.074248117 2.074915895 0.253529755 -0.534222378 0.228901627 0.369858689 1.558246190 -1.782679408 -0.386993963 0.051547987 0.730585758 -0.144664472 -0.633509125 0.374728496 0.898998436 1.024141214 -0.497664541
15.763413450 -6.391479922 14.130361113 -0.541399952 -0.680845288 0.477018780 0.125653767 0.080916382 0.198562876 -0.428785607 -0.129469941 -0.336032116 -2.024135951 0.056831888 1.685243573 -0.755628258 -1.577714545 0.885215461 -0.665707672 -0.506623228 -0.490342193 -0.285574667 -0.031805357 0.602236130 -0.411841003 -0.108543295 0.123259888
13.765366364 3.394040001 12.274813369 0.572276019 -0.290844900 -0.763058530 -0.075173681 -1.352062296 -0.496318095 -1.363587322 2.176365403 -0.129375785 -0.126017628 2.690099444 -0.273735861 -1.297904785 -1.478080327 0.963485614 0.412982107 -1.753944527 -0.592264147 -0.250635413 1.120691369 1.338609147 -0.052960477 1.415650317 -1.207278206
18.835682956 3.368487078 2.896449659 -0.418683883 -0.164982899 0.248119409 -0.857858501 -1.302184821 -0.104083508 -0.951067076 -0.561779746 0.454370610 0.288464342 0.777771569 0.180556731 -0.223568015 1.617487503 0.069381630 0.463820763 -1.107123455 1.982689796 1.631552424 -0.461610805 -0.212147019 0.300905706 -0.286638418 -0.297553831
18.211414270 -6.868478178 16.364823290 0.002624692 -0.894404709 0.102660605 -0.435309232 -1.056944572 0.626448887 -0.717399315 0.427941601 -1.183703711 -0.237063156 -1.226440606 -1.238695761 -0.765938721 -0.825279345 1.058222086 0.021512860 -0.378397809 -1.106201919 -0.236448281 -1.183858483 -0.425474505 0.373825594 -0.782905677 -0.894687423
14.948210522 -6.802302343 14.343157690 -0.973956833 -0.128791054 -0.178370290 -0.054817808 -0.503125905 0.307148112 0.684728952 -1.588538786 -0.824521097 0.177078814 0.315305157 -1.352713199 -0.101482956 -0.078605842 1.341512710 1.698807129 0.301051090 0.177357389 0.077799104 2.231915390 -0.827454748 0.724129104 0.750427785 -1.004747115
13.144259241 0.329767164 13.125069594 0.402135001 0.045009827 -0.758047776 -0.511493036 -0.365941486 1.015886704 1.207561960 0.981821109 2.177241776 2.129748412 -1.420371937 0.587305455 0.889712617 -0.154835865 0.203219212 -0.902730897 -0.978178996 1.262448441 -2.117201811 -0.086271141 -1.295548396 0.190216607 0.034417222 -0.272127585
12.073177464 0.140358434 3.767305122 -0.626104316 0.622455243 -0.357569630 -0.304445094 -0.180423872 -3.309635609 -0.461533551 -0.672311963 -0.546385576 -0.058451322 -1.241093829 -0.240469236 -0.714940138 -0.256871857 1.557306989 -1.308199394 -1.178746612 -2.649377141 1.249858143 -1.146580938 -0.159405339 0.852466113 -0.507981402 0.594968350
17.815248625 -4.106409492 15.246180929 0.618804522 -0.408902716 -0.602594409 -0.294549674 1.053900260 -0.171833144 -0.212280195 -0.322982931 0.364153574 -0.464440178 -0.015442003 -2.754184545 -1.169853274 -0.937877869 -0.238804190 -0.990842945 1.802846261 -0.661889925 -1.122116221 -0.218998851 0.090981679 -0.790160668 0.124555475 1.591682445
14.258550649 1.505557054 12.527782706 -0.555541485 0.776326455 -0.186795414 -0.231944750 -0.743375950 0.637977510 1.167854536 0.197631245 1.631423602 0.946734585 -1.603348535 0.806249016 -0.380163940 0.004176447 -0.177342867 -0.070222818 0.035040796 -0.608823426 0.135560679 -2.131633922 -0.146317132 -0.598870530 0.062917007 0.015295345
11.409378724 -3.067459211 8.011726764 -0.759275365 0.282005864 -0.129114163 -0.572104139 -0.568490823 -1.095286748 0.055046881 0.020987862 0.181381763 0.388831144 0.536351773 -0.284423348 -0.167273560 -0.572738281 -1.534103246 0.138119743 -0.164498716 0.306043613 0.241200127 1.523269882 1.477732676 0.995070543 0.245813196 0.526327100
20.551242406 2.764247320 11.385859380 0.467484872 0.330028217 -0.443187892 -0.690017219 -1.380914814 3.117215215 -1.554438177 -0.502357705 -0.343250248 -1.302059339 -0.761145032 1.452408793 2.202747326 0.219404530 -1.466093369 -0.705961080 0.765047901 -0.006885960 -0.826259439 1.601906219 -0.123981502 0.646024969 -0.894355546 0.092768151
22.286847484 -5.086433760 5.427865557 -0.006465006 0.878215695 -0.409926204 -0.246284195 1.889164480 -0.448064253 -0.814322383 -0.203728477 0.028893018 -0.077769293 0.120878653 0.373145174 0.202779551 -0.499772279 0.496790850 -0.490755610 -2.086948075 -0.323440924 1.162818983 1.056199973 0.224953416 -0.105794469 0.623513401 1.367907071
20.432017230 -6.999304088 7.139864533 -0.870998084 -0.373525255 -0.297320887 0.115937535 0.758887869 0.731393797 -2.193294384 -0.151978700 0.592666863 0.606739757 -0.529010375 1.253364547 0.031622056 -0.308951294 0.260743586 -0.267695152 0.390240457 0.449652179 0.037601527 0.785591675 0.093207159 0.413263674 0.122086879 -0.945749180
21.419734154 4.208494788 12.903238894 -0.331641724 -0.300292942 -0.827375092 -0.339541416 0.432538943 -0.389631992 0.926893955 0.408355622 0.602559286 -1.664126164 -0.412206667 0.442552762 -1.487623111 0.001058143 -0.050919400 -0.079677933 -1.099161189 0.866692145 -0.004059954 1.993914594 -0.951540311 -0.368981772 -0.681486879 -0.064252154
11.379289101 -4.880224372 13.961214949 -0.394959477 -0.891596737 0.178205389 -0.131548884 0.273370720 -0.582371664 2.404875341 0.153226299 1.073578526 0.568030361 0.899435154 0.701528072 0.136017827 -1.400246612 -0.831228949 -0.852267518 0.143294201 -0.179146993 -0.728282986 0.775997184 -2.435288284 -0.247011847 -1.103846138 -0.088376313
22.676576981 7.110116277 10.415171206 -0.179807480 -0.572518022 0.503486099 0.621606091 1.358535596 -0.194953568 -0.672504170 -0.277664052 0.100975339 1.430834430 0.151218079 0.378756636 -0.386928940 -1.841962687 -0.419743682 0.333783691 0.249510237 0.446864353 0.159788206 -1.610358697 -1.355680528 -0.401526330 -0.670251969 0.895163563
21.753931036 -6.494752569 8.560697964 -0.461709760 -0.119796585 -0.155047173 -0.865120367 0.312536616 -1.648272829 -0.945902171 0.961869177 -0.231323005 1.014326336 -0.462081563 0.699786957 -2.006662833 0.605907978 0.240459997 0.158567946 0.429257880 0.720970759 1.922863171 -1.338079153 0.096756796 -0.382259652 -0.336392171 -1.847660867
14.306047111 4.753508726 10.186995967 -0.222006002 -0.714047168 0.429924356 0.505979273 -2.410613405 0.526890803 -0.392905038 -1.772613842 -0.196092830 -0.750548480 -0.147560472 2.210331008 0.350138331 0.752690758 -0.193781832 -0.070108027 0.884974443 -1.468918295 -1.303343082 0.477604852 0.587959077 0.074979728 -0.490331051 -0.746708596
18.164458700 -4.800040642 16.572925609 0.504473220 -0.651615592 0.563863889 -0.054418803 -0.187559590 -0.703312411 0.500137225 0.297567602 -0.414590047 -0.581001810 0.486775296 0.527075719 1.990833934 0.149478905 -1.036994033 -0.053148403 -1.026862953 0.663831039 2.409209282 0.730589397 0.467322722 2.644506047 0.664015430 -0.636349210
19.004397254 -2.831972663 2.082733290 -0.398206504 0.581903162 0.700686343 0.108898754 0.658274699 0.446420748 -0.089004930 -0.068732477 0.992729714 0.503371799 0.153785806 0.653841340 -1.049970207 -0.556224648 -1.052811473 0.037070398 1.367021019 0.745324967 0.815058252 0.078895006 1.423199443 -0.702574375 -0.892424604 -1.535099703
15.076976140 -0.035444168 12.223432112 0.697540833 0.009154812 0.266927915 0.664907861 0.663779911 -2.026105366 -1.462251810 -1.362185214 -0.240451757 0.533213124 0.303252447 -1.209126979 0.026527386 -0.579479271 0.413821003 1.211077459 -0.521482928 0.608546161 1.665731257 -1.605739535 0.143208488 -0.535796647 0.235136594 0.819099687
12.857517368 -6.585514114 14.262677936 0.382622071 -0.531508295 -0.754605127 -0.040870345 -0.134928340 -0.098637660 1.091687177 0.870641283 2.970728756 0.117461214 0.089139254 -1.030817445 -1.876431408 -0.352766338 1.622878274 -1.881080249 -0.971715382 1.491569864 -1.922988105 -2.863758636 0.404046817 -0.904233878 0.922309065 -0.912535735
12.060411331 4.315092434 2.981819615 -0.698327051 -0.258175282 0.556182162 0.369250939 0.679631540 0.470893951 0.304457726 -0.187501207 0.569054520 0.926377915 1.325083292 -0.363976608 -1.911577517 0.595426796 1.468400040 -0.335429519 -0.767801401 -0.703380771 0.057645300 0.344163853 1.616551645 -0.238470945 0.870774358 -0.437999162
19.512105290 8.263442205 8.612611585 0.486615843 0.210382515 -0.712742649 0.459284372 0.717233710 1.207174789 -0.720878170 1.827213444 -0.247471401 -0.774087057 0.986412033 -0.835794943 0.414050131 -0.194040186 -1.364833914 0.703388443 -0.720664077 0.227802003 -1.397638473 -1.930105855 1.110054921 0.169834974 -0.366102474 0.509968247
18.367573836 2.418034444 11.115325696 0.550723558 0.264329903 -0.599257538 0.517420205 -0.720545275 0.639216810 0.184763667 -1.660737276 -0.377034690 -0.634491122 0.213304865 -1.431916115 -0.416234766 -0.514393400 -1.576074708 0.846406239 0.911069803 -0.446436963 0.406798793 0.781463656 1.319310436 -0.765178467 0.332335740 -1.071174201
21.385045650 2.727085147 9.970357314 -0.172717074 -0.774110181 -0.518437376 -0.319601202 0.166375263 -0.366800507 0.485917182 -0.418269895 -1.281227767 -0.944789380 0.387281035 -2.920696115 -1.025461320 0.761112111 0.446274958 -2.519189730 0.447024408 1.215182223 0.447292429 0.735524161 -0.612138509 0.306118152 1.227291837 0.219170799
25.427017080 4.505077024 8.809396770 -0.806147660 0.162484435 -0.117447186 -0.556714394 -0.520597593 0.445548509 -0.912551758 1.478837326 -0.353157829 0.489449457 0.296892509 -0.327630061 -0.945316611 0.911721426 0.855405825 0.064956115 0.317791456 -0.085445046 1.212238185 -2.197577653 1.712010066 -0.972850979 1.299028098 0.799841066
19.983876249 -1.751572750 1.464730407 -0.375962626 0.050646714 -0.325533003 -0.866091957 0.614906646 0.021490580 -0.376731402 -0.507932750 -1.392672998 0.885146298 0.782428727 -1.548051483 -0.065551702 -0.272131420 0.556346669 0.173195330 0.712910170 1.121031885 0.454139394 0.624331160 0.337773370 0.027711279 -0.311635018 -1.243970048
16.159299581 -6.866742972 8.950706927 0.642081347 -0.291042365 -0.575297934 -0.414798955 0.270170388 0.366171742 0.737349885 0.282035282 0.180512012 1.714953144 0.097109505 -1.865235162 -1.147327259 -0.505791552 1.630991863 -1.561520340 0.020667166 2.521710725 -0.996013005 -0.912309518 -0.347752242 1.090238923 1.721144935 0.334134105
17.239289709 0.807100734 5.097045416 0.151818316 -0.330591139 0.659777766 -0.657536309 -1.457074073 -0.239838015 0.369052449 -0.347114443 -1.933861225 0.154785825 -1.443308167 1.047556680 0.736428865 2.540365131 -1.804656843 1.671570820 0.323046005 0.953144605 1.973732793 0.293215148 -0.136637014 -0.996388439 -0.543464927 0.624714399
11.188705284 -3.570572844 13.807070718 -0.039149006 0.011424908 0.298566240 0.953517188 -0.532308549 0.642610777 1.155835667 0.377680204 1.273265146 -0.297110159 0.840627145 -0.733809744 -0.357160438 -0.558632888 -2.913318356 -0.250930440 -1.110288415 -0.958519895 -0.792528781 0.088956697 -0.515284710 0.130401535 -0.080378831 -1.113896895
14.731699868 -2.157060358 9.075396267 0.787469468 0.347454470 -0.213411702 0.462193329 -1.546329045 0.070840185 -0.850487275 -0.920865575 -1.805339018 1.471079937 0.723900725 0.213658005 -0.441215684 -0.363211391 0.122900921 -1.192311328 -0.007138325 0.051940211 0.458283880 0.480621453 -1.042118899 -1.155373721 -1.136026156 0.379926127
21.381195003 3.491225751 11.457380588 0.369891749 -0.483721724 -0.310323993 -0.729994800 0.043092247 -0.510109103 -0.167795479 -0.050776062 0.076998850 -0.019664476 0.953451595 -0.729340596 0.371523900 2.212154339 0.150998526 -0.199895868 0.273868079 0.090588347 -0.945549378 0.161807362 1.662415522 0.742595216 -1.046607366 1.139934685
20.483220950 -5.824777015 1.971978683 -0.273227166 0.329059388 -0.248466399 0.869097971 -2.512436229 -0.268591231 -1.420868679 2.592423774 1.705488596 0.499914829 0.002168227 1.627109347 -0.164218801 0.919750817 0.287289723 1.121692329 1.202487219 0.503466196 0.789025374 -1.467527224 -0.379060223 -0.743190834 -0.157244211 0.654362775
14.531257778 -0.962618556 13.153098181 -0.240250713 0.939337056 -0.233107391 0.074742459 -0.481355653 -1.605742987 -0.358242927 0.443507045 0.157760454 0.608298355 -0.132518592 -0.944199852 0.649167825 1.812171202 -1.476899768 -0.556016374 0.346429358 0.741051548 1.029264761 -0.458779002 2.211335708 1.130733218 0.089365752 0.349401879
11.514722942 -5.727312139 11.175707194 0.356831229 0.492571792 -0.115212940 0.785347364 -0.436533343 0.286685249 -1.769503734 -0.376474552 -0.899624092 -1.509865085 0.030682063 -0.049918262 -1.330869538 1.447842742 -0.658440324 -0.620625128 0.502528364 0.147605239 -1.997398135 0.680574993 -0.676655829 2.172247494 -1.311469968 0.020789365
27.579864603 -1.106290378 11.901781306 -0.323171628 -0.805598585 -0.467307313 0.167913354 -1.010311687 1.640933268 0.426192510 -0.620143148 -1.238455581 -0.826424729 -0.671522126 -0.930263390 0.270771101 0.352651863 -0.420657990 1.358593379 0.578853541 -0.754987006 0.192845199 -0.827386594 -1.005253251 -1.384854672 -0.421546416 0.404566816
18.441228950 -6.435735398 1.393273281 0.122205415 -0.313449898 -0.466066411 0.818289129 0.277933874 -0.558885148 -0.523608216 -0.487066191 0.701759266 -0.540590966 0.071920993 1.067279579 1.144235263 -0.934531565 -0.425821195 0.225450412 0.477959793 0.861597424 0.182319533 1.600620538 -0.432482377 0.322560731 1.573149034 -1.038619879
26.883242279 -4.417705308 7.934153356 -0.315991461 -0.227338331 0.900407860 -0.194248205 0.659869405 -2.036696116 -0.795730895 0.697273708 2.170765935 -1.167594887 0.810932567 -0.137770338 -0.208926689 -0.093205747 -0.437542748 -1.173647431 -0.017586407 0.606056779 1.598615986 1.469096942 -0.418896901 -2.018932472 -0.745825481 0.360220991
18.529396414 6.302316324 10.574484362 -0.160575710 -0.831739331 0.241642800 -0.473322177 0.990382607 0.181557181 0.497313869 2.730347686 -1.749361289 -0.550183943 -1.026175600 -0.941123701 -0.023585658 -0.916902342 -0.410110863 0.094573846 0.476455058 0.351270444 -0.882468018 0.244385659 -1.048128186 0.342815167 -1.053045832 1.058534019
15.814213423 4.567306901 7.707761804 -0.646013002 0.565729541 -0.500773961 0.108824298 0.037924009 -0.093049030 1.136833876 0.235868011 1.639485212 -1.896341656 1.904773425 -0.261398582 -0.377420086 -2.629613983 -0.485271758 -1.309468793 1.134527353 0.175604599 -0.148516863 1.263499927 1.141087635 -0.193431434 0.636428699 1.593617854
13.160577419 -6.575512459 10.182050971 0.776911112 0.151320031 0.410918571 0.452390651 -0.645779292 -0.262201906 0.488840181 -0.678999733 1.023556198 0.579502627 0.186648340 0.880624897 -0.064917206 0.476856571 -1.441800056 0.477482518 0.263950586 -0.193353603 -1.018168563 1.934434975 -0.898989111 1.019598784 0.115205452 0.985089810
23.582189886 -4.951121631 2.406651468 -0.497897882 0.803463983 -0.123605296 0.302101073 -0.876966527 -1.153975100 -1.962873791 2.041235433 1.018533570 0.649280583 -0.006300739 1.052035086 1.017229188 0.919302667 -0.596239701 1.386222337 2.058139599 -0.396462842 -0.132244180 -0.475177063 1.403805792 -2.038057518 0.437086822 -0.607078020
18.986168771 4.827215004 4.660001460 0.832433545 0.441079479 0.319044560 0.103507755 1.227759750 1.696927322 0.769824879 1.272320630 -1.012015550 -0.312015158 -0.942733412 -1.661544959 1.010711774 0.461860028 0.383727983 1.052136018 0.819727490 -2.413598112 -0.558869649 1.554071092 0.698043139 0.284523170 -0.920443168 1.314909107
13.885884887 -3.220632130 16.265839217 0.056998773 0.698392485 0.085776754 -0.708266493 0.594618608 -0.602874855 0.596773996 0.030669854 1.792180793 0.304046835 -0.917557159 0.421228180 -0.066338009 -0.295126576 -2.692511118 -0.604089433 0.457445488 -0.457481759 0.150385507 0.360296424 0.921388779 -1.820635746 -0.274840809 -0.205449081
18.451945318 5.349233397 12.105247653 -0.545373605 0.427277158 -0.686759593 0.219916172 -0.238013695 0.872047406 -0.349239995 0.610335934 0.958593482 0.788840689 0.159899967 -0.102905100 -2.088747348 -0.206996964 0.178518931 1.773673741 0.928198567 0.349441745 -1.165672761 0.546317242 0.721720488 -0.213263059 -0.494812857 -0.785765089
20.661203053 -2.078102536 0.360454919 -0.907274923 0.237524304 0.346048140 0.026174500 1.150807371 0.664464306 -1.266561509 0.028486981 0.239042248 0.057951202 -0.599549557 0.585492565 1.825856146 -1.283740280 0.288191451 -1.330602595 -1.260568578 -1.797871024 -0.304418850 -0.973401201 0.095542609 -0.272825805 -1.124303231 -0.321093930
10.300674893 -6.561041385 8.740764073 0.845847715 0.149216682 0.478888197 -0.181499640 0.593494472 0.199134129 1.321347110 1.450014181 0.724398507 0.936955508 -0.596773914 -1.471634806 -0.018962701 1.761699511 1.192767893 -0.635660902 0.782230227 1.483064788 0.019479412 -1.212484403 0.116557226 1.975844608 -0.898790355 -1.079201955
12.682475811 3.410424965 5.677728356 -0.753095597 0.068203262 -0.240369913 0.608619455 -0.315754010 -0.858773523 -0.131536575 0.083497285 1.031670705 -0.148275935 -0.387689301 -0.385858405 0.012351754 0.949046989 0.484191585 -1.304007636 -0.551825179 -0.345759593 -0.203646410 0.360180073 0.732908944 -0.241832490 0.639367882 -1.053405535
23.805615696 4.553628309 10.077035194 -0.858749178 -0.293444155 -0.403304283 -0.117413937 -0.972021291 0.499487802 -0.641707721 0.269761053 1.254416696 -1.060693328 -0.013296295 -0.128522292 -0.727111567 0.137845968 -0.778995360 -0.831031483 -0.769045790 1.230570723 -0.757745641 -1.487811408 -0.463646543 -0.324242501 -2.052275015 -0.236991549
8.700764086 -4.030402921 9.509933735 -0.429476897 0.201333760 0.015935882 0.880204726 1.686430581 0.897146827 -0.000663661 1.194529370 -1.380657961 0.119955068 0.545893017 -0.076779041 -0.177996548 0.857602125 0.794225338 0.845606955 -0.085269315 -1.654494208 -0.676001767 0.562822332 2.187767333 0.066900460 0.757852668 -1.300067828
23.091238842 1.568997880 16.840684676 0.193335422 -0.971754798 0.064417215 0.119014490 -0.172412927 0.418337472 0.013246342 0.057522568 -2.664250164 -0.303496487 -1.124849648 -1.459257874 -1.301994116 0.784411107 -0.251332591 -1.055663225 0.334779294 0.155739578 1.436825412 1.997357112 -0.872977573 -1.203196262 1.282625577 0.134921195
25.763762722 4.742891237 11.333565744 0.069428441 -0.736249378 -0.094548215 -0.666466188 0.197365927 1.164311746 -0.898619212 1.014242491 -1.106640194 -0.898866848 0.131836943 -0.642440231 -0.627811095 1.497585934 -0.302170658 -0.807089977 -0.336961033 -0.038877906 -0.385057317 0.604243433 1.159901313 0.459729743 1.657935534 -0.147179031
24.027904663 -2.060886887 6.677438688 -0.516001213 -0.368187313 -0.692203772 0.345014185 -0.401026738 0.513330907 -0.638642481 0.538683919 -1.782041065 1.237787211 0.173788943 -0.820159172 -0.566095038 -1.021387092 0.290411515 -1.054594388 1.693137907 1.064406758 1.381243998 -0.648672417 -0.929717024 -1.753411722 0.207722608 -0.080368467
16.322564436 0.908768233 5.001875079 -0.084684092 -0.961361956 0.257703227 0.046913126 -0.263879219 0.400972659 -1.091567632 -0.508197715 0.656590436 0.725934309 -0.087685589 1.324488169 0.906375246 -0.407444522 -1.919469984 1.394758942 -0.868408330 0.650782365 -0.968514772 -0.209302943 -0.284902657 -1.013515337 0.787482153 -0.081884704
19.137037856 -4.428793390 0.452335128 -0.734875751 -0.538033730 -0.068932642 0.407094124 -1.044943290 0.764393591 -0.459448278 -0.014699637 -0.764668611 0.541364172 -0.441191102 0.391598194 0.722239817 -1.251537050 0.533961458 0.600633309 -0.240753021 -0.005662298 -0.294495526 -0.583875836 -0.104622209 1.423888770 2.473776573 0.562740701
14.230872926 -5.329893365 2.842870850 -0.059869180 0.867525930 0.473390043 -0.140414775 0.013915628 -0.793973546 -0.240124908 0.659526962 0.864268910 -0.272953845 0.376756694 0.124417656 -2.149212449 -1.443413048 -1.011311544 -0.746888318 1.940640303 0.678637171 0.166754551 0.657269208 1.354346076 -0.557115195 2.360279175 -1.890471133
13.029175021 5.995016905 7.323776766 -0.356817085 -0.419623812 -0.470649582 0.689265113 -0.488581170 -0.634467581 -0.064585943 -2.219985194 0.390579304 1.661654716 -0.422444851 0.069295566 -0.674727279 2.649377702 1.373721392 -0.074534817 2.010283070 -0.610222594 0.385639196 -0.794890046 1.482643760 -0.204843163 -0.775316636 0.871193365
13.814830105 -7.470092845 6.520105948 0.096802721 0.591386701 -0.313065524 -0.736804574 -0.028066206 -0.681808252 0.610190822 -0.856292703 -0.944796641 0.979070046 -0.427654180 -0.817210563 0.020544505 -0.858109090 -0.430144796 -0.358735625 0.297424847 1.142780070 0.311669503 -0.334864100 0.916738313 0.511294926 0.551440332 -1.231650384
24.641564352 -4.241326190 11.131238411 -0.358769469 -0.041672342 -0.471574202 -0.804466069 0.516685519 -0.019727155 -1.164971006 -0.458181947 -2.060879702 0.432307633 0.467243957 0.182264569 -1.315666273 -1.397249977 1.247955981 -0.442197426 0.768201170 0.176878989 0.167107063 -0.817868148 -0.926540731 0.134453961 0.375955971 -0.691674962
18.973066577 -8.533094918 9.736963252 -0.701009624 0.286033458 -0.628882232 -0.176854479 -0.283833445 -0.489308953 -0.235073106 -0.835245705 -1.954737867 -0.662183097 0.638031131 -0.904764206 -1.460798088 1.363840187 -1.990890587 1.380090972 1.182280104 0.357083776 2.021357101 -0.677601723 -0.123053314 -2.049342140 -1.738123005 -1.095284938
13.334511140 -5.322435904 7.319499110 0.104964782 0.495021130 -0.244980779 -0.826995099 0.567340602 0.592875316 0.453187890 0.217476658 1.140958416 -0.539625415 -1.188198293 -0.600107670 -0.596930407 1.078020068 -0.444113823 1.373852087 -0.724697947 0.789614200 -0.316519417 -0.631919755 2.074734580 -1.613205770 0.346532745 1.863688278
17.322250719 -3.788422190 2.888011412 0.195146033 -0.738719730 0.484076915 0.426474767 -0.509887078 1.678736253 0.352131915 -0.235717692 1.408428161 -0.258395296 -2.641832278 1.220815317 0.223807294 -0.639164673 -0.271584584 0.146823657 1.077373951 0.204244019 0.625853053 -0.719915270 -0.433307327 -0.975510502 1.857686237 -0.305045195
16.974503586 -4.478615404 4.614808053 -0.689195572 0.712310218 0.004451873 -0.132679304 -1.518802007 0.965445138 0.837543961 0.116956276 2.636569887 -1.371662338 -0.015857641 0.069378382 1.417007174 -1.194851036 -0.286489428 1.297291875 -1.184200263 -2.511533699 -0.171553426 1.258894237 0.890917008 -1.561742230 1.984165976 -1.141239987
15.095409174 -1.964787068 0.264590990 0.328505350 0.438714496 0.221163252 -0.806660177 -0.971837071 -0.368637221 0.791510438 -0.187029813 0.371483509 0.513806351 0.783091533 1.029225782 -0.561636849 -2.387373755 1.731851590 -1.282521463 1.570863193 -0.966673223 -0.279402681 -0.826499396 0.437930943 -0.486551514 1.542075651 0.752738827
12.052890232 -1.472662873 14.402212055 -0.444907924 -0.788256527 -0.280468264 -0.319446614 -0.248058057 -0.336196232 -0.035257601 -1.107509197 0.632075850 -1.414155294 -0.655414547 -0.431967064 -0.251503139 -2.037858656 -0.657802629 -0.503001315 -1.112687721 0.658741299 -1.035339089 -2.105737760 -0.759806536 0.228207348 -2.316571544 -0.108497307
10.380566782 -1.943689709 8.289360957 -0.326261194 0.103710766 -0.726633149 -0.595652564 0.391524002 0.720541112 -0.939467942 -0.494185791 -0.681340989 0.892529664 -1.426920172 2.078277693 0.032454785 -0.348315092 0.776844987 -1.510994063 -0.726329263 0.306309010 1.686371786 0.223987728 0.336055426 -0.351527262 1.296364118 0.902565758
