15.968015299 -2.523361881 -12.557655339 0.280154212 0.953309152 0.110252577 0.023656862 -1.130474641 -0.793870882 -1.005873572 -0.784141479 0.395545918 -1.833876749 0.882846892 -0.239751404 0.244600267 0.556314353 -0.211852452 0.582388958 0.221815235 -1.967598919 -0.218465323 0.674760775 1.122531890 -0.178629022 0.199987833 -0.368789060
19.076965075 -8.173548200 -25.900845168 0.430697048 -0.836859485 -0.313217850 -0.126731347 -1.437920865 2.274598263 -0.828476024 -0.380780058 -0.837874509 0.868121330 0.310737342 -1.317703056 -0.544053042 0.678396228 -0.343234821 0.007433652 -0.009473154 -0.053537775 -1.429862718 1.752844099 -1.107105962 -2.101174144 -0.419887794 -0.264906502
19.066014776 -10.773348993 -16.066853379 -0.578818117 0.437390477 0.303748989 -0.617572433 0.763443303 0.067455919 -0.028169580 -1.193055761 -0.836303280 -0.096929462 -0.542361920 -0.065732732 0.096892400 0.514685227 0.068711416 1.462622803 1.076807884 -0.565916679 -1.883165602 -0.295591895 0.429428534 -1.518532660 1.292413934 0.304819493
17.303245647 -9.674641012 -18.965547439 -0.340363363 -0.174373436 -0.923951490 -0.007767254 0.228359034 -0.482960566 2.487836680 -0.956669834 -2.034248133 0.097411751 -1.529506808 -1.007664197 -0.537655150 0.249424236 2.480756295 -0.532525188 -1.548047325 0.524393483 -0.947505089 0.288738590 -1.353406770 0.233241300 -0.919178564 -1.566933955
10.642007736 -10.373168555 -13.830466999 -0.803602889 -0.546619007 -0.152293037 0.179546341 1.146932196 -0.115307120 -0.029579252 0.891134715 -0.426989160 0.433536907 -0.609695382 -0.011848083 0.205106854 -0.345102708 -1.437148603 0.743817134 -0.286520917 0.072977168 0.211801286 1.311036094 -0.655162165 -0.946546665 1.100023420 1.058155670
25.440489691 -9.982777631 -18.997826265 -0.406212643 -0.379904071 0.191727610 -0.808643747 -1.284111144 -0.084655474 -1.593901887 -0.006082049 -0.080586750 -1.424139883 -2.282283601 1.951700122 -1.010297268 0.112814141 -0.740359526 1.258275592 -0.404668313 0.119092395 0.182698216 -0.671570255 1.870641587 -0.275143124 -0.449221951 -0.866655910
14.305669698 -9.340986824 -18.155109208 -0.376242848 -0.510257494 0.737055345 0.234153854 1.323730675 0.390506567 0.100521726 -0.024961154 -0.213278532 -0.093299841 -0.269829078 1.184316911 0.876233368 -0.300613508 -0.472370416 0.674744826 0.291454482 -0.884821247 -0.854854539 1.314127873 0.664464950 -0.060774054 0.765829109 -0.992958978
14.448785766 -13.542289991 -11.619809013 0.723723383 0.663167979 0.123387667 -0.145630285 1.516553347 -0.146290383 2.603077798 -0.327000680 0.448622480 1.735072877 -1.104321400 1.034083992 0.181144783 1.168649900 0.897160026 0.905836364 0.572627674 -2.897943606 0.604483289 1.371725898 0.250479309 -1.481210189 -0.394500043 -0.565703963
23.259337737 -13.039927852 -12.544415448 0.023321093 -0.403242919 0.688902255 -0.601884505 0.045604322 -1.564929534 -0.885138099 -0.360529304 -0.861883345 2.195726494 0.516539489 0.117289477 -1.051591667 0.553915165 0.349954589 -1.678225971 0.818951836 -0.435952500 0.760298570 -1.503793758 0.532847823 0.003060781 -1.396477959 -1.126272209
17.949695322 -6.027939413 -6.710168838 0.100076981 0.191090364 -0.762541637 -0.609917471 0.086738189 0.636173536 0.779594853 0.271025313 1.994982295 1.288510825 0.219464257 0.567195332 -1.395627143 0.262400767 -0.924725880 0.271518002 -0.059514512 0.121759306 1.646730481 0.591921908 0.498400156 -1.426500202 -0.197290348 -0.098331964
16.996918936 -9.931907269 -15.338055098 -0.153410821 -0.076406699 -0.020757972 0.984985402 0.674386882 -0.584544598 -1.958841704 1.320474887 0.113513146 0.813826304 0.706177060 0.361329295 -0.336246765 -1.282111564 -0.428882337 -0.612916465 0.854840295 0.756632225 1.069280183 -2.202171872 0.434990632 0.066817083 -1.287745047 -0.274808693
16.941226728 -5.699331515 -8.676661090 -0.304511981 0.947959798 0.076591848 0.052710185 1.258691560 0.457651899 1.435029279 0.153921206 1.789764693 -0.707495180 0.489667241 0.549729839 -1.215063783 0.448904279 1.163874483 -1.368081570 -1.428081773 -0.595037163 -0.754839421 0.522675082 -1.209597507 1.102638138 -0.985622683 -0.077456318
25.166585455 -2.076352248 -18.895144745 -0.116422676 0.620497587 0.313090490 0.709508880 -1.015523558 -0.236243056 -0.092160631 0.008584311 0.185037531 -0.579799552 -1.601491182 -0.075495243 -0.008062905 -0.263833021 0.661351182 -1.409490726 -1.945088617 -0.472611721 0.506990989 0.273153462 0.110416505 -0.512855307 -1.173380628 -0.181318532
9.727909178 -5.636964319 -14.474888300 -0.318161879 -0.071823116 -0.940559863 -0.094665742 1.267824088 2.068660493 -0.676502768 -0.506159263 0.007592121 -0.829228026 -0.002249656 0.125107207 0.542706960 -0.276463506 1.427445111 1.241492216 -2.086348589 -1.826558178 0.209929473 0.336104052 -0.192322854 1.823283179 0.428077064 -0.486705589
12.927739112 -1.692544085 -17.845792329 0.852193173 -0.372105134 0.293781808 0.221352241 0.439798681 1.638892954 0.661862858 1.608522358 -0.825923978 -0.027478184 1.206845428 -1.480298586 0.159846013 1.050943197 -0.275653563 2.705231858 -0.401058411 0.742797635 -1.725079678 -0.981960655 -1.515078725 -0.327306539 1.402868565 -0.789461066
25.369575277 -4.865380699 -17.381779397 -0.447109782 -0.409744958 -0.708824443 -0.360235785 0.561828121 0.387611358 0.929626935 -0.766028619 0.040714029 0.688072781 -0.942439294 -1.396184459 0.675874916 -0.006145265 -1.049929633 0.400245084 -1.235865655 -1.785542678 1.898275663 1.747668183 0.968524388 -0.537084485 0.766113458 1.089759790
14.395129460 -10.751250561 -21.702843454 -0.297443411 0.949231728 0.028146980 0.098459598 -0.880402680 -0.045773822 -2.396302288 -0.430023030 -0.059206201 1.197576653 0.904679636 0.642492779 1.266247565 1.821826766 1.939620150 -0.827510003 0.343669197 -1.583255709 -0.177417376 0.401993884 0.598527193 0.988480527 0.561002681 -0.833141549
18.628851974 -7.823397548 -20.898019512 0.152634133 -0.157185492 0.175557007 0.959778766 -0.232463675 -2.342046599 -0.057424061 -0.556380649 0.443009704 -1.898723811 -0.147555931 -0.773529815 -0.800893812 0.290124488 1.564843528 1.787296047 1.446267096 -1.331747425 1.026660145 0.185847645 -0.001952203 2.481104177 -0.050091481 0.455601559
11.239837708 -7.072492112 -14.658612009 0.540946988 0.736189232 -0.386331891 0.127080446 -0.795248374 0.841962305 -0.575117213 -0.163988310 -0.338378816 -0.768169909 -0.007705947 -1.843682275 0.362314183 -0.387941825 1.090937070 0.821003650 0.032132252 -1.637443923 -0.030588832 0.240798060 -0.500542676 -0.679412821 -0.945117501 0.136330595
12.170833479 -3.717901407 -19.726400641 -0.178328906 0.978247471 -0.019953829 0.104079450 -0.865308024 -0.155483729 -0.316163892 -0.348676593 0.004250467 -0.933600287 0.147785424 -1.413086265 0.972538312 0.988157877 1.523274410 -0.318582366 -0.970013339 -0.164182933 -1.219284752 0.268060274 -0.324172573 -0.277817171 -0.430170479 -1.782409669
21.898401334 -1.104036850 -21.631370245 -0.184116781 0.099902504 0.439608703 0.873421255 1.958127984 -1.953341149 -1.427073744 -1.396760889 0.726859116 0.853030504 -0.435522756 0.893683641 -0.619701596 1.153088219 -0.148306819 1.875930352 0.263229362 -0.383087069 -1.056264478 0.256359482 -0.563342131 0.583334319 0.065358455 0.711530327
18.652831616 -8.930859619 -23.639952142 0.237878982 -0.563702639 0.473154486 -0.633859415 1.194405153 -0.226484248 0.569019613 0.498797942 -1.293747911 1.784803979 -0.461814643 1.384040752 0.466014860 0.585381125 0.976325486 0.396005312 -2.710887796 -1.189203530 0.739863323 1.449820646 0.692619380 -0.519513873 1.299192173 0.535796723
26.281781421 -9.012119730 -13.630161698 -0.084195942 0.927897131 -0.183757156 0.313291023 1.077727648 0.948011379 -0.071989280 0.122332995 0.678545191 -2.374522542 0.312630354 -0.987780016 -0.701337723 1.344589566 -0.390165450 -1.408939384 0.227541725 1.666188552 0.236855947 0.782304030 -0.325709974 -0.237139696 1.747404983 1.373294240
18.265731786 -9.126361510 -10.347333856 -0.331211341 -0.495909040 0.788926350 0.148217698 -1.372723395 1.047253422 -0.498621506 0.683512346 0.429349856 0.778357307 0.872549196 1.635353038 0.155720077 -0.649320321 1.298831979 0.240540692 -0.264698486 0.508003441 1.141520313 0.252655423 0.335033158 0.591167087 -0.316753395 2.024569612
24.654363003 -12.297569811 -20.676773463 -0.007795316 -0.950743954 -0.266162389 0.158690735 -1.360280747 1.508516278 0.995660039 0.430583013 1.151415605 -0.584437201 -0.111445631 -1.217487571 -0.779973766 -0.173380758 -0.396214882 -1.154607666 0.923634642 0.171216217 -0.028994504 0.098682139 -3.337685864 1.883735136 -0.688892760 0.720907053
21.751088829 -7.897767694 -17.310056837 -0.767549621 0.285910065 0.002085786 -0.573688647 0.959647218 1.125603829 1.090623391 1.519598674 -0.286218448 -0.026848629 1.580943735 1.054464703 0.222982349 -0.158849759 1.451424056 0.224421327 1.560109934 -0.483175727 0.761714069 -0.796164061 -1.724658879 0.356487167 -0.308586446 0.074288667
13.181943187 -3.472917110 -19.577261371 -0.537380183 0.646155044 0.206974401 0.500867044 -0.465422737 -0.662821481 0.579743843 0.132864951 -0.197227260 0.061468818 -0.356586425 -0.013620373 0.679105958 0.783652132 -0.991538574 -0.129683048 -0.118859333 -0.385603140 -0.632825690 0.620612257 0.134357125 -1.476822776 0.280654014 0.388611034
9.061908383 -8.065670496 -14.280295959 0.238339022 0.482274456 0.022727168 0.842667986 -0.745966616 -0.177831654 -0.021638703 -1.551418997 -1.602745775 1.587793513 -0.035050006 -0.239768734 -1.005490846 0.489148735 -0.907567489 -0.080648641 -0.353213909 1.906678447 -2.397922925 -0.849937127 1.148717928 -1.057245844 0.742999137 0.370303752
18.194221448 -7.789211754 -11.325716783 -0.518419926 -0.634190963 0.427100463 -0.382920094 0.648713351 0.336568780 0.828323501 -0.307974469 -0.026864903 -0.685259277 -0.688457755 0.148522485 -0.016296584 -0.483979544 2.225325339 0.638774523 -0.689491657 1.385732197 -2.426722699 -2.123887118 0.007885778 0.214783942 2.002671192 -1.334789034
11.277421969 -6.562652564 -22.958000374 -0.023004782 0.424434532 0.903067012 -0.061612329 0.469819297 0.309819205 0.232469305 0.488973022 -0.126452172 -0.568448042 1.551323691 -0.488232510 -0.074328614 -0.643267480 -0.399910486 0.891586338 -0.621505557 0.525806742 1.273358259 0.266072926 -0.295092175 0.871114336 -1.854995182 -0.917528718
13.168962351 -5.588898665 -25.241909957 0.700100861 -0.169545267 0.674047690 -0.163624260 2.311404246 -0.231685897 -0.382175986 -1.876453170 1.278908470 -0.700722277 -0.403527388 0.066544315 1.557664070 -0.437163415 1.762048100 0.095997627 -1.539540160 -0.170197181 -0.281671222 -0.125970620 -2.030766409 -0.531625212 0.499121957 0.130726761
16.139375359 -9.124468195 -11.554882908 0.465397917 -0.503460949 -0.694267961 0.218915166 0.805196683 0.031372581 -0.904589176 -1.484305980 -0.607203127 0.340418247 -1.080320825 0.121935036 -0.542834452 -0.590069032 -0.084643408 -1.317631682 1.579546960 1.180855512 -1.226772261 0.325477136 -0.036257302 1.230217687 0.025994078 -0.037718082
16.030956992 1.194742385 -17.779765059 -0.404810282 -0.532634471 -0.552278796 0.497410582 -0.086130364 -0.033195111 -1.020722036 0.270740604 1.073238970 1.248434498 0.917181382 0.829921688 0.034857310 -0.213877927 -0.750979721 1.230075821 -0.154550840 0.806994414 1.644627495 -0.640369020 -1.256848141 -0.335515561 0.310413065 0.499755144
16.222707030 -7.619611835 -12.773133015 0.381878420 -0.392627502 0.716094065 -0.432691354 -1.637338872 1.142516985 -1.739729506 0.475075505 -0.365102050 -1.613491785 0.003731690 0.165382390 0.945999128 0.855048596 -0.250701415 0.316752672 0.276922648 0.017272616 -1.922065078 -2.408352266 -1.270878415 0.947562454 1.496419228 0.549017540
15.469390570 -2.516775887 -10.053117162 -0.273690829 0.722229449 -0.468089266 -0.429383735 0.354684721 0.200390242 0.063209602 -0.121473768 0.741339320 -1.947999811 -0.549564567 1.254786036 0.956223172 0.045740000 -0.163388447 -1.386799013 0.308434383 -0.034408459 -0.117278235 -1.193503363 0.048490939 0.523378013 2.320175845 -0.342745764
16.813621262 -9.652909502 -21.632373156 0.797871886 0.512985268 -0.283502853 0.140970563 0.060531283 -0.422802536 -0.338665859 -0.305395707 0.363856442 -1.744860500 0.518088355 1.167166646 -1.998083465 1.530961116 1.030275316 0.965044629 -0.337552572 -0.682117200 -0.427154863 1.102693022 0.605600342 0.256489895 -0.285667444 0.312415915
9.681511256 -7.495922764 -21.055240675 -0.567220956 -0.606599305 -0.441031635 -0.340277485 0.487126773 -1.254644371 0.076084306 -1.429932394 0.435164864 -0.159661817 0.170852400 0.202003832 1.378250788 -1.419809641 -0.463364817 0.555928176 1.102696162 0.570564116 -0.149003455 0.136834192 0.882579088 -0.385951833 0.075904939 0.075612804
9.864372945 -5.107723830 -18.774011695 0.256281490 -0.660394867 0.655442482 0.261903742 -0.856476006 -0.534592542 -1.102622691 1.622549543 -0.263731959 1.138492959 -0.131507026 -0.076665683 0.211820994 -0.361235391 -3.523030060 -1.514146948 -1.085661754 0.684479377 -0.253605401 1.314768937 -1.253809842 -1.471454674 -0.528185848 2.099262891
21.359342138 -13.407313621 -18.483693876 0.562519310 0.243893573 0.084428527 0.785467870 -1.479640897 -0.624994273 -0.268822151 -0.363240690 0.882094408 -0.252061310 2.287932769 -1.721379451 -0.043167168 -2.037305795 1.833233568 0.926965533 -1.287954889 1.105162718 -0.777574009 0.886933771 1.150865756 -0.747660160 -0.659353349 -0.622333966
17.247570130 -12.064132382 -8.481079555 0.851157869 0.045191871 0.073422542 -0.517780945 -0.638267863 -0.849783496 -2.382105564 1.561514199 -0.400839984 -1.050511124 1.365572274 -0.661214933 0.393184978 -1.359254558 2.215198419 0.208432305 1.262350652 -1.752160560 -1.147845752 -0.403431118 0.540067309 -0.243866807 1.848812188 0.287878543
23.535670549 -12.544311435 -19.156480559 -0.066631581 -0.157008034 -0.316816156 0.933025312 -0.528240930 -1.234386705 -0.508085761 0.781901602 -1.103124535 -1.121157742 0.350203822 -0.224965182 -0.176125101 -0.582743240 0.546455365 0.464711226 -0.159046822 0.056105451 0.257739822 -0.050118206 -0.845559284 0.300361072 0.388611968 -1.015542713
16.951715774 -2.093125332 -9.976826912 -0.295745314 0.135114076 0.718185229 -0.615214494 -0.192910025 -0.850308023 1.628453481 0.375171053 0.583081850 -0.282711898 -0.298134830 1.493499941 -0.273785831 0.240166491 -0.286726986 0.186673129 0.559826229 -0.612441123 -0.201350303 -1.126842725 -1.017689346 1.724859519 0.723143788 0.384391424
21.667257769 -12.318413511 -16.584331556 -0.391091904 -0.692768327 -0.345138684 -0.497994434 -1.075447981 0.571793723 -0.117458438 2.837896450 1.039289128 -2.020226622 -0.507572925 -0.962386579 -0.572456687 -1.174299363 1.004408422 -0.890954360 -1.721802012 0.645382880 -1.515046882 -1.014459660 -0.419981182 -1.497381496 -1.098563240 -0.542031066
20.082939717 -15.883696188 -15.200421743 0.490891390 -0.671030228 -0.551977730 0.063754701 -1.588217468 0.570289438 0.625317805 1.747347831 -0.764075777 -0.227035539 1.464857294 0.634640623 1.490533160 -0.574145062 -1.160755342 -0.875654257 0.260643061 -0.014012301 0.352034161 -0.495929252 0.791591333 -1.542321951 0.848216402 0.243022565
15.504741301 -13.313466472 -10.744302796 0.274588490 0.063186960 0.865679927 -0.413771476 -0.171918504 0.851808535 1.665307819 -1.809156041 -0.528087492 -1.707714518 1.558743745 1.683600208 -0.524683324 -2.017225539 -0.542529485 0.046027881 0.469321790 -0.485911554 -0.647591518 -0.039445595 -0.355008471 -0.074896421 1.574546309 -0.328179753
12.228475334 -6.590862051 -23.132729836 -0.740040636 -0.514296293 -0.336510212 0.273130111 -0.807878266 -1.247634667 -1.658938627 -0.930094732 0.935862294 -0.661070294 -1.837668669 -0.493711659 0.023228381 -0.422807563 -1.540171464 0.101119791 -0.217814198 0.177351565 0.983465266 -0.831792740 0.719199037 1.110112197 -0.617713525 -0.201957263
17.168084119 -1.439912306 -20.188113308 0.934512131 -0.319830576 -0.014218397 0.155542012 -0.183428583 0.115297881 0.381085356 -1.781223081 0.427974929 -0.083096881 0.903191254 -0.809475507 -0.247104985 0.964486197 -3.127864528 -1.326081806 -1.073448550 -0.573382464 -1.488877515 0.670059603 -1.721009981 1.622265025 -0.471805503 -2.144171270
16.247082559 -3.337992614 -22.330938348 -0.179277461 0.705376860 0.335864362 -0.597911539 0.520583364 -1.224348634 0.342407989 -0.932138681 0.962337293 0.525267511 0.259966345 -0.375941260 -0.383020931 -0.801604308 -0.229004791 -0.081449295 0.026894605 -1.135179955 -0.545615578 -0.375210332 -0.886161693 -1.257268589 -1.181283146 0.779951145
18.009281853 -7.652765838 -16.646936484 0.933763798 -0.157978065 0.122042375 -0.297041679 -0.777555890 0.485141761 -0.764181285 -0.036626208 -1.655317165 1.660117522 1.273557059 -0.170465026 -1.446647184 1.868598555 1.689953041 1.142450223 -0.683067814 1.265248457 1.701125759 0.569817970 0.122446862 0.494731213 -0.790841706 1.209941886
23.695583119 0.515379176 -18.092936687 0.088386281 -0.171362971 0.746491741 0.636845882 -2.734099057 -0.172558342 1.162346498 0.496708957 0.145047919 -0.404043359 0.366967238 -0.960869260 -1.642591268 0.908332435 1.599602942 -0.139154212 1.631129253 0.644750836 -0.555747460 -0.140696583 0.589603264 0.376399261 0.293995068 0.000528125
10.806864948 -8.040059360 -10.467324937 0.264156818 0.483946185 -0.647432742 -0.526163577 -0.406390736 -0.420980385 -1.460621581 -0.770320188 0.145333979 -0.869749569 -0.605882765 -0.552658140 -2.493113891 0.571359611 0.166871160 -0.137307418 0.503978548 0.535264048 -1.534275973 -2.479063796 0.529350872 -0.627933795 1.632047217 -0.409887016
24.271612651 -7.151507244 -9.305289852 -0.726727695 -0.618408500 -0.296032178 -0.042458615 -1.018509364 -0.351400547 0.181519213 1.313410910 0.323998974 -0.650550034 0.075848456 -1.249080591 -0.366340197 1.028379237 0.739766842 1.257147592 -0.378980036 0.591853514 -1.962972356 0.044346112 -0.532304125 0.502742627 0.612618153 0.276545177
20.466377241 -7.747520674 -20.656684668 -0.130883416 0.683828220 0.389434896 -0.602983381 -0.793031204 -0.062075242 0.030566735 -1.926759513 0.254528937 0.327915648 0.296502514 0.498931987 -1.053320550 -0.778719654 0.524803429 -0.146243120 -2.569067143 -1.539262493 -0.284061140 -0.528666883 1.116186562 -0.571643335 0.385989923 -0.347175261
13.334658076 -6.312785173 -23.607247514 0.341393457 0.766156701 0.126772640 0.529512148 -0.886572267 0.193457464 -2.496975834 1.311079643 -1.517554195 1.687330477 -0.399554474 1.764886732 -0.598032488 0.981397332 -0.417232428 0.312690188 -1.327503105 -1.103880133 -1.570899326 -0.055079954 -0.157907604 1.130921947 0.525299969 -0.311255172
18.881734978 -12.813225740 -9.503287835 0.113905076 -0.139403762 0.751960004 0.634151699 0.272396502 -1.763300579 0.129440724 -1.614450280 0.235389548 2.261180553 -0.814620275 0.439275213 -1.633418950 -0.621242860 -1.598191251 -0.619983357 1.169527378 0.427552348 -2.029312300 -0.923346043 -0.954082146 0.597144112 0.261794283 2.533747253
17.542589285 -12.087415915 -9.792557442 0.742096621 -0.311840159 0.128058188 0.579352588 -1.699486459 1.378493956 -0.603934628 0.067803851 -2.121383789 0.979489404 -0.969985580 0.732123865 -0.762910171 -0.982588013 0.200504088 -0.576082992 0.750329259 -0.752174591 -1.238873646 1.935233590 -0.026387500 -0.110823727 0.291093588 -0.741203836
17.665146298 -10.340769658 -20.746227206 -0.458578805 -0.267663384 0.846115712 -0.046368020 -0.051644340 0.039350386 -0.339987365 -0.271253439 0.413937003 0.625670572 0.110024143 0.029996311 0.886456576 2.173650180 -0.361660363 0.653798272 0.275130578 1.040082834 0.492914238 -0.046217132 0.021235243 1.209929751 0.722328199 -0.882336551
8.590469080 -9.357596988 -13.572722638 0.760305635 -0.275276781 0.254889864 -0.530272753 -0.233321902 -0.462532866 -0.605864529 -0.096990470 0.284168444 0.457850105 -2.248085581 -0.951795441 -1.931150114 0.681258101 1.331146308 -0.007890057 -2.168727696 3.010029590 -1.351668626 -0.776736125 0.845247105 -0.375980817 0.996678314 -1.987037641
16.897246833 0.534480577 -16.004066929 -0.288786994 -0.587389391 -0.755852219 -0.016223378 0.028925634 0.166678919 -1.078767862 0.911363119 0.298978215 -1.245504892 1.080126743 -0.912205859 -0.100030819 -1.460121656 -1.856335498 -1.868690786 -0.546207145 0.698380610 -0.476838757 0.582466407 0.683417706 -0.063059562 -0.862982191 -1.508268865
9.408703706 -1.576527061 -18.743779518 -0.860445646 0.165070828 0.481912913 0.012035588 1.748621838 -0.710467431 -0.738073444 -1.112240523 -0.672431881 -0.279022343 0.231588417 -0.768419466 -1.643331193 -1.276240052 0.033115173 -1.653724735 -1.193723299 -0.563322508 -0.423833110 1.165922970 -0.411283713 1.426035782 -0.753990938 0.196373721
20.167114002 2.239968257 -17.468597805 -0.652215754 0.075928692 0.354103477 -0.665928053 0.993878824 0.058539343 -0.047334795 -0.618120339 -1.665761048 -0.483170675 -0.206295025 -0.021822266 -1.941603404 -0.033306855 -0.947963323 0.311755321 1.683279893 1.935817418 -0.314690573 -0.130701511 0.168138107 0.175391561 1.365869837 0.324519850
15.436213006 -15.619495542 -15.994820473 -0.035017634 -0.559478643 0.070869507 0.825066619 1.253099637 0.218595252 0.415937266 -0.680967556 -0.776411917 0.872679136 1.210010053 -0.709163297 -1.212692758 1.620568518 0.598490306 0.045755917 0.673458836 -0.696532039 0.646753036 -0.606111833 1.319363194 1.092838370 -0.170187420 0.954349827
19.333324970 -14.978006599 -16.160198254 -0.862278455 -0.124399751 -0.484544422 0.078849677 0.232190887 0.591032503 -2.278602922 1.194585535 0.648498119 0.215103637 0.273450342 0.753688725 -1.667018765 -0.248498312 0.055409158 -0.690347487 0.087687874 -0.865860626 0.439717927 0.789734913 1.380203775 0.467250314 -1.098715772 0.794732080
15.734070120 -6.055307352 -8.341481114 0.870989640 0.167900730 -0.136693769 -0.441022909 -2.881554618 1.736629151 1.716426510 -0.575519023 0.847507280 -0.666124852 2.180228530 -0.579122662 0.776674823 -2.280023051 0.846658834 0.179916441 -0.141654948 -1.629460538 0.765158527 0.454370111 0.652121151 0.704523925 -0.103498237 -0.771303336
14.751717738 -0.511340329 -23.166755454 0.649638870 0.109447445 -0.698438869 0.279595673 0.088904511 -0.286658178 -0.114570286 -0.370045219 0.760744841 1.696359808 0.711505589 -0.552448839 0.486614344 -0.486042593 0.372478471 0.419744072 -1.524977506 0.388308952 0.027617943 0.862975167 0.252658573 -1.463458717 1.561697769 -0.861578852
21.997985682 -6.194530087 -24.268746918 -0.138048093 -0.967206033 -0.068083713 -0.202039161 -1.517346040 0.455122271 -0.219526546 -0.896517777 0.163407078 0.144452996 1.328338407 -1.202363794 -1.432389397 -0.389401078 1.253081692 0.141968211 1.175041220 -0.059612971 -0.586897880 -1.097823328 0.338022437 -0.284963408 0.227891874 1.242671205
19.734596155 -4.531766567 -16.983207064 0.799101543 0.345152054 0.380085627 0.312796579 0.020827519 2.049534699 -2.047359008 -0.476830708 1.358320675 2.470862719 0.111084747 -0.358904897 0.035358387 -1.556244647 0.157809865 -0.639991324 -0.768875468 -0.289754116 -1.112740733 0.739424448 -0.307904536 0.861405510 0.442232686 0.024650788
23.297134012 -13.298802010 -19.299590896 0.964360571 0.199562058 -0.111831474 -0.132956370 0.770194632 2.464818457 -3.195535564 -0.145867354 0.408371180 -0.161566704 1.004882003 -0.110622917 -0.751291571 -0.211323554 0.426973133 0.651965884 -0.486806442 -0.062451138 0.316533747 -0.946302165 0.412799747 -1.316629172 0.694959987 0.216610749
14.007485979 -9.330387616 -12.251641760 0.809476982 -0.238724559 -0.176086467 -0.506706184 0.185371299 0.657642754 1.816542034 -2.620188900 -0.127010154 -1.123731765 0.336252989 -0.705506347 1.960039411 0.786428469 0.806243112 -1.167884861 0.298287230 -1.335679104 0.184891079 -0.503811380 -0.577838253 1.791734361 2.200206216 0.223243454
10.673974373 -7.134847276 -20.596407209 0.981460565 0.119442448 -0.066552567 -0.134310896 1.186589874 0.570718597 -0.361836283 -1.680007816 1.561343725 2.859377064 -0.396126034 0.081757414 0.994060534 -0.176403765 -0.285211416 1.093530817 1.217364278 -1.426467980 -0.414477182 -0.669206289 -0.682043553 0.515140272 -0.084052921 0.482854286
21.465047311 -2.708840371 -21.168666990 -0.573782879 0.179564109 -0.747136187 -0.283403347 -0.255276030 0.863600818 1.620250786 1.959743105 -1.421543715 -0.724396001 -0.016740638 -1.164995821 0.570135011 1.056276758 0.100549980 -0.545876945 0.203238650 -0.634076329 -1.480516995 0.554271983 0.599857583 0.786203278 2.582928153 -0.023750646
21.739352354 -4.382639824 -16.363477358 -0.793134044 -0.172039573 -0.099115550 -0.575775026 0.554977636 0.113844846 0.705600487 -0.011237894 -0.469328217 -2.086817228 -0.561713715 0.730867589 0.587171720 -0.694241139 0.735603748 0.294911234 0.555116594 0.119227794 -0.593662437 1.405008560 -0.222005559 0.016108316 -1.411122569 0.981279922
12.058154829 -10.798774607 -11.410382117 -0.947142884 -0.116965303 0.130578082 -0.268679810 -0.664067379 -1.625415572 -0.857456813 0.132720712 -0.656143787 -0.841477889 0.995762017 1.206896539 -0.601662810 -0.876035224 -0.526919060 -0.823880416 -0.273805860 1.054884438 -0.403819239 -1.179431358 -1.197352634 -1.296991429 0.438030022 0.840317286
17.843644661 0.845479320 -15.049544828 -0.813449734 -0.305066230 0.353689522 -0.346609071 0.333370144 2.386106080 -0.699924039 1.938186508 -1.167974281 0.563124270 -0.304626579 -0.274363106 -0.501410598 0.265771971 -0.836816557 0.548548018 0.768738232 0.352842128 -1.316088949 -0.375354698 0.072543217 0.820354573 -0.220179629 0.260364995
23.042430393 -11.154307382 -20.670151461 0.376035086 0.035603096 0.880927461 -0.285126012 -0.978582745 1.492051005 -0.728339566 1.870981415 0.212370290 -1.522896779 0.776305123 -0.330409485 0.560170516 -0.050070829 2.161146302 -0.038099003 0.613940753 -0.073996921 0.504304348 -1.675294648 2.436074658 -0.654071968 -0.437537923 -0.306297860
17.128234966 -15.212236164 -14.310238979 -0.188469758 -0.493510608 0.845790799 -0.074594601 -1.529589395 -0.804273652 1.327230861 1.633327528 -0.735304196 0.300534784 0.074066044 0.795590407 -0.532450464 -1.889682972 -0.065543862 -0.150140404 0.171105396 0.045502791 1.528616503 -0.282920366 1.221364881 -0.867770234 1.030612303 -0.246206836
14.142372933 1.760254007 -17.057360294 -0.458141096 0.605370977 0.287623923 -0.583870871 0.441831036 1.106805497 0.982587074 -1.075849695 -0.861697048 1.521732866 -1.814655108 -1.758860117 -0.066707177 -1.777126540 0.418555604 0.134881592 1.368030079 -2.082162397 0.772768362 0.665017929 -1.092373022 0.444515692 -1.185390668 0.844356718
15.985034012 -3.296930445 -17.846099761 -0.151282518 -0.425614503 -0.549576870 -0.702802361 -0.763401516 2.521614088 1.934164020 -0.633050047 -0.168247552 0.082611456 -0.092095871 -0.763162700 2.299150576 2.381150897 -0.266266707 1.005483008 -0.160951451 0.197394943 -0.248372412 -1.029595169 1.466262907 0.498856401 1.145432891 -0.938370347
16.829120810 -15.155054621 -17.477994928 0.337534950 0.236071891 0.208430086 0.887072218 -1.558165123 0.498752628 -0.071007874 0.030926672 1.146513089 0.793335910 -2.035015675 -2.088125257 2.142105167 0.879454543 1.497891665 0.896645649 1.343832915 -1.409388259 -0.334356165 0.084979281 0.546796037 -0.307684704 -0.173387376 0.264707341
17.164171380 -2.735130589 -25.588695960 -0.428009567 -0.375755986 -0.820554416 0.048017702 -0.255953624 -1.156796531 0.206189494 -1.089612826 1.049653680 -0.975184424 1.420383999 0.608442935 0.318007122 -0.697176723 0.425624104 -2.174680738 0.676952697 0.457573295 -0.179982452 -0.521148603 1.088614768 0.447765338 0.124106543 0.333747907
19.968315542 -8.623707155 -13.729297602 -0.882954869 0.413015791 0.172522761 -0.141578788 -0.310657637 -1.155872515 -2.229040427 -2.385258378 -1.068292416 -0.163272984 1.053652718 -1.322108281 -0.959998771 0.970387234 0.151468040 1.191418222 1.211381383 1.280761290 0.380118115 -0.008584349 1.321925274 -0.523445636 -0.201046809 -1.279641367
15.694716789 -1.888452353 -22.007970292 -0.081586648 -0.905767896 -0.400847137 0.110678407 1.247896839 1.510998641 -0.017906313 0.839582159 -0.346516631 -0.639229172 1.415380540 0.248746056 0.637627558 1.409185016 0.162712368 0.800447460 -1.065411450 -0.974952377 0.117042643 1.104382519 0.218482127 0.727524348 -1.502499782 0.395712393
15.349612450 -5.279527608 -11.806837187 -0.292979087 -0.729240135 -0.594716374 -0.169365035 0.258339293 -1.193919809 -2.017341679 -0.570787868 -0.662656030 -0.013492041 1.176389722 2.738069767 -0.809210425 0.925521715 1.452053022 0.001312025 0.222357858 -0.156758994 -1.270386562 1.016578193 -1.050098701 0.429553579 1.511221326 1.203484302
21.832538519 -12.469473142 -15.920520705 -0.609224875 -0.334499294 -0.714611243 -0.079284578 0.266852771 0.952026358 -0.269839203 1.082178058 -0.966207564 -1.364392916 -0.003190437 1.072182217 0.581000953 -0.943243023 -0.189064503 -0.860276343 0.538506908 -0.286519341 2.747133850 -0.205361433 0.709734863 -0.257088304 -2.374733508 0.888503267
25.707220445 -6.808125053 -16.339426166 -0.052769873 0.961181012 -0.250576757 -0.102750632 -0.009908552 -0.403947305 0.464598449 -0.627860766 -1.401751347 0.547636359 -0.719410035 0.906796880 0.582886766 1.442025182 -0.696987586 -0.950398244 1.226365054 -0.185621500 -1.989215698 0.158786713 -0.912417546 -0.411881394 -0.195438989 0.074124018
17.180146896 -4.471737798 -18.613117948 -0.736250701 0.638191011 0.212200558 0.074953733 -0.643902255 -0.553134063 0.192383141 0.203807648 -1.251976164 0.526680435 -1.124643607 1.126619852 -2.014396789 -0.038063252 0.801450934 -0.470475500 -1.491106997 -0.361197539 1.625724558 -0.378614829 -0.431583635 0.182576735 -0.197799003 0.257622744
23.467626877 -7.215057698 -23.575163402 0.613156670 0.600737938 0.512864961 -0.011061667 0.015478589 0.153040449 0.779934184 0.869780364 0.527828172 -0.784023775 0.062782097 0.440297779 -0.200122184 -0.409908839 2.119274161 -0.466578497 0.920137603 -0.399696472 -0.844847123 0.119183563 -0.992535164 0.623747051 0.118908581 0.916285640
20.652648922 -7.376917808 -8.352234810 0.031580825 -0.023480695 -0.402246246 0.914685337 -0.617628798 -0.861816950 -1.213943021 -2.702419931 0.319318677 0.214064044 -0.681016474 -0.445846614 0.442613752 -1.424066998 -1.190662890 -1.399193935 -0.626073536 -1.909171776 2.531151951 -0.525608912 -0.572668102 -0.567917095 -1.244153273 -1.338902505
22.449981281 -9.560926471 -19.931794725 0.624560002 -0.489646134 0.577259705 0.192204838 -0.696929081 0.079937819 -0.407044981 0.728048037 0.486437265 1.050626709 -1.080654541 -0.093301272 -1.011621503 -0.891860382 -0.835766339 0.269864791 -1.427058566 1.918912858 -0.400654664 -1.194447482 -0.564766878 1.421125395 0.291375528 -0.734951293
19.270227998 -5.395803219 -18.348815890 -0.670403152 -0.577362586 -0.465598327 -0.020742610 0.661528290 2.327929047 -1.532963079 -0.483786148 -0.023844363 -2.239079137 0.842952169 0.052874778 -0.764681299 -0.170785168 1.887937743 0.720239901 0.645835199 0.726436742 -1.432853787 -0.168026164 -1.143550057 -1.480843952 0.101173414 -0.577708923
17.848937511 0.748440698 -13.160457549 0.605366514 -0.668988377 0.409644236 -0.134824088 -1.418053029 1.330823725 -0.122249876 -1.250434699 -1.160506771 1.178945801 1.555071661 0.973243551 0.828027821 -0.297000329 1.333771124 -1.093515577 -0.342582041 -0.399412736 -0.484070436 -1.018432891 -0.162000533 -0.457126594 0.420328555 -0.405489010
18.216028426 -6.982699096 -24.871881948 0.870463595 -0.080199678 0.306046618 0.377089658 1.158447482 -0.967395043 0.442003659 -0.278480813 -0.797891786 0.894937403 -0.112668136 -0.099305213 0.532369663 1.320245615 -0.705367925 -0.441272920 1.089619984 -0.196719562 0.293547047 -0.758859642 -0.228871161 -0.026670985 -0.160007222 2.811303803
16.413614831 2.862399021 -14.659617157 0.220037050 0.685141317 -0.654607417 0.231633767 1.369726187 -0.158176724 -0.253070314 0.565788285 -0.267350247 0.416363600 1.303149459 0.569734917 -0.621520878 -0.541045278 -0.870460494 -0.771454023 0.953588154 1.657748161 -1.161392954 1.470472556 -0.881229074 -0.348889529 0.250584435 -0.091324789
15.860564523 -0.560775394 -14.250136540 0.625834010 -0.535803506 0.533776194 0.190602650 1.155612387 0.236827892 -0.808033932 -0.079001330 1.381166436 -0.732430670 0.231550855 0.734426280 0.735709192 -0.222577473 -1.519459609 -1.618314333 1.819100635 -0.458546734 0.845140490 -1.036928979 -0.595198614 0.214727580 -0.771412666 -0.405782063
18.839885775 -1.230945022 -21.698953033 0.042530469 -0.745783478 -0.455254692 -0.484501113 -0.744560752 0.248923684 -0.037242206 -0.010779194 1.459678686 1.819890725 -0.308046271 0.624068408 2.146775379 0.616970489 -0.845296924 1.072231944 0.481983378 0.041758287 0.232716171 0.412291945 -0.472148040 0.584024622 -0.955235869 0.255442045
25.839617556 -3.441801655 -20.813498763 0.622538665 0.271734411 -0.038379625 -0.732893597 0.782338330 1.114870792 2.186190484 0.104974211 -0.463821296 -0.606174074 0.252620499 -0.807179729 -1.207746866 0.752318789 -0.922709851 -0.709616174 0.931633954 0.229691854 0.919955066 0.519815907 -0.119940948 0.579421580 -0.600372962 0.903640727
22.349420189 -11.882307377 -16.247601681 -0.624775490 -0.449938709 -0.316099818 0.554338930 0.377390503 -0.149985913 -0.676070769 -1.000990389 -0.194964465 -0.141134210 -0.004926692 -0.591322089 2.120067077 0.177933570 -0.406362192 0.067699441 -0.201439560 -0.588101579 0.537573112 -0.198750539 0.886547010 0.840938198 -0.611092996 0.333012856
20.488259556 -2.025176263 -19.756349667 -0.895141702 0.250575029 -0.000528767 0.368691210 -0.676925392 1.853327218 0.044230627 0.511313436 -0.570911786 -1.698385050 0.724356461 -0.622784146 0.041878133 0.530225407 0.050677844 1.758318943 -0.972189536 1.289005969 -0.691061869 0.367814211 -0.681741113 -1.407897121 -0.862703673 -1.159201009
23.694662416 -12.007637964 -11.570691623 -0.656186192 -0.335111527 0.178845230 0.652023258 -1.492713238 0.426926934 0.395627229 0.022000869 -0.813937356 -0.805382358 0.709633496 0.667131827 -1.287990508 1.076946443 0.866925372 -0.232341579 0.048698467 1.345405776 -0.615230001 -1.400251419 -0.871747118 -1.327222493 0.999591085 1.083998747
21.318029072 -7.231348972 -7.985826723 -0.588317301 0.420863786 0.078285966 -0.686023130 0.107545006 0.586996722 0.896190338 -0.594224476 -0.289083213 -1.576298955 1.404391598 -0.748185290 0.098648853 1.511707989 -0.990626205 -0.472340126 1.575158492 -0.175110735 -1.364010261 -0.501354498 0.221946699 -0.673961064 -0.113441165 -1.605622774
13.507550132 1.835544503 -16.114996407 0.462261996 -0.575499364 -0.570082827 0.360721361 1.117444120 -0.015029271 1.021250739 -0.193010336 0.640618267 -0.177057668 0.318298856 -1.532812993 -0.873167349 0.136174737 -0.146955669 0.561110326 -1.736363537 -1.055006904 -0.757758412 -0.458002631 -0.421025081 1.449266040 -0.358462908 0.485589715
18.670466478 -9.928151999 -18.312589484 0.352696907 -0.458864800 0.312036256 0.753446323 -0.741361355 -1.081300314 1.561057963 0.579873342 1.276366182 -2.072407827 1.168678107 1.333044121 -1.066992006 -0.935568395 -0.639880937 1.006415431 -1.111246725 -0.685924809 0.161639404 -0.789896267 -1.081601365 -0.276349322 0.442155281 0.222083079
21.937265722 0.581135582 -13.829833793 -0.204363521 0.892892487 0.054466125 0.397507231 -0.801864902 -1.179514972 -0.100330670 0.352569812 0.632582986 1.126437257 1.094868649 0.321555398 0.025073750 -0.862598844 1.819284934 0.394340493 0.814918864 0.403306812 0.230203539 -0.669042265 -1.467872074 0.757332654 0.533204054 -1.536037964
17.577031426 -1.109148769 -19.686296413 0.168913016 0.721060329 -0.613727030 -0.273641238 -0.693870350 0.164265043 1.645713029 1.487509679 -0.127932776 0.542912275 1.041467138 0.293133668 -1.583214333 -0.532037641 0.104875920 -0.432315338 -0.431365815 -2.308450415 1.030286618 0.779345743 -0.449822676 0.318901024 1.682825846 0.526836816
15.186169564 -7.995553370 -12.396629388 0.568989004 0.084795883 -0.020984234 -0.817692383 -0.272909191 -0.664543104 0.370882912 -0.019784284 -0.646879993 0.080870084 0.171757509 -0.362368894 0.694202005 0.130588106 0.626366461 -0.035955518 0.094616817 -1.090395144 -1.151694845 1.628388920 1.050835533 -0.849519736 -0.036049872 0.028144634
16.814428853 0.117721218 -23.733761628 0.791452335 -0.374067013 0.442821444 -0.193871711 0.173805012 -0.634906550 -0.308061295 0.044181746 -1.371849960 0.660320719 -1.154107048 0.252292488 -0.527569491 -0.127136713 0.067787093 -2.201769008 0.936129355 -0.721857206 -0.221180891 -0.368215316 0.297839006 -0.910537733 -0.201010717 -0.392960451
24.020144481 -4.902999439 -16.267663495 0.184507492 -0.487837872 -0.415147220 -0.745401893 -0.612211316 -0.725932555 0.579100079 -0.567388340 1.741052678 0.160819065 -0.191226459 -1.526766681 -1.403817544 -1.580164605 1.600809802 -0.623546555 -1.032984490 -0.333201137 -0.425499971 0.390951263 0.014952586 1.155608755 1.134040668 -0.784955261
24.554534169 -12.823658531 -16.301630471 -0.127513204 0.548051410 0.710266221 -0.422968001 0.031892635 -0.952393522 -0.518822345 0.476085249 -0.212526108 0.539053370 -0.360968002 0.528448754 0.690241430 0.323559395 0.821593707 0.003029255 0.157726977 -1.887394506 -0.460376204 -0.127583904 -0.278216737 0.236830373 0.203415195 -2.336137308
12.473871285 -4.554886130 -9.162108173 0.379257942 0.355360642 0.658491523 0.544307948 -1.187563730 1.100340789 -1.575632881 -2.077438019 -1.782145579 0.118637360 1.844550361 0.212458663 -0.174189369 0.669835630 0.277557765 0.044942287 -1.733883159 1.175944661 0.108715575 0.296139461 -0.075780354 0.541067011 -0.717646452 -0.567413396
13.966821574 1.435585028 -16.078392492 -0.299951095 -0.945812311 0.113754665 0.050282102 0.082425096 1.013314832 0.195311492 1.469157577 0.118228663 -0.254121540 1.340987432 -2.152854621 -0.954367573 0.169779789 0.694000187 0.193970423 -0.168929118 0.540842274 -0.066424652 0.577152804 1.157746209 -0.948444412 -0.063959282 0.288429593
21.386220887 -14.510834457 -19.618264649 -0.091521147 0.662332069 0.643887634 0.371952718 -1.154583634 -1.089027762 0.148653113 -2.328348146 -1.123553264 -0.048155005 -0.329567075 -0.811276853 1.411143191 1.912427699 0.720641909 0.335785198 0.239413926 1.116604195 0.497596094 1.467710794 1.031438377 0.031103111 -0.578134369 0.696960653
17.578768545 -15.531296417 -18.067978325 -0.375482128 -0.756648659 -0.351581559 -0.403591855 -0.366924429 -0.079620583 -1.806640431 -0.946660241 -0.702345250 0.313477483 0.979350352 -0.536006530 -0.630029999 -1.205948316 -0.842921077 0.465080022 0.364941898 0.899193690 -0.507762119 -0.860449704 -0.692359585 0.567114894 -1.041968703 0.529533277
19.830653595 -10.416205274 -11.817180724 -0.592416430 -0.586812903 0.486693781 -0.260427636 -2.083967864 -1.271318624 0.639525094 -0.894630535 -0.539014778 -0.103781611 -0.769945640 0.884167373 1.211884297 1.012477643 0.754548135 -0.099521890 0.967244902 0.232164086 -0.451080319 -0.099317280 0.458585242 1.241751870 -0.868926828 0.516828731
23.023309964 -4.806159735 -16.847967127 -0.430410918 -0.178691681 0.761349128 -0.450736320 -1.607214500 1.137925842 -1.853379240 1.577162933 0.213779501 -0.082921389 0.166769706 0.458875533 0.843964343 -0.797530546 1.725715261 0.574750785 1.308956454 0.382600853 -1.579791394 -0.894036542 1.505270321 0.247076413 0.359081257 0.314915835
20.367393917 -7.313639972 -19.899818470 0.010407910 0.111203918 -0.679224925 -0.725381875 0.569705969 0.448601491 -0.356472443 -1.017457583 -0.023360373 -0.663027293 -1.575751698 0.009254061 0.302690575 -0.372571180 0.937738133 1.061410874 -1.492145739 1.207031234 1.727095035 -0.134874609 -0.661563743 -0.494293215 -1.241097283 -0.163404268
15.625868957 -14.010109949 -10.244737606 -0.536532643 -0.508390811 0.179144515 -0.649290959 0.128942048 0.359837489 -2.015849878 -0.975456013 0.300216797 0.182464705 0.643549795 -0.698844155 -0.207095206 0.249200633 0.584556274 -1.186073024 -0.601451466 0.721414671 -0.383006858 -0.831489302 0.252334642 0.449220880 0.727567197 -0.708453758
21.308261932 -6.171978014 -20.549027291 -0.104507479 -0.574668999 -0.443832874 0.679592605 -0.566588556 -0.932304529 0.037492096 0.240492127 0.915640531 -0.942109813 0.086113473 0.916066273 -0.166988802 -0.107833434 -0.834446642 -0.201429707 1.596208856 -0.304207843 0.323383973 1.251103033 0.428015286 -0.962767704 0.152697393 -2.366248081
20.608309006 -10.558151030 -11.601458681 0.107398426 -0.086494011 -0.985025119 -0.103488543 0.319907839 -1.283277589 0.985662687 -0.038921725 -0.877893272 0.033045797 0.274697279 -1.046405141 0.261084457 0.795787660 -0.461439408 -0.903526325 0.755485990 1.601422840 -0.010712307 -0.227921634 0.723340930 -0.635801916 0.840143535 0.224633449
14.861060598 -7.420021237 -22.359955826 0.703297327 -0.576741260 -0.415507208 -0.009805520 -1.278287942 0.062544524 0.884798917 1.398780033 0.550859590 0.063339306 0.470527081 -1.464187272 1.234522131 0.866138732 0.905374398 -2.339361354 0.439736061 0.185444952 -0.395208354 0.463130130 -2.109478956 0.140588627 0.506109209 -0.004372344
23.258141519 -5.741104368 -21.593184277 0.854756369 0.430974112 0.185467761 -0.221933718 -1.038642862 0.132266843 0.398450135 -1.317118403 -0.436406037 -0.504236009 2.042424134 1.970093629 1.715315654 1.180425784 0.990401792 3.042387319 -0.990624571 0.841151569 0.270212265 -1.524653535 -2.205475339 -0.065310957 -0.162013454 -1.004485750
14.555794796 -10.663633646 -22.117464032 -0.766078275 -0.557637088 0.316758737 0.042765138 -0.359112869 0.241973683 1.184084892 -0.757468942 -0.406915449 -2.592811387 -0.026409896 0.780043775 0.106438414 -0.480928590 0.373900193 0.148809749 1.269597927 0.871700540 -0.383002217 -0.787975989 -0.320266724 2.471490412 0.390914258 0.794214096
19.088954015 -7.761530951 -24.795006257 0.237205367 0.924207965 0.297939964 -0.028373038 1.414784171 1.785532914 -0.351669354 -0.232476911 -1.184835054 0.302122429 0.330150588 -2.483080514 0.528283952 0.267378777 -1.208818638 -1.038690606 1.514124716 0.739311868 -1.910986820 0.772338039 -0.238181368 -0.791367230 -1.405497231 0.122511442
26.046712963 -2.884735092 -18.512516852 0.276668035 0.881260497 0.133457196 0.359198987 0.139675732 0.449562604 -0.028222624 -0.205903843 1.034656481 1.607790316 0.112026197 -0.987532295 -0.891969532 -0.234461010 0.068736010 -0.788682307 -0.302679084 -1.926320824 -0.494280568 -0.474458989 -0.642830018 2.075674648 -1.497826416 -0.493443731
24.343655418 -2.928512442 -14.067996997 -0.597309919 -0.555809639 0.540389923 -0.205609426 0.062848291 0.235681398 0.058021741 1.485617450 1.953401672 0.969553736 -0.256441357 1.583852403 0.433850911 -0.854566611 -1.103311943 1.606346839 0.338578924 -0.892618350 0.560933169 -1.850096822 0.546232361 1.700710343 0.374162282 0.986194530
18.941463352 -12.539578184 -17.560689030 0.149650342 0.032084096 -0.533726323 -0.831692009 -1.656733586 -1.309739695 0.308543935 -0.068990227 0.592533037 -0.599135009 1.441777067 -0.058838269 0.845975977 0.186345228 -2.202743685 1.791167016 -1.153047752 0.905411626 -0.068739785 -0.826059599 0.748848425 -0.788580987 -0.546871348 -0.709201832
9.858504485 -7.156228939 -16.028797151 0.642065691 0.184282633 0.039258927 -0.743135449 0.101868935 1.762957079 -2.336993926 -0.210148405 -1.474876651 0.026465379 -0.120022307 -0.051634620 -1.830494775 -1.860694805 0.740450529 -0.137792520 -0.715384180 -1.207991878 1.547626463 0.053793837 -0.341649748 0.366044895 -0.782425580 0.098666405
18.970295100 -3.427963759 -10.089402934 0.611380061 0.346671346 -0.489681796 0.515989474 -1.595197067 0.166109085 1.665564043 1.331761466 -1.728553613 0.587348892 0.369852213 1.041589593 0.585877023 0.950897156 0.281508266 -0.044681980 0.533667010 1.173939271 1.167260254 -0.774071136 1.290958209 -0.404502280 -0.170936942 3.115641396
9.979516967 -8.904917139 -18.372845907 0.090156209 -0.431061504 -0.085308004 0.893745144 -0.598537921 0.627091636 0.395661704 0.741843769 0.415520025 -1.087584604 -0.244619318 1.492013902 2.667972232 -0.303218036 1.007562583 -1.102497448 0.899774181 0.084395920 0.393257985 -0.178187183 -1.476977176 -0.673858876 0.657900701 0.358943623
13.551527318 -11.063063520 -12.590656795 -0.342185735 0.391790596 -0.720664917 0.458313352 0.088008824 -0.567498139 -1.585748745 -0.104080939 -0.350925401 0.343479250 1.203578103 0.988235638 1.090920545 -0.105289789 -0.980632750 -0.046866359 1.202287359 0.471990972 0.263975233 0.627893405 0.749556003 -0.693136800 -0.358969399 0.430930716
16.832860348 -4.416480702 -18.744032563 -0.396763202 0.027559244 -0.710671395 0.580315102 -0.549769940 1.412573944 0.714674841 0.822976188 -0.213203433 0.662809180 -2.497771295 -0.480453415 -1.154625500 -2.026409916 -0.581546198 -1.261354113 -0.281543069 -0.069378630 -1.448779754 -0.287029014 0.631235266 -0.292295452 -0.654234773 -1.106010443
14.174197203 -1.299561545 -10.446788187 0.758410334 -0.346014305 0.053404560 -0.549759783 0.414932972 0.486062737 -0.612605962 0.036383705 -0.157199195 0.142150125 -0.743778176 0.621037024 0.311315758 1.071242625 -0.797793510 0.207869301 -0.074342048 0.889017340 -0.885409439 0.068514421 -0.513112645 -1.396416565 0.714285193 -1.274878223
15.885456286 -1.094116933 -18.963071991 -0.421762909 0.518293972 -0.249981198 -0.700711644 1.856094590 0.850630522 -0.814197333 1.111593839 0.059967391 -2.050333582 -0.242920493 0.579565738 -0.555489473 0.017250461 0.001030983 -0.166365563 0.750635007 -0.420643417 0.510092346 -0.853091064 0.489520824 -0.774822380 -0.594749302 0.487471550
19.318392492 -8.638141396 -23.833665988 0.043589268 0.405559014 -0.197558577 -0.891399164 -0.684855245 -1.094452214 0.200979603 0.691551527 -1.217239482 0.357821796 0.863272123 1.176520629 -1.709104549 2.127456920 -0.938885850 -0.796805804 0.374879579 -1.021032481 -0.173108430 -0.198685636 0.132066334 1.106348161 0.225595737 0.081519616
18.574306940 -5.088592938 -14.039230573 -0.341661563 -0.494826054 0.197536322 0.774205369 0.184924016 2.146643185 0.340521209 -1.625844842 0.528393362 1.128336668 -0.373189590 0.199151631 -0.457603409 -1.119014616 2.230815472 -0.106551183 -0.608580236 -1.953951332 -0.687196288 0.119814609 0.024053187 -1.699630498 0.127492230 -0.890119504
21.241923266 -14.787455494 -12.064950401 0.159081528 -0.572728289 0.802570913 -0.050550017 -1.100374354 0.906369730 -0.301589745 0.842960169 -0.094589559 1.369631083 1.590133098 0.063249231 2.244701601 0.143291213 0.733419766 -1.621452564 -1.294201740 2.348703356 -0.327778170 0.014645748 0.075161604 0.688614741 0.042559987 -0.054529886
14.491478637 -0.445168333 -18.913772384 0.485043013 0.526566632 0.294112359 0.633213059 -1.507543283 0.642051395 -1.701235097 0.668994333 -1.831596007 0.109990236 0.311371954 2.437383785 0.374277283 0.741032002 0.645185231 0.976000734 -2.881830126 -0.436562856 1.232505471 0.616980948 0.023532531 0.383749256 0.693896934 -0.593508581
18.139600272 -3.751636756 -10.305511773 0.537822019 0.658149935 -0.514353125 -0.114135889 -2.404936526 -0.776743086 0.508581678 0.675607125 -0.110382623 1.645044029 1.317440017 1.058750374 1.961534582 1.510212811 0.685187845 0.937495381 0.030280246 1.302788644 -0.194934850 0.427616977 -0.206763952 0.954184478 -0.338402419 0.690632308
16.987415431 -8.959236513 -24.950253991 0.285565196 -0.279297926 -0.881074765 0.253283330 0.275135981 0.790888249 2.619702313 0.952724147 -1.491021459 -0.477426076 -0.491477086 -0.349223941 0.422797585 0.444800342 -1.393109594 1.214982883 -1.310413456 1.242644198 0.695695381 1.880569145 -0.798486170 0.078216329 -0.928973019 0.424331850
15.531919805 -8.817550901 -17.633609027 -0.718585366 0.246459520 -0.521504024 0.388492381 -0.808537000 3.568469417 -1.017946108 -2.691977146 -0.598980647 0.127607376 1.092808623 -1.086409212 -0.725796592 1.667484840 -0.959988187 1.259492359 -0.541588611 -0.518657135 -0.487720847 -1.285944193 -0.671962044 -0.238115666 -0.020939951 0.910778472
11.190489798 -10.126283067 -14.683575396 0.266743422 -0.802013072 0.121307170 -0.520487800 -0.616339185 -1.759759971 -0.664357830 -0.450853517 -0.344121211 -0.829632838 0.087217792 1.861428768 1.827797778 0.571786349 1.888197954 0.416065374 -0.907011296 1.012022864 0.192853466 -0.818416194 0.784356559 -1.380112914 0.182979161 -0.477231012
9.095708905 -7.255732706 -21.649796562 -0.368423037 -0.097454347 0.924358133 0.018142707 1.147244926 -0.047420437 -0.009714634 -0.243585467 -0.044162775 -0.303782404 0.178211603 0.119775170 0.574675074 -0.298844790 0.548821531 0.093471985 0.644419929 -1.564424300 -0.440267413 0.276627240 -0.093525335 1.022775337 -1.778055249 -0.205328014
16.321893129 -7.135741982 -11.149756347 0.567455946 0.328839134 0.330163340 -0.678859884 0.648102629 -0.745571709 -0.590915746 0.364862854 1.246379273 -0.960846989 1.034576782 0.531016355 1.381354732 0.831274261 0.383225553 1.337732300 1.023766496 0.918491531 1.539494635 -1.708178424 -0.037513280 -0.027006830 -1.434422071 1.099166592
19.172094095 -8.901251612 -15.078728467 -0.780166426 -0.363813471 0.144207990 0.488041147 -1.400562986 0.246151484 -1.062704609 -1.635202772 -0.462800224 0.574075524 1.082761447 2.040439345 -0.874797479 1.468239395 -1.161928198 -0.707134653 -0.611080963 -0.232630915 0.347506047 -0.501394244 0.415785050 0.139286198 1.495844561 -0.583723169
20.168139380 -14.985251318 -13.356891181 0.403154889 -0.094195880 0.669221775 -0.617037671 -0.306734386 -0.731739867 -1.122640013 -1.945023472 0.818767679 1.537030504 -0.396353451 -2.258885593 0.516763674 -0.332476599 -0.866197766 2.075537221 -1.521043207 -1.559781283 -0.106325028 -0.949257032 0.879754013 -0.599476743 1.991310435 2.108784504
20.529991487 0.132654141 -14.647815273 -0.510526832 -0.030393714 -0.706681105 0.488917571 -0.356409795 0.313886523 -0.184578638 1.315088591 0.595134306 -1.377028963 -0.854034407 1.750572225 -0.582130478 -0.255018583 0.656542491 0.807627717 0.908881095 1.187721555 0.455232281 0.867012723 1.441761720 0.156973921 -1.182738126 -1.047425458
19.949415831 -7.203505662 -24.076792336 0.117241960 -0.057527352 0.673173760 0.727861261 -0.133713045 1.479085540 -0.975051079 0.534213724 -0.633526170 0.249045880 1.473652501 0.340851489 0.546068978 0.011785674 -1.110842693 0.030244323 -0.774302024 -1.163615667 -0.829959944 -0.549774266 -0.105261704 -0.093846277 -2.430444288 0.393271989
25.530876666 -0.704674982 -16.777326479 0.357934720 0.746868624 0.309743910 -0.467042509 -1.414213480 1.394584834 -0.268800718 0.799521324 -0.178751500 -2.675074868 0.514573690 0.420393964 -1.469925366 -0.855931972 -1.059483138 -3.042956639 2.319204265 -0.552018068 0.082926324 0.891193715 -0.447682448 -1.704996680 -1.603654952 -0.266968656
26.410086624 -7.998576311 -20.393616959 -0.125527407 -0.270619426 -0.854742615 -0.424762355 -0.985187156 -0.114826125 -1.167601250 0.760720837 -1.225232659 0.573302882 0.209039020 0.524751250 -0.143233114 -0.504447463 -1.393580476 0.616131623 0.456155669 -0.020915835 1.137570784 1.074181984 -0.190248150 0.385227006 -0.208183731 0.242638107
18.774621695 -0.894098822 -12.145215856 -0.310686882 0.831184351 -0.243569979 0.391509772 1.232791198 0.005997736 1.225258078 -0.897304671 -0.493879632 0.067830738 0.753067700 -1.450012012 -0.686947585 0.042645623 -0.734268404 -0.171564591 -0.012296871 -1.510849529 0.895393968 -0.073062351 -1.784943220 -0.436122214 0.586861522 0.369100096
19.020848163 -11.258899232 -17.602286751 -0.584688474 0.131135989 0.799550749 -0.040759544 -0.450573901 -0.124888353 1.861903936 -0.575193872 0.795441809 0.104375274 -0.160951315 2.514628209 -0.343920228 0.805249007 0.386004694 -0.853877785 -2.449545330 -0.141914581 -0.360189578 1.241358636 1.076426028 1.157663858 -1.613969756 -1.831392641
20.049062945 -13.160032599 -23.779443827 -0.580853021 0.031086942 0.474068696 0.660985811 3.050646414 -1.163421246 0.860108156 1.150475574 -0.640193876 1.352941884 -0.451384851 -1.174196215 0.364946432 1.538972118 -1.610467992 0.529756369 -0.296581258 -0.174225403 -0.604168992 -1.340558276 -0.750474622 0.186947823 -0.257107554 0.562982677
11.772617596 -7.777997495 -11.435813659 -0.700696123 -0.322737582 -0.132193200 0.622406904 -0.407349362 0.186239892 -1.546156529 0.663119928 1.434158805 1.194066953 1.503417616 1.341147908 0.654187540 0.163755131 0.260337257 -0.930469793 -1.594464951 0.352798010 0.898278151 -0.055715182 -0.452544987 -1.473108547 0.735910147 0.036581708
10.725393907 -1.353159977 -18.669143634 -0.433119679 0.379714803 0.011809108 -0.817364397 -1.528809115 -0.815383299 0.863592682 -2.149075449 -0.550583711 -1.109025322 0.599707616 -0.813030074 0.989775717 1.023083946 1.217775520 0.386201712 -1.204157272 -0.363650187 -0.294400757 1.753518951 0.755768601 0.764960566 -0.994021070 1.254279637
17.717225934 -1.077666476 -20.515683574 -0.051563401 -0.077911289 -0.943939105 -0.316622826 -0.037720347 -1.084475221 -0.083953686 0.463756058 0.696993784 -0.657646251 -0.242131567 -2.268505846 -0.849747998 0.060332231 0.616763683 -0.257890360 -0.741393466 0.560308359 -1.114191409 -2.285634413 -0.646403006 0.806839349 -0.400073157 0.172721996
22.700677877 -6.260296081 -10.052915161 0.689216693 0.021079337 0.288105624 0.664478112 0.001343215 -2.247207103 -0.322416020 2.827000556 0.564720241 -1.882767740 0.999906873 -0.664525923 0.211247881 -0.788692568 -1.003736879 0.705436386 2.209849238 -1.747003588 0.906006114 0.510125197 1.034697872 -0.290514815 1.160999912 -0.083703204
16.823636236 -12.800079300 -13.964597985 0.105296432 0.890613279 0.268361416 -0.351714087 0.369243523 -0.222657861 1.625392152 1.948487282 -0.251480128 -0.076531024 -1.797929673 0.711966984 -1.572408050 1.248231970 0.034907670 -0.390770715 1.356634794 2.327084547 0.575342980 0.943757255 -0.814620576 -1.044556910 0.830728975 2.450091309
18.990688468 -3.192325786 -19.301472972 -0.576862752 -0.409123659 0.692427226 0.142799633 -1.479160713 0.465498524 -1.906988660 1.449259765 -0.809311834 0.522559577 -1.816507260 -1.715983687 1.288427216 -0.206730907 -0.530021733 -2.226218868 -0.237817581 0.726451214 -0.065906394 -0.539769597 -0.388671051 1.253445977 1.293765628 -1.349235921
21.012934813 -0.635140544 -16.230427111 0.551323672 0.597323168 -0.529618945 -0.242386085 -0.873938616 0.509579384 1.011603533 0.980216412 0.838180197 0.293153499 -2.004869129 0.763391885 -0.591847551 1.064040723 -2.349682678 -1.158432111 -1.612500291 0.240820221 -0.715995346 -0.205609522 1.999636947 1.332331514 0.611495297 1.161646255
23.720547722 -0.098561591 -19.017800468 -0.852316382 -0.107217128 0.470363765 -0.202037621 -0.540768921 0.491134806 -0.052211532 1.065547989 2.275442052 0.576325386 0.755699173 0.105418828 -1.120900644 0.827176647 0.796287170 -0.317256134 0.545453823 0.075159097 1.072809573 0.009970952 -0.238823774 -0.515161403 -1.528860795 0.574297171
16.570478320 -2.185666378 -20.725399248 -0.885986742 0.408385493 -0.197220894 -0.096709362 -1.732916877 1.733324437 -1.153709949 1.523610901 1.178230191 -2.708703344 0.026160547 0.077275577 -0.867614166 -0.992882836 0.843085985 -0.392993096 -1.086321757 1.228924014 -1.116199458 0.442883135 -1.248665314 0.343810278 -0.368696389 -0.497372843
16.373739340 -15.883057958 -17.631317997 -0.598525869 0.294623348 -0.179948438 -0.722898628 -0.330422665 0.723020396 -0.032787899 0.947192256 -1.254753855 -0.876767366 -0.311518494 0.110288929 -0.893500907 -0.520199896 0.017151236 -0.412831490 -2.830512498 0.914162164 -0.379708243 -0.967937072 -0.467511362 -1.559352323 -0.849414276 -1.803966667
14.404604816 -9.668979615 -19.891341567 -0.095268721 -0.616711691 -0.465304582 -0.627759673 -0.145597460 -0.938240818 -0.226884281 0.374463244 -0.026340146 -0.166582194 -0.139426972 -0.162490010 -1.017240652 0.649987753 0.252543134 -1.770438367 0.381019110 0.149265681 0.307228739 -0.686454745 -2.085527024 1.873654331 0.635498297 0.230235342
21.115388916 -10.224769349 -18.975654939 -0.295637066 0.598318852 -0.708681676 -0.228874549 0.800709531 0.076796444 0.055995255 0.578731763 -0.238292560 0.236470104 -0.918227528 -0.258958348 -1.144333456 -1.917096241 1.530587836 -0.190352709 0.396637023 -0.921337584 0.472373099 2.075837277 1.034573567 -0.839498692 0.444015412 -0.090633520
13.621637088 -7.660653537 -25.183234040 0.961315670 0.069842136 -0.059204147 0.259786696 0.237546181 1.593557420 -1.441044096 0.868198345 -0.591069978 0.652280213 -0.249496736 -2.130365155 0.986112954 0.781133969 0.972715895 0.799172430 -1.205479990 0.754226158 1.309643044 0.376449999 0.736268890 0.072929849 -1.340861525 0.315715095
22.394558282 -14.429617577 -12.548975742 0.493970027 0.491858266 0.195989910 0.689678921 -1.512307923 0.583541815 -0.486990346 -0.108606118 1.682684165 0.804093421 0.476012969 -1.969135619 2.057303302 0.942469577 -1.696896141 0.625792128 -1.381923580 0.283966339 -0.108423694 -1.396984058 0.915514697 0.121427528 -1.134095098 -0.524964779
20.342931997 -9.497659162 -18.774282112 -0.011774016 -0.736886224 -0.630555223 -0.243434132 1.446159668 -0.982273303 -0.114566002 -0.698492424 -0.580603997 1.815941163 0.932139610 0.215268716 -0.737790771 -0.859588019 0.562309550 0.120852279 -1.179275077 1.063339995 -0.377675418 -0.314976305 1.118733324 -1.540592608 -0.664153212 0.218938836
19.067173606 -0.825928149 -10.116996308 0.429235427 -0.096105924 -0.476385679 -0.761299734 -0.068065039 -0.580341993 -2.480210772 -1.933406363 -0.147850201 0.628040954 1.236858876 0.716322125 1.498788240 -1.132205486 1.045637724 0.037246788 0.213901955 1.009549869 0.391810957 0.819602428 0.209195396 -0.416119546 -0.725188531 0.692814781
17.928416302 -0.883227795 -15.865248409 -0.888472421 -0.139250153 0.372387174 -0.229246472 -0.021269826 -0.576305793 2.714025692 -0.082477212 0.371043683 0.330296545 0.859087194 1.000058812 -0.670450436 -1.000769674 0.993514821 -0.529907631 -0.780737613 0.846857770 0.710251673 -0.963076211 -0.197464965 -0.248669617 1.138912026 0.264447996
19.395713822 -15.608389178 -15.914500404 0.349618111 0.863355058 -0.067982002 -0.357440439 -1.691997223 -1.462707340 0.322149483 -0.558389348 -1.561057417 0.794623946 0.528009341 -0.075667845 -0.264992889 0.234175230 0.573997869 -0.501111976 -0.239152714 -0.433662158 0.064233643 -0.040769793 1.719761913 -0.863596963 1.376015658 -1.009442319
18.445520141 -7.356545032 -25.654311160 0.049272763 0.939030133 -0.232735852 -0.248251137 0.628256739 -0.761972721 0.202970341 0.786372824 0.289108139 1.387575745 0.941134902 0.514693321 2.175160344 0.290338522 -0.612379347 0.575113138 0.403885230 0.239375513 0.198647033 1.679490863 -1.859228074 -0.790965012 1.544939509 -1.443544432
17.078130345 -12.147056164 -23.541679318 -0.036132141 0.675905471 0.582629837 -0.449876356 0.266800523 -0.158618253 0.221425284 0.475496444 -0.411481911 0.623093434 -0.140611323 0.155845471 -0.041418705 -0.144775710 0.822942663 -0.065208728 -0.102844741 0.700161355 -2.413288461 -0.838022910 1.309755962 -1.568556155 -2.217644797 0.536642189
12.122645336 -9.031682421 -19.082711127 0.358097837 -0.892397660 -0.143567417 0.234052884 -0.109146976 -0.392121332 -1.234890376 0.815756439 -1.386548466 -1.035132680 -0.513467539 -1.374155832 -0.556696717 -0.807962717 -1.210739853 1.495008268 0.388575496 1.679418676 -1.803399522 0.806733185 0.227673699 -1.098236284 2.318012923 -0.113233009
18.284319338 -14.749912874 -12.146905420 0.202192238 -0.240228264 -0.321129978 0.893467524 0.114879943 2.301992924 2.033150331 0.783728839 1.396464489 -0.020852490 0.826325335 -0.217017967 1.501960135 -0.534059006 0.225848827 0.418490579 1.272889789 3.065634355 -0.477064009 -0.255226599 -0.410439081 0.272025391 -1.106328393 -2.114540490
23.563874819 -10.260802290 -19.040634312 0.637355793 0.627865749 -0.398281548 -0.202321536 1.052889829 0.482307632 0.147149109 -0.223456204 -1.000620276 -0.565735591 -0.725362940 -1.212808515 2.419086389 -0.330496332 0.687002439 1.150828797 -0.650433946 -0.465069900 -0.147229678 -1.967029756 0.332517991 -2.149645501 1.081105629 1.521226651
26.906094197 -6.371346410 -19.268004086 -0.256162102 0.755101437 -0.490170665 -0.352044766 0.322088917 0.079776631 0.954413916 0.382173981 -2.644888658 0.809872394 -0.841128991 1.138164007 1.274263687 -1.618794699 -1.420307224 0.580499801 0.570046728 0.468432756 -0.458822441 0.991789153 -0.300992710 0.728612050 -0.594980245 -0.900002557
23.652087939 -5.344387870 -11.564920906 0.742819073 -0.614683263 0.235014271 -0.123095908 -0.481262355 -1.514720865 0.015713279 0.467709513 0.506566461 0.545986130 1.666993128 0.475093197 1.079298184 -1.382910405 0.263849908 -1.440567000 -0.423484707 -1.313512019 0.582248762 -1.344270684 -1.056579445 -0.348912895 0.705246048 -0.138748478
24.603965994 -9.642347444 -19.965463696 0.396988050 0.611579978 0.601928694 -0.325656668 -0.390463400 -1.426708320 -0.842696852 0.350002918 2.163583092 -1.191167376 -0.306258897 -0.435668243 -0.658002857 -0.625927047 0.263215356 -0.382057293 0.528174953 0.258942072 -0.534767663 -1.655874810 -2.335113525 0.797999943 -0.927506882 0.758242997
15.180908337 -10.276010744 -12.990827889 0.442781778 -0.514429255 0.725442822 -0.114190847 0.199550579 1.627491406 1.248185073 -1.168032425 0.957441001 -0.274322766 1.992555328 -1.549209138 -1.233601937 0.819983523 -0.578878435 -0.648997813 -0.062457567 0.068594305 0.617439398 1.483261880 -0.539360293 0.159058388 -0.527179936 -0.693658540
17.926472463 -10.563350143 -12.415600588 -0.558097207 -0.688605331 -0.366192902 -0.283289542 0.487952267 0.732943312 0.545950173 -1.153074391 -0.499234449 0.358464926 0.364639545 -1.480550927 0.654859073 0.900981161 0.966992002 0.173390398 -2.028417901 1.420696743 0.316167683 -1.115711728 0.963751166 -0.291536930 -0.134322443 -0.896662887
21.281151693 -0.028832266 -16.474512537 -0.085574942 -0.602346185 -0.644913058 -0.462539892 0.819136463 0.618167927 -1.750867141 -0.186412770 1.189517998 -0.230665408 0.116347366 0.518802645 -0.842448706 -0.202116004 0.233128866 -0.530975137 -0.796898315 0.023002745 -0.379129620 -0.749921598 -0.127095221 0.482171449 1.970300370 -0.575680482
22.768072646 -1.467719910 -18.907824354 0.465902368 -0.232134940 -0.180678035 -0.834508119 1.269384927 1.348510082 1.207056613 -1.273988321 -0.597346466 -0.369157735 0.586381032 -0.183866597 -1.731364504 -0.840973706 -0.980545718 -0.917219336 -1.745548374 -1.515104728 -0.015700534 0.712962328 -0.823731816 -1.173054631 0.198946526 0.578172248
20.492691361 -0.176043908 -22.804611820 0.729225622 0.514473341 0.313843643 -0.324113162 0.300052372 -0.379331961 1.293277644 0.364060008 -0.772206050 1.262751918 0.185106378 0.619697166 -0.648421814 -1.072669757 -0.590834785 2.345280719 1.391233024 -0.861462782 0.347821414 1.082383229 0.720297982 -0.179206965 0.148318053 -0.741578591
19.569439785 -12.019305754 -20.949309575 -0.130734106 -0.317517889 0.914558953 -0.213712202 -0.687778290 1.006770306 0.781788592 0.022649858 0.374232624 1.920224137 0.624417394 -0.039046558 0.415371271 -0.292651575 0.823457417 0.530350073 -2.255643977 -1.330701993 -0.145627228 -0.323690715 0.131121900 0.098227322 1.809550224 -0.292438955
22.959739785 0.526179233 -16.466068021 0.543056749 -0.488413475 -0.674609268 0.106976543 0.333207496 0.081755551 -1.151566213 -0.877017211 -0.547062627 0.534155183 1.575938972 -0.709945910 0.262573223 0.396470558 0.783418619 0.479209002 0.743721893 0.390850806 -1.090769535 0.311372152 -0.225067288 -0.185480959 1.099219740 -0.575729093
22.875911383 -3.569216504 -14.092180950 -0.395333358 -0.025906458 0.255089128 0.882026036 -1.170886781 0.976637449 0.414684388 0.680957030 1.880802631 -0.913323420 -1.710739473 -0.904184972 -0.429023085 1.818395574 0.337765460 0.499368220 -1.132103118 1.146777196 0.356623971 -2.235483711 0.507575202 0.100983891 0.347907001 -1.010926994
15.398780982 0.990878548 -14.753331512 -0.557530773 -0.591149350 0.581243238 -0.043106621 -0.678746584 -0.796250323 1.155467645 0.333996184 1.800030045 0.676040416 -0.771527938 -0.640099721 -0.551377940 -0.555875608 -0.211401204 0.605361820 -0.574690535 -0.495849711 0.915524540 0.809359216 -0.420228905 1.042336263 -1.149471778 -0.357637924
20.413850414 -13.849813490 -19.843718693 0.309341941 0.865460513 -0.025609648 -0.393229970 0.613104516 0.535813836 -0.412126562 0.441895609 -2.001807181 -0.946621272 -0.125324177 -0.238518059 0.089660096 0.180046789 -0.340812274 0.482381795 -1.466629517 -0.524628772 -1.699242373 -1.368970803 1.053481173 -2.053610436 -1.598556383 -2.579548150
18.638341605 -8.347199681 -19.696904050 0.307054521 -0.255797687 0.471720865 0.785979955 -1.336766656 -1.627484345 0.467294818 -0.199047646 -0.637078671 -1.368092853 0.625763389 0.348066187 -1.524246275 0.181504863 -1.342078619 0.678205891 0.598381565 -0.169325216 -0.004495219 0.940342316 0.365004865 -0.700061691 -0.556600420 0.632876949
21.654144312 -3.385288695 -11.942843403 -0.934235376 0.090295228 0.195477627 -0.284322934 0.915252151 -1.823157503 1.405067193 -0.746160045 1.001891411 -0.998188527 0.235063411 -1.580819882 -1.238462935 -0.765464399 -0.382710257 0.019060275 -1.980173602 -0.439244880 1.307992751 1.174563020 1.098619845 1.151914469 1.637414275 0.145651386
16.019897692 -13.211692197 -17.955105807 0.545036938 0.705788577 0.419029854 -0.170912853 0.547687182 -1.235206785 -0.564279172 -0.667174990 0.655799046 0.352706432 0.703635597 1.344201955 0.366797539 0.612522981 0.530183578 -1.724937265 -1.092971373 -0.498722206 -0.621071188 1.197750143 -1.213815215 2.586686952 0.396166248 -1.252480865
20.687463849 -7.190976532 -13.703022176 0.807174613 -0.445031410 0.269843264 -0.278569203 0.741378424 -1.478066894 -0.700767725 -0.693873162 -0.142108427 0.491511294 -2.068977318 0.235989304 0.910042365 0.276175021 -0.875691538 1.716774546 1.673955479 0.511083587 -0.688303487 0.526266566 1.274213173 -0.424046666 1.845211866 0.024984745
22.564996989 -7.717426357 -17.249298156 -0.080445083 -0.156656295 -0.510566502 0.841611099 -1.995182687 -0.762475399 -0.628310210 0.089645723 -0.648345577 0.244554608 1.266671589 -0.602588457 0.256987722 -0.220535993 -0.050381311 0.900994635 -0.121816673 -0.715137750 0.580009547 -0.090644506 -1.171718219 -1.011031834 0.740637011 1.268282859
13.598551987 -0.561351727 -21.101245018 0.619681288 -0.125044025 0.402013228 -0.662377882 -2.390074838 -1.405599192 0.373386194 -0.837562703 -1.720242630 -0.277190025 -1.857421216 1.348725176 0.196837213 -1.482698439 -1.423488396 -0.779280116 -0.745137566 1.979419736 -0.717064913 0.700499633 0.023710881 -1.091014574 0.122374813 1.574089138
15.985175906 -6.537927798 -17.547890929 -0.776432628 0.539821443 -0.324130079 0.026170137 -1.230968214 -0.641328594 -0.196293834 1.663127813 -0.092625261 2.977851565 0.319923681 0.530406518 -0.517726707 0.694886557 -0.772842509 -0.331870165 -0.736090353 -1.083836629 -0.669850087 -0.789308876 0.478694762 -1.112576202 -1.390432863 -0.364767675
21.310385109 -6.239463418 -21.117422978 0.350611434 -0.370841279 0.853691227 -0.103728763 0.290325496 0.122199935 -0.196354878 -0.312843575 0.358864621 0.528678422 -0.526970162 -1.969482229 -1.306478363 1.006896705 0.009711527 -0.165940245 -0.280274710 0.153252545 -0.321182826 0.269554424 0.317383510 -1.253219158 -0.131109811 -0.052008853
18.255022249 -7.879092732 -22.300077750 0.153436617 -0.226711033 0.517939937 -0.810430462 0.597197361 1.225156001 1.094968403 -0.143875758 -0.331531145 -0.032492152 -0.318567845 -0.656802550 1.266267976 -0.571329476 -0.075978099 -0.205507449 0.922699572 -0.747261471 0.425470037 -0.178193787 -0.069908280 0.210664826 0.642150733 -0.770082230
12.999656436 -5.395939986 -12.314166801 -0.059168977 -0.663533803 0.638460435 -0.385473990 -0.717222377 1.140059472 1.445914211 0.303899690 -0.982101634 -1.275601527 -0.506015777 1.524696122 0.543230494 0.149630759 -0.253162275 -0.076808938 0.853930366 0.634500545 -0.419356363 -1.615130907 0.119331662 -1.093227258 -1.147606507 0.728400835
25.002379354 -5.750694524 -13.065167285 -0.867442114 0.461681806 -0.127173793 -0.134984868 1.758537481 0.196101760 -0.933912160 -1.383539271 1.105059021 0.744256628 -0.927671840 1.187397813 0.023851786 -0.169947688 -0.639660564 -0.161363915 -0.530174938 0.524240268 1.154130740 1.881865506 -0.603344518 1.231695498 1.238668267 0.482867277
17.730569001 -2.771786665 -13.802605370 -0.396954123 -0.118165917 -0.021333848 -0.909950057 0.499086447 -0.072132512 -0.554958940 0.012769332 -1.129864616 -0.472832070 0.401925567 0.743438606 -0.197538881 -0.357205601 0.842248284 0.443546632 0.010330118 0.503351515 -1.067134529 -0.568135107 -1.300609581 1.247923106 0.076104239 -0.207225522
19.797686986 -9.384408834 -15.430090771 -0.801153161 -0.081756158 0.393687519 -0.443260285 1.933688914 0.305541337 0.291432634 -0.311341357 0.272832491 -1.769124877 0.277838248 0.818289108 0.112249012 -0.316033801 -1.199589884 -1.116571136 -0.144894805 -0.864525259 -0.054180712 -1.818206885 0.177629698 1.120449847 0.192904552 -0.635720308
