25.182403751 -28.237595765 -40.322659550 -0.676441192 -0.457105296 0.410294386 -0.406374924 -0.694131033 -0.049333428 -1.048278955 0.764601977 0.465682924 0.389524806 -0.572693825 -1.388926897 -0.687571564 1.296801626 1.323054125 0.361071079 -2.763230222 -0.089276616 -0.238858830 2.009611379 -0.454564990 -1.950041346 -0.101010200 -0.020355544
19.607299183 -33.701278542 -36.454223850 -0.029976789 -0.835972163 -0.091955314 -0.540181594 0.725134755 0.316407794 -0.103808164 -1.520723418 1.367709254 -0.205910657 0.846212578 0.475709500 0.101625351 0.198887436 3.141785525 0.213586818 0.814706198 0.754089059 0.983736679 1.519996029 -0.149520960 1.482843782 0.522398086 -0.138191711
31.580586205 -22.654797628 -36.248008018 0.954434752 0.294749079 0.040188675 -0.023709806 -0.670462177 -0.413610402 -0.148098210 -1.053574129 1.317124505 -0.322654052 0.101087777 -1.231068904 -0.085581404 -1.240568198 -1.931925910 -0.459362178 -0.109203190 -1.520517675 1.136304784 -0.027735495 -0.655245376 -0.030509340 0.245406774 -1.588486551
25.062462559 -23.047678852 -40.870236471 -0.073505978 0.868401652 -0.478124250 -0.108961662 0.717478406 -1.219769514 -1.011614666 0.897047175 0.592790024 1.393928019 1.561415081 -0.082533787 0.658840572 1.252911414 -0.341071273 -1.016741453 -0.243856213 -2.076487776 -0.279581794 -0.641426743 0.969082979 -1.592886894 -0.422679194 0.354165918
28.901240519 -29.912007828 -41.280452452 -0.191671346 -0.595051696 0.656350680 0.422349808 1.194940079 0.782551327 0.431736385 -0.553105434 2.342022099 0.604857045 -1.121666397 1.328348424 0.497749438 0.556084929 0.187521858 1.257270054 -0.133142105 1.372944469 0.635791790 0.176505652 -0.464267487 0.541209593 0.527058019 -0.599277268
29.498520838 -26.856988546 -35.484992740 -0.325035220 -0.401629925 0.719728813 -0.463719683 -1.435916182 -0.029517559 0.862535770 1.199483104 0.110373663 0.694064846 0.048501816 -0.097831177 0.156100882 -0.201805304 0.008134980 0.675162139 -0.563482473 -0.367877123 0.089424017 1.188219182 -1.058013795 -1.715790082 -1.310527154 0.278581733
25.759437296 -35.422580618 -38.875878726 -0.935695157 -0.161098226 -0.281334701 0.139185925 -0.586007396 -0.107368623 -1.001744826 -0.531446649 -1.168742054 -0.269614136 0.584498191 1.339518605 -0.457001888 1.035705456 -0.811744224 -1.274016972 0.453627984 -1.733495578 1.017380176 -0.326956784 0.048731739 -0.466923166 2.244859362 0.767699396
19.589269474 -22.543290460 -30.911347875 -0.326797292 0.279531490 -0.843898592 -0.320781611 -0.893375435 0.966466253 0.290732948 1.765568443 0.809513953 -0.096227913 -1.127622293 0.762424469 -0.807220799 -0.591243020 -0.332596388 -0.382869546 0.012008996 0.619076329 -0.698349739 -0.149522346 -0.519700518 -1.131840882 -1.767825518 0.045976909
21.035672378 -26.540824415 -33.583892373 -0.252516604 -0.621141217 0.288621114 0.683459440 -1.947365466 0.182486453 -0.924949372 -0.569988613 1.165991870 0.148404767 -0.947017390 1.444602290 -0.125762989 1.665186623 -0.486828315 -0.363255976 1.341298689 0.545206336 -0.912858168 -0.796548047 1.495446522 0.275398378 1.267844216 1.947490289
18.599729517 -25.146369562 -31.558356709 0.111995196 -0.111434124 -0.816942623 -0.554656888 0.647146972 -0.423981501 0.043602934 0.267524830 2.005791562 0.000095852 0.540362845 0.410458932 -0.344089017 0.538210230 0.091797504 0.604788091 -0.916179444 0.819374616 0.611007450 0.689837071 0.588877367 1.246924808 0.253663743 -0.478477110
25.170762462 -22.896407870 -29.287325959 -0.046974388 0.911776271 0.252117586 0.320771197 -0.385702003 -0.159361372 -0.204916887 1.866549698 -0.056585039 -0.253375590 -0.514969125 -0.303487675 0.544019790 -0.473612945 -0.236879791 -1.178228446 1.535957311 0.614437777 1.196086405 0.302212906 0.436749774 0.726045369 0.694111758 1.402747274
24.703270759 -18.333758185 -34.709901798 -0.617185705 -0.222145913 0.562156584 0.503699289 1.224999728 1.484547152 -0.017617251 -0.436038185 0.953374342 -1.191708619 -0.555598474 0.143969466 -1.444039171 0.916359421 1.261775882 -1.574956539 -0.478251368 1.257569871 -0.767488696 -1.107537632 0.375983051 -0.963045213 -0.162312540 0.363109069
20.531980775 -29.833221369 -30.943854287 -0.258412322 -0.745986799 0.395318657 0.469520955 -0.136913988 -0.719713362 0.736607127 -0.637539177 0.578871760 0.445237192 -0.798401407 0.503583905 -1.681594730 -1.261606506 -0.584769852 0.641638630 0.382027569 -0.340794953 -0.247909107 1.321551505 -0.093264564 0.524472424 -0.847882351 0.781622389
24.423499402 -27.281219918 -46.148084420 -0.369633991 0.340996254 0.755863044 -0.419241370 -1.098745734 -1.347896841 0.056502690 -1.234012009 0.244459266 -1.432925229 0.627693052 0.137269461 0.450610871 -0.714552979 -0.555192583 -0.374418695 -0.991556638 1.326760592 1.316084334 -1.013701560 -1.473375271 1.910643476 -0.282427221 0.424840404
16.935563442 -28.335552168 -38.516305962 -0.661952536 -0.585071061 -0.212317781 0.417650396 -0.177809583 -0.195224240 1.435500790 1.245798226 0.042840967 1.373197140 0.816597994 -1.623082844 -0.317764936 0.962996080 -0.196182921 0.685624447 -1.054429007 -0.826739003 -0.179619567 -1.530803859 -0.316351602 0.412061706 0.124779919 0.449854636
31.360845451 -25.909263142 -39.281187724 -0.581238124 -0.173578437 0.722185243 0.332387191 0.543268247 -1.371814709 -1.102859995 0.263214920 -0.573899566 0.138142362 1.105156862 1.092388307 -0.968999396 -0.650695271 -0.573085429 -2.450091778 -0.398465767 0.447404722 -2.136799311 0.911627805 -0.269171936 0.841381076 -1.727790329 -0.034800115
22.610021600 -31.499785794 -43.463858161 -0.137743078 -0.688726856 0.706969644 -0.082922158 -1.363712988 0.926278361 -0.189053036 -1.355147124 -0.056731738 0.124271865 -0.083152725 0.613972513 -0.846634022 1.326243914 -0.022183828 0.178716794 -1.006586898 -0.868143691 -0.101978134 -0.122047450 -0.176940393 -3.025177211 -0.937669160 0.412265182
17.843608109 -22.532875155 -30.736555271 0.271955222 -0.113306763 -0.576403542 -0.762207906 -1.547419487 -2.127108986 1.599501945 -1.122389120 1.079138662 0.908707306 0.165077609 -0.038933826 -0.111098132 -0.279393493 0.571469077 0.390104137 1.265133372 1.017352459 -0.221087092 0.107137878 0.636278039 0.610809889 1.042935482 -0.406270690
25.653981159 -27.011649009 -40.354804869 -0.229073567 0.317733184 -0.872178914 -0.293044138 0.254860275 -0.093005088 -0.197139706 1.910302140 1.512959243 1.235938412 1.062556450 -0.360786350 1.630364275 -0.643258912 -1.132040805 -0.373403378 0.479496526 0.711736371 -1.068665635 -1.286330670 -0.473287640 0.587500094 1.216125463 -0.917281401
21.844364729 -21.611083307 -45.020430204 0.423725339 -0.585960758 0.193309569 -0.663127618 1.196754648 0.274186245 -0.547310965 1.541223811 0.420530342 0.133321757 0.133606948 -0.036699795 -0.476369839 1.077956677 0.253951020 -0.613041778 -1.405723262 1.348790974 1.150346672 0.380864612 0.267009084 -0.890331112 0.704741431 -1.294835967
17.350474789 -20.105232870 -37.878147749 0.040656438 -0.631574105 0.059791939 0.771936609 0.042209309 0.413922360 -1.076550423 0.861882132 0.449382035 -0.843359335 -0.780660207 -0.673240786 -0.175609135 -0.324226172 -1.005501842 -0.141256649 -0.512957431 1.131349007 1.617033827 -1.348242541 -0.537228548 1.925507796 0.894685208 -1.111858194
26.267396565 -28.885539071 -29.919345494 -0.768580785 -0.038988723 0.440532829 -0.462270789 1.748929168 0.981340414 0.157128701 -1.657971574 -1.287077533 0.303691880 0.823142547 0.886894661 0.365699110 -0.017269173 -0.096393524 0.485348212 1.790236579 -0.386142383 -0.644455761 -0.639867051 -0.382225279 1.346030667 0.386985492 0.916552248
25.041028213 -25.270331906 -32.930487025 -0.677429502 -0.697703879 -0.218138929 0.081938852 0.630108808 1.340518182 -0.974755059 -0.183444801 0.647485717 0.546835580 1.748400973 1.407617852 0.916212416 -0.376514441 -0.138318634 -1.947950116 -0.908315513 -1.314791013 -0.728747259 -0.156090684 0.713665187 -0.175118963 -0.510644635 -0.500380161
15.144071465 -27.601271472 -34.227518529 -0.871036176 0.111269382 -0.050693408 -0.475757588 -0.208933050 0.979439307 0.173845696 -0.022615553 0.954603367 1.099374545 -1.235667957 1.403065785 -1.296551751 0.043499566 -1.776617815 0.033110026 -0.337478191 0.253618793 0.346942603 0.008366488 -0.328596359 -0.052447770 -1.503276719 -1.022830703
31.185699976 -31.639798134 -34.226298264 -0.433851857 -0.308148232 -0.377815632 -0.757675776 0.264082516 0.160170265 -1.998376757 0.280804561 -0.651801614 -0.389635402 -0.649569714 0.954672798 -0.288081650 0.738104254 -0.184149573 -1.314498647 -0.879575430 -1.254315201 0.542034662 0.856944542 -1.022464485 -1.034976525 -0.159742633 -1.295472013
23.586085836 -23.581101474 -31.498913868 -0.478078879 0.489742652 0.729103862 -0.000528328 1.224660203 -0.854204543 0.151766497 0.945197686 0.423371949 1.206697957 0.063887893 0.672661264 -0.322117763 -0.350545988 -0.011749964 0.744316755 -0.362041144 0.111029231 0.491964241 -0.204310499 -1.114303553 -0.134470048 -0.582570424 1.131165809
19.837314458 -32.462241498 -37.358655677 0.457992724 0.026987666 0.711665054 0.532021787 0.564180111 -0.716982443 -0.334419707 -0.676227344 1.336744824 -1.221735842 0.163414912 -0.306788419 2.117179387 1.227133476 1.027521520 -0.560235206 -0.984816596 1.075137073 0.471292460 -0.712970033 -0.374309096 1.007641000 -0.664357369 -0.468123327
24.874436151 -25.932764592 -35.697135645 0.677467496 -0.573678750 -0.215510554 -0.406799317 0.143401900 2.409372483 0.493754873 2.082073004 1.048574662 -0.096063974 0.122690897 0.384416888 -0.141504710 0.136678298 -0.400634006 1.534026840 -0.340961267 0.305068763 -0.066937292 0.521658571 0.291367772 -1.219421596 2.285847784 0.486761841
20.470659757 -26.221139427 -27.612319862 -0.387099375 0.502794067 -0.768594162 -0.081333972 -0.083400042 1.727602321 0.622092749 0.000522542 -1.536166380 0.108829274 -0.008395667 -1.544840546 -1.026920177 1.713935959 2.364920571 -1.863768053 -0.068707158 0.365218002 0.137774865 0.074418954 0.451179527 -0.917978356 0.006857063 1.750758798
26.013445439 -29.665449356 -33.648714600 -0.802736476 -0.053343619 0.523327427 0.280886119 -0.114844209 -0.626210602 0.614726533 -0.455417495 1.746061083 -0.071803971 -0.681319779 0.628142767 -0.940835944 -0.608497520 0.424686694 -0.104578943 -0.833953255 -1.548465911 0.599187626 0.591206565 -0.340570980 -0.979623971 0.142480201 0.392160489
19.519414561 -18.575484528 -32.688994617 0.362367844 -0.042177035 0.819740340 -0.441516046 -0.514952726 -1.378022132 -0.478991725 0.304556148 -1.668355978 -0.671970050 1.800642641 -2.495912082 -0.851738665 2.632244980 1.030442154 -0.364470005 0.019502179 0.343304484 0.277273918 -0.991868079 0.599457438 0.937507094 0.142852517 0.540489439
30.927520084 -27.591502949 -41.097438205 0.086114620 0.210329354 0.815978050 -0.531531426 1.042852335 -0.542329461 0.288317407 0.092297865 -0.996824686 -1.231748678 0.591168194 -1.503422141 0.526349925 -1.556925918 -0.591959167 1.309234333 1.199729964 0.068641349 -0.714473211 0.098442521 -0.057087639 1.854331499 0.028065266 -0.046005521
18.322719841 -22.671924168 -42.025900352 0.474711139 -0.078121523 -0.718321699 -0.502553777 0.851277722 -0.616656698 -0.544448640 -0.000301069 -0.648818197 -0.720807097 0.545568223 -0.267677722 0.645766786 0.148822583 -0.415540227 -0.029883732 0.077196634 -1.231581609 -0.216229927 1.327963922 0.997866570 0.349723443 -1.753047214 -1.212569338
26.821304854 -34.357431505 -31.928860801 -0.232593558 -0.005258231 0.277172737 -0.932227366 -0.298291254 1.692362754 -0.768889114 1.790216582 -0.848414558 0.520644750 -0.970042206 0.948755805 -0.381270105 2.424017701 -1.653039279 0.486691979 -0.280064652 1.232755688 -1.577796093 0.614953585 -0.729185993 1.055249336 0.174823565 -0.897540168
15.359982940 -27.493985755 -31.515745118 -0.128144898 0.977072717 -0.124367063 0.115933710 -1.312589487 0.188742692 1.558223468 -0.696251454 2.258202188 -0.384225359 -1.167923352 2.487626482 1.419142884 0.002134030 -1.297488206 2.407821667 -1.066990442 0.729638435 -1.833426398 0.302921362 -0.178052262 0.036420262 0.895395787 -0.144550205
22.288003477 -22.215190741 -38.532820013 0.106813882 0.719917874 -0.585086175 0.357747422 -0.538063058 0.513097805 0.149463351 0.184376776 1.261211905 0.589388429 1.688794222 0.226476582 0.952423063 0.506163351 1.103281267 0.437647013 -0.426286195 1.320573918 1.426384027 0.878448383 -0.576583581 0.980841180 -0.469226188 -1.774501533
20.804509087 -23.201692153 -32.949714408 0.846176407 -0.510734492 -0.065648125 0.137208199 -0.011608750 0.225915733 -0.230996788 -0.641250427 -0.045317404 0.581808140 -0.654511860 -1.472240549 -0.669753669 -0.329251672 1.567849330 1.679610831 1.258014849 -0.785509488 0.115303113 0.534861803 -1.840742914 -0.226117445 -2.021133808 -0.622110879
19.598982795 -22.567700507 -37.048229905 -0.127027693 0.949739777 0.206115986 0.198430143 -1.931709057 2.143373215 -0.573994562 0.783138263 -0.003820327 0.100584692 1.003771470 -1.237865317 -0.982743875 1.849753654 -1.381503642 -0.987844459 -0.915707883 0.753347825 0.695300952 -0.883457288 -0.922370477 -0.168802688 -1.188438353 -2.160408546
28.503478031 -31.868393991 -31.842434554 -0.649662076 -0.657600404 0.362968644 0.117280261 1.104458428 -0.335923490 0.570917625 -2.402969706 0.312904463 0.630627165 -0.715636454 -0.608487189 -0.386119526 -1.460813546 -0.317271759 0.430417078 2.651465830 -3.072422980 -0.283713178 -0.917851467 -0.217564908 -0.240342615 -0.522803208 0.919993623
18.700829240 -34.380610556 -37.263169232 0.617869488 0.358186346 0.473935749 0.515096828 -0.383513893 -0.319380494 0.027389832 1.851916092 -0.719106677 1.618195940 -0.485289623 0.366153302 -0.527098930 0.989809354 -1.624173443 0.209970725 0.013746349 1.344404282 -0.849135775 0.319182499 1.314235865 0.045550367 1.890677237 0.306546549
17.438613021 -29.608649057 -42.936627158 -0.514170385 -0.207156071 0.518688341 0.650905201 -0.840900384 0.772540303 -1.069689968 -0.142850825 0.946953151 1.192184941 -0.107369786 -1.654732475 -0.411840623 0.274007150 0.803983145 0.346923648 -0.863790794 -1.006074348 -0.188448852 -0.719984098 -0.103165722 -2.465339588 0.792074223 0.311184906
30.155227079 -22.701404146 -36.366482123 -0.924682340 0.300177553 -0.234199048 0.002610114 0.611526361 0.178078227 -0.282541517 0.622715525 0.797197066 -0.560343433 0.396660177 -0.290474759 1.386822622 0.542521938 0.124411943 0.942789695 -1.220186780 -0.410757411 -0.119473746 -0.050786715 -1.016137948 -0.257940167 0.542567524 -1.759044450
14.972677683 -31.082206676 -37.365791785 0.480271364 0.517439036 0.490674877 0.510719518 1.427951980 0.644952140 -1.125972462 -1.998411792 -2.873250827 1.241540826 -0.044000803 0.207373587 -0.125699042 -0.553329325 -0.337300324 0.217606429 -0.091049489 -0.631899620 -1.704384298 2.322954603 -1.855140316 0.483249042 -0.427998685 -2.222272271
21.465409131 -17.245988947 -39.372913278 -0.337331132 -0.549624260 -0.660346857 -0.384789435 0.689223885 0.455058739 0.094868481 2.315857865 0.208806833 1.177562845 0.055093254 1.114145538 -0.186169676 -0.811168074 0.384970648 -0.112996408 -0.470948732 0.497065153 -1.166943892 -1.528957279 -0.653119352 -1.413340201 -0.273238207 0.557257028
22.097016901 -33.961063175 -39.529267885 -0.192462832 0.229862947 0.572651580 -0.763014582 -0.198160553 1.144401825 -1.208121668 -0.072686412 1.232433210 0.768085034 -1.000815229 -1.614270055 -0.740671988 0.489293760 0.048115652 1.106078657 -0.669992212 0.582554233 -0.293145818 -1.657054595 1.166784920 -0.664960175 1.611462800 2.433198474
25.851252411 -35.161056791 -40.173035423 -0.730004631 -0.231994266 -0.637056164 0.086205234 -0.551813009 0.557541040 0.557768275 0.072133119 -1.095236162 0.841964374 -0.892179748 0.422692186 -0.346294000 -0.110622106 -0.298021518 -0.548395321 -0.201209608 -0.356688506 -0.176276602 -0.509729301 1.651167067 -0.603855699 -0.975591052 -0.497776115
22.666533472 -24.919910586 -28.770526397 -0.455586440 -0.181308716 -0.298769528 0.818721512 0.723867527 0.277700952 0.093847144 0.163553452 0.470225935 -0.522485476 -0.045344755 0.158273877 -1.610552584 2.088031656 0.947944551 -1.640151550 0.352397185 1.562291849 0.591726657 1.757308182 -0.790063101 -0.224354834 0.433446623 0.235730719
21.134726369 -34.085813864 -32.887540203 -0.443017083 0.634801695 0.255697934 -0.579121091 -0.059853291 -0.528988866 0.096899824 0.952100630 0.402118026 0.144961839 -0.297556201 -0.070696928 -1.282934750 0.213730769 -1.105184710 -0.547750732 1.693421581 -0.794101109 0.949642233 0.510844024 0.733249449 -0.875263035 0.050442912 0.067306753
30.600948154 -21.419466258 -36.597466920 0.575619436 0.556927474 0.591498490 0.092863283 -0.914522976 1.189462258 1.141260702 -0.586677736 -0.235261235 -0.088847996 -1.911793176 -1.536540139 0.682441650 -1.108997575 0.233719735 0.376892303 1.955156884 -1.067654613 2.614970981 0.568060741 -0.476730142 -1.192316026 -1.182948718 -0.050381490
20.674453930 -20.352366849 -36.560856211 0.793473156 -0.204531500 -0.570806424 -0.052414144 -0.096455865 0.722277121 1.491326209 0.346640554 0.763288600 0.794639035 1.254296381 -0.328814125 -0.017916259 0.305303942 -1.598293945 0.859638494 1.458370325 -0.057465179 0.077461882 0.382645807 -0.662317731 -0.802150880 -0.048493931 -0.644439493
29.022640359 -24.531165833 -39.967024524 -0.800367400 0.539177160 -0.081269757 -0.249189170 1.683005592 0.118670089 -1.117858367 0.404774778 0.740504474 -1.323974391 -1.425631649 -0.069903551 -0.512087416 1.416882997 1.532247795 0.830280040 1.151641232 0.167566462 -0.362792628 1.239982312 0.977175482 0.325179800 1.482123742 1.169985447
16.871561055 -22.452469837 -43.306246965 -0.897631458 -0.405709928 0.071790406 -0.156535481 -0.062792877 -1.633140921 0.866662184 0.492771346 1.676407923 0.411525958 -0.283025154 0.572012713 -1.420250850 -0.059289206 -0.927312566 0.545574531 1.734952461 -0.383985334 -1.318191623 0.491336664 -0.872139794 -0.298749820 0.151899203 -1.547490747
27.049086884 -32.029341223 -33.880602441 0.578537447 -0.423212051 0.527285699 0.456240916 -0.475385026 0.403550102 1.051318388 1.629821628 0.873871412 0.467402789 1.249166742 0.159741712 1.442835855 -0.860967073 0.426154176 1.342278808 -0.800552820 -0.078439237 -0.238552500 -0.210383009 0.697881993 0.628113842 2.159426140 0.763468968
26.265857797 -23.108811504 -29.465922774 0.517276929 0.180596223 0.228468993 0.804743128 -2.447882039 0.786510292 -0.101706951 -0.345313215 -0.485799697 0.087734879 -1.058607687 -1.308397452 -1.853365397 0.618860357 0.538729912 -1.441307226 -0.963968825 1.720965988 0.685254734 -1.749833827 0.144023993 -0.716946608 -0.252265985 -1.235269638
20.548052198 -23.594150182 -29.753760848 -0.492728586 -0.346945618 0.797474173 -0.029702229 -0.567586258 0.267633323 0.805374227 0.269048068 -0.764680272 0.084352828 0.174910394 0.643962934 1.105162741 -0.301905829 -0.680040534 0.229938625 -0.240435463 0.208262979 0.895130311 -1.504730023 -0.675929089 0.098128611 0.352788111 1.253626148
20.021879951 -18.581115760 -40.444117330 -0.656947823 -0.057671063 -0.568634888 0.491678726 -1.134103926 -0.615884479 -0.032945514 -1.518653814 -0.978295965 0.261504076 -1.152522632 0.759014527 0.072941753 0.429930066 0.482926373 -0.145480052 -0.305541690 -0.646835065 0.369484270 0.394660818 0.536859294 -0.298159838 -1.647624492 0.657450684
21.528197087 -30.114483335 -30.897356452 -0.495023480 0.843021975 -0.201716959 0.059799437 0.563487176 0.676254652 -0.798529377 -0.693802490 0.081042804 -0.148189113 0.861291046 1.500503200 -0.270247279 -1.089723892 0.456493912 0.074777279 -0.395036767 0.788654451 0.128687298 0.213430157 -0.039745309 -0.021990155 -0.209141872 1.361515582
23.527149588 -22.003911638 -29.167309138 0.459046079 0.750890295 0.442497715 0.172151779 -2.961607321 0.476925257 -0.800742277 -1.155797741 -0.207536023 2.411475556 -0.683922506 0.027164870 -1.044259304 1.563894011 -0.052864563 -1.320871796 1.006768726 1.054452446 -0.757540692 0.328230877 0.023517033 0.812875279 0.032986160 1.580497560
24.808316574 -25.288480668 -44.551103882 0.034007890 0.638587318 0.318390773 0.699769259 0.334623642 -1.096265231 0.299473048 0.067064036 -2.041887330 1.423005108 0.316987216 1.117902607 0.342834511 0.207681707 -0.603756775 -0.059302143 0.412631784 0.627262520 0.522630657 0.131388434 0.855171068 1.579496027 0.422496115 -0.508876134
22.074828287 -22.449135708 -41.012885863 0.131973408 -0.882429423 -0.392495669 0.223267736 0.025134518 -0.589635384 0.923722604 -1.629147485 -2.270992828 -0.112575072 1.019796982 1.261747009 0.891859280 -1.047323055 -0.416954824 -0.718137750 -2.088845034 -0.235594465 -0.432757617 -0.003820545 0.579903515 -0.241745227 0.685795715 0.915686893
28.107976224 -27.334912068 -41.590208780 0.329103172 -0.324825534 -0.680287194 0.568672849 -0.647675795 -1.727707345 0.754664624 -0.995454491 0.842535632 0.637670953 0.208599260 -0.232626276 -0.458507144 1.860921561 0.864963975 0.575853150 -0.018481017 0.030806125 0.990256357 0.259183314 0.006442480 0.570994303 -0.504463913 -0.239173791
29.177536819 -26.369547093 -39.585941571 -0.357449909 -0.101527288 0.879483638 0.297372329 -0.196205955 0.016057307 -1.965847153 -0.001164923 -1.954455226 -0.087897956 -1.427615167 0.206759596 -1.478445388 -0.519335689 0.785922372 -0.316154965 -1.883215337 -2.333799386 0.036095385 1.215137564 -1.635887753 0.193051366 0.247590785 -0.016525145
29.927523240 -33.051438228 -34.371405989 0.660195875 -0.608405795 0.337282409 0.283239074 -1.269776208 -1.544092001 0.829004374 -0.541913013 1.454394600 -0.251587808 1.761375424 1.180350264 0.503965103 1.031386079 -1.379518821 -0.879811905 -2.715208830 -2.398090934 0.490336880 -0.968124473 -0.687320899 0.948633365 0.746220011 0.050303482
25.920780060 -32.841214189 -42.733617363 0.011574701 -0.200388997 0.265584936 0.942960719 -0.448177752 0.796789636 0.671422118 1.050106475 -0.506663048 0.355036209 0.069873875 0.241960489 1.558751075 2.091073382 0.238484913 0.628201575 0.422539250 -0.231328003 -0.206939916 0.520680230 -0.860914892 -0.767174371 -0.451583004 -0.829830436
25.848222638 -26.352237514 -27.194868470 0.883964968 0.316108454 -0.262358272 -0.223270057 -1.060995532 1.217200570 1.200280950 -1.619633570 1.717458801 1.073337902 -0.111660901 -1.490923511 -0.178203426 1.172702580 0.714521572 -0.855519770 0.492666172 -0.841053798 -0.535478271 -0.019715578 1.522296980 0.166800196 0.377531999 -0.084613421
19.327850598 -21.303458241 -30.655773526 -0.417069748 0.804110898 -0.416786279 0.075813503 -0.622533475 -0.824774423 0.120135659 0.294105668 1.627846695 0.061298803 -0.144695353 -1.344175286 2.650506782 -1.403407022 0.416357922 0.088598401 -0.758050968 -0.191847350 -1.389319470 -1.226312342 0.036426033 -0.470014287 0.220930911 -0.040518392
17.082348716 -20.706115589 -39.695915452 0.336461255 0.494378149 -0.773506362 -0.209933270 0.789012284 0.883641410 0.360246611 -0.968115258 0.945054765 -1.020620836 0.487022558 1.077162653 1.800420254 -0.119499928 -1.741622087 0.847038827 0.071157968 1.351418683 -0.781325933 1.119674580 -0.416400265 0.415907098 -0.526309653 -0.693537510
18.961762707 -27.021516318 -32.458730794 -0.620705331 0.238448946 0.702637556 -0.253312963 -2.429267432 -0.555631896 1.019814823 -1.127680282 -0.355220781 -0.411794272 -0.136483796 -0.262899435 -0.045413022 -0.200128401 1.911070638 -1.606827270 -0.044267238 1.059203757 -0.082385404 -0.319049110 0.848573501 -1.685352495 -0.237154540 0.411319860
17.236974341 -24.351598207 -41.758562804 -0.542031521 0.727177373 -0.233043492 -0.350864117 0.600984333 0.737115781 1.267490781 -1.650733240 -0.122323532 0.790147217 1.624357479 -0.770242159 -0.144757860 -0.369383524 1.492287844 1.193711275 0.864531458 0.607446119 -0.322598492 0.858417811 0.443690591 0.827074469 -1.362403994 0.314547856
14.736493955 -25.355347098 -33.662918923 -0.621735935 0.503063795 -0.505435038 -0.323892987 -2.060538393 -0.524243633 0.985000565 0.222068207 1.172587926 0.298530618 -1.097478081 0.191713284 0.550776646 -0.816280903 0.476525894 -1.395416210 0.555127855 0.709924650 -0.350973945 0.346418521 -1.218869602 0.192138401 -0.154601737 -0.139681494
24.277153155 -20.061920578 -37.740297737 -0.417888446 -0.281038883 0.556513309 0.660817168 1.582507764 0.471290929 0.333528036 -0.766932880 2.363624892 0.210411540 0.450256142 2.289214795 0.593225957 1.533083041 -0.599237871 0.236450481 0.652005203 2.348022608 -0.458866450 -0.166288963 0.305811120 -0.234110533 0.901656643 -0.253527100
22.688295493 -33.915498154 -42.114240065 0.174552437 0.952316111 0.177001535 -0.176906555 -0.442722522 1.086156967 -1.191995941 0.854824801 0.329979078 -0.491907468 -0.171940073 1.821334343 0.538128227 0.873501384 -0.819694290 0.477017094 -0.006087242 -2.175202295 -0.678942486 -0.101640672 -0.797993211 0.382165230 0.239680372 -1.606045930
26.469962903 -22.621324577 -36.646704670 -0.499151039 0.858899797 -0.098483535 -0.058654682 0.565213520 0.976728796 -0.216736133 2.933516885 -1.241979314 1.137624213 1.585929405 0.005097844 1.198224439 0.145488385 0.779537864 -1.671820022 0.576124805 -0.739741470 1.047854159 0.170299636 0.497888514 -0.113288834 1.221703869 -0.321814000
28.645663817 -20.814291761 -35.012832205 0.818723086 0.319351145 -0.342018313 -0.332762419 0.233294444 -0.523707915 -0.088999648 0.536299192 -0.199184488 -1.426870815 -0.580566865 -0.308885400 0.038705100 -0.569210493 0.016889445 0.993013747 0.325656925 1.571967301 -0.950262844 -0.251226891 0.557551895 0.548395101 -1.746279631 0.079797267
31.939607541 -27.635615909 -33.167291845 -0.585830959 0.230860206 -0.743825638 0.224118435 -0.409508795 -0.459017494 -0.132070316 -1.616887915 -0.506900125 -2.071969506 -0.212209174 0.204357793 -1.292840239 -0.319908869 -0.959413645 0.151091610 3.564599459 0.277096024 -0.956149840 0.829872733 1.064528351 0.252116607 0.571325578 1.297719107
29.510626398 -31.397450044 -35.801613963 0.237675577 -0.415551548 0.839145938 0.258188547 2.254681171 0.743548084 -0.708169184 -1.059719957 0.541768691 0.756234799 -1.169459230 -1.415947312 -0.330670493 1.853131675 0.539441127 0.906116206 -0.010895795 -1.149596138 -1.493874940 -0.107404695 1.480840125 -2.222060322 0.176758604 -0.032917668
22.929954796 -32.916771432 -31.997296212 -0.447784530 -0.301356259 0.417897273 -0.730777181 1.597579958 1.212095486 0.036313608 0.260008839 2.107265710 -0.851808067 -0.808520227 0.547189782 -0.801120586 0.339473794 -0.882446883 -0.717233369 0.032022719 -0.743837095 0.333563799 0.933171876 -0.375474481 -2.839722369 -1.463836840 -0.991045488
13.329377504 -24.495942518 -36.086765836 -0.666056187 0.385067711 0.415067435 0.485603788 -1.440455764 -0.866821261 -0.026278168 0.002817924 0.269595849 -0.382068119 1.462424946 -1.472318179 0.501713922 0.547033629 -1.580217098 -0.670681694 0.632023799 -1.598788454 -0.043026517 -0.406421695 1.267984738 -0.493745983 2.630680327 -0.316544254
26.974508332 -28.614371483 -40.547600325 -0.294963179 -0.764209674 -0.122396623 -0.560356461 0.424639854 0.149888624 0.625335275 0.244532465 -0.337968918 0.541330754 -0.839674545 -0.245472085 0.291788412 2.061294386 -0.473373172 0.649737086 -0.372812113 -1.558793206 -1.486131203 0.645815641 0.589602859 -0.506153315 0.926379156 -0.015477502
22.408037321 -24.545728289 -36.055885055 0.364426038 0.154604547 -0.902643971 0.168893333 0.951406274 -0.326415970 -1.298493147 -0.900855878 -0.293184312 -1.086728783 0.007154814 -0.765162643 1.407245657 2.089903996 -1.285160528 -0.640416974 2.574380134 1.038044416 0.194387743 0.622565223 0.858298994 -0.250423556 1.466371065 0.322262592
17.041694538 -31.492360421 -31.366733217 -0.278012141 0.724846984 0.246860688 0.579970602 0.167150528 0.518097615 0.098951817 -0.938693330 -0.501579381 1.045714511 1.646788135 -0.598140664 0.259507791 -0.130228312 -0.123410265 -1.274248720 0.131348363 -1.250013435 1.685769213 -0.107170875 -0.349978456 -0.517324656 0.733260892 -1.253234371
15.924225593 -22.992436904 -35.961678480 -0.555111079 -0.210904305 -0.795257705 -0.122213940 0.372907533 0.532887845 1.228469628 -0.978416127 -1.667525908 0.604562616 -0.374756071 -1.903641051 0.961698304 -0.784855242 -1.123925455 -1.120639524 0.641667423 -0.383034898 0.205215271 0.547192500 0.270531577 1.065077577 -1.120193993 -1.509538462
23.557663171 -30.056460949 -44.803652038 0.531479588 0.186111027 -0.312251933 0.765108400 -0.558778865 0.283931515 -1.952479477 -0.043915279 0.140215678 -0.994608809 0.716595885 1.308483109 1.094881791 1.172439360 -0.568468266 -0.493432955 -0.290724820 1.722937612 0.922055316 0.022243204 0.107012332 1.103349798 0.814370307 -0.925204028
23.711597186 -25.031591954 -30.150046593 0.076724338 0.230740107 -0.774799416 0.583573684 -1.172274448 0.445241917 1.114803630 0.913565034 -0.509232089 0.433837526 -0.154163499 -0.351103927 -0.855638117 -0.176686336 -0.517099398 -0.859040852 -0.364331621 -1.183953628 -0.629484212 -0.803960631 -0.878770726 -0.997308859 -0.128941384 -0.732482662
29.552093858 -28.935967371 -32.331326095 -0.259218254 -0.105982874 -0.941270725 -0.188634432 -0.309644896 0.096297464 0.910097622 -0.525005023 -1.709277039 -0.480934095 -0.203693817 0.406160880 -0.446312575 -0.104344961 0.844793027 0.135211690 -0.625493353 0.197912339 0.476957977 -1.131265691 -0.729958610 -1.672304019 -1.020661443 -0.344161429
24.422980931 -30.554986284 -32.683658694 0.163894001 -0.709087188 0.255598607 0.636398828 -0.248770774 0.922331971 -0.164658466 -0.155548498 -2.094918660 0.123181765 1.622208604 -0.601347364 -0.860052420 -0.034976257 -0.056313669 1.382668190 -0.435990003 -0.684494563 -0.764732993 -0.556175618 0.515741398 0.972957622 -0.684214966 1.406050716
16.916503214 -19.473034013 -38.746052468 0.233559905 -0.727250422 0.384968210 -0.518030956 1.384264414 0.710023586 -1.941834929 0.515946932 -1.496696685 0.727780637 -1.169093769 -0.152596868 -1.145946519 -0.035067865 -0.602647629 -1.595312828 -0.295043426 -0.247558687 -1.866481270 -0.438155794 1.346223747 -0.715170505 0.380155409 0.583004451
26.686347169 -20.109120210 -40.362770218 -0.299386803 -0.763109723 0.562787998 -0.106305047 -1.193736629 0.841727310 -1.032155501 -0.334637885 0.040759717 -0.852847580 -0.803656173 -0.434113209 0.911594676 -1.108744808 0.423631766 -1.014267106 -1.795328090 0.811862200 -1.683540371 -0.557921496 -0.273196418 0.890231370 2.035645156 -0.306182781
20.847192280 -23.466822544 -44.696135520 -0.683869667 -0.164909858 0.538270220 -0.464103639 0.108390572 -0.050885231 -0.321848832 0.577487350 1.097643737 0.278862902 -0.352986123 1.124355633 -1.116216210 2.173878458 2.591273647 -0.429847358 -0.784775504 -0.205563405 1.484970408 0.718702122 -0.359480261 -0.274396053 0.705051517 -0.288158215
14.099066218 -24.636222174 -33.610459255 0.473021596 -0.012992553 0.855455965 0.210420663 1.177110437 -1.354553303 0.438316525 -0.094187833 -1.410695317 0.362216407 -0.955035259 -0.424669814 1.269930753 0.374314366 -0.157193309 -1.647355597 -0.059292676 -1.071116162 -0.466579790 -1.906821375 0.732091980 -0.338203061 -0.506658691 -2.847234254
29.645532551 -22.959972018 -42.251583342 -0.335456489 0.070138999 0.078293820 -0.936172817 0.872266154 -1.122116615 -0.706455781 0.696411227 -1.329297337 -0.171169945 -0.763999463 1.899997321 -1.040087623 0.560971381 -0.419536802 1.319785365 -1.219118587 -0.368151777 -0.535571780 -1.349094717 0.198139740 -0.616166698 -0.598750480 0.575787308
21.004350938 -33.185307510 -38.687279933 0.837534023 0.035622834 0.014913562 0.545018679 0.967575208 2.743579477 -1.281842578 -0.683724783 -1.492700550 1.036266493 -1.295507421 0.122860802 -2.504917855 1.553990905 0.206448742 0.620289995 -0.670407363 -0.037893050 0.232882941 0.061800906 2.916334782 -0.709994189 1.071580143 -0.071801142
23.590829145 -20.396970037 -30.327792942 -0.014404602 0.249699715 0.517201851 0.818501561 0.026561211 -1.387711927 0.009665147 -0.666228440 -1.241655292 0.365465656 -0.173073423 -1.387639889 0.819585152 1.322959456 0.241174243 -0.184175209 1.123095209 -0.519380872 -0.587920909 -0.456018377 1.360307321 -0.020362034 -2.002655618 -0.490240538
30.615770472 -28.765868561 -33.446641130 -0.886002203 0.457179332 -0.070673291 -0.031503033 -0.684959113 0.482462771 -0.455691649 0.307272890 0.112037501 1.008481282 0.261170959 1.068475003 -0.317961591 -0.926586362 -0.423347141 -1.604248748 0.394265101 0.750411402 -0.300958067 0.494268673 -2.384257545 1.643050794 0.571688780 0.039574469
19.345758969 -29.660592774 -32.990811181 -0.536981485 0.822522473 0.172726852 -0.072616121 -0.427669356 1.133813129 1.065742928 0.528232866 0.801734803 1.055613104 -0.193292932 -2.445954857 -0.219228348 -0.623601886 -0.766314450 -1.353893164 -0.101036578 -0.023479945 -0.387997240 -0.607155388 -0.848323859 1.554753851 0.730839692 0.661472276
23.461875533 -23.268804827 -39.112104269 0.192903032 0.594435261 -0.021463860 0.780368146 -1.273022330 -1.152960017 0.353631639 -1.006965072 0.771147879 -0.432036046 0.382689057 -0.422127974 0.152747734 -0.641538833 -0.070511974 1.106278687 -0.768877046 -0.229249597 1.011250401 0.166701872 0.244980801 0.181032802 -2.382833579 -0.295727432
21.348930486 -29.206108922 -45.169318800 -0.818427744 0.375852108 0.401794076 -0.165749033 -0.926362686 0.136640246 1.080670465 -2.190928706 1.215641523 0.327028736 3.338170666 -0.002288496 -2.557173741 -0.457074496 -0.627964332 -1.341141170 0.445124027 0.124261514 1.883651911 -1.648649814 -0.520534559 -1.769629001 1.165739496 0.178019182
21.115050433 -30.089669045 -44.669034943 0.389055967 0.742158725 0.434192331 0.330625016 0.172369579 0.162077328 -0.246382595 -0.558368752 0.741839463 0.703434269 -0.016013287 1.029510406 -0.676787886 1.063393226 1.630041408 -0.296703436 -1.801700708 -0.264421335 0.780799168 -0.718769259 1.301609425 -1.183071655 -0.072343290 0.842982136
18.336493759 -30.295630238 -30.616679104 0.000729069 0.556678275 0.375555002 -0.740990693 -0.412134182 0.759421803 0.237344556 -0.165873078 -0.405701138 0.973923201 -0.393782574 0.725333728 -0.300026514 0.320763072 -0.442031125 -0.004116049 0.206344896 -2.437882348 -1.277733661 -0.142122302 0.110404773 -0.013422285 0.191617644 -0.944180621
20.934892752 -31.132888080 -32.322388280 0.561613842 -0.584916758 0.333123370 0.481135218 -0.421900129 0.419936111 0.112251168 -0.483994179 1.811831575 2.070137874 1.019135642 0.346125825 0.864865635 0.408307568 0.720416525 -1.025809190 -0.392416147 -1.051337044 -0.764908237 -0.660280763 0.552892253 0.995761585 -0.045681301 0.016347683
24.444266188 -34.765473423 -34.982286764 -0.026798294 -0.727247114 -0.123277145 -0.674682319 -1.707186398 0.259927316 0.954463423 1.017894342 0.199319495 1.284884645 1.387064725 -0.226863685 0.186497305 -1.609111106 -0.380050946 -0.468762344 0.921598748 0.724186539 -1.015102456 -0.358813757 -0.809422543 -0.390174849 -0.153690957 -0.945395075
25.792349929 -27.075189191 -38.376377531 0.415648029 -0.427325906 -0.139922018 0.790601742 1.570428534 -1.183398696 -0.252151668 2.160471625 -0.648740427 -0.866975594 0.998932926 -1.275575472 0.516989251 0.246432298 1.510067493 0.293382702 -1.115068119 0.279699724 -0.847270685 0.176902703 0.483872853 -0.219626140 0.809015331 -0.362758616
14.883770176 -31.031608297 -35.047220621 -0.311660945 -0.931365311 -0.027682438 0.186171416 0.039045713 -0.960098472 -2.268017705 -1.033155069 -1.019306795 -0.177502616 0.795705735 1.917623381 0.497448102 0.841502399 1.122617637 0.657302054 0.747129255 -1.039455854 1.279552569 -0.344534157 -0.909973305 1.742548546 1.365247938 0.550874825
20.970288522 -34.274017188 -38.587552178 -0.102088390 0.286551258 0.588723541 0.748913165 0.337281229 1.124392979 0.052570688 0.290699103 -0.605170736 -0.600154290 0.759785349 0.514729993 -0.301738605 -0.142424220 0.205013637 1.814555062 1.079777556 -1.043090293 0.984137463 -2.631028848 -1.220877558 0.752036697 0.643155746 -0.486152444
16.744819572 -28.101291882 -30.036622540 0.228719454 -0.620866030 -0.379749006 -0.646531883 -0.957517622 -0.121735841 -0.801103062 0.555887190 1.450328960 0.374330128 -0.312134621 0.512939067 -1.249463072 -0.124633997 1.805798628 0.555665985 0.992306115 0.501626596 -0.416107228 0.730878422 0.359583588 -1.918466364 -0.347305913 0.241132572
20.108492828 -36.222884443 -35.911079916 0.729654501 0.086033252 0.571982057 0.364745275 0.247562093 1.447897698 1.006774235 -2.072429172 -0.765430595 1.217715739 -0.316450382 -0.660345120 1.076203695 0.695909653 0.353857042 3.383690460 0.439789238 -1.154592830 0.965930888 -0.256764857 0.456616574 -0.551552146 0.657927380 0.239607300
22.722414976 -26.681197496 -32.912416840 -0.758664946 -0.605676458 -0.148707865 0.188333478 1.276637901 0.012079915 -0.465610531 -0.301583421 -0.873474632 1.010565895 -0.495049811 -0.058201543 -0.853195294 -0.667235493 -0.875634464 0.097726935 0.927048590 1.476853924 -0.315089649 -1.163406435 -0.354505249 -1.304031638 -0.400717502 -1.047668019
23.502848632 -31.269039792 -42.878087192 0.423018326 0.153481563 0.076028172 0.889785717 -0.840742022 2.006072415 2.250269465 -0.980342472 0.630004672 0.113106311 0.155213430 -0.817355500 0.714802333 0.686878978 1.537311149 1.152562995 -0.428831745 0.355159484 -0.185822104 -0.131181023 0.206896545 0.727678617 0.525620391 -0.406680258
20.082551261 -26.374179958 -39.918439254 -0.101129704 0.273409279 -0.367076564 0.883331730 0.794614991 0.960528309 -0.823084188 0.723360553 0.234852661 -0.167109877 -0.655265978 0.494791032 -0.289098693 0.591922883 -1.267461312 1.815096507 1.512836672 -1.246838565 0.056282712 0.241064794 0.886526969 -1.706901748 0.114149121 -0.466276037
28.899629230 -25.544006055 -40.083469105 0.243574079 0.837715475 0.422646885 -0.245507761 -0.304732801 -0.554160306 0.494335451 0.713199675 -0.825882397 0.034036483 0.364445798 -0.477668262 1.561346469 -0.503172865 0.039942468 -0.169231548 0.112567566 0.001699927 -0.110047749 -2.250470328 0.261202459 0.547785887 1.642073937 2.498329026
18.629212431 -35.412232203 -35.120391326 0.590280663 0.046248052 0.045799313 -0.804569624 -1.211875402 1.075476148 0.706503941 2.133184609 -0.942835310 0.260750329 0.974372699 -1.021800783 0.186760249 1.630848784 1.000672541 0.388591708 0.885379722 -2.050479550 -0.461338448 0.035430297 -0.447802079 1.417687744 0.554946296 0.860302961
21.350696032 -23.785744441 -27.341027443 -0.073296005 -0.267583432 0.804654723 0.524935786 0.235266725 0.289029808 0.267207166 0.253835813 0.369971414 -1.224888210 1.430847491 1.260384090 1.001179737 -1.467085084 0.908158021 0.197724528 0.232617156 1.199925587 2.003386221 -0.552256912 -0.868265924 -0.400770752 0.198700335 0.166611351
22.157976069 -21.321798161 -35.525250468 0.038495430 0.356640802 0.110240451 0.926915575 -1.035445856 -0.758425222 0.129755274 0.335958109 0.086714508 1.627530569 -0.096288615 -0.579760297 0.315187926 0.183562338 -0.055064886 2.105454829 -0.287997836 0.025370000 0.126987521 0.608505189 -1.976747453 -0.625729930 0.482283084 -0.881439666
26.408813084 -26.629010255 -37.911156372 0.362504454 0.477948062 -0.793679812 -0.101136179 -0.602398540 -0.356684505 0.664849104 0.865442801 -0.156888691 -1.477715358 1.300282111 1.980800719 0.896075840 -0.783346433 0.477429130 0.312881425 -0.769884690 -0.727640392 -0.044750413 0.456351620 -0.815811799 -1.861675163 2.275977920 -0.531811984
24.994773906 -35.498588254 -32.465131667 0.941198154 0.086017761 -0.262009214 -0.195187477 -2.042763110 -1.083334106 -0.147291251 0.220763693 0.544586958 0.355380563 -1.207724239 0.704970541 0.415300790 -0.413999318 0.960401402 0.477836460 -0.536359591 0.240626969 0.533511775 0.861514381 -0.644585280 0.075204351 0.998839620 0.364125396
22.065210628 -23.013908369 -35.965244035 0.408347633 0.257412519 -0.251693812 -0.838833255 1.774624823 -0.302294910 0.632166894 -0.543704849 0.721700273 3.040263776 -0.601749269 1.145264244 -1.724603383 0.636989858 2.320011127 -1.043447742 -0.512458621 -0.077930311 -1.029834757 0.201578807 1.658785858 1.780656340 0.954624021 -0.856592702
16.410714102 -30.528066195 -32.353670425 -0.162194407 -0.756367042 0.611519597 -0.166269828 -0.624744659 -0.343467083 1.689962517 0.491259181 -0.122781105 -0.345402920 0.315593305 -0.253286364 -0.741924767 0.371676537 2.308776948 -0.158421875 0.452842862 -0.622060716 0.653786044 -0.085049678 -0.681076540 0.963455525 0.411935525 -0.172264703
30.673180751 -22.751912381 -34.022165241 0.107601544 0.375051367 -0.194728830 -0.899910586 -0.179564732 0.991579153 0.908025972 0.243355100 -0.219703160 -0.648607457 0.503079376 0.190739059 -0.663362938 0.620594734 -1.301947215 0.527070926 -0.060440609 1.204373601 0.700633822 1.803313022 0.554150679 0.099438139 1.043670814 -0.074574133
24.004157221 -27.123614122 -39.890871409 -0.575745992 0.314392648 -0.430533788 0.619931023 0.329086116 -0.363668218 -0.394825760 -0.303654287 -1.428057078 0.055814393 0.656534544 1.846388110 0.335996024 0.417388340 1.035524928 -0.085993819 0.917028383 -1.484077392 0.128787066 -0.283604409 -0.765840795 1.240167665 -1.401018536 0.118665758
28.721207052 -26.539133923 -30.873993899 -0.715665979 0.171255720 -0.580363989 0.348814169 -1.011625680 0.572619426 -1.158565126 0.839545797 0.614565029 0.793548023 -0.739999853 -0.429626612 -0.359521128 -0.233335922 0.340396282 0.476727286 -0.077947118 0.555553889 1.054990993 -1.376586930 0.008010661 0.382230786 0.327047278 -0.195964034
21.326907017 -22.191570968 -34.471626716 -0.805075056 -0.198928459 0.274094110 0.486984641 1.137038483 1.267871216 1.488277580 -0.139923498 -1.605406646 -0.204455428 -0.494692981 0.404487410 0.139851358 -0.008264483 -0.592850079 -0.066815097 0.553210168 0.818163514 0.304913076 0.443441232 -0.066676944 -2.228550935 -1.075680341 0.159216872
24.149488806 -19.471126702 -37.441818878 0.443508827 -0.361189283 0.741570706 0.350592512 0.956214172 -0.922124644 0.849718420 0.475962978 -0.288328943 0.099387738 0.022314850 0.090335133 -0.693161202 0.015882976 0.347807634 1.147435088 0.591204532 -0.237181497 0.246934940 -1.519362703 0.421954342 -0.897070780 0.454385889 -0.738932204
17.938465999 -24.522046562 -34.342310464 -0.282716450 0.471089099 -0.570881950 -0.610114964 -0.166194321 -1.187127262 1.238860467 1.013109600 0.162541114 -0.323513453 0.416187532 -1.488849399 -1.138599504 1.026943161 1.072352923 1.104269645 -0.381086347 0.405650436 1.586602567 0.716526374 0.985343229 2.039623953 1.149724060 -0.284541207
24.851213342 -30.342723249 -45.297577930 -0.157471479 0.154396413 -0.598393437 0.770253060 -0.486170924 0.161028145 -0.221977486 -0.234648652 -1.520273318 0.032335958 -0.407760608 0.223821992 0.502904727 -0.230171960 -1.218753343 0.073043294 -0.175302905 -0.174140393 -0.025153229 1.544734144 0.486913349 -0.868347867 -0.351352181 0.504286836
17.914200946 -21.251295389 -34.363611652 -0.146243665 0.398736970 0.658191177 -0.621615632 -0.578102015 -0.151874466 -1.979897187 -0.411212866 -0.220026733 -0.149092842 -0.243452129 -1.256642680 1.155542048 0.847624549 0.356753373 0.692671076 -0.215258541 0.392027275 -0.520600895 -0.830536149 0.272963711 -0.366621070 1.945907014 -1.236682120
17.910987652 -24.793308297 -29.621543844 -0.036449770 -0.173823222 -0.948960392 -0.260635908 -0.242598451 -1.520780168 -0.247086177 1.253277580 -0.280143556 0.941374845 0.187766257 0.612259655 -0.500855795 0.917032637 -0.147340985 -0.333340995 -0.408919155 -1.110197038 -0.022288445 0.408869171 0.580347227 -0.326948110 0.459376440 -2.798007130
13.735858358 -28.488260457 -40.067458123 0.044723441 -0.709306295 0.650679090 -0.267396926 -0.583901722 0.761632682 -0.659593246 -1.486528587 -0.376103854 0.615061715 0.009174372 0.308263424 -2.288904280 -1.167730620 -0.331390183 -0.878551435 -1.595282356 -0.161496874 0.139113151 1.258683399 0.101501022 0.174368020 -0.767197848 0.936471994
28.583963629 -31.312604727 -33.048110308 0.066397560 -0.027891357 0.193453221 0.978462717 -0.270205339 -1.203237158 -0.417249291 -0.875092529 -2.383643765 1.707690559 -0.076617202 -0.965858346 -1.997241824 -1.112563745 -0.049337014 0.564456946 -0.735522307 -0.087369603 0.000266108 -1.102901484 -0.053848337 0.637658764 -1.701614688 -0.053946143
20.954795431 -25.947032778 -37.474696311 -0.553535574 0.483595216 0.448120660 0.508843699 0.116129716 -1.016580915 -1.292296113 0.845951217 -1.431936081 0.375877457 0.063496569 -0.604038827 -0.201570764 -1.402456611 1.308239858 0.639333936 -1.493810803 -1.419894082 -0.596224088 0.578753107 0.037955346 0.935979746 -0.105103679 2.215656931
27.201212807 -29.240071854 -42.589314328 0.992100408 -0.056029082 0.075911513 0.082673850 -1.666939084 0.621370549 0.326635304 -0.362858536 0.938235180 -1.124682602 0.507287348 2.445864223 0.513814072 0.339258543 -0.699736849 -0.565367790 0.752407383 -0.944495153 -0.215210564 -1.893946706 -0.550364052 2.530227424 -1.552242501 0.916889324
30.515543555 -22.791751426 -38.837420634 0.123887469 -0.308505339 0.831740669 0.444616475 0.921193190 -0.693988089 -0.445532034 0.381852614 -0.943932455 -0.226771133 0.699741325 1.401217113 -1.116683788 1.239505804 0.697512470 0.623950972 -0.740788193 -0.535531840 1.660111681 0.283684605 0.245328885 -0.945395209 -0.010774770 0.191594779
19.832645516 -30.160548760 -35.384996283 0.622176694 -0.442044990 0.601807105 0.235203310 0.864751568 -0.697313547 1.033373653 0.355476346 3.268267062 -0.669424094 -0.192747837 0.172855918 -0.988729661 -0.029565340 1.360442892 1.055603347 -0.715112729 -1.656273550 0.687226337 0.901692303 1.181221710 -1.660460010 -0.334764691 0.143422101
23.163010640 -30.947902390 -28.838769748 -0.799777513 0.385863516 0.281893746 -0.363319684 -0.817074532 0.449021713 0.359954650 -0.456864124 0.349301782 -0.530957417 1.141120558 0.128110222 -0.540585040 1.802625275 0.038499059 -0.182542576 0.350902799 -0.336065411 -0.228719750 0.111263686 1.384815282 0.987136045 -1.665341594 -0.109241010
31.143116827 -25.934324225 -32.148063592 -0.242269194 -0.130505509 -0.840720672 -0.466328963 -0.243211620 -0.228313258 -1.233205115 1.895076089 -0.919188282 1.612824099 -0.068333329 0.027158972 1.822758242 -1.680870457 -1.214476454 -0.989429962 1.189117690 -0.611741908 2.214565808 0.268443837 -1.701641682 -1.771872218 -2.299060231 -0.112876245
27.198007076 -23.066174295 -37.849336770 0.291215903 -0.038032251 -0.014506913 0.955790979 0.055040196 -0.648112806 -0.755248467 0.455504560 -0.487223696 -0.516224476 -1.328337885 1.743418067 0.803201329 -1.868785312 0.505895002 -1.070462684 -0.549088352 1.047116079 -0.798088260 -0.113457468 0.113950660 -0.700518991 1.400982905 0.594894743
20.603385849 -24.225536767 -30.689814678 -0.574786623 0.049421619 0.742026292 -0.341430555 2.046949396 -0.025052404 -0.204049621 -2.110762358 0.802241081 -1.665303022 -0.102210038 0.334166541 0.886312982 0.941867717 -0.553468344 0.060079942 -0.005619228 -0.215306667 0.155362020 -0.416289838 -0.073446459 0.412068693 0.781350465 -0.206985295
17.115743403 -27.777252528 -34.869690687 0.867042481 0.355582090 0.051655413 0.345152767 0.045793456 -0.461463002 -0.036752291 0.448200803 0.023503810 0.180781218 -0.616964575 1.847862972 0.058650902 0.913036279 1.379642363 1.409354345 -0.654921184 1.205675073 -1.090430302 1.026881521 0.854274695 1.913307497 -0.751782987 0.824824888
27.330805716 -26.323076755 -30.798582849 -0.601715735 0.609983129 -0.206917213 -0.472275369 -1.059779617 -0.778897087 1.496040085 -0.970888256 0.343030601 -0.495114748 0.187255642 0.580462085 -0.027658788 0.007297708 -0.370822148 0.911095620 -0.695610011 1.039488188 0.802594436 0.993421939 0.385053393 -1.555171798 0.622836221 2.561950232
24.154332629 -32.749205757 -35.933886787 0.655245029 0.156682663 -0.274514904 0.686109367 -1.463136683 1.167966472 -0.282285072 -0.459867947 -1.409008663 0.586120412 0.751315686 -0.911418957 0.270214990 0.096195394 -0.264800501 0.438549861 0.515557869 1.668078522 -1.184193133 1.717072883 1.308847865 1.019817507 3.472594970 0.813391557
22.487810052 -21.647945391 -44.321561197 0.950341082 0.298577074 -0.078237274 -0.039780497 0.245534444 -0.721704408 -2.237474472 -0.736521395 0.051624302 -0.634888722 1.245300982 -0.702260876 0.620633639 2.506135987 0.583605908 0.901086820 -0.721810488 0.413712276 -0.664945950 -1.490325878 1.093733402 -1.847491251 0.408555100 0.371299023
29.035716272 -29.340959672 -36.895818643 -0.022984260 -0.110475998 0.989132204 0.094256352 -0.574437227 -0.566855812 0.094383702 0.297191219 1.639173723 0.852636987 -0.138512577 -0.510465855 -2.166474317 0.261856163 -0.964102121 -0.583022743 0.939809236 -1.740095007 -2.109766688 -0.056559883 -0.119608934 -0.029892207 -0.000425749 -0.268826538
24.817864063 -21.793338757 -43.229095301 0.464371635 0.809951502 0.105604096 -0.342323421 0.763690551 0.845284761 -0.220434457 1.089945172 -0.486382880 -0.118598912 0.541626208 -0.013587391 -1.232976876 0.421840021 2.237570956 -0.454009336 0.448954794 -1.277533194 -1.262112882 1.234399985 -1.880244699 -0.682359240 0.540504291 -1.223103791
23.511013067 -20.707907128 -34.091183687 -0.143581500 0.382098837 -0.683516392 -0.605136491 1.734234526 -0.165822085 0.984810985 0.231425082 -1.372917655 -0.393734978 -0.245171670 2.619707945 -0.896068651 -0.899899860 -0.975012967 0.226835322 -0.848851301 0.403759287 0.599314930 -1.315298438 -2.924674601 -0.673526173 -1.144002633 1.263677256
14.716638971 -23.404308601 -40.125651748 -0.365708351 -0.612166662 -0.202099954 -0.671315863 0.141374346 0.254891334 -0.666089744 -0.549696472 1.033282385 -0.552445399 0.210836307 -1.601301384 -0.006445270 -1.357121968 -0.150633112 0.299487704 0.659489914 0.021623825 -1.830963003 -0.137944503 -0.090789267 0.003543847 -1.265405290 -1.419378408
21.629427985 -35.080972298 -32.973851101 0.289370475 0.243505695 -0.870263225 0.315613093 0.229538626 0.044555234 -0.019863397 1.836441208 0.866650687 -0.378651388 0.537377318 0.794899257 -1.289048380 -0.101639722 -0.701521710 0.446903347 0.110336130 -0.248135795 -0.480753680 -1.954439754 -0.804492924 -0.523116556 1.001752769 -0.403384479
26.371818353 -30.790097032 -33.682102512 -0.091564877 -0.100131676 -0.939450351 -0.314678502 1.439504102 -0.199296331 -0.211656886 0.250697348 -0.850828028 -1.427456786 -0.345455612 0.630068006 0.931546591 -0.719863345 0.045367506 -1.761251012 -0.781009261 -1.271019580 -0.152805809 -1.583073090 -0.168543117 0.177410007 -0.288664267 -0.405315692
25.469190023 -29.991826941 -35.085791685 -0.545436122 -0.717742536 -0.375994665 -0.214413389 -0.798191632 1.302179925 0.229222924 -2.191249445 -0.039643051 0.927525505 -0.125227544 -1.175208440 -0.940222367 0.485008237 -0.963544387 1.314245493 -0.484889876 -0.038442380 1.297380620 0.949056053 1.553287254 0.571411826 -1.898367980 0.852109193
18.515989171 -21.973242905 -36.403601259 -0.480941681 -0.490647730 0.636311610 0.350809690 -0.443481212 2.330187654 -0.700554752 0.879788244 0.422392763 0.625169810 -0.953194380 0.736745199 -1.526239522 -0.992870697 -0.377371103 -0.242086078 0.065583095 1.584435870 0.247379340 0.030909829 -0.754914369 0.076455553 -0.408956465 0.362560002
25.224296498 -31.826261097 -36.711694045 0.285152201 -0.702043079 -0.643417080 0.108803484 -1.353227310 -0.143187208 -0.147551598 -0.168571408 -0.350050859 -1.402364627 -0.129688875 1.941572451 0.352342087 0.385101026 2.052582787 0.359286090 0.721238023 -0.140333015 -0.788557051 1.167202815 -1.513130908 1.904841978 -1.629414854 -0.564290962
20.080139531 -22.202231429 -38.470653902 -0.327428100 0.088276711 -0.758641006 -0.556292985 1.329417565 -0.495622635 -0.217667621 -0.873350657 -1.994134421 -1.079592964 -0.188844650 -0.327122538 1.174403431 -2.235876633 0.589020873 0.097620057 -0.308097340 0.842592964 0.691737802 -0.598005377 -0.317918398 -0.903952875 2.682956229 -0.158139605
17.644983691 -27.043882250 -38.866599174 -0.181875762 -0.429994185 -0.862752353 -0.194125181 -0.951236473 0.933425621 -0.477157289 -1.024130363 0.188460630 -0.578271076 -0.169612698 -0.710301931 -1.069939126 1.595223777 -1.174235717 -0.216417632 -1.033205618 0.177822463 -0.773274061 0.620627580 0.309784237 -0.473139773 1.546874923 -0.312599580
25.019037469 -28.237810003 -43.634925896 0.672096219 0.081058117 0.133249201 0.723851438 -0.557295765 -1.299867104 0.271420260 -0.154986317 -0.593164585 0.042542103 -0.028999813 -2.157652851 0.050985745 0.437831380 -0.265338055 -0.017162880 0.695249100 0.401753989 -0.278759518 -0.154517472 0.969514376 0.257789634 -0.254482297 -0.529669654
20.447777091 -23.144605842 -32.369575578 -0.730536205 -0.232223433 0.549563595 -0.332218280 0.557364274 2.190229660 0.137094246 0.929964449 0.336818812 -0.325614385 1.567324096 -2.083089252 -0.627108706 -1.000991643 -2.069527539 0.721011621 -0.403329632 0.965308293 1.824861041 0.167607734 0.911854243 -0.844757393 -0.473001554 0.813034230
15.743651039 -27.938496718 -32.326406572 -0.688414279 0.265806138 -0.143600358 -0.659402619 0.294094600 0.036071336 0.089482167 0.787568079 -0.352590220 -0.610970120 -1.599218927 0.544992060 0.367661056 1.224617222 -0.192699542 0.006469122 -0.816172549 0.560464451 -0.113422501 0.347257225 -1.392621837 0.112398323 0.088250267 -0.677894841
22.581909913 -30.211469449 -31.549231938 -0.809398361 -0.330029653 -0.485642883 -0.010281611 0.931347210 -1.154303733 1.058191231 0.875897683 -0.163984566 -1.329310626 -0.001134405 0.387652945 1.870313177 0.717951404 0.670732512 2.131910772 1.150572032 0.113514405 0.238574213 -2.260416594 2.151092552 -0.169111028 -0.155191444 1.087567766
20.559670969 -26.226914486 -43.871218694 0.131788254 -0.510942426 -0.414088429 -0.741687580 0.243168965 0.760804737 -1.739388249 -1.616499891 0.414233540 -0.312507510 -1.052981737 0.472822469 0.218739399 -1.673479369 -0.803622382 -2.289086975 -2.426696508 -1.092336583 -0.126371193 1.854690510 -0.339496749 -0.909296706 0.822028096 -1.167956613
28.149111392 -34.608238481 -39.029628038 0.041009960 0.980845652 -0.040610509 -0.186039719 -0.669803072 -1.373439900 0.295503265 -0.798953137 -1.327738534 -0.383790985 1.334946530 1.002043357 -2.573214272 -0.511800590 2.311284932 -1.158649214 -1.706010686 1.111780999 -1.503829531 0.309132969 1.049040788 0.287150136 -1.148737602 -0.449081404
13.482600772 -25.083778558 -36.656712423 -0.097612549 0.873419474 0.139789152 -0.456146036 0.068140890 1.007306694 0.821768578 0.074713116 0.553251258 -1.168536878 0.679430779 -1.420256316 -0.260571759 -0.715521981 -0.523455117 1.710904892 0.332253135 0.389492782 -0.704749318 0.688080436 2.044746844 -0.149780165 -0.468928076 -0.145794058
22.097266793 -27.375731024 -39.067511364 0.369848235 0.546191911 -0.719236948 0.218139616 0.049094121 0.192536716 2.061305341 -1.082173846 1.212442960 0.330528104 -1.647989386 0.532147278 -1.570619920 -0.225773466 -0.636839696 1.185755056 0.441106816 1.131866572 -0.285407235 0.462578032 0.785502191 1.551238406 0.271167089 1.070636972
28.890655338 -27.731977342 -39.111087785 0.391365540 0.303008880 -0.847898329 0.189965935 0.818151514 0.486433782 0.825418378 0.386120209 0.220720831 -1.254810568 0.291456861 -0.646991269 1.137748224 0.314866630 1.131936104 -1.514048346 0.279402664 -0.164574590 0.290906451 1.045918946 -1.295060455 0.139208446 0.369833282 0.618383428
17.049623549 -20.687477244 -33.870717147 -0.562956984 0.273447493 -0.082178492 0.775598220 -0.859547005 0.832249862 1.946400638 0.497140436 0.622487007 -1.030860099 -2.669549140 0.731095281 1.217784370 -0.341975946 -1.549617633 0.575481440 0.809558929 0.242247198 0.080088987 -1.214669931 1.171318851 1.218162164 0.459996847 -2.150552345
19.058533132 -30.305957671 -39.861438707 0.102408658 -0.130037202 0.694884865 0.699812702 0.913481678 -0.437928332 -1.552340058 1.100778261 -0.468339358 -0.320401949 -0.023444605 0.940182171 -1.552076636 0.957475973 -1.082442945 -0.511649614 0.238440754 0.217092434 1.358935807 1.202600741 -0.293762364 0.089813265 1.596182009 0.783111131
24.085767100 -23.165429016 -32.657894460 -0.295069798 0.119340331 0.150643098 -0.935947839 -0.273176588 -0.270802343 1.509672719 -0.513525325 0.818148667 1.517205532 0.897001539 1.002894393 -0.278871756 -0.874020446 -0.403855960 -0.066749895 -0.216374899 0.461851636 -1.654800908 1.651274482 1.620068796 1.558560842 0.712785013 0.403245058
29.364119589 -23.590328457 -38.157597971 -0.092846146 -0.039874306 0.151660642 0.983254129 1.876184753 -0.961246535 0.395244535 0.162312501 0.107144465 1.271577579 -0.572476313 -1.137969689 -0.860791709 -0.885679431 1.958356491 -0.250146609 -0.175331062 0.178302379 -0.193645998 -0.264299579 1.055957623 1.394312612 -1.059228864 0.972014161
19.647098124 -32.285158116 -35.411386282 -0.178607324 0.693705530 -0.239225443 -0.655471776 1.053005873 1.387799103 -0.308365929 0.964539633 -1.614646946 0.159447064 3.284765336 1.621922686 -0.520749636 1.807894387 0.388595848 0.258324338 1.110025546 -0.171692704 -0.082410166 -0.268111395 -0.479011053 -1.822228899 0.406696929 0.098440304
21.490869931 -26.728683257 -41.151208832 0.649291359 0.657378766 0.160148557 0.347313012 -0.732720785 -0.357598589 -2.017187981 0.090631496 0.987985662 0.000479919 0.193415370 -0.031114028 1.499071825 -0.129620549 0.454923352 -0.278953708 -1.239261502 -0.110356250 2.176769366 0.398200205 0.904132284 1.144370600 -0.343844480 -0.076619768
30.093921953 -25.227537685 -37.635241133 -0.114631621 0.895548748 0.342653752 0.259692967 -1.113527783 0.160937951 0.017817054 -1.041652508 1.912842698 1.024494867 -0.843734056 -0.115109661 0.932900143 0.893352703 1.593906940 -1.879835225 -0.037156646 -0.164271416 0.034819012 -0.303637265 0.804436828 0.734538006 -0.710607203 -0.401216682
24.282326017 -25.253736223 -42.048523425 -0.731637818 -0.349699216 0.250775861 -0.528704104 -1.460750642 0.642231275 -0.294303303 2.178521846 0.522210131 -0.066991022 -0.732457262 -0.742710021 -0.089525564 0.587909253 -0.328839093 1.200287632 -2.512302140 0.427577066 -0.709092326 0.266023906 0.486408003 -0.834554883 -1.556838938 -0.760333872
20.195498076 -23.426749416 -39.930859109 0.020496456 0.887055444 0.198934236 -0.416098191 -0.232231075 0.070403541 0.423078589 1.910596633 -1.020186659 0.204408075 0.652305436 -1.254066340 0.976917399 1.087585419 -0.707875662 -1.838514532 0.976671428 -0.193528516 -1.486388041 -0.035501602 -0.159994595 -0.343889369 -0.234010235 0.012041965
26.733384605 -20.050614846 -30.984304967 -0.850005174 0.117368754 0.430624416 -0.279782759 2.724975314 -2.797961680 -0.936677370 -0.878936410 0.796375384 -0.280992975 -0.814633268 0.113014542 0.688095567 -0.725626983 0.237579240 -0.815242824 2.265991533 0.851603182 0.152797820 0.428361311 0.410791671 -0.145510824 -0.612691636 -0.390591708
28.699982856 -29.040830038 -32.807942062 0.460091698 -0.703524208 0.517148940 -0.161016439 -1.377425531 0.507342652 0.611527004 -1.260484199 0.143968987 2.105568993 0.533431389 -0.321519220 0.546605243 -0.100410407 1.276428950 -0.055449584 -0.324790445 0.852497037 -0.862539628 0.671081455 -0.256767170 0.655838222 1.157637640 0.870009763
22.144419931 -27.036914444 -45.750018474 0.231558594 -0.141825596 0.952430721 0.138354040 0.197123568 -1.935309531 -1.160690315 1.398795212 0.254398161 0.097771798 1.548027460 0.580684118 -1.623995330 -0.354098702 -0.355738396 -0.132459463 0.677065304 0.400802752 0.100535584 1.227812614 -3.186256770 -0.367152410 -0.517581675 0.146883617
20.241171932 -31.106111875 -43.862735682 0.632714306 -0.457791832 0.363114264 0.508180359 -0.004848349 0.734027635 -0.122759118 0.802768205 -0.662317217 0.910202115 0.501735811 0.303533896 1.298936870 -0.384522694 0.486197192 -0.136309091 0.237502981 1.879883479 -0.097552799 -0.350126421 0.445913021 0.580605108 -0.440060346 0.188041762
21.946323933 -22.364210490 -44.803277269 0.079650847 0.046656526 -0.745786069 -0.659759086 -1.126009785 -1.408132236 -0.580549046 0.082556163 0.032766744 -0.880590228 -0.228358433 -0.662422102 -2.542817960 -1.004254560 -1.185956782 -0.681633754 0.189214540 -1.790309241 1.127303375 1.838092125 1.157498823 0.298112764 -0.988535747 -0.354744693
24.454281446 -17.033930813 -35.054992560 0.212560167 0.241075331 -0.925376718 0.200944742 -0.648478022 1.064801587 -0.428137996 2.471331450 1.011209361 -0.699645815 0.781416516 -0.609015879 -1.840579706 -1.224385576 1.250722446 -0.262827958 1.290096778 1.311692337 -0.781765984 -0.776324006 -1.319665958 -0.379799243 -0.766712493 -0.036501444
26.199268588 -24.201571819 -41.132419819 0.013469721 0.271160245 -0.961383448 0.045083856 -0.423609815 -0.764094301 0.987589406 0.112265677 1.743992800 -0.228967922 -0.352116805 -0.342081693 0.190213801 0.201386057 -0.840960489 2.559200343 1.440876478 1.025924486 0.813896477 0.277246113 0.392299814 -0.101230142 1.347811802 1.382076155
29.040751687 -30.024075564 -33.305943666 0.119822335 0.426920805 -0.870020864 0.215510858 -0.841493018 0.555141948 1.159938876 -0.641048155 -0.232733279 -2.221279233 2.798434747 2.080579862 0.640008778 0.832966659 0.814246858 -1.650991255 0.252596395 0.887635259 -0.764545874 0.438187837 0.632195763 0.204591796 1.415933591 1.128952860
25.533251014 -26.701384082 -36.423552333 0.104509199 -0.685309806 0.720194242 -0.027359665 1.560083553 0.344701508 -0.119498399 0.829500784 1.019494082 1.304828014 0.856993536 2.029535257 0.667879138 0.619622387 -0.331589957 1.037630128 2.138388518 -0.833612096 1.030886113 -0.323225944 0.113378064 0.265304440 1.210959199 0.501627532
27.190179909 -24.392691400 -43.321374958 0.235382416 0.163466846 -0.957981166 -0.012074543 0.706787383 0.403705061 1.125529712 0.679749643 -2.094027985 -0.840170618 1.029420311 -0.495837592 0.615271094 -0.090801182 0.501074909 0.318312908 -0.775220533 -0.056833112 -0.683170037 -0.373921106 1.893468787 1.215015919 0.123918454 -0.611317900
30.433742197 -20.816667237 -36.991384881 0.519340323 -0.197507860 0.201310350 -0.806691029 1.664522127 0.507434939 -2.406753951 1.225133718 0.171022605 0.237786721 -0.302241172 0.559735968 -0.611328346 -0.113944377 -0.366188527 -0.106799358 -0.924443400 0.417186365 -0.482902946 0.076214539 -0.374427835 0.103935623 2.411567769 -0.526585939
24.611762652 -32.135108180 -43.442329559 -0.646308359 0.167521958 -0.678289359 -0.306831295 0.757037708 -0.777698710 -2.033194938 -0.967286420 0.228992627 0.051355446 -1.192986222 0.437897379 -1.032350338 0.361729776 0.905783240 0.727708986 1.118076620 0.168467138 0.424609599 0.302945685 0.062737247 -0.472086869 0.045695428 -0.774988480
25.982672740 -24.815609588 -43.207820162 -0.086390814 0.101784804 0.222401392 0.965771247 0.346348073 0.600241902 0.560948239 -0.528976083 0.530736647 0.470817156 -1.102951804 1.144112481 -3.055355078 -1.426102822 -0.446988395 -0.414077863 0.221765728 0.898775709 -1.181980994 0.986437369 0.464370519 -0.196723966 0.418296822 1.265032644
30.829589699 -27.780703587 -36.698380988 -0.495867415 0.327348448 -0.687419681 -0.417627444 -0.240116878 -1.829253067 -0.754965700 -0.911142279 1.009489596 0.460066784 0.838581588 1.111691440 -0.655326959 1.303203475 -1.084731033 -0.192610284 -2.134610347 0.122722023 0.430528171 0.649569611 -0.049908009 -0.991819313 -2.293255597 -0.464839676
24.296784830 -30.997448432 -35.255974750 0.535063565 0.668532703 -0.220997274 0.466831030 -0.486366352 1.024443375 -0.355942704 -1.378273004 0.263951580 0.504935989 -0.143616715 0.609994450 0.081767719 -0.216124654 -0.698732595 -1.386067934 -1.812924464 -2.450323285 0.943757508 -0.194168278 -1.565097906 0.353185522 -1.888487309 -0.903105818
26.210592307 -24.565111146 -37.792394383 -0.737568738 0.380748980 -0.557518674 0.013982104 1.299619967 -1.207136689 -0.596196353 -0.275121288 -1.008074724 -0.957901081 0.244970103 -1.093148526 0.126788835 0.120827025 0.812846843 -0.201552818 -0.088507312 -0.941681802 0.132494347 2.254964582 0.662115644 -1.275769868 0.273296171 0.504466149
27.035751516 -33.043782728 -35.886190581 0.613042922 -0.679301628 0.336826850 0.221980510 0.940772661 -0.341349688 0.367164891 1.141755721 1.882267425 0.812341829 2.205331802 -0.721894978 -0.922909253 -0.242405329 -0.985718382 -0.718513037 0.233504009 0.046631414 0.865794169 -0.774103414 -1.501633548 -1.417459797 2.445940862 0.500379897
15.361126185 -29.199990178 -34.483923059 -0.696429709 -0.355461271 0.129849665 -0.609731096 0.117817836 -0.146450827 1.525955839 1.325307648 -0.551613469 -0.453673828 1.634242530 -0.403794909 0.557682280 0.063390117 -1.343791187 -0.974566974 -0.001539598 -1.501652924 -0.263266892 -1.166268504 0.194988378 -0.675432485 1.341974526 0.770411988
18.249681655 -28.407350637 -30.594329770 -0.569972935 -0.771704871 -0.273141921 -0.070681941 0.892969892 0.709411565 1.386703187 0.256521870 -0.675353714 -0.347513378 -1.480747592 0.538916827 0.705374698 -1.548729115 -0.481318851 0.285835692 0.912028546 0.277039177 0.707295897 -0.366139658 0.802985039 0.201677886 0.036393245 -0.426248209
15.019951231 -21.632094673 -39.166832598 -0.975006811 0.151388195 -0.160238217 -0.027695615 -0.847758585 -0.795775520 -0.623685068 0.793214559 0.032662151 -0.282800848 -1.312791205 0.819436177 -1.344532864 0.369036185 1.217719244 -0.631959884 0.635485265 1.018054191 0.545715787 1.260773679 1.682047159 -1.854630501 0.169680489 -0.074777799
26.908158216 -27.706109977 -27.745776222 -0.043595755 0.430580195 -0.621705144 0.652826791 -0.529510821 0.261835294 -0.953789780 -0.110969280 0.570099356 1.728582619 0.309330228 -0.262276004 0.623586817 1.072888462 1.725390087 -0.994778409 -0.300830858 -1.562696474 0.506464659 0.656382298 -0.339648870 1.606698239 -0.591507061 0.582887856
15.563816260 -24.996421042 -39.035172639 -0.024733828 -0.794490914 -0.460100117 -0.395575919 -0.505691482 0.483616293 -0.019240391 -1.286744398 -0.029879771 -2.118165748 -0.303258954 -0.977559153 0.591257560 -0.151994685 0.294663195 1.611408891 0.849024296 0.559222560 -0.380532511 -1.552385919 -0.518451586 0.788965531 -1.220854151 -1.036444624
25.302295893 -24.067346384 -42.061510893 -0.121387160 -0.570356061 -0.802620159 -0.125538840 0.220560161 -1.413251692 1.210517648 0.907643599 1.994062510 0.471811519 1.436148140 0.609859527 0.507298212 0.296362190 0.825650927 0.752973558 -0.376454940 -0.196522976 -1.125407603 -0.828276177 -0.857077457 0.017500139 2.245194325 -0.007250667
27.394013159 -20.028908626 -34.433773543 0.209020372 0.399826137 -0.889795860 -0.068650361 -0.728918161 -1.067705995 -0.043063188 0.435747235 -0.246671852 -0.186563067 0.638810676 0.588993425 1.047439766 -0.291304736 -0.683877660 0.142704937 -0.927676134 3.264400985 1.297967884 1.214568278 -2.222291229 0.893978661 -1.287461804 1.698453292
16.691442298 -27.118297897 -33.230352871 0.923883321 0.079120203 0.351802365 0.128119863 -1.342130041 -1.125155230 0.737890828 -0.564467072 0.052170850 -0.638900017 0.567284707 0.769124528 0.836439956 -0.004921954 -1.357515459 0.028258615 0.004490019 0.042356667 -1.114081255 0.510449354 -0.675190875 1.580446444 0.292889039 0.182700402
22.457313045 -17.912466188 -38.718025623 0.248742069 -0.245592095 -0.936915597 -0.001034168 0.058428695 0.879721234 0.748737292 -1.122311962 0.061707756 -2.168734869 -1.561005168 0.112032110 -0.769732896 1.178290600 1.121753715 0.577534664 1.854310517 0.625271739 -0.085034064 2.435523902 0.202126040 -0.268579147 0.702705250 0.160101012
21.143764258 -31.953145493 -38.305229779 -0.002870377 -0.482235287 0.645125872 -0.592666430 -2.846190607 0.890511278 0.126668948 2.500080243 0.089900106 0.452066187 1.937133516 -0.324248308 0.044326342 0.451093552 1.155326392 -1.368837921 0.229745684 -0.312499456 0.109561249 0.335881528 1.344267668 -0.950761396 -1.381348037 -0.627351484
15.785251950 -28.301696288 -33.096267530 -0.716486474 -0.262061165 -0.112044398 -0.636723747 1.356360102 0.958819517 2.020888889 -0.825255019 -0.679709374 -0.577597084 -0.709007843 -0.289924290 -0.061541024 0.493402282 1.927386104 -1.481478735 -1.441562770 -0.756837111 0.832093669 1.122369171 -0.439841782 0.104444793 1.229049773 0.702622087
17.702005330 -33.202603477 -31.805026828 -0.224607732 -0.967020743 0.025584124 -0.117335854 0.339220969 -0.166842688 -0.952561538 -0.550622942 -0.851473175 -0.151997649 1.097933216 0.255273688 -0.621674133 2.054376198 -2.003425912 1.174063883 0.898502189 1.433920962 0.665769238 -1.060492048 0.264609524 -1.962614195 -0.381306535 0.868509116
20.126229684 -24.532943936 -41.629990014 -0.650695405 0.615543758 -0.069186100 -0.439220509 -0.311020737 1.937611568 -0.602554563 -0.219731188 -0.690901332 -1.900768846 -0.560669480 0.166486745 -1.421548082 -0.811534760 1.239693897 -0.508646149 -0.073789864 -1.387572029 -0.736271967 0.369193813 0.909288855 -1.236283339 0.399770200 -0.504449090
20.165588836 -28.100492087 -37.747802009 -0.546857286 0.494924644 0.158248987 0.656470840 1.815547837 -0.294995364 -0.023911813 1.812773669 1.462830834 0.641393256 -0.340210663 0.844057244 0.668705199 0.087321715 -0.103168609 2.383618903 -0.207566280 -1.509321730 0.580485259 1.165026345 -0.159375129 1.169941802 1.011782398 0.198700308
