4.122467310 44.192495808 -2.273494463 -0.103008761 0.848396524 -0.295844502 0.426718365 -0.667737877 0.864489992 0.020549713 0.257781221 0.146106790 -0.916118466 1.877433374 -0.524495511 -0.720958954 0.322581399 -2.232065438 0.333321324 0.151026525 -0.219061189 1.508647401 -1.212467555 -0.529846517 1.274574123 1.657870193 0.689129538
-0.320116071 40.285483646 4.713871731 -0.711652359 -0.652208922 -0.076811931 -0.249548331 0.253261228 1.242982384 0.905335789 1.182893590 -0.772346691 -0.528954876 -1.023383669 0.017503989 -2.897408074 -2.285927584 1.228800399 1.052376828 0.421481500 1.666120955 0.450698872 0.308213769 1.162872624 0.029137948 -0.481862599 -0.573106157
1.992359009 39.009902997 0.286554188 -0.313139350 -0.387287575 0.861616466 0.097822016 -2.919408345 -0.473886413 0.390204585 -0.454542262 0.052162588 0.821939455 0.039838720 0.026884822 -0.928581640 -1.472947599 0.333740032 0.786727687 0.733573516 0.838855451 1.394463658 -0.680017412 0.697958306 -1.099114253 -0.700263659 0.718517759
6.681234338 46.847417821 3.808590674 -0.207523624 0.130688767 0.951331602 -0.186608079 0.194659271 -0.681298262 -0.262677987 0.303999401 0.063929958 0.137013542 0.651908494 0.860713457 0.456388038 0.399485235 -1.094399042 -0.905011545 0.031929152 0.862919911 -0.640882552 0.723509648 -0.046699755 0.422064508 1.218853678 -0.145456686
6.342238589 34.859475882 1.841872215 0.634960788 -0.580387175 -0.492868815 0.130598071 -0.586830483 1.006070373 -1.271654771 0.807742326 -0.857362047 -0.828818704 -0.237341510 -2.485672166 -0.297274523 -0.418970561 -1.331640118 -1.124791867 1.367275553 -0.386912498 -0.831071884 -0.620033693 1.502163356 -0.728056776 0.383196364 -0.492458452
-1.298174168 45.557838546 11.690347218 -0.442362028 0.411786479 -0.425215363 0.673750419 0.402949171 0.823422130 1.168964349 1.249408433 0.406922362 -0.189351409 1.127262289 0.917920705 1.023682214 -0.809668426 0.109860158 -1.022936511 2.315953131 0.020387123 -0.384397877 -1.831249149 -0.715140044 -1.486887820 0.179478545 0.645457090
2.290279760 39.006203743 5.816268893 0.334323554 -0.803280701 0.294253452 -0.395452630 0.272766191 -0.249920953 0.366021246 -0.334348375 -0.986895550 1.023702983 0.053669283 0.294132084 1.706006710 -1.117988783 -0.099128901 -2.985687506 -0.438185226 0.337771114 1.321239604 -1.372687503 0.830563104 0.502236743 0.647160375 -0.331956714
1.676497996 43.234576470 4.106849774 0.037295755 0.222034322 0.798414016 0.558430700 1.502762407 -1.264120531 1.920615331 -1.595536703 -1.417269397 -0.386381766 -0.908705164 0.470430454 1.348644932 1.226536540 -0.838684934 0.824112949 -1.219332305 -0.736723717 -1.073301822 -1.100080415 -0.239399563 -1.805791487 0.713613558 -2.149437599
-2.279742689 44.550199578 8.777303981 0.192765677 0.256950398 0.148811597 0.935239539 0.918512116 -0.391219990 -0.210030988 -0.958265125 -1.323169842 -1.186700464 -0.659401468 -1.256670803 0.676180563 0.344512846 0.210306716 0.877234315 -0.351536989 -0.242224595 -1.520410981 1.381888805 0.180764399 -1.190201311 -1.075449167 -0.060767290
1.183032581 45.295746060 9.330874160 -0.034459348 0.320934328 -0.946474262 0.000427551 0.876751332 1.087335283 1.502998726 -0.879956932 -0.041017034 -0.065003080 0.227857298 -0.815358630 0.237944831 0.040650679 -0.707136752 -0.996053412 -1.757400331 0.694007478 0.107809111 -2.465844156 -1.577097064 -0.402536404 -0.308409645 -0.287167251
-0.656333561 36.938393522 -0.927175334 0.576707361 0.433352865 -0.643158816 0.256828059 0.522087708 0.033331700 -1.456928698 0.524795005 0.084723661 -0.750768739 1.189430249 0.275836865 1.051417383 -0.783597251 0.766106206 0.224752146 -0.004169015 -1.145395342 0.691429782 -0.888020882 -0.662431892 -0.228923289 -0.332298096 1.614859904
-3.288749565 48.697131127 8.864526502 -0.916268139 -0.176410375 0.254795330 -0.253794043 -0.712357286 1.432800701 0.101165740 1.916802455 -0.433290558 -0.779299854 0.754080694 -1.586529369 0.297061837 0.381029608 1.065485318 0.922774715 -0.943654859 -1.799027209 0.313584577 -0.562883954 0.372572793 -0.804140142 -1.273134857 1.875853094
0.292262206 34.845237022 4.591050982 -0.778487338 -0.561482615 0.162484727 0.228677612 0.030073237 -0.085672703 -0.805410054 0.341941950 1.297693927 -0.317872056 -1.342326242 0.520727295 0.524124916 0.324406295 0.180564031 0.134930361 0.673886307 0.693167015 -0.223860547 -1.711760114 -2.400623493 1.369557527 0.937681152 -1.960214222
7.600487413 39.176349687 5.414964436 -0.655746278 -0.483529993 0.484150163 -0.319052011 -0.528172091 -1.038672141 1.187888244 0.591878067 0.724496105 0.595247731 0.839607748 -0.475127101 -0.722047383 0.881955646 0.648224715 -0.088279369 -0.599143205 0.871300710 -0.800652166 1.172288438 0.262744169 0.887204688 0.155681173 0.176352388
-1.453821630 47.760950728 6.134656723 -0.243138571 -0.749405511 -0.426536715 -0.444231298 0.690739641 -0.800455968 0.153167393 0.975720225 -1.120406824 0.859919110 0.990869905 1.855421380 -0.606917854 0.496719157 -0.616248199 -0.933310965 0.393891367 0.254429283 -0.603489302 -0.618798999 0.907601870 -0.598379848 1.176732409 0.633375056
-4.370675554 37.428542566 2.736435511 -0.230804504 0.233313823 0.839126739 -0.433774431 -0.344553113 -0.462863528 -0.606855337 0.052359438 -2.183932108 1.522321317 0.847109668 -0.268561048 -1.779670251 0.627915980 0.025762076 0.033026115 1.031046886 -1.724665754 0.015608165 -0.418912218 -0.375070561 -0.224994385 1.773796662 -0.701141806
0.917718980 33.429740220 9.962405759 -0.001763116 0.449131829 0.369904380 0.813294683 -2.327957287 -1.183647749 -0.189715125 -0.315500535 -0.181082926 0.850604084 0.533580747 0.861319383 -0.057901616 0.110596440 -0.260748583 -0.020990040 0.420027948 -0.747698765 -0.994862933 0.105333902 0.514924229 -2.124377593 -0.146264227 0.658062792
8.504288742 36.173348345 5.804850653 -0.138172656 0.085359752 0.722274045 -0.672266491 0.831410993 0.404110421 0.480515840 -0.616310657 0.591409223 -0.925668913 -1.905321140 1.600848486 1.891365652 0.905622213 0.259225772 -0.225429371 -0.576409490 1.130728374 1.439560776 -1.074684756 -0.106062275 -0.387879483 1.175688619 0.391608914
4.090687633 35.145577345 5.321480828 0.267408102 -0.339219778 -0.894693298 0.113783798 1.337245929 0.680295446 -0.521724925 -0.767171112 -1.404645245 -0.946288024 -0.578568621 -0.840201820 0.342268487 1.528020312 -0.342846669 -1.172353859 -0.844201560 1.610338254 0.316432365 -0.914041471 1.899020082 -0.763773708 -0.714128782 1.032640641
1.394396370 38.429023800 2.967394598 -0.035652022 0.546143091 0.432341643 0.716615211 -0.626018097 0.945836382 0.141522864 -0.006859348 -0.009035450 -0.410449320 -1.999239205 -0.264620440 -0.899755476 -0.124698557 2.869890183 1.532116695 -2.012497521 2.192254003 1.033695867 -1.614663429 0.517636899 -1.698830504 1.343842191 -0.221391171
0.573284843 47.320400853 -0.546864097 -0.715503983 -0.100113820 0.459811049 -0.516338138 -0.515979919 0.893824721 0.407377336 1.723438519 0.145006021 -0.152790226 0.251564586 0.838958108 0.452380590 -1.434374025 0.145476521 -0.411435647 -1.067140291 -1.588970051 0.788718395 0.018470342 -0.280428648 -1.277351965 2.535858656 -1.665459177
1.711467631 45.904375563 -0.177278740 -0.565980328 -0.607305839 -0.554664135 -0.056511793 -0.062099798 -1.192555573 2.156445920 0.190385654 1.439964218 0.297050779 -0.549289288 2.213171093 1.132898601 -1.912817227 0.187862753 0.925431900 1.260947628 0.724948586 1.074950156 0.316698320 0.920270576 -1.501733733 0.805733205 -0.623093327
-1.701341447 44.968099874 4.687154497 -0.273069072 -0.061614272 0.784101358 0.553915177 0.920899541 -0.246338789 -1.030867918 -2.902253216 -1.141673379 1.197171373 1.631860774 1.847669748 -0.624667647 -0.798239864 0.390059797 0.818543659 1.215522892 -1.020067643 1.356930769 2.177897468 0.137133401 -0.883284868 -0.560319971 0.729506409
0.930857319 44.207726365 10.808981676 -0.606898122 -0.752537455 -0.249829894 -0.054286950 2.007405274 -0.255474465 0.878825193 -2.502298412 0.619963442 0.012830313 -0.723775010 -0.517170062 -0.153357377 -0.604925737 0.046850800 -0.691053987 -0.843816687 -1.525822825 0.417039972 -0.799119068 -1.111157722 -1.364691692 -0.081241246 0.941678746
-3.170133687 42.781539280 9.320034594 0.053627582 -0.944312510 0.072533092 0.316444176 0.431973735 -2.076336191 -0.251314603 -0.824577407 1.753206975 -2.001458852 -1.504423415 0.886083993 0.228870727 1.080795482 0.751561516 0.517312223 -1.294465498 -0.477220809 -1.641616679 -0.830981255 -0.175822044 0.878943830 2.961139586 -0.931234593
1.124766170 38.903730905 0.041556333 -0.098527583 -0.009889590 0.668773714 -0.736842066 -0.337775640 0.476885796 0.497197018 -0.181795315 2.083942248 -1.720633264 0.695147732 -1.529871484 -0.449634741 -0.762551176 0.674824627 0.248711642 1.744259237 0.040951935 1.888042014 0.471064451 -0.562308213 0.852152938 1.637413286 0.314256905
-2.402029136 48.370646220 6.443439677 -0.970618524 -0.193043689 0.136731627 0.044025881 0.538227160 -0.361716577 -0.993821400 -0.785194533 1.093958279 -1.434861644 -1.140161442 0.606518182 -0.524562250 1.088832943 0.490764816 1.931114950 1.080137152 -1.282498628 1.771880991 0.022839835 1.005875873 -1.559625186 1.486232360 -0.575884655
-1.092874191 41.934277466 12.873696893 -0.048105426 0.636351342 -0.166936414 0.751581713 0.310268878 -1.207877696 -1.172086582 -0.819995273 -0.506482405 -0.701518723 -0.104747200 -1.101649963 1.361641021 1.450066368 0.982132713 -0.821460108 2.667385630 -0.717870570 0.262358082 -1.524577249 0.485574490 -0.290624400 0.113444074 0.157129574
2.970543370 37.394639179 9.966090401 -0.788161999 0.229362484 0.031471338 -0.570265789 -1.069636650 -0.512078643 -0.826014656 0.655511004 -0.685035801 -0.765923101 -1.345541803 -0.425609434 0.594902713 2.370252151 -0.201667798 0.963108723 1.549717996 -1.533499274 -1.410317736 -0.754108659 -0.461851692 0.901244365 0.275638890 -0.112585321
2.549099463 34.558426893 10.557501234 0.288181046 0.636543021 -0.709028077 0.095099176 0.199525760 -0.415165135 -0.340147521 -1.703278276 0.682941941 -0.522501204 0.344242966 0.115847989 0.620466758 1.242067763 1.406193456 0.070028013 -2.024370437 0.855006329 -0.728288962 -0.187460405 1.443316485 -1.214999304 -0.273014097 -0.794075150
-0.834607884 35.918869285 -1.712051837 -0.045831767 0.065767698 -0.943029679 -0.322907236 -3.079413712 0.210979425 -0.278586267 -0.247190402 0.819827058 -0.080126267 1.387822541 -0.510351997 0.980594083 0.940928424 -1.738690166 -1.318814688 0.406738510 -0.339249152 0.263586322 0.037894253 -0.701695822 -0.247139760 -0.971923474 0.087163772
7.299943259 36.247499646 2.668660963 -0.465545664 0.876945771 0.116953406 0.023563764 -0.054047259 -1.865437531 0.071825982 2.313468492 0.764804997 0.833335591 0.196217263 0.459320513 -0.303973578 0.437394132 -0.790493400 0.923909910 -0.816669035 -0.695329035 1.244128074 -0.021230219 1.149300406 -0.053292905 -1.607036801 -0.385763874
-5.013850243 41.483592926 0.260533628 -0.173786282 0.152375533 0.933948282 -0.272618107 0.191186864 0.282777366 -0.457938548 1.485077361 0.137042657 -1.128435610 1.256823501 1.664204682 1.351623856 -0.613480521 0.451064982 1.590095374 0.543848561 -0.587146469 1.166387110 -1.338597463 0.933085287 -0.717225430 -0.933218918 0.533067912
-2.744769210 32.950963494 2.703777156 0.205552489 0.391735603 0.630020418 0.638252038 0.561805002 -1.433055392 -1.319125823 -1.088061327 0.468956924 -1.207890107 -1.379512062 0.812968796 -1.971151738 0.560099995 -1.337437571 -0.019870986 -0.985314332 2.176966770 0.537153938 -0.612369449 -0.337611828 0.904553808 -0.080869501 -3.276787467
-0.326032175 45.362931694 0.935609008 0.248877109 0.871892298 -0.190228146 -0.376400396 0.844227485 -0.150275655 -0.155722309 -0.385806188 0.617402985 -0.412753373 -0.266705730 0.808975437 2.366241129 -0.308122150 -1.374739274 -0.790384100 -0.517604136 -1.033130833 -0.677461049 -0.413611830 -0.619456053 -1.220434929 1.982893651 1.198649600
5.535542089 37.551852837 11.857338309 0.007403717 0.066807920 0.499067218 0.863952429 0.610390372 1.044514558 0.911691573 1.513408388 1.967020282 0.314557920 0.567156294 -1.758885080 0.601191654 -1.490111221 0.176276106 -0.104470209 -0.030599584 1.360944343 -0.700762517 0.283324459 1.128294842 -1.004277160 1.519288451 0.156615061
2.331368779 33.576050983 0.115928638 0.621973729 0.741428852 -0.204574527 -0.146905416 -0.255074886 -1.485859311 -1.855314613 0.011766966 0.983909062 0.844431812 1.863589762 2.009998633 -0.002148237 -0.861633066 -0.539607393 0.287228260 0.871024420 -1.642781192 -2.028533695 -1.682311540 -0.193943701 -0.609311208 1.270737093 0.988245001
-0.761637549 38.719944622 -2.026626368 0.056390312 -0.357795194 -0.101167124 0.926589415 0.503205592 1.565308545 -1.558568586 -0.778805641 1.464249982 0.993289371 -0.108659029 -0.172723137 2.363087352 1.787501037 -1.078269008 -0.016353255 -0.079649144 1.657058421 0.009141059 -1.642075462 0.453832397 0.416094706 -0.664911063 -1.241549855
0.280296605 47.466001405 7.791254848 0.296194372 0.679407083 0.553074993 0.380503563 -1.976874443 0.077508543 1.156628517 -0.696802519 0.066181204 0.187168359 -0.180064444 -1.442798560 0.863356871 0.629527010 0.052662848 -0.911637899 -1.367242106 -0.792593141 -1.080263500 0.119612266 1.238918832 0.209030683 0.506493264 -0.655979131
-3.669629942 41.218967752 -3.613618856 -0.132256944 0.967930768 0.176798272 -0.119835303 -0.623395292 0.348175442 0.058308678 -0.504155838 1.135692843 0.577804730 0.962740421 -0.945051085 -0.437934926 0.567942242 1.105904499 -1.062278755 0.924667798 1.072621995 0.067012572 -0.804765463 0.449508531 1.312114565 0.462549842 -0.596440040
8.540067969 41.276971620 6.583823610 -0.641185479 0.694257014 0.202602002 0.256594638 -1.018058045 -0.248478278 0.932411205 -1.755494880 0.465857569 0.230791230 1.094688106 0.257011799 1.402628541 2.270317762 -0.899968253 -0.010270842 -0.367722696 0.693738485 0.477386280 -2.054878426 -0.454529852 -0.600960102 -0.545383701 -0.242880218
-2.472288247 36.769890253 3.753586165 -0.051795396 -0.761772850 -0.645358561 -0.023058395 0.809622408 1.429514939 -0.706655938 1.522184076 0.581271625 0.296337760 -0.273678765 -0.167299958 2.338045388 1.347710093 0.760760027 -0.898302325 0.596808703 0.438663656 -0.066646152 -0.385954782 -0.699307681 -0.497054046 0.284419923 0.257860738
2.206393837 48.760774631 4.436265783 0.110489928 0.489972217 0.434699806 -0.747499352 0.231279475 0.958509225 -1.358626601 1.572321347 -2.474509332 0.497567283 -0.462053956 -0.118483641 -1.438811819 -0.376607070 -1.308335529 -0.576409258 1.129092001 -0.897337873 -1.736990217 -0.933336812 1.015294758 0.235513306 0.085637751 2.035789063
5.848909861 42.830907469 10.671029156 -0.934950599 -0.101672678 -0.192964989 0.279811645 -0.260958910 0.638055794 -0.083166052 0.190116870 0.913372776 -1.909584880 0.718288181 0.966947202 -0.222385973 -1.153515674 -0.669600746 1.436664619 0.081760444 0.120791331 -0.473053662 0.000814485 -0.945898598 0.192084914 0.914253522 0.492806017
7.568388507 37.141079273 6.574408721 -0.515936356 -0.252355231 -0.771099576 -0.274830781 0.204349368 -0.355277745 -0.491097381 -0.735357495 -1.195895974 0.383275391 0.667516959 2.005402137 -1.124963717 -0.298065961 -0.304478210 -2.793521602 -0.207294314 -0.176869879 -0.413437375 1.011745198 -0.789224968 -0.284183763 -2.422931625 -1.339705602
-3.355158853 47.051247852 4.806734481 -0.662384373 0.318286731 0.551734646 0.394372133 -0.000775176 -0.553454608 -0.212182537 0.357474732 -1.782147155 -0.575442929 -0.549276924 0.532775092 -1.185174965 -0.128149802 -1.584836195 -1.693710231 0.290423817 0.919840195 -0.938481499 -2.534399188 0.083619070 -1.108955855 0.099617825 0.209952322
-8.196110021 39.170211188 2.570550949 -0.250438722 0.209140608 -0.819792966 0.470616772 1.230550684 -0.427289556 1.017117250 -0.369506359 2.155535746 0.747117242 0.319617574 -1.246823615 -0.998948895 1.764031965 0.873304258 -0.136360526 1.547293189 0.824857837 0.385631206 -0.303356546 -1.120259574 1.075343724 -0.224720937 0.218906004
-3.693822017 31.561876103 4.166412335 0.000022662 0.716896853 -0.424127900 0.553330305 0.944072405 -0.353553730 0.562067925 -1.255847017 0.843696106 -1.257995677 0.942277130 -0.021866682 1.054151882 -1.765275722 -0.282611594 0.983728579 -0.285940358 -0.061620434 -0.567322399 -0.239394566 0.518282086 -0.445823089 -0.140664754 -1.008741532
3.758494292 47.895596120 8.328717535 0.773083446 0.271084950 -0.486866776 -0.303011019 0.001623501 0.147375965 -0.227662058 -0.234054973 0.797501599 -0.521632382 -1.249872062 0.116189308 1.441745771 -0.652899551 -2.604459874 1.688250842 0.543252951 -1.538083739 -1.955136481 -1.145047415 0.727387532 0.303838393 -0.229387621 -0.536381299
6.739835377 40.196186652 4.040039154 0.891151229 -0.208142937 0.399948691 -0.050666058 0.241693847 1.228797719 1.671233608 -0.053468325 0.398572166 -1.000226607 -1.210623229 -0.988598760 0.238918486 -0.262853408 -0.170223893 0.469302750 -0.344651974 -1.210629038 -1.072410386 -1.653194980 -0.775130523 0.826880108 0.133594648 1.080188833
-1.490950792 39.597540344 9.397435175 0.034417946 -0.874348427 -0.423188648 0.235035319 0.539066557 -1.072367966 1.313933795 -0.325132891 -0.224460959 -0.031362054 0.650690850 1.335197516 -0.124865738 -0.864477340 -0.831150255 2.282309096 -0.306698258 -0.728915918 0.822930009 1.338111181 -0.781984314 0.191594042 0.428676119 -0.259494979
-4.028552828 41.333984705 -2.775466743 -0.559447623 -0.735097460 -0.365783413 -0.113369204 -2.420632739 0.962052900 0.272773014 -0.201736477 -0.111766052 -0.143197169 -0.260810222 -0.186442980 -0.456025109 1.306365224 1.827276243 0.650367005 -0.801822460 -0.479682711 0.451843432 0.299246993 -0.529144883 -0.156443420 0.905113642 -0.642530133
-4.999429633 39.940168232 3.984678062 0.843286230 0.225808023 0.478441878 -0.094722963 -1.549059426 1.189938155 1.296671855 -1.510254588 -0.053229796 -1.192088883 0.726640101 0.167901233 0.307374464 0.743667473 -1.857510519 -1.209621510 0.859605833 1.740937088 -1.106757577 -0.690388871 0.010105903 -1.044857634 -0.148523380 -0.189212077
-2.364130099 35.845666996 6.234190745 -0.597199870 -0.037683972 0.563090839 0.569965737 -1.399721969 -1.202109828 0.711434688 -1.354694674 0.294945382 -0.357094982 1.448224625 -2.001414321 -0.599913618 1.176722051 -0.203478802 0.533888568 0.339615694 -0.603838594 0.038194392 -0.493967204 -0.126524825 -0.078692030 0.285646975 -0.746874669
7.208574355 36.618207863 5.621248770 -0.812221441 -0.546765159 0.108208287 0.172148651 0.920465144 -0.599716081 -0.926033388 0.388215136 0.510801812 -0.255883896 1.467581451 0.573055884 1.686186957 1.395050719 0.997670835 -0.500404826 1.528948497 1.254768214 1.056118895 0.015363866 0.770014491 0.535511496 -0.221996306 -0.918147111
2.726719106 35.140836468 -0.211596292 0.362188943 -0.917046890 0.118953112 0.117022769 -1.441642867 -0.468539310 -1.029387842 0.980438602 0.102475830 0.532556963 1.074584180 -0.228980653 0.133962725 -2.096483570 1.722021619 -0.624692043 0.098220838 -0.534752128 0.117862515 -2.201096343 -1.179024734 -1.165761362 1.945544139 -0.475825221
-5.223730079 36.158243991 9.463099775 0.156222618 -0.980733942 -0.115688324 -0.019277979 0.255010480 -0.455827817 -0.809240673 0.289629151 -1.279058360 -2.034052928 0.713141800 -1.327129930 1.018094644 0.945888741 0.568917444 0.047659846 -0.278614809 -0.245697502 -0.759337198 0.780703451 -0.056855504 -0.896406678 -0.083973485 -1.247784468
1.454757439 46.164202680 0.730958359 0.147421332 -0.562397859 -0.813589550 0.006902443 0.588036880 -0.516915362 0.496065617 0.549808742 0.851821312 -0.737865014 -0.929079529 -0.044229542 -0.209527995 0.705508845 -1.690894663 -0.756763604 -1.177489186 -0.041642800 1.266635005 -0.943474987 -0.367304115 -0.395160642 1.480499759 -0.840074032
6.735254560 38.195368054 3.488062626 0.826222770 0.286123353 0.427441435 -0.229745904 0.648552152 0.325403381 1.109522018 -0.047457952 -0.776036779 -1.071494150 0.064923623 2.254511082 1.216562902 0.697498454 1.275098612 -0.778591147 0.687574645 -1.217826288 -0.258969156 1.792865401 1.279363106 0.660729937 0.525647657 0.014549860
-8.881903286 36.239835582 3.248949793 0.363054450 0.204772883 0.871301627 -0.259023178 0.076176130 0.287632159 1.277056659 -1.088199166 0.421019498 -0.534288025 1.416224692 0.534081563 -0.600614262 1.490598533 -0.508398963 0.359294795 -0.177990630 -0.068673299 0.191035701 1.363736575 1.577673094 0.827865671 -0.320242401 -1.101425154
-8.492773972 40.872099763 5.967019474 0.720467912 0.307307717 -0.013598248 0.621532816 -1.406007487 -0.544694087 1.274567411 1.028597919 -1.079376630 -0.731243693 1.504137947 1.566844162 0.677248152 0.046992069 0.021297852 -1.962126976 -1.421541225 -0.503132143 -1.404546705 -0.044047802 -0.377382177 -2.325433746 0.254322891 -1.769937515
-5.152815541 39.139319905 11.830926887 -0.313351684 -0.375922268 -0.868616549 0.077449737 -1.764108509 -0.233175058 -0.955186440 1.977243264 0.112719662 0.052473776 -1.371878991 -1.128484873 -0.546921649 -1.717240326 -0.773858960 -0.083214893 -0.562096578 0.893932783 -0.957474967 -1.390666568 0.137614822 0.602343474 -0.874772606 0.646468834
6.111906518 34.279848809 5.688474151 0.133049420 0.268031824 -0.003233742 -0.954173116 0.402158796 0.138136959 0.091591363 1.006985512 -0.585503600 -0.991848008 0.521132892 -0.546823981 -0.026665775 0.441175942 0.244447207 -0.034054599 0.545933624 -0.689210046 -0.360833065 1.116026646 0.333951421 -1.726106202 -0.199022909 -0.986613668
-7.078124977 36.432159471 -0.623760356 0.344887586 0.308877214 -0.625291955 -0.628217630 0.537737712 -1.329995782 1.550076827 -0.659160743 -0.490709029 -0.892442145 -0.838396132 1.047176750 1.179940780 -1.596459056 0.765264626 -0.971928295 -0.581097933 0.527810486 0.576940371 -0.033674508 -0.764286047 2.045988272 -0.539377564 0.475022115
-6.995253168 45.079906064 -0.230143612 0.155420663 0.622748267 -0.724409307 0.251515744 -0.049277259 -0.346367256 -0.167338828 -0.430123440 0.874238998 0.487955130 -0.703541048 -1.579771919 -1.583857686 -0.331422525 -0.514070020 -1.137983148 -2.006899370 -0.311152569 1.967592078 1.465603685 1.294210707 0.991691357 -1.171137152 -0.166403334
0.846475642 40.856665717 5.163900285 -0.700486432 -0.306333681 -0.624840114 0.158282237 -0.180455362 0.267352400 -1.710633069 -0.330021561 0.019903066 -0.051645844 0.386554938 0.894977638 0.799356338 0.161623011 0.297843613 -1.694482516 -1.189564172 0.542396657 0.512857948 1.214346184 0.302073749 -1.286067308 -0.804756319 1.088378660
8.793935515 36.775296355 4.244351219 0.259620142 0.342223428 0.058744758 -0.901126828 -0.767644986 1.364999195 -0.850773462 1.100740085 0.948671454 0.403577425 -0.899777282 -0.426867978 0.283403981 -0.934356349 -0.294000982 1.198742295 0.268578012 0.340050465 -1.080021584 0.339403916 -0.560406056 0.886430123 -0.622725110 -1.501025252
-2.312152520 45.595438586 10.440628091 0.052874827 -0.279760475 -0.931305806 -0.227173556 0.766315570 0.205990381 -0.114815995 0.256779874 0.117169143 0.500026949 -0.504129809 0.538718822 -0.779014189 0.509783883 -0.576264666 -1.939370526 -0.522641141 -0.164659436 0.482267680 1.481617147 -0.495050499 0.395741927 -0.972373630 1.710192152
-0.678791190 46.804727003 7.633148725 -0.056221724 0.775868248 0.620205016 -0.101060958 -0.359704393 -0.087799957 1.397095587 0.611947700 -0.237829988 1.009591517 -0.221903850 0.527238084 0.317257004 -0.025344734 2.396420939 -0.745743456 0.079965693 0.070149729 0.534024288 1.965405455 0.368542138 0.788747588 -2.164012645 -0.535317269
-2.139196408 40.004882805 5.932618550 0.024546644 -0.277165535 0.682264065 -0.676086145 -0.491280655 -0.346391627 -0.647987636 -1.656282784 -0.786273218 0.138226787 0.508907108 0.366371500 -0.511102763 0.777334518 -1.192875861 1.997979504 -0.054452444 0.728535219 1.093792829 0.101615878 2.122380045 -1.533110543 -0.669499788 0.843297486
4.662815016 38.241995238 2.272784511 -0.680786761 -0.240901792 0.138575872 0.677711177 -2.529120601 -0.353088466 -0.580863349 -0.121415022 -1.523557692 -0.564186460 -0.534570127 -1.308177488 0.045325274 -0.136985685 0.963697884 0.751110536 -1.954042455 -0.977439464 -0.186388328 -1.589051794 -0.271050284 1.337428395 -0.684015977 0.364614218
-4.752749177 40.058625073 8.809631751 0.183304982 0.674784814 -0.316466933 -0.641025287 0.650373595 -0.159051348 -0.313565377 -0.417460076 -1.073167504 0.151707881 0.106861836 -0.428861630 0.045002078 -0.688452712 1.205908557 -1.681016093 -0.370633028 -0.571353770 0.238048865 -0.719744374 0.235382938 0.850784895 -0.067271673 -0.356361289
-2.189781757 44.024783615 0.467109374 0.303841185 0.378888658 0.822696106 -0.295457332 0.133390787 -0.098637264 -0.287912906 -0.310176290 -0.302825035 -0.303880329 -1.209599478 0.051761290 0.807473589 1.549926671 -0.809250621 0.998977016 0.720960905 -0.940827142 -0.047785308 0.416294877 -0.483161835 -1.953292399 1.348607358 -1.608831066
-0.529338374 40.476789730 11.478423705 -0.160617814 -0.763996101 0.542958232 -0.309367474 -1.397229799 1.488672562 -1.444119744 0.645297212 0.052089082 0.337017145 -1.488796962 0.018301387 0.438141659 -0.043880136 -0.192396845 1.667054964 -2.123188124 0.563673632 0.027014316 -0.543596188 -1.729599628 -0.107393269 -1.381880044 -0.531828367
7.049418838 34.550792956 2.450700065 0.303963834 0.614023860 -0.516925007 0.513195114 -1.224878923 0.178219244 -0.401739794 0.013191153 -0.791321822 1.168410275 -0.871277618 0.513319010 0.785606509 -0.412246330 -0.265730407 0.246267994 -3.870049467 -0.362128121 0.288240920 -0.414654877 0.027555871 0.067111485 -0.066619084 0.203054086
0.112843018 46.695056011 13.023040351 0.634590627 0.476268707 -0.412688801 0.447382174 0.110536344 0.023439879 -0.261183236 0.122256459 0.565388318 -0.931238927 -0.343572675 -0.153248715 0.909001441 0.026261570 -1.238275027 -0.998583016 -1.235117187 1.300765616 -0.460763505 -0.343889864 1.180861690 -0.244513644 0.122141822 -0.407037605
-6.105312195 35.840128617 10.678785031 -0.121414792 -0.385880981 0.090684670 0.910016817 -1.457840527 -0.162563489 -0.865071240 1.566119276 1.709298218 -1.089847828 0.655247196 1.027659385 -0.954882111 0.629817237 -0.856984721 0.519269637 -0.245224606 -1.280571511 0.223995513 -1.404909305 0.057702520 0.819536733 0.761879904 0.845183800
-2.568884082 36.472838808 -0.738702705 0.546438344 -0.664123435 0.510200361 -0.006386787 0.128279393 -1.008304669 0.944219198 -0.581973586 -1.779633516 -0.183110671 -0.779841332 0.266153903 0.485665322 -0.696195115 1.764811571 2.095714061 -1.115242585 -1.180375209 0.724337723 -1.808612873 -0.928965531 0.253966938 0.524272770 0.960235259
-0.055051926 41.986628826 13.516953272 0.161261941 -0.727470572 -0.635979220 0.200777451 -0.947136825 0.961420613 0.292695216 1.135562479 -0.618695123 0.361389917 -2.099744354 1.017353764 0.188748747 -1.091460404 -1.369462531 -0.953108045 -4.440559162 0.563285232 -0.376493040 0.912377162 -0.636734255 0.710496905 -1.800679040 -0.353205337
-7.450540129 37.504751715 1.993115968 -0.930247952 -0.257286220 -0.145019608 -0.217742652 0.943495732 0.579991863 -2.014443113 1.489243145 -0.497348043 1.304365276 -1.153216986 -1.833403591 2.162981822 -0.510428124 -0.178861473 0.451927307 -0.354106689 1.819883691 1.052646473 -0.010870848 0.945862371 0.583225759 -1.202118780 1.297941959
1.368001668 44.572825001 0.251922209 -0.034280567 0.037478590 -0.998698698 0.004594358 -0.613948444 0.993825545 -0.872891310 0.850656909 0.148514171 1.232227563 1.571687289 -1.645689584 0.459515548 -0.423818410 -0.504514840 -0.535618501 0.904774797 -2.011293130 1.948429867 -1.895805553 -0.257578215 1.595631475 -0.203313906 -1.998100896
-4.682201499 37.184226059 5.046124193 0.054182362 -0.023204161 0.083562052 -0.994757871 0.714893461 0.434664485 -0.882758749 0.143665218 -1.084645214 0.265304019 -0.773861295 0.640279969 -0.226967951 2.195213596 -1.092519879 0.350758398 1.529516730 -0.058395391 -0.796269738 1.019831510 -0.680316377 1.976583147 1.302383509 0.514297813
-3.091565668 34.507360751 1.289609623 0.046825661 0.157181825 -0.566973958 -0.807243311 0.889240192 -0.190378956 1.969799254 2.407660636 -0.635310273 -1.383816039 -1.222532806 1.522102550 -0.176497099 0.206480878 -0.039688402 -0.027780085 -0.534706038 -0.113518043 0.173604936 1.594204482 0.758284562 1.308159904 1.162916001 -1.491597318
1.827090798 33.971769979 12.190981073 -0.726212828 -0.030580999 -0.422939994 -0.541111349 0.666934902 0.163838700 -1.793614815 0.371148162 -1.940465448 -0.068677894 -0.376570470 0.941794660 -2.416334593 0.228561761 0.388690739 -0.563793521 0.475869763 0.672567990 -2.651486042 -0.806823016 -0.280874369 -0.145338991 -0.903685179 1.406058902
1.952587330 44.216155089 11.957072160 0.280556927 -0.484968584 -0.348901173 0.751239812 0.812498428 0.740481035 0.616987156 0.503064366 -0.382586315 -0.371762458 0.700580064 1.096761109 1.271853626 -0.588907288 -0.014554127 -0.349306230 1.150888135 -0.844835447 0.201603294 1.040616470 -0.911403103 0.524033816 -0.199024201 1.049285196
-6.503386899 41.606494038 5.867051109 -0.089458455 0.655907591 0.429504892 -0.614253990 2.386216272 0.322854575 -0.818864661 0.529262914 1.266161099 0.218290902 1.651247618 -0.600034488 0.421021584 -0.031779499 0.344021667 0.427549918 -1.280757111 -0.560987812 1.518818939 -2.539732266 -1.993927166 -0.883276000 0.760202154 0.706633818
7.410396745 44.931588720 7.077776293 -0.192784032 -0.383030725 0.903260529 0.015562708 1.894808819 0.824014547 -2.338432467 -0.252766825 0.194845521 -0.472629946 -0.519887827 1.199232127 -1.339116199 -1.172292252 -0.766189605 0.499535289 0.086943359 1.051166101 0.853346862 -1.837608161 -0.925349220 -0.200973880 0.733368093 -0.527016896
2.362669132 39.322847037 -4.086447445 -0.000942211 -0.889146363 -0.447507698 -0.095680288 -1.568962665 0.957111566 -2.051294558 -0.271826080 -0.695724560 -0.798984143 -0.494552613 -1.085859953 0.125470618 -1.370398458 0.287166053 1.684839134 -1.093290372 0.166665390 -0.108546705 -2.957076142 1.317485994 0.052703402 -0.488072535 -0.968745920
-8.346841572 41.922474624 1.151315400 -0.479366673 -0.145928719 0.811476051 -0.300697556 -0.600168098 -0.120308975 1.466157886 0.407710893 1.806646635 -1.147936867 0.687748575 -0.954595799 0.091918348 0.113841526 -0.629300360 0.179307012 0.285715467 0.490652965 1.080162688 -0.512233275 -1.009077371 1.808072196 -0.864241000 -0.886543169
-3.805859371 45.692797218 1.959226919 -0.167437130 0.375418532 0.898661573 0.153078773 -0.711114244 -1.282537355 -0.764723294 -2.405232920 -0.018750756 -0.099219334 1.057584813 -0.529758492 0.643436043 -0.096400262 -1.163459632 0.865788792 0.554685298 -0.173426089 -0.321606335 -0.047310688 0.908452135 0.126164350 0.023024170 -0.322132751
-7.100354051 39.461582019 1.961182224 0.424169808 -0.281623268 0.746022041 -0.429207902 0.586992746 -1.798310634 -0.151894774 -0.316471163 -1.662447817 -0.349885800 -1.072061622 0.350587485 -0.195762068 0.897654801 0.824680685 2.279886311 1.126670416 -1.825376101 0.551072569 -0.574658161 0.373659799 -0.273523987 1.085119443 -1.031482350
-2.853422080 38.033121286 7.384248442 -0.633123258 -0.477667374 0.278572115 0.541651545 0.316983413 -0.273818638 0.094393298 0.239810587 -0.423672524 -1.195702987 1.006952509 -0.394748081 0.267958590 0.749324205 1.811003803 0.685617587 0.432670738 0.554484225 0.117541080 0.265986227 0.425057755 -0.123076854 -0.093892555 0.394763864
-0.108197025 33.369492680 3.642494895 -0.089912849 -0.677446689 -0.422721275 0.595221292 -1.323830410 -1.160261606 -0.844899811 0.186870555 0.260685839 0.155764203 -0.121902030 0.168729899 0.846025978 0.260265604 0.416880900 0.627996545 0.753828933 -0.148160990 0.417969234 0.216233524 -0.734276427 -0.436330807 1.111210455 -0.186973788
-9.365257144 40.143166490 9.143605176 -0.206480011 -0.895309840 0.313273435 0.240095919 -0.176268544 0.028247520 2.221441733 0.522233366 -0.351355034 -0.222314962 -1.297821869 -0.404630534 -0.658551001 1.304398626 0.737623226 -0.779891127 -0.609417615 -0.790231253 -0.257243601 -1.015022916 -0.134426643 -0.183025291 0.579009120 -0.038622763
1.656347265 32.803253885 5.006597833 -0.867757510 0.361495030 0.129029082 -0.315705153 -0.096433389 -0.460391043 -1.299476390 1.587105030 1.203022329 -0.776856547 0.810737860 0.421999703 -0.191057500 1.267933907 -0.480700077 -0.901521974 -0.809830177 1.199575115 -0.143314693 -0.567418305 -0.672474026 -0.628058451 0.180893862 -0.817305673
1.498290907 39.715370769 6.120665658 0.350801691 0.686012894 -0.502574463 0.392101252 0.249239536 -1.061269883 -1.045410246 0.181698111 -1.380951702 1.211148696 -0.733990213 1.068796289 -0.525384930 -0.433145851 0.119894610 -0.585672846 -0.477754286 0.216998497 -0.437607244 -0.194432574 0.118205949 0.360741316 0.544067509 1.875270518
5.728439749 38.679483258 1.138856175 -0.173432304 0.385205989 0.856571747 -0.296348485 0.246450516 0.250547249 -0.814761869 -0.403087773 0.072318526 0.249758655 0.548085179 0.296949340 0.730102879 -0.852617951 -0.855850829 -1.304129413 -0.675737920 -0.370771368 0.836770852 0.721523532 -1.116745422 -0.865451532 2.591022453 1.085844631
-2.531433312 48.768446683 4.403014516 -0.053480633 0.007078983 -0.960019416 -0.274686057 -0.537521762 -1.148984482 -0.212856766 0.075544302 0.124508121 0.465479790 1.605615276 -0.503547293 0.476483786 -0.230884580 -0.062758499 0.076300839 1.194635215 -1.541510115 0.251386597 -0.138466704 0.784813044 0.668674616 -0.362921752 -0.613374880
-7.847828481 41.569146657 11.461818335 -0.739149144 0.498530131 -0.362049002 -0.272115367 -1.245152312 -0.095235043 0.734432863 1.483986260 -0.591697058 0.063712766 0.472199888 0.217818015 -0.473279081 -0.245371500 -1.091634586 0.527615493 1.637461614 -1.170122468 1.005338642 0.020836754 -1.275225871 0.086819191 -0.520737149 0.413219331
4.468919459 47.229114274 4.620642273 -0.159163927 -0.467122268 -0.827094736 0.269031462 0.404512931 -0.157396484 -1.103983079 -1.539382084 0.813539047 0.616717145 0.470883895 0.632506149 1.656368429 -1.394960141 0.911769362 0.685202040 0.074378940 -0.712504016 0.725148014 -1.012015513 -1.160756796 0.849281035 -0.757476087 1.630658474
-8.379085542 39.398150661 5.350339442 0.301072205 -0.283142328 0.140518631 -0.899689093 0.158335337 1.109212431 -0.480846019 -0.327533180 -0.310477074 0.131755533 -0.876709977 0.112022666 1.371225400 -0.032336504 -0.264844047 -0.323194631 0.850751368 0.820009594 -1.434245159 0.834921993 1.316656910 -1.585890477 1.041135865 0.874309647
-0.441212168 43.382610149 6.640988044 -0.623108461 -0.706650256 -0.272681319 -0.195002973 1.886704715 -0.874033087 -0.789273724 -0.100211510 0.282865622 -1.036432423 0.077133483 -0.819932699 -0.469007372 -1.209419223 0.744139127 -0.585146396 -0.697301707 -1.414502138 1.140251319 0.294418147 0.285112380 2.030253777 -0.866986963 -1.337556756
-0.838468002 42.048521957 -3.311293180 -0.702784999 -0.029061616 -0.319332764 0.635039568 -0.316797322 -1.333528002 -1.480740082 2.810433369 -0.843931568 0.953311290 -1.617226333 1.908940862 0.892195897 -1.097666802 0.807000216 3.430289918 0.427333365 -0.167506469 -0.385180430 0.006018770 0.550973260 0.398221893 0.293178624 0.218650986
-2.047146603 36.694631631 1.352744957 0.495888732 -0.016235694 0.680394602 -0.539345857 -2.520766095 -0.104774720 -1.517190684 -0.849466674 0.385400894 -1.828946566 0.199132638 0.378354057 -0.114658418 -0.170307195 -0.857399592 0.798658364 1.849623086 -0.947671126 -0.788397573 -0.046138716 -0.029208167 0.463524845 0.301076593 0.337536417
1.376687882 42.450281696 2.581780735 0.170940445 0.961309629 -0.215800071 -0.009669035 -0.343022849 -0.498853428 0.442724131 0.332052972 -0.751760803 -0.915915906 1.865552355 -0.438891767 -0.604351255 -0.218040959 0.388386171 1.386990761 -2.039407415 -2.417809169 -1.506495821 -1.409396840 0.204557497 0.188896315 -0.023364105 -0.437908840
6.113039760 34.428857740 5.517457317 0.589384672 0.332402197 0.208417719 0.706184496 1.343111489 -3.043405110 1.946456387 -0.491143523 -2.443123613 -0.593404281 -1.747579397 0.208709504 -0.501157383 0.014033277 1.430508033 -2.291664424 0.775633958 1.629317374 -0.351267699 -1.424868383 -0.121939162 1.861599661 1.486492417 1.302017583
-1.740765448 40.036364991 -0.286964692 -0.001847127 0.178440427 -0.289104807 -0.940517949 -1.000106334 -0.084687757 1.131445225 0.872897924 1.134770111 0.353211990 0.666903678 -1.108178920 2.634584623 0.533058854 0.349660957 0.537250457 -0.633395972 -0.619245508 -0.110410180 0.134143668 -0.873500323 -0.521225072 -0.370241881 0.161010021
-3.974106190 37.634067595 11.281460152 0.449406514 0.196049773 0.573764736 -0.656042910 0.170055993 -1.065334614 -0.047498969 -0.300347671 1.474993660 0.363561194 0.229380947 0.654774393 -0.427639587 -0.781686163 0.790759023 0.584631076 1.607475283 -0.820074672 -1.246135862 -0.558999844 0.235360957 0.352821891 0.277894655 -1.537567533
5.863119303 34.163936236 8.549350179 -0.280263480 -0.355542529 0.013644856 0.891546807 1.323759497 -1.348386567 0.291052591 1.852830713 0.834431962 -1.363877989 -1.295689414 1.147159830 1.378699787 0.333194982 -1.177636231 1.238717269 0.087998167 0.520572408 -0.140313406 -1.342137808 -0.855107146 -0.280935052 -1.290781742 0.510113252
-2.560491570 45.202337474 11.275463900 0.590870264 -0.177558132 -0.725140608 0.305804740 0.125458500 -1.306201409 1.066080694 -1.964842496 -1.074199655 -0.719982912 -0.421028366 -1.010472561 -0.172089488 -1.281194182 0.143706988 0.820416205 -0.746351998 -0.577117105 -2.032839526 1.006914056 -1.156704642 -1.528564486 0.722897236 0.254544906
4.258896073 36.960929758 4.232343856 0.334956183 0.411403102 0.834077352 -0.151217770 0.404554864 -0.832706545 0.205390164 -0.224437619 -0.579436123 -0.600572682 -1.615672030 1.725198856 -0.943865765 1.160039677 0.448111152 0.451999391 -1.385360235 0.159376341 -0.014221544 1.431042591 -0.753665495 -0.029240292 1.282788983 -0.064293298
-2.799932177 37.919850713 14.725636698 -0.916769292 0.200800165 0.330758985 -0.099054798 -1.276171328 -0.859522601 0.952783222 1.802220369 1.840857614 -1.226215149 0.879075731 2.020592064 -0.591527880 0.282485168 0.408107855 -1.181718207 0.848528157 0.082053166 0.042346523 -0.546778148 -0.588641287 0.164566863 1.338022896 0.014927844
0.816669079 41.478723067 15.290308163 0.033225998 0.106096081 0.669641177 -0.734316246 1.195839712 0.866709207 0.381724673 -1.128451458 0.607812627 -1.085320502 0.721209680 1.215812858 -0.747758429 -0.843618973 0.232777832 -2.578747496 -2.304769747 1.152537399 0.365824603 -0.295932722 -1.143884920 -0.259107425 3.396524545 1.569538255
2.291190677 39.759661426 0.617636777 -0.392554344 0.279280396 0.346958615 -0.804688304 -1.254678277 -0.219369428 1.429679671 0.026080628 0.140312522 -0.032152488 -0.041488866 -1.488602248 1.304489511 0.296451196 -1.302793030 -0.081467182 1.039745388 -0.671809892 -0.858502305 -0.973337727 -0.010006366 -0.560871343 -0.184891740 1.154414829
-8.230625296 38.620344858 0.283340305 -0.012372103 0.794997739 0.545315695 -0.265436092 1.240077489 0.209874346 -1.227918159 1.231706175 0.696323560 -0.201071897 -0.811191300 -0.567782763 -0.028076227 0.361077690 0.501466431 -0.445751063 -1.238593825 0.696210304 0.307015862 0.525771143 -0.616372853 0.266665784 -0.915941744 1.428022926
-3.945091535 35.146669021 12.332623748 0.281044881 0.089838888 0.648703699 -0.701517113 -0.425041134 0.098187849 -0.322983498 0.446265149 -1.440022316 -0.868271045 0.948374801 -0.694571923 1.686388653 -0.679191212 -0.794227934 -0.283237753 0.550507522 -1.811503261 -0.001980137 -1.305540459 -2.215839698 0.268751084 0.498645681 -0.379978263
0.206044652 43.549358558 8.548258239 0.679190716 0.361737735 -0.622641976 -0.141995605 0.469187670 -0.636596423 -0.737503283 0.650074897 0.427532105 -0.040697878 1.741974317 -0.566444020 1.413227282 -0.714118307 0.538709289 -2.613919781 -1.114817991 0.291841069 -0.800107087 0.341563495 -0.517971666 0.277838865 -0.280086502 0.131731185
1.703242114 41.027155113 0.952548267 -0.381250078 0.441960283 -0.803365680 -0.117996061 -0.360157491 -0.044539522 -0.498280726 -0.189161878 0.058136907 -0.739128664 0.553582555 2.055936200 -1.215669451 0.833124646 1.151908548 0.394453699 -0.292439271 0.614686714 1.312329880 -0.683261821 -0.436634369 -1.141351743 0.522392564 -0.083631244
-2.310533947 35.037342186 12.193246778 -0.414298976 -0.658933353 -0.011652483 0.627716030 0.297979607 0.662069094 1.613696074 -0.172287247 0.910542747 -0.778535157 0.209342440 -1.489953109 -0.802751361 -1.499140814 -0.109096751 -0.047942315 -0.743817797 -1.012646587 -0.178582375 0.190935006 -1.060085699 -0.014648362 1.646936067 -0.821136974
-1.183813597 46.784468658 1.011934615 -0.089023484 -0.895092067 -0.418660706 -0.124932878 1.308452652 1.274688506 -0.117312341 -0.099091504 1.308585349 0.432611378 0.264206592 -0.441195762 -0.741387730 1.130078322 0.776008075 -1.112086428 0.890118916 0.519572290 -1.857234119 1.212160286 0.461761844 -0.546968284 -0.155622770 -0.061366314
4.584214313 45.132892547 12.743757455 0.182481793 -0.266855002 0.006154148 0.946282690 0.843622619 -2.646958632 0.561337781 -0.477576652 -1.503779161 -1.015975565 1.378762330 -0.713271255 1.370844707 -0.290078276 1.669002348 -0.731937418 -0.362297288 -1.711178413 0.604358769 0.574776579 1.169654689 -0.369959939 0.598940297 -0.659703316
3.818926889 46.959832806 6.191463965 0.581188870 0.709697568 0.380998151 0.115712007 0.820235740 1.260567514 0.501250736 1.545285874 0.958446525 -1.786128730 0.602460640 2.874405795 0.628352295 0.991936203 -1.212742095 -0.440492688 1.482618302 -0.704808073 -1.107428760 2.321569401 -0.340949897 0.873691200 1.356949987 0.209553143
1.363698694 48.528992391 10.947142746 -0.027045843 0.597770287 0.179407114 0.780866374 -0.666148475 -1.466535532 -0.762834902 -1.705174674 -0.334160850 0.011503313 0.311902334 0.317312153 2.422359949 -1.038878160 0.176430765 0.609561770 0.822569232 -1.378610574 -1.027884550 1.328606502 -0.136768449 0.754740948 1.125302524 0.066703876
6.763724968 37.070190950 8.533261000 0.838049423 -0.060604570 -0.179248463 -0.511732586 0.333277951 -0.089217594 -0.240739529 0.686658331 -0.679080762 0.200040658 0.558038358 -0.806434874 1.341222660 -0.206885948 1.823491128 -1.071006406 -0.138691241 -0.034105673 -0.856063865 0.403387382 -0.592155649 0.512168552 -0.161479585 -1.989774838
4.883742458 36.030574890 11.445873562 0.402742491 -0.901692278 0.060240429 -0.145329324 -1.193726793 0.522678867 0.051433834 0.684505346 0.220017355 0.784096778 2.036839992 2.655374635 0.702680845 -0.199430697 -0.089563141 0.566966685 -2.551296432 1.414651197 -1.575087682 -0.490496522 -1.499706068 0.326072946 0.591211349 -0.647701821
-1.779822711 44.877427170 6.150613249 0.138328731 0.090397485 -0.143483025 0.975759232 -1.616997829 -1.356023725 -0.280715764 0.982745845 -1.779387170 0.066123268 -0.851175786 0.084787602 -0.969771145 0.249579874 -0.797224233 0.835850244 -0.688355605 -0.454114115 0.375849757 0.242971284 1.782216444 0.686880267 -0.198520851 1.199457052
8.513651141 37.228821771 8.463879116 -0.042721461 -0.529024247 -0.060352832 0.845379062 1.608197171 0.930655803 -0.900348200 -0.302517772 0.991955358 -0.042867673 0.986760977 -0.031296384 -0.741730627 -0.205667740 0.250393977 0.534713546 -0.977954233 -1.086878649 0.308971541 0.582687718 1.674559560 -1.311336885 -0.793237393 -0.576030197
-7.400142490 34.505599515 6.671506997 0.111444804 -0.345258233 -0.826571529 0.430297938 -1.002904478 -1.898107860 -0.456922163 0.687556233 0.688956100 -0.817570014 -0.836578561 0.010429410 -0.198283209 -0.465147616 -0.666579302 -1.724816437 1.207899168 -1.200542631 0.746092821 -1.272601137 2.239622568 -2.014860285 -0.587076527 -0.204763889
-3.788873050 42.985725280 1.067512614 0.816175548 -0.347501046 -0.398955110 0.232239788 1.646401081 1.220970724 -0.367020724 1.306196381 -0.562354906 -0.788095156 0.142188261 0.928827755 0.778563917 0.721746919 0.194782061 -0.062255016 0.225972501 0.629025119 -1.545107039 0.135468052 0.383383078 0.223069815 0.645083451 1.228371755
-1.313363632 43.675210938 3.978834310 0.787471941 -0.076577268 -0.595272407 -0.140266265 1.221704316 0.257008107 -0.858874237 0.642403775 -0.277121775 -0.943045593 0.978004005 -0.907983690 -1.157853214 0.094581394 0.570633926 1.206128878 -0.675822855 -1.192811025 0.711641176 0.970894390 -0.528942262 0.967514498 -0.275376912 0.091334789
-3.459290382 43.551915569 4.404630150 0.402679631 0.113015573 -0.164248305 0.893363918 1.571997561 0.491265248 0.048001707 2.093971222 -0.661680601 0.558662717 0.942533382 -0.498435522 0.745361552 -0.517797507 -1.090400609 -1.469909579 -1.172690522 1.264669381 0.590620717 0.583457389 1.113597440 -0.090831987 -2.445322666 0.033907950
-2.682608436 40.529813708 14.495137058 -0.052791016 0.799992406 -0.587394457 0.110421971 -0.822713233 1.032381378 0.914062401 0.478488227 0.647023814 1.676468075 -0.054423220 -1.453618334 0.677875904 0.013979206 0.047090083 -0.321943131 0.823614421 -0.989815346 0.976425972 -0.577256307 0.736659326 0.055000183 0.497811083 0.376105055
-4.254083740 38.942955389 7.438926143 -0.821838481 0.387251128 -0.227815203 -0.350311730 -0.095993780 -0.513507273 -0.485529561 1.545529548 -1.807787685 0.612013306 -2.516488916 -0.058896118 -0.642106117 -1.636517787 -0.770883581 0.254547100 -0.585519560 -0.878712994 1.641404473 0.031848074 -0.057842366 1.632955491 -1.677817788 0.948528524
6.340134871 35.774461347 0.715044183 0.155497369 -0.715668997 -0.060124893 0.678250287 -0.370569453 1.466609692 0.658549338 0.543756809 1.536325902 0.362414529 -0.271481791 -0.256226757 -0.993470299 -0.365433621 -0.927557506 0.291387388 -0.047523084 -0.632492552 1.283559312 -0.442688405 -0.451346046 0.318119979 1.007463241 -0.600591906
0.393631120 42.107829722 12.441888727 0.440580869 -0.100053340 -0.891839448 -0.022365738 1.024106778 1.356292307 -1.974130069 -0.606647514 1.116695518 -1.853094704 1.045929707 1.075604352 -0.166284824 -0.879731088 -1.773739031 0.077695926 0.010289166 0.896808968 0.644104604 1.856012275 0.231023361 -0.650347204 0.346263189 0.196440794
-3.179128378 33.710566262 9.189077565 -0.013548113 -0.467424981 0.883578926 -0.024872034 0.531709340 -0.081861469 0.412008001 1.211996154 0.008209084 -1.060273056 1.341046505 0.101210993 0.289291565 1.011075326 -0.596562803 1.004906326 -2.717579357 0.699762703 -1.535327032 0.396702035 0.956456551 0.345279634 0.714279341 0.385728448
4.422964326 34.796985108 3.331785035 -0.164303836 -0.154010628 0.089693011 0.970175314 -1.221388223 -0.408958621 -0.242554047 1.859821000 0.503684677 -0.903430070 0.337282591 0.074226449 -0.569087583 -0.336923658 0.275405761 2.034605686 -1.781939765 0.426138766 1.989467624 -1.073748453 0.205247153 -0.493489600 -0.979373097 -0.044294845
0.856230129 38.355068455 -1.330869272 -0.700613356 0.634084056 -0.087830552 -0.315220764 -0.987799825 -0.119143815 1.022122089 -0.734844701 0.127154372 0.088625029 1.814752364 -0.989767803 0.886440152 -0.573796688 0.393995002 -0.172715079 0.248110557 -0.917759166 0.499225573 1.324895260 0.157820802 -0.052453241 -1.093842722 1.194260598
-3.883027497 35.338351400 11.370871889 0.267597414 -0.060608571 -0.676482691 0.683439385 0.541284650 1.654139596 0.638998408 0.921963767 0.090590752 0.273749249 -2.562968864 1.829804575 1.043126062 0.533736745 0.789958376 1.678468613 -0.728027756 1.559480033 -0.607026172 -1.466803275 -0.234762627 0.549505818 -0.198509038 1.160049230
-3.060858717 38.806232280 11.011648972 -0.903577826 0.158678783 -0.358561072 0.172632887 0.398832041 1.397659617 1.307419308 -1.898320010 -1.101241744 -1.946371063 -0.978159907 0.205430371 0.849321568 -0.131376188 1.715861403 -0.000780624 0.614294249 1.031547464 -0.266474709 -2.075813711 -0.199541499 1.604620900 0.181923749 -0.559069875
-3.540901279 32.680643074 10.317950114 0.115615879 0.870026014 0.059328014 0.475571119 0.855826567 -0.352166875 0.201693618 -0.608456854 -0.271695498 -0.868729858 0.029815474 -0.870983403 -1.304293645 0.690227685 -1.066393430 0.561537221 -0.026478667 1.451004705 0.563168467 -0.207587766 0.715217494 1.631417026 -0.947463753 0.826541818
-4.208927656 40.880534788 6.743485987 0.379883139 0.754097680 0.316970748 0.431920172 -1.271083835 2.215504337 -2.099991370 0.160327706 1.208347672 -0.373857605 2.424937510 -0.966373600 -0.505621034 0.643935932 0.473549923 1.821853666 -0.194178039 -0.774477172 -0.839731284 0.014457136 0.660716901 0.643544264 0.028531307 -1.286759606
-2.283996448 45.321171462 1.779095122 0.565310896 0.654266252 0.383386354 -0.324613874 1.163262516 -0.250874818 -0.930829322 -0.505629876 0.731573223 -0.662793927 -0.407771652 1.394879762 -0.484790764 -1.502472795 0.105534889 0.639381697 -0.558771189 -0.871110109 0.398034817 -1.012910015 1.164176572 1.824614686 1.123524898 -2.515219639
1.902360741 43.974636970 1.089307078 -0.034035571 0.043212481 -0.167720621 -0.984298763 0.150329384 -1.163713723 0.778873424 1.981542427 0.765116703 -0.631583405 0.295835181 -0.879868613 -0.136554207 0.817654128 -0.618585240 -0.484879772 -1.341644588 0.045218361 -1.231943310 1.435332913 2.000782420 -0.686040664 0.865949216 -0.925995459
4.651695259 38.435404987 -0.951013442 0.157589529 0.837383396 0.256913185 -0.456015574 -0.110476998 -0.771077200 1.084108237 -0.346414599 -1.346971446 1.805340984 0.803352145 0.220845473 -0.763515665 1.052487354 -0.149320278 0.203389262 0.676734165 0.547497095 -0.866244435 -0.885948783 -1.230851968 -0.530632507 0.713754411 -0.990680275
-8.463809377 41.453347791 4.920140424 -0.327430109 0.314474096 -0.890971198 0.008117307 0.977941261 0.844404071 0.958444895 0.784119231 0.995023154 1.787378263 -0.304281526 1.668600270 -1.296405351 0.030425049 -1.008209547 0.494402453 -0.259121085 -0.697435631 0.652891396 -1.183052087 -0.084101375 0.711286153 -0.669186321 2.030364926
-9.162441201 41.048792909 7.045789157 -0.335561570 -0.752418479 0.054081506 -0.564216320 0.066471370 -1.857926599 -1.123664910 -0.690751831 0.157273009 0.961272679 0.307078267 1.138705654 0.956215600 0.562499590 -0.969237652 -0.500541732 -0.275163821 1.912718754 -2.211446818 -0.436037287 -0.264891925 0.608676947 -0.980205481 0.710499827
3.892794429 36.975531025 3.670124651 0.134353725 0.004327224 0.430338408 0.892602491 -0.985139469 -0.768495862 -0.133728890 1.066559260 1.527602210 -0.454772362 -0.883057901 0.294977382 1.526484634 0.950118468 1.364463209 0.333927190 -1.930299544 0.331232734 -1.167233976 -0.625818616 0.080802951 2.108867057 -0.295989316 1.292735928
-2.698246279 39.361029848 11.000719792 0.171314770 -0.510105438 -0.538051447 -0.648802229 0.818752550 1.923483533 0.165514071 0.266156014 -1.008129226 -0.367348704 0.887262874 -0.217268947 -1.305825320 -0.168779325 -0.074477595 -0.963721664 0.885004738 -1.545551370 0.460679566 -0.941638285 0.962012951 0.073800732 0.021334882 0.616007758
1.675580545 38.626141724 10.236620304 -0.093865088 -0.532334170 0.011677479 -0.841233210 0.233269203 0.848344156 -0.188732183 -0.706010841 -0.513359270 -1.233082022 1.321987697 1.076834726 -1.249021854 -1.028716849 -2.014376069 0.128976627 -0.421940136 0.146425845 0.179329067 0.653522983 3.161504655 -0.031850293 0.425644650 1.725679271
-2.949785730 36.342055769 8.807549882 -0.065105780 -0.179689389 0.967850498 0.163518727 -1.963624661 -1.073643151 -1.463177857 -0.387117437 0.805170200 0.249650178 -1.162477074 1.155487102 -0.279526337 1.164144590 0.436237794 0.002768507 -1.166796579 0.290125981 0.184755560 0.706934222 -0.135240407 0.042336507 -1.624194099 2.722927760
6.601187254 40.840711898 0.261557729 0.425446628 0.184706375 -0.822022951 -0.330389149 -0.916976002 -0.643833479 2.466161658 -0.414928617 1.378866188 -1.094832104 0.543860282 -0.543312895 -1.140988023 -1.258582625 -0.186506513 0.075131726 -0.457393453 -2.573030101 -0.772211349 -0.812157973 0.370190046 -0.741509410 0.368363341 -1.162489513
6.160403079 40.276448054 -1.355831799 -0.282242688 0.273575121 -0.323839891 -0.860594819 -1.132777849 1.093514794 1.616078582 0.827456909 1.205227128 0.825824048 -0.004336488 -0.815260936 -1.368920499 -0.994014779 1.508769566 0.779173870 -0.366835250 0.585135237 1.622208006 -0.788904003 0.731293624 1.781052278 1.625244211 -0.068454369
5.752439955 44.891231919 2.219576396 0.638736666 0.769102516 0.010083993 -0.019877263 0.769464406 -0.832989228 1.764386707 -0.700603877 0.650752397 -0.320860484 -0.250883863 -0.482922753 0.236121235 -1.092197206 1.855094890 0.992672229 1.926437382 0.209370044 -1.194464036 0.105156745 0.337493374 -0.463264552 -2.578257063 -1.433839873
2.676443691 49.216929953 7.262768729 0.284102270 0.677743554 -0.229839354 0.638062259 -0.247461286 -0.620788553 -0.642170796 2.558358959 1.317748844 0.959303732 -2.109048009 1.318100232 1.678147103 -0.147573588 -0.188249908 -1.331925198 0.375010072 1.237812115 -0.308911526 0.427642056 1.331529952 -1.624028039 1.527503937 0.322980158
2.256450199 38.688400576 7.606880877 0.087562378 -0.974947282 -0.008275349 -0.204308947 -0.629970829 0.599711062 0.693966992 -0.574419046 0.225837301 1.206905812 1.383894820 0.214045689 0.274245831 0.048042075 -0.552414329 -0.621644237 -1.975522113 0.237802396 0.860364549 0.001356073 0.010640355 0.122965889 -0.963313767 1.153342374
-6.906337126 42.568656312 4.557603931 -0.610864448 0.398724514 0.526109353 -0.437118218 -0.827193845 -0.269902281 0.556737283 -0.669257635 -0.792433155 0.283649939 1.275173603 -0.238965520 0.804396290 -1.012046496 -0.327206253 -0.635529417 -0.491391876 -0.815048959 -1.497186157 -0.196414350 -0.101706413 0.929747604 1.028937337 -0.381600772
0.072350978 35.053886224 -1.327802661 -0.079093906 -0.767333798 0.554900769 0.311493390 -1.516509510 0.673920500 0.203282661 -0.512075111 0.536921368 -2.023498232 -1.534513887 -0.526022316 -0.201806451 -1.601161662 -1.510616130 -1.284815919 -0.148350801 -1.702697781 0.759889058 -1.269273750 -0.099840284 -0.078861859 -0.172407705 -1.660453699
-6.115669443 35.818852696 0.921237213 0.750831427 -0.173129166 -0.629780922 0.098257062 -0.586022005 -0.178128895 1.410796016 -0.751516176 0.255212421 0.318203641 -1.031913424 0.948259333 -0.963367517 -0.614973989 0.241874105 -0.201593575 -1.263587568 -1.576439512 -1.328701506 -1.496656042 0.004667229 -0.209795408 1.136235748 -0.794067144
0.723635346 40.627880704 13.715893578 -0.283185365 -0.751275995 -0.384409449 -0.455653162 -0.320294789 0.888847362 0.299026836 0.296262325 -0.329622290 0.594410015 -1.695680114 0.033621217 0.820877373 1.681208353 -0.898499134 -0.390099394 0.288489157 -1.922774325 -0.571424509 -0.329570158 -1.000946026 -0.158602805 -1.071807664 1.367910927
-5.531053832 42.395972756 11.624361781 -0.931142210 0.046832646 0.194457694 -0.304905056 1.367440837 -0.760224707 -1.065220305 -1.307826643 0.214590818 -0.347608927 1.075458432 -0.034236183 0.721122729 -0.451799682 -0.771967177 -0.686812633 0.851210322 0.504952298 -0.754773154 1.453230976 0.032279282 -0.502843407 -0.620858626 -0.523724020
4.652294534 38.149415022 5.087086799 -0.149237162 0.424883258 0.670990629 -0.589045042 0.015165175 0.213398855 0.191362418 0.711145736 -0.419719289 0.658514843 -1.300922556 0.276334491 -0.973370049 0.846382752 0.062056026 -1.277724050 0.330694697 1.100034930 0.138122009 0.747937553 0.121307357 -0.309586829 -0.695527262 1.345401243
6.180827959 42.530569554 7.673949969 0.161500979 -0.229082585 -0.819169152 -0.500400343 -0.792702619 -0.592498036 1.132406831 -1.308742842 -1.316811324 0.133236476 -2.051299664 1.120084023 -0.162715880 0.095850258 -0.447452631 2.374790643 0.280562396 -1.543707125 0.080270290 0.227002600 0.738274806 0.025931698 -0.630286345 1.019028289
-4.753626429 46.366365470 11.879068398 -0.750735571 -0.189771589 0.087944887 0.626616744 0.248905561 0.847950791 -1.709588435 -1.298241125 1.375279007 -0.992302368 0.624667542 -1.240270983 1.401693456 -0.426704207 -0.883904491 2.346097265 0.644156763 0.396007585 0.439394598 -0.275624041 0.217610297 0.333765760 -2.689601874 0.985015281
5.338805650 33.361674005 6.944113736 -0.782709763 -0.540799915 -0.300633556 0.067233502 -1.837180067 2.177345740 -1.530638274 0.200767257 -0.855138913 -0.471911035 -0.604223120 2.224286757 1.449322639 2.098416323 0.013284177 -0.026613679 -0.099593514 -0.398285181 0.063954970 0.828534067 0.409623313 0.755725901 -0.100502599 -1.487395967
-8.562585239 39.740774434 10.115497453 0.846093141 0.355429807 -0.151175127 -0.367344703 -1.253127969 -0.952506754 1.682115834 1.352000293 -0.488068818 -0.123923758 -1.307873181 -0.294740202 -0.529541769 -1.449810991 -1.518356933 -1.351370745 -0.461505917 -0.413472818 -0.583888600 0.481036400 0.322615855 0.874451098 -1.474971213 0.819842089
7.289908913 41.185588055 -0.269086346 0.802829485 0.492954379 0.293347054 0.162506320 0.959286765 -0.260034720 -1.844922155 -2.067327051 0.126708739 -1.871056164 0.126467684 -0.311791179 0.048081063 0.274804847 0.867460311 1.178975532 -1.941024017 2.143954408 0.012414908 0.011022402 0.652717820 0.175206303 0.313250498 -1.492400784
0.516887363 46.756630105 12.820500945 0.747226368 0.522900271 0.298611281 -0.281174971 0.245972480 -0.556315676 0.006588585 -1.959221775 -0.602403082 0.541526091 2.040085545 0.615636256 1.817452397 -0.345414066 0.942199086 1.216166077 -0.305967495 0.111640430 -0.117558290 -1.230493008 -0.104979275 -1.148290400 -0.144261780 -0.884881123
0.426509682 39.193709825 14.530517157 0.224302707 0.795780803 -0.466013045 -0.315044523 0.488943002 -0.117823639 -0.901432938 0.896721680 1.040828795 0.358022383 0.612615004 0.679098762 0.521199195 0.375772324 -0.123452314 1.076397129 2.168913349 -0.168069643 0.289026258 -0.014175716 -0.917439298 0.583330143 2.748754485 -0.708740656
-0.660442983 48.777215016 8.656430698 -0.729302623 0.496724985 0.077911253 -0.464017036 -0.215618789 -0.089738421 0.829311877 -0.650550597 0.964674471 -1.230170758 0.278150132 -0.632818467 -0.662645835 -0.154610170 0.130125942 0.153136616 1.679042186 0.642279962 -0.170983461 -0.551277977 -1.309971031 -1.676211229 1.418609853 1.090325472
3.910679156 37.402306618 5.319042589 0.415161620 -0.876790491 -0.212678925 -0.116820112 1.011075550 -1.260490615 0.353105789 1.090953915 0.670496089 -0.868352505 0.635160514 -0.531682408 1.511422300 0.658038603 0.451973321 -0.752762904 1.018888604 -0.888365118 -0.651384309 1.088455383 0.993685146 -0.609691919 0.173343969 0.866552048
-0.014980106 47.982407156 -0.366625781 -0.624353052 -0.528870714 0.410817817 0.402129028 1.048173745 0.268055399 0.870064183 1.167099098 -1.904327606 -0.471751111 -0.916962066 -0.100435337 -0.954753346 -0.007011567 -0.631793771 -0.284496014 -0.147796970 -1.684829944 1.270672397 1.358992299 -2.046431065 0.178902620 0.643232937 -1.234498464
-5.887200412 33.456581035 7.398336070 -0.009357505 -0.231127085 0.592183258 -0.771888396 1.161410953 0.118530551 1.374654161 -1.197598454 1.540376030 0.014677491 0.832525909 -1.180921747 0.222935876 -1.355718961 -1.148770554 -1.305324630 -1.973761227 -0.505826394 0.579374251 0.438035080 -0.865588417 0.062347081 -2.739967921 -0.831898535
1.308261060 32.607907673 2.716728733 -0.129867595 0.829829511 0.537613891 0.074085726 -0.633434768 0.097575580 0.492337187 -0.209586538 -1.641335385 0.708943990 -0.569503988 2.033274869 -0.136589242 -0.638122122 0.080317702 0.997435320 0.289307780 -1.614126972 -0.528500606 -0.637238018 0.692804188 0.145721120 1.126531014 -0.790776637
-5.325945692 38.338268600 0.431679697 -0.063904288 -0.136741234 0.053412562 0.987099375 -0.845077007 -0.399258390 -0.734667713 1.300809663 -1.475347589 1.053740979 0.236951085 0.323380697 -0.475325477 1.281033060 -0.381237122 1.800236117 0.218046907 -0.216861115 0.801565029 -1.283315462 0.694562380 -1.538117049 1.230598981 -0.786945923
-6.844910736 44.325482137 6.180492330 -0.124398332 0.962968249 -0.070684678 -0.228518890 0.513048659 -0.563470369 0.353624726 -0.411602581 -0.662859948 -1.746385497 -0.165799031 -0.295703933 0.421403066 -0.845147299 0.337961600 -0.265284563 0.321137770 -0.508941725 -0.943486611 -0.000135678 -0.836794521 0.266663931 -0.754011060 -1.290654810
3.888020204 37.757532040 9.731665598 -0.018168255 0.874610015 -0.379250398 -0.301490252 -0.506631250 0.449290909 0.423267733 -0.293231491 -0.937472464 1.762044025 -0.253099785 -0.503380471 0.317643077 -0.943207480 0.595402352 0.819332373 -0.509796255 0.167290762 -1.785549529 0.934325001 -1.195936940 0.157363990 0.945312516 1.210441929
-2.089793449 37.319470559 8.096056107 0.930089077 0.205735671 -0.045517550 -0.300890836 0.679542551 -1.518945370 1.564125963 -0.394759171 0.305674585 1.079339314 -2.821219007 -0.080740142 0.984874734 -0.680661354 -0.041955737 -0.220706375 0.871067321 -0.113461590 0.130389976 -1.665276107 0.541765310 0.607195266 0.287471500 -0.830885432
-5.079649056 34.234094686 6.388820973 0.766142912 0.302531203 -0.355346118 -0.441847311 0.383199666 -0.351544175 -1.264448511 -0.973022343 0.313225912 0.292713949 0.065417452 0.382769080 -3.104068206 -1.825669206 -0.942144747 -1.684330375 -0.372699872 -1.133705241 0.289969272 0.012956149 -0.159827635 0.959685421 -0.115240974 1.342081594
-7.857932230 38.799781010 -0.812828249 0.070584524 -0.538064121 -0.450004663 0.709225373 -1.056305021 1.896337606 -1.489612690 -1.669132865 -0.567659756 0.330678763 0.380802799 0.131367149 -1.064989541 2.336967345 0.583413822 0.860704588 -0.406172875 -0.155272631 1.335078391 1.033779240 1.356815145 -0.641333288 2.541352203 -2.043022724
-2.682351564 39.230578935 -3.755413856 0.099636516 -0.742437563 0.654483084 -0.102522788 -0.211876970 -0.137756758 1.710811101 -0.104340074 -0.143346762 -0.392118934 -0.525258161 0.499518056 0.140852575 0.570967525 -1.194735201 0.595585780 -0.198692265 -0.633704467 0.836290708 0.048739086 -0.432624314 -1.340306623 0.951753785 0.404611917
5.582730452 41.686916240 6.751370222 0.457688593 -0.774088258 0.391380544 0.195268509 -0.647065833 -1.041692914 -0.962416258 -0.053775609 1.114875032 -1.119431877 0.465854522 -1.151606456 -0.448447032 -0.514500930 0.497084677 0.872172438 -1.801044214 0.336077821 0.542064572 0.585161178 1.397084429 -0.000652576 -0.474487888 0.860865886
4.217765937 38.576849219 3.025613345 -0.128177468 0.876123407 -0.221509118 -0.408548680 -0.255289494 0.379887005 0.244276029 -0.541320565 -2.137884000 0.441421512 -1.931691357 -1.859115438 0.552091570 -0.876049638 -1.622831947 -0.197989522 0.210689201 -0.050972015 0.272429579 0.203433778 0.589279557 -0.248907834 -0.373725838 0.926055488
3.347965627 38.834765092 12.078938715 -0.023705271 0.944746032 -0.195219976 0.262263525 1.840695086 -2.195023892 -0.380155860 -0.361074629 0.058336287 -0.809480145 0.456900720 -1.104352524 1.407078809 -0.152298194 -0.995825991 0.046980092 0.092701411 -0.031356976 -0.267128922 -0.233921707 -0.368335451 -0.336903145 -1.361240182 -0.725872045
3.271976978 39.631718211 1.297421069 0.096996991 -0.206592601 -0.554482054 -0.800287906 0.114529535 1.012343248 -0.742149156 1.493963672 -0.615734294 -0.029497693 -1.241040624 -0.711739233 -1.020696544 -1.511180321 0.184725701 -0.830850784 3.234805727 0.347859175 0.846018723 -0.771265014 -0.018064480 3.421327575 -0.192012561 -1.406924495
-5.237804385 35.884794734 8.046559815 0.665013836 0.256749143 -0.074637712 -0.697327532 1.818622615 1.013541310 1.231052192 1.041549810 -1.067760588 0.020997774 1.013744641 -0.110260296 -0.390439323 -0.234194274 1.162985220 1.176208688 -1.166295000 -0.500549954 0.514741509 0.622925554 -1.318072137 -0.321153702 0.233851739 -1.154119845
-3.943538178 42.156688814 1.157589424 -0.246756351 -0.457316724 -0.124105462 0.845322750 -1.427134967 -0.090135491 0.988886399 -0.861168434 1.469398441 1.361544195 -0.052503422 0.457052117 -0.614145692 1.452188340 -1.388784856 0.266210253 0.240073765 1.690267815 0.760366893 -0.827979886 0.817479779 2.119495914 1.522199737 1.084867631
-6.691246476 46.978127909 6.723608594 -0.104959144 -0.247915456 0.557874062 -0.785046518 -0.486052101 2.122632074 0.018792547 0.515907389 -0.979008140 -1.711788348 -1.271283232 -0.297776610 -1.082362557 -0.139610894 0.605008415 -0.967233561 1.360792947 -0.695499845 0.696920140 -1.509508308 0.079534329 0.383190576 0.111385170 -0.600850985
-2.369472806 48.246801986 8.384226305 0.645583089 -0.368283361 -0.666432270 0.058803662 -0.845498805 -0.583658596 -1.743758750 -0.942702240 0.889251611 -0.131464456 -0.106180174 -0.357140207 0.389709680 -1.512319015 -0.356737954 -1.031713122 1.847035061 0.731421636 -0.932313741 0.404986452 0.099793503 -0.372847376 1.455936830 0.706037621
3.064621492 39.798299660 2.332800723 0.139954011 -0.175489918 0.001256810 -0.974481700 1.623697582 1.549161601 -0.309394329 0.988888782 -0.605861791 1.994279560 0.172796591 1.078042810 0.648143795 0.224156246 0.694155378 0.116369714 0.220891651 0.341105217 0.677097982 0.729638465 0.129386957 0.805058198 0.817730707 -0.345836833
-5.894109649 45.874390311 6.922996088 -0.047653710 0.762832163 -0.253548191 -0.592899258 -2.757624380 -0.984748999 0.648382648 -0.490697401 0.596082325 0.625996579 -2.486238799 1.672267029 1.717533982 1.837186278 -1.012928804 -0.080851515 -0.436289816 1.578577560 0.596255179 -1.154290482 -0.746837146 -1.629004274 0.724472707 0.266265304
-0.400039312 35.377862870 4.942051128 0.344390818 -0.471034034 -0.807753189 -0.084004105 -1.673919814 -1.017361967 1.210709946 0.139705594 -1.675528745 -1.440587417 0.320929297 -0.633715368 -0.591545807 0.810289534 0.687620164 0.040509271 0.767500631 -0.152981557 -0.766256394 0.883504987 -1.468635504 0.592760441 -0.605576226 0.248642342
-5.077163181 43.028528491 1.463888237 -0.017052205 0.649687017 -0.584523999 -0.485744477 -0.405959450 0.378448729 0.255064682 0.217980795 0.146071032 -1.021771608 -0.125361292 0.571554824 -0.462334055 -0.458968549 0.128482447 -0.914847005 1.802977714 -1.098062395 0.934104478 0.690053533 0.298452197 0.699748810 0.550494381 -0.803647845
0.051205698 44.607444915 -2.919842718 0.891162581 -0.128839505 -0.322759191 0.291643861 0.333379589 1.028975566 -1.865270940 -0.308067115 1.166271378 0.304695640 1.114060465 -0.193139156 -1.261470222 -0.503285540 -2.562355497 1.774306322 -1.482986639 -0.396906643 0.619860918 -0.696405998 0.690688361 1.668706539 -0.606241463 1.415676717
-3.330984365 49.770496597 3.707012615 -0.552204469 -0.302783118 0.657570964 0.413513042 1.628088388 -0.495796592 2.234979113 -1.534125084 0.028838219 1.050416914 2.016424539 -0.071921458 0.566723016 -0.322667455 -0.473302345 1.212842424 1.011873598 0.526597681 0.919238011 1.204233510 -0.142002522 -0.398210884 -0.955455187 1.685030377
-0.272443294 43.009076689 3.447376024 0.430215403 0.855962187 -0.194098858 -0.211113888 -1.030787789 -1.119750762 1.068955517 0.287054621 0.188516061 -0.665672392 -0.858461925 -0.287444243 -0.962301236 0.650942487 -0.187837312 -0.426076637 -0.151942331 1.328148983 1.334898628 -0.672380739 -0.964912545 -0.218815242 -1.110912484 -0.666261109
-6.149129290 39.308653784 1.984717828 -0.171012529 -0.487288976 -0.308905896 -0.798674725 -0.678993373 2.426185177 0.687224091 -1.630931338 0.152391146 0.561855836 0.028495523 0.280820317 -0.355623361 1.237531215 1.485318952 0.758686128 1.011280710 -0.347254231 -0.492519671 0.679113039 -0.091070779 -1.053099603 -0.247476623 -0.236330993
4.784222976 42.658834187 13.563374297 0.298812975 -0.839647479 0.426511181 -0.154243732 0.161528633 0.372168662 0.569226264 -0.772370133 -0.856453847 -0.677983818 0.368098797 -0.410897234 1.708435220 0.631119797 0.138204615 1.672879877 -0.680306433 -2.108349991 -0.394005719 -1.119850192 1.050739220 -1.194331913 -0.587985997 -1.380206075
4.031454274 35.709376382 10.327483488 0.392432805 -0.743708107 0.537859901 0.060012264 0.976474677 0.627991267 -0.562721440 -2.234296999 -0.360510454 -0.562089347 1.024161416 1.734643562 -0.416726074 2.700284904 0.825529710 0.736445221 -0.002915405 -1.045608472 0.136635513 0.391322151 0.167651847 0.580838435 0.412934692 0.081081278
6.565707678 38.488876896 5.670696955 0.516636885 0.608452166 -0.092949535 -0.595174491 0.927830188 1.481815268 -1.897303071 -1.073168492 0.014562324 1.249422218 -1.253610442 -0.159362927 -0.508121087 0.018027270 0.856550049 0.816199231 -0.237047693 -0.915746369 -0.496564581 0.553541507 -0.189200367 -1.622787731 2.429294866 0.782963554
