-16.062687158 -4.046570463 24.829456889 0.702530441 -0.086939708 0.204329201 -0.676122803 0.655379844 -0.906124611 -0.378708824 1.326743620 -1.057056405 -1.091636910 0.189994578 -0.502903340 -1.836710410 0.362482476 0.835835772 1.380536967 0.565494780 0.895605577 -0.960256984 -0.004175862 -1.718562281 0.960154993 1.175397746 -1.153481647
-19.361797496 -5.037310467 22.031287901 -0.569456864 0.667342993 0.474962799 0.069155973 0.000803109 -0.723312402 -0.028588733 0.548758860 -2.026894259 -0.396001980 -1.206239021 0.609589045 -0.460429810 1.302943081 -0.207669240 -2.127878210 0.352809744 -0.208262522 0.351570413 0.113488615 -0.904692229 2.077523335 -0.665628259 0.473085029
-16.242636955 -13.509179975 21.811615537 0.568930982 -0.367878760 -0.570722194 0.463960055 0.255262669 -0.533072637 -2.470062330 0.249221493 -0.510256110 0.743823121 -0.140946316 0.067934629 -2.516743472 1.726927855 0.722027718 -0.354953446 -0.382045092 0.342921637 0.806213526 1.512257823 0.496817409 0.998403974 -1.786212274 0.216502564
-18.083181304 -6.605519841 11.838845905 0.395227092 -0.760830899 0.462424761 0.226042540 0.731146727 -0.433719563 -0.129963529 0.010760428 -0.139558372 -0.919415076 0.566972496 0.660309859 0.189501532 0.287876547 -0.154551863 1.692737360 0.882650354 1.574422446 1.535463775 0.864597757 1.041811295 -1.148145011 -0.886216192 -0.008927198
-13.937843699 -4.675689136 12.572436248 -0.021811858 -0.547576924 -0.162845404 -0.820466410 1.615207880 0.365533908 0.896155535 -0.112490893 -1.085735876 1.600721681 -1.199881629 0.178035800 0.728673815 1.307844482 0.819933081 0.724475637 -1.731546535 1.655812776 -0.083661567 -1.919214420 1.874095105 0.416315032 1.000541090 0.618677963
-11.626667266 -9.364999412 25.179227991 -0.798387680 0.264936899 0.239124058 -0.484979624 1.198494074 -1.097315820 0.973506200 1.412551178 0.013868484 0.745725156 1.200154474 -1.773607864 -1.804189943 -2.923518511 -1.419868051 0.872860999 -0.360338651 -1.380308933 1.607966394 -0.041923574 -1.409020355 -0.227720696 0.556653084 1.118775442
-20.487665444 -5.803064412 26.731320060 -0.188745090 -0.545351898 -0.255942242 -0.775538630 0.052134194 0.478294556 0.650854898 -0.793380847 -1.791478893 -0.679844953 -1.254857137 -0.613054711 0.055635868 1.279398182 -1.574308728 -0.401192749 0.343117053 0.671680569 -1.124135110 2.193860687 -0.077609980 0.480711248 -1.246373756 -0.746480233
-13.753795836 -9.666338945 23.846185562 0.362783199 -0.485767233 0.596939061 0.525435347 -1.244454057 -1.425594931 -1.311089337 0.874127070 -0.672598659 -2.021056734 0.626212251 -0.169892063 -0.759704456 -0.764704512 0.767316344 -1.243330093 0.309269672 0.632742334 -0.162926826 1.688181715 1.119728674 0.209660021 -0.185855236 -0.570845622
-15.300125559 -4.939515137 20.349718941 -0.154462580 -0.117188360 0.151789838 0.969210011 -0.643347256 0.188117669 -0.434270360 0.338877888 1.229261510 0.057632068 -1.386798232 -0.823307439 -0.421987465 0.134482890 -0.245697948 0.582911425 0.887047521 0.606712523 -0.141463513 1.843785897 -0.761488123 -0.070677860 2.055828283 -0.850147821
-22.917545763 -14.250879153 21.423123227 0.285014846 -0.133456616 0.547326410 -0.775493179 -0.545521547 -0.286971495 0.305782131 -1.618953123 -0.553449589 1.550813878 2.615168899 0.397546429 0.038546160 0.445978516 -0.734617012 -0.593252386 -0.674818013 0.991015329 1.290017007 0.153417879 0.842272171 -0.426539139 -1.372952203 -1.484133839
-19.752225804 -0.845175127 25.410051342 -0.200483061 0.594222738 0.680091487 0.379712324 1.021905625 -1.209910379 1.099704626 -0.323802872 -1.678711257 1.261030302 -1.317422516 -0.226489221 -0.625601571 2.016696135 0.024399349 -1.218326004 -1.240346665 -0.726523834 -1.350013930 -0.135079328 -0.013358316 0.944328776 1.285229508 -1.102396900
-11.029986591 -6.872964189 22.307147380 0.465451547 -0.182500931 0.811269663 0.303133305 -1.854898147 -0.070944700 0.057655306 -0.504345958 0.038591139 0.391242482 1.556129436 1.142161714 -0.413230246 -0.123757488 -0.220133142 1.190281325 -0.527996231 0.000524783 -0.732180094 -1.380731542 -1.495319426 0.611878865 1.655634928 -0.930489814
-19.772874756 -2.617519531 21.707163328 -0.869707894 -0.062933250 0.150255655 -0.465908599 0.402931845 0.740491495 -1.406674340 -0.494115423 -1.526387624 -0.573404130 -0.992326367 -0.196682346 -0.864931803 0.935994847 -0.623406367 0.519564964 1.836400261 -0.112122866 -0.729975300 -0.507690333 0.397218303 0.991337622 0.661068347 -0.230947461
-18.283296283 -14.160455132 21.557356141 -0.656357671 0.280471132 0.147095468 -0.684757968 -1.280485462 0.115366623 1.514032575 -0.064986490 0.212943340 0.121769052 0.792739138 -0.152564997 -0.804376354 -0.283853170 -0.009681333 0.558808463 2.223529979 0.478772410 -0.072352555 -0.176413481 1.673935294 -0.725520558 1.703268652 2.123457961
-13.172984830 -9.285112892 13.660739182 0.621437783 0.274149517 -0.354448136 0.642669155 -0.654956012 -0.059110438 -1.015790544 -0.099555046 0.011278321 -0.817984549 0.894525162 1.479141559 -1.022690673 0.945174349 0.866286146 0.629608389 -0.208458679 0.709631923 0.424116323 1.134560926 -1.591355707 -1.043260243 -2.216165376 -1.955300731
-17.782302140 0.008410984 25.731198703 0.133073722 -0.717810112 0.244527989 0.638158358 0.760686360 0.990533462 -0.483682601 -0.858304867 -1.035410935 -2.144502465 0.985859581 -0.621596733 -0.317555493 0.105440150 -0.913974101 1.796562224 -1.491086979 0.447558804 0.768477223 -1.660104886 -0.819553124 0.406416142 -0.933695081 1.940383132
-26.660023371 -6.513147141 25.707204089 -0.156686471 0.377872163 0.911634503 0.039805909 0.276957605 -0.697364237 0.414808191 1.349170776 -0.131498112 -0.016699812 1.600358190 -0.414708748 -0.393045648 -1.244261092 -1.124401863 -0.451801140 0.572203914 0.874366711 -0.270280624 -1.060877717 1.039457749 -0.756463423 -1.254450702 -1.221822816
-10.217772347 -3.600933432 21.102475795 0.559881542 -0.647029468 -0.490684719 -0.164663394 -0.059375385 0.177116737 0.446868427 0.209524315 -0.373603143 1.229986243 -0.401420071 -0.448544725 0.223791606 -0.778807742 1.749941101 1.024912496 0.572224230 -0.061174233 -0.891444810 -0.409565914 -0.296704920 -0.088273742 0.570079473 -0.602892667
-13.696894395 -9.859490955 22.098910584 0.636844664 -0.386174037 -0.117495715 -0.656881454 -1.540330317 -0.423788073 -1.654600451 0.646828191 -0.422783428 0.396124754 -0.579123534 -0.173157846 -1.320685161 0.980091165 0.319597661 -0.194321590 -0.615291752 0.652244432 0.779480788 -0.194365511 -0.241456467 1.558441736 0.260842523 -1.836534397
-16.746080175 -2.207149456 19.229293248 0.011809722 0.377680155 -0.866534602 0.326092033 -0.417786331 2.135295774 0.292907833 -1.287968178 2.238169227 0.070485064 -0.498536514 0.719692851 -0.339037745 1.257706638 -2.130113945 -0.362971686 -0.455320999 1.092315158 0.882569229 -1.099131833 1.224462052 1.403759784 0.469584585 0.988162034
-19.974256157 -7.466577033 30.311333083 0.213645309 -0.708122268 0.026150857 -0.672483953 0.788740361 2.116331462 1.047858907 -0.439791383 -1.063866348 -0.860589462 0.003250549 0.028994705 1.060022692 -0.450465928 -1.122478968 1.090246040 0.220770464 -1.307874354 0.924815113 0.858642611 -0.616444786 0.864128546 0.824571537 -0.617410080
-10.574952667 -11.049129850 18.415743648 0.467322875 -0.702720132 0.298024223 -0.446066486 0.957178352 0.495424688 -2.165125253 -0.261060497 -0.633567936 0.246001764 -0.343440894 -0.607981126 1.467597618 -0.566951309 1.843074379 -0.445894677 -0.030445879 0.447661985 -0.503751360 0.596135450 1.573525284 -0.917649538 -0.290340361 0.966334966
-14.584188396 -8.761303831 27.774847286 -0.255475379 0.734987078 0.040414146 0.626811792 0.297659078 1.278144963 1.224898633 -0.572174551 -0.858309425 1.295528991 -1.549784940 -2.380106447 0.004512635 0.587244793 -0.146837310 -0.116953203 0.315920932 1.070692611 0.470468863 1.194582889 -0.530301994 0.004071883 -1.476935652 1.055357541
-23.306997089 -9.296238705 23.912779866 -0.449963058 -0.595432999 0.077534524 0.661045526 0.148649967 -0.669777081 0.830526372 0.647969871 -0.139395859 0.291648800 -0.412692150 0.232124637 -0.464038408 -1.109007553 -0.093080201 0.175543334 1.708239690 -0.008874759 0.205708541 -0.912847303 -1.427825635 -2.432002291 -0.764618163 -0.559219468
-16.781959670 -15.292436474 25.976563135 0.365820403 0.268977417 -0.248595777 -0.855585601 1.793165578 -1.260368305 0.855008035 0.215328394 0.708610339 -0.873488432 0.223319646 1.308304571 0.454670466 1.094508251 1.327234432 1.245096037 -0.649551319 -0.880559458 -0.413915204 0.876230301 -2.130994638 1.322844121 -1.245030945 0.918336804
-15.156352799 -7.606243063 21.624525212 0.751035455 -0.582800481 0.251081738 0.182338439 -0.635246165 -0.532227209 0.047122059 -0.710002751 -0.181880629 -0.145212600 -0.286178320 2.239729126 -1.277858753 -2.125334526 -0.166008292 1.723728096 -0.383502062 -0.543190127 -1.326371540 -0.672175720 -0.614183001 -1.427424346 -0.088625421 1.102180775
-20.607273400 -3.916328641 25.568975818 0.131168583 0.013729087 0.938614457 0.318762005 1.550725326 1.881741987 0.338780931 0.981632491 0.372619273 -0.103839447 -0.080899360 -2.489626759 0.889289425 0.663956927 0.256287251 1.226299259 -0.757493827 0.290989084 0.104911579 0.592479398 0.474523343 -0.198646604 -0.650853669 -0.159819874
-22.533945700 -15.260469821 23.315220362 0.510087782 -0.165389486 -0.073384918 -0.840875393 -1.399259341 -0.486881764 -0.609327968 0.818621085 -1.617394585 -0.087303304 -0.520822005 0.558984381 0.246654429 1.876702260 0.836618375 -0.235884410 -0.181265679 0.674621004 0.303554683 -1.358154216 -1.486077790 -0.727901482 -0.824572069 -0.272095653
-12.196721081 -2.724946192 25.584553475 0.350155755 0.235355744 0.141867308 -0.895473220 -1.838858787 0.225239248 0.096748392 -1.672560475 1.134615221 0.284814510 -0.584426450 2.544117723 0.892132346 -1.754798176 -2.446815664 0.049061951 -1.140804994 -0.827809626 -1.421031029 1.745842854 0.247777254 0.350353061 -1.175593996 -0.882296739
-25.423992662 -3.975543204 24.697310411 0.638064667 -0.185445551 0.689286253 0.288734980 -0.190905269 1.487849524 -0.164261971 -0.516901641 0.352011329 -1.245071146 -1.461686604 -0.065841508 0.658225076 0.331929075 0.150842837 -0.455578803 -0.064880342 -0.039776697 0.627395170 0.995203179 -0.051074839 -0.150529457 0.953839768 0.000696883
-22.141301670 -6.994236127 14.307952882 0.015179789 0.897508158 -0.408864342 0.164555858 -1.856556087 -0.217765436 0.814920362 -1.128646429 1.171693823 0.209001736 0.649742592 -0.198708004 -0.363991054 -1.426163630 2.154018853 -1.372213281 1.564134462 -1.591048515 1.462169912 0.427370171 0.233132188 0.549257193 -0.930895038 -0.907325227
-16.333685097 -1.021749905 24.673802127 0.095493690 -0.638868999 -0.728707959 -0.227402875 0.776099224 -0.542251437 -0.464214894 1.270971545 -0.232285428 -0.740826916 1.258987962 0.088262226 -2.920653580 -0.609592451 -0.138623700 0.507766125 0.522044993 1.632154843 1.215591118 1.003229970 0.229236475 -0.001062064 -1.450274634 0.947662732
-22.402555367 -11.613866664 15.373282626 0.689637009 -0.212320617 0.482949643 0.496064909 -1.266079371 -1.799347626 -0.582375933 1.225455174 -0.125321203 -0.144892090 0.060163330 1.127516861 0.284796385 -0.596687921 -0.351788558 -0.954467449 -1.527128381 -1.189733306 0.247803217 0.090485954 -0.972513233 1.049768701 -0.282135361 -0.359880399
-19.731724742 -9.328242154 27.205694771 0.485687594 0.778900555 0.193109804 -0.346597880 -1.231481146 -1.101172716 1.177994243 -0.808584128 -0.679579362 -1.253123522 0.510451931 1.526384393 0.454990159 -0.605110159 1.935826190 -0.088831021 -0.403614410 -0.722854429 -0.114620733 0.041586933 -2.225875516 -0.407296659 -0.806234402 1.023496321
-13.112099625 -8.437446385 18.811006672 0.987431814 -0.023097255 0.145689255 0.056741266 0.089310042 -0.181114658 -1.121773574 2.337984447 0.435710093 0.193612860 0.657729160 0.472241513 0.934305997 0.013405801 -0.720619286 1.849921673 -1.164860567 -0.770617238 1.286814909 0.277922287 -0.177444443 0.162421567 0.268173034 0.016591793
-20.017106625 -6.847040342 14.217815322 -0.145207996 -0.907203361 -0.251529484 -0.304351143 0.262804787 -0.620158644 -2.535273307 -0.019632718 1.352631424 0.695207765 1.386361072 1.273504590 -0.028096987 -0.044183035 1.491262367 0.530421037 0.344249554 -0.738835672 -1.269640412 -0.796753781 -0.228022049 0.888926385 -1.596158966 0.579809051
-22.387788949 -4.445520925 18.137934335 0.181946284 -0.274417658 -0.168334906 0.929114556 0.033052844 -0.775054344 -1.158877625 -0.252828895 0.450600174 -0.998263527 2.365106922 1.413897997 -1.117183660 0.745830790 -2.317879223 -0.643303459 1.164914387 0.490408321 -0.919669771 -0.427911082 0.237686020 1.104298866 -0.022675315 -0.989282124
-11.323825222 -4.856721416 25.613163314 0.457662593 -0.657363264 0.448684198 -0.396359660 -0.087882390 -1.115998776 1.146819498 1.166945071 -0.481106656 -0.124086611 -0.614449739 1.790363157 -1.458542342 -1.154652406 -1.517152099 -0.219473882 -0.630011977 -0.598034405 -0.523465415 1.324696737 0.612610860 0.563614284 0.317959175 0.163632992
-23.294357710 -10.978160127 27.638183683 0.771356735 0.373990909 0.009932707 -0.514821259 -2.233633622 -0.119524124 0.708521908 -0.837335818 0.113659021 -1.597125634 0.655221106 0.918459815 -0.426471083 0.065493516 0.552414816 0.223546295 -0.594991939 1.931672193 -1.126590146 -1.944056200 -0.452153850 0.585487428 1.625827348 1.296206323
-20.689079697 -5.612024592 24.210538297 -0.411043810 0.806607040 0.411297155 -0.106125965 -1.277043907 0.618972946 1.318113104 1.076831811 -1.196845965 0.876585915 1.165686144 -0.370823275 -0.477507288 1.611065510 -0.096098235 -0.552955451 0.443232199 0.457344639 0.293981699 -0.281104364 -1.190939919 0.933481140 0.009574262 0.182598439
-15.819432928 -8.135975063 12.046662600 0.062829332 0.349546001 0.739008404 -0.572482879 -1.118866975 0.895620924 -0.574988865 0.383931505 -1.502197235 -0.674297943 1.330294717 0.150390908 -1.779953807 0.357109030 -0.327209120 0.847963251 -1.252533077 0.827697821 0.066746471 -1.074316142 -1.420227462 0.597071928 0.243237662 -0.320280203
-18.872454530 -0.396751453 15.191454212 0.544947644 -0.345498444 -0.747379589 -0.158387629 0.639904623 -0.611336542 -1.305743318 -0.543890835 1.268948267 -1.126363672 -0.477199049 0.522493594 -1.326106807 -2.027808910 -2.191512711 -0.577345757 -0.580436105 -0.189102866 -2.376968020 0.341768838 0.993189889 -1.118789816 0.065824249 0.376152150
-11.374793188 -11.943769947 25.310744675 -0.093637119 0.584754993 -0.400468433 -0.699227232 -0.676002117 -0.098208118 -0.279132622 1.090651416 -2.724609561 0.024136265 -1.135984446 2.130291407 -1.070273207 -0.815744090 1.142444567 -0.722930762 -0.154127143 0.005290524 0.893850574 -1.781539268 1.610268131 0.284296559 0.497201142 -0.537264052
-15.188828970 -14.583467719 14.652700035 -0.360097336 -0.299508730 -0.214091457 -0.857198505 -1.209011070 0.388349399 -0.761022117 0.562469155 -0.434830637 1.433831646 -0.711138229 0.054503115 -1.485302269 1.385839383 -0.601164041 -1.384320817 -0.212627531 -0.511601334 -1.043707903 0.681270913 -1.323413821 0.250000563 0.161657913 0.329096353
-23.915719305 -15.551209043 19.567367599 0.480336151 -0.395924908 -0.560721509 0.545996373 -0.629163037 -0.672430599 -1.161688464 -1.071649044 1.307506906 -0.787020850 -0.420108402 -0.001588441 -1.104265318 0.413662162 -2.090050759 -0.186698921 0.256035726 0.215574154 0.417430675 -2.194142075 -0.524703012 0.063761030 1.782349257 1.487820404
-19.295222521 -2.278071023 26.423728055 0.298205204 0.720604480 -0.468791702 -0.414773648 -0.663797440 -0.529237568 -1.366599692 -0.482507456 0.329716972 1.377579169 -0.990534965 1.297661213 -2.003207306 1.057713045 0.592552860 -0.555641638 0.574553764 -2.371783663 0.379845867 0.468186379 2.170823508 3.132302351 -0.717349484 -0.561359585
-9.723461988 -8.599447152 17.804384558 -0.871501826 -0.038709030 0.433081385 -0.226774541 -0.930192342 -0.761350042 0.464848968 -1.613821963 0.331256210 0.968200707 -1.030829554 -1.370170595 0.058557759 -0.289087170 0.166032424 -0.086054290 0.163846832 0.355583209 -0.313474657 -0.244751087 -0.038184056 0.839640809 0.273624759 1.062923377
-10.966581233 -10.607349049 14.663320025 0.584243122 0.672591604 -0.451790244 0.046541200 -0.242524202 -0.915543035 0.870258591 -0.051827015 1.472629082 0.557366622 0.687925075 -0.242887563 -0.014905380 0.350071192 -1.370561129 0.606640816 -1.867432027 -0.245421147 -0.827385535 0.276070267 -0.272122001 0.311395495 -0.196303264 0.736451366
-20.616407088 -16.637637084 20.150658455 0.469947042 -0.137726430 0.469981965 0.734369227 -1.382222554 -0.186026535 -0.751785326 -1.089167637 -0.889623450 0.674023122 0.459260962 -0.993685170 0.530846745 0.764510375 -0.390329976 0.481949099 0.704581054 2.203066261 0.117875499 1.344889162 0.313100224 -0.157877311 -1.040545191 -0.461777979
-11.507753296 -9.394710232 14.886680820 0.002395806 0.645879428 -0.689356613 -0.328057136 -1.470616403 2.012049206 -0.357213996 0.716930436 -0.260953298 -0.317190793 -1.303998964 0.596208894 -0.585895291 -1.315479012 0.420227609 0.320459051 0.808595726 1.525538883 -0.759839200 -0.424788927 -0.803611373 -0.764149501 0.959734781 -0.138269666
-16.343608548 -10.925089871 16.952155687 -0.330102951 -0.357494052 -0.736483044 0.469917834 -0.155704599 0.663754034 0.134851155 0.542284188 -1.723290587 1.729150953 -0.004000816 1.601326126 -1.798481750 -0.116215884 -0.405597035 -0.177346624 -1.221180581 0.990763783 1.410168630 -0.560602297 -0.605835710 -0.939413278 0.660103677 -0.952922963
-17.022656262 -8.142081652 30.725743532 0.824017180 -0.362992653 -0.288163559 -0.325873879 0.002105144 -0.862172215 -0.395518976 1.056315864 -0.112388985 0.331624526 -0.905126825 -0.031384336 -0.409009197 -2.264621919 0.111751160 0.076387679 -1.902397216 1.938589735 -1.528118016 0.317030095 -0.302717002 -0.686958055 0.365209844 1.227077435
-22.980657542 -8.941482842 13.858962463 -0.098234099 -0.957350809 -0.271680279 0.004395048 -0.418349180 1.355982747 -0.056375969 -0.658961421 -0.271575771 -1.471277534 0.685854354 0.276391633 2.224760634 -1.262366728 0.738896044 2.317497645 -1.088100845 -0.313482200 -0.166107851 -0.153032534 -1.587710692 -0.606202618 -0.588648773 -0.202495851
-21.454253261 -7.753572124 21.203610852 -0.873664072 -0.239746603 0.157683916 0.392897490 -0.320689775 0.364886807 0.494071329 -0.069409166 0.394052223 0.197637591 1.279665158 2.144718002 0.756699799 -0.579094069 -1.524080828 0.199641847 1.384950310 1.075328909 -0.602147039 -2.542055412 -0.802185643 2.183461466 -1.681497051 -0.476753510
-21.082638865 -9.905515086 13.197274726 -0.904949417 -0.154796133 -0.281109097 -0.279432255 1.928611178 0.922620932 -1.516688434 -0.233084272 -1.412105035 1.710717385 1.466185300 -0.171004473 2.429433132 -0.755826183 1.592788655 -2.909284331 -0.877828551 -1.361808558 -1.264926286 -1.366362732 0.247978264 1.286768581 -0.086854775 -0.045157769
-9.052967295 -9.290687479 19.793983426 0.603434960 0.170869577 -0.670188947 -0.396883626 -0.391955475 0.724948582 -0.416903904 1.607851516 0.326105898 0.955094166 0.480964785 -0.714953577 0.148069171 0.050734752 -0.116701343 -0.701689983 -2.129365252 -0.210798126 1.798624777 1.534944235 0.852603726 -0.480202385 1.363541440 -1.798821687
-17.982460769 -10.618170015 29.855263538 0.251470299 -0.031931086 0.925103133 0.282714146 -1.322218214 0.604035163 -0.680404861 0.425707917 0.972782597 -1.008883359 -0.625054160 0.223374622 -0.260284243 -1.639002436 -1.528628053 -1.609249434 0.104211293 0.868174876 1.337278753 0.431475981 0.630719511 0.911070856 -1.077836205 0.645026401
-20.835436748 -7.512446480 23.834179301 0.047286351 -0.506285618 -0.546971121 -0.665027418 -0.335729155 0.110962363 -0.745065977 1.296501191 -0.197327080 -0.161576259 1.408641472 -1.374811815 1.236659959 -1.307104031 -1.104276365 1.128802114 -0.209848404 -0.538209630 -0.123035934 1.301289790 -1.462840712 -1.851821717 -0.618321489 0.706554242
-16.492868010 -3.756748777 29.690575763 0.537596787 -0.431524038 0.565004405 -0.453372607 0.813872360 1.187057652 -0.157815575 0.420409889 0.358240026 0.328893864 2.025852635 -0.134081176 -0.846272745 1.772483046 -0.541835886 0.546746361 0.301638610 2.709441559 2.236197725 0.405809956 -0.299808568 -0.108518798 0.774885979 1.389381622
-17.226282733 -8.219096516 12.822909396 0.065489722 0.796398373 0.132115582 -0.586520418 0.709420121 -0.001220121 1.248908233 0.681782593 -2.200236109 -0.060252720 -0.059761059 1.683140503 -1.082773377 0.998909549 0.205478763 -0.614699917 -0.541596822 0.353756044 -0.070365370 -2.863043152 1.432262481 -0.049542554 -1.347521966 0.290041992
-19.234013318 0.639839999 22.521306960 -0.042011206 0.412718065 0.077681209 -0.906567420 0.213704597 0.266897807 -0.362742524 -1.406495960 -0.779004912 -0.499068248 0.060890995 0.341446144 1.023110405 0.468767152 0.318767957 -0.799945775 0.140947992 -0.203930219 -0.768304565 0.141860180 0.231104019 1.089220566 1.306168427 -0.241223267
-22.619789300 -7.431328244 27.784984900 -0.284047742 0.430831372 0.406499617 0.753962380 -1.052753551 -0.872954477 0.897571273 -0.808197851 1.822480322 -0.858451259 0.253981716 -1.579269979 -1.393195076 -1.633664606 0.067314265 0.597888365 0.505561601 0.021942365 -0.411840171 -0.031774849 -0.466018812 -0.228791353 0.261080883 0.242871137
-23.347140975 -1.554235762 21.664182484 0.512929955 0.639086779 0.452776398 -0.351375133 0.057190260 0.890461440 -0.084398190 -0.479806009 0.109201398 1.720546057 -0.835788732 0.435387349 0.545762332 0.957958162 -0.214404999 -0.140549530 -0.355576307 1.144370383 1.769095975 0.858032246 1.945860203 0.969396364 1.171926718 0.537908629
-14.163548979 -6.485248572 19.194672071 0.667160370 -0.272077645 -0.693417317 -0.006574164 1.263811247 -2.867049642 0.845649374 -0.085487122 0.828789349 0.055653729 -0.175523850 0.624092663 -0.286356712 -1.267091764 1.994877160 -0.990850058 -0.367288098 -1.253734337 0.833036847 -0.478904082 -0.384051834 0.364986179 0.456679373 0.983163259
-12.970566650 -12.573542985 18.654872435 0.103442204 -0.082792792 -0.169078333 -0.976656327 1.249743413 -0.371360293 0.187505174 -0.729428887 -0.885621019 0.411061909 0.910489322 -0.356142785 1.009606008 -0.405980735 0.285241436 3.546208467 0.024266079 -1.025696462 -0.428891972 0.433395822 -2.572992342 -1.110559399 0.088823606 -1.818845345
-22.732978164 -1.499238231 26.292214285 -0.530295790 -0.259441031 0.340071807 -0.732002659 -1.624289028 -1.102954573 0.261069096 -0.032608494 -1.423401545 1.276353349 -1.969416629 0.026717213 0.635804475 1.005934487 1.161409140 0.679789511 0.371005151 -0.976234522 -0.009640738 -1.385396298 0.018575577 -0.121006612 -0.243571654 -0.172662911
-10.644521676 -9.954639052 20.469299620 -0.197341529 0.554026487 -0.220425946 0.778153825 -0.256287010 1.100425451 -0.981448022 0.120572429 -0.738334279 -1.978235152 0.428408275 -0.139194418 0.770437014 -0.280518863 -0.117953725 -1.262743687 1.261915878 -0.489606820 -1.282574860 1.107442296 -0.135497464 0.135673808 -0.993547425 1.221188458
-11.052046892 -11.046329813 22.089785537 -0.163468283 -0.874211052 0.347407023 0.297223009 0.104773800 -1.015247249 -0.976094899 -0.448714324 0.423744625 1.050718168 0.273056910 -0.751337728 1.429493139 -0.600644628 -0.160564325 0.127399173 0.519979015 -0.381746320 -0.769541651 -1.643804138 0.779565298 0.479772744 0.505607714 0.972791225
-15.162891321 -14.937346367 22.951573839 -0.406663557 -0.697594169 0.271805272 -0.523554220 -0.456838586 -1.260176261 -0.412560456 0.143045567 0.017114922 -1.295261412 0.720157714 -1.355468280 -0.150551190 -0.308376174 1.033411515 -1.241250263 0.265464229 0.043632594 -0.011461346 -0.826336460 1.512829132 1.149012737 -0.323530738 0.565655856
-12.470757733 -12.391881617 17.567835299 -0.455284506 0.134558641 0.268149509 0.838275510 -0.045316298 1.081712381 0.338997316 1.860961028 -1.517526201 0.244296793 0.069272357 -1.689507475 0.800971748 -1.202790118 0.162320439 -0.652843637 0.786711484 1.688303693 -0.462307372 -1.056518900 -0.523424664 0.222522518 0.071341421 -1.260508022
-14.397088580 -11.835692535 25.436716875 0.185390116 0.575344104 -0.365328517 -0.707915773 -0.968679450 -0.505869613 0.970715338 1.344801942 -0.779262583 -0.102761642 0.953794255 0.582955626 -0.101500362 0.974732981 -0.142003050 1.137512738 -1.118657663 0.366351946 -2.166898013 -0.900826598 -0.602509671 -0.211327869 0.879258734 -0.905207785
-9.573359127 -11.483440127 17.614512457 0.080607119 -0.658401457 -0.734293461 -0.144302207 -2.376842501 -0.130996325 0.649158189 0.329016659 -0.402178751 0.561520379 0.105413637 0.590031292 -1.189275703 -0.489177784 -0.761139765 -1.714303378 -1.843295936 -0.941173921 0.699098899 1.197717974 -1.313902235 1.317602324 -1.068025033 0.323674846
-19.251698064 -8.042515330 29.815632690 0.484004354 0.075238313 0.586107193 0.645412535 -0.344800681 -0.042702475 -0.886051954 -1.298227146 -1.204076185 1.443882514 -0.315138399 0.180630441 0.779020395 0.057117544 0.519439532 1.002285560 -0.097213189 -1.313786754 -0.316882957 -1.434144434 -1.157797718 0.544884599 0.818399385 -1.923225576
-13.235437325 -2.572884703 22.401517253 0.525037068 0.016672157 0.459722128 0.716040279 0.941693386 1.766233668 0.211462641 2.094319299 0.297476606 1.178204801 0.320605929 1.038162800 1.344291409 -1.735777019 0.642201288 0.612249120 -1.671613081 -0.390511260 -1.668408942 -2.011041189 -0.787238328 -1.510839470 -1.429703740 1.069003314
-13.022084259 -9.936289636 19.918368091 0.106742958 -0.929057971 -0.275211427 0.222970623 1.379771022 -1.291262089 0.243909224 0.604846687 -0.061067371 0.614478420 1.125523225 0.921909694 -1.244452171 0.634666584 1.850088657 -0.064824316 0.081537630 0.348509310 0.883856603 -1.056511184 0.975052667 -0.204583389 -0.028865919 -0.511880110
-24.828262546 -1.218668253 23.173534790 0.743251691 -0.317594673 0.555006113 -0.196669169 1.204777006 -0.795704134 0.691092899 0.312431254 -1.370883073 -1.121163230 -0.028067769 1.692754191 0.113041885 -0.561779235 0.924252097 -2.408233758 -0.778009106 -1.531820657 -0.039332863 1.546499565 -1.933484043 -0.092354806 -1.639433806 -1.516362110
-14.339836081 -6.162731662 29.504397984 -0.814494651 -0.453250044 0.211501646 -0.293989651 -1.535020084 0.198946226 -2.090870669 0.214636655 1.441799230 0.718306824 -2.151554668 -0.241965239 1.278189907 -1.132291425 0.507356450 -0.733882577 0.342119361 -0.186004783 0.865406177 -0.406681901 0.944453050 0.100423144 -0.687312227 -0.451477849
-17.473634389 -4.808118112 16.192388493 0.142162361 0.090342152 -0.765275603 -0.621274022 -1.861206763 -0.681254933 1.322771278 0.274460139 -0.451289096 1.331933618 0.188202320 -0.133225011 -1.459086394 1.718007724 1.181222306 -1.070836307 -0.217874767 0.222513077 0.639954427 -1.136904938 0.662973269 0.628337793 0.998548258 -0.355281804
-14.488095898 -5.310963181 13.559040376 0.415810729 -0.436815540 -0.097962711 -0.791641920 1.053941926 0.528282840 0.910765647 0.636974461 -0.722163722 -1.968353984 -2.071868132 1.135590071 -0.122473004 -0.424504974 -0.019839394 -1.105143389 -0.809166811 0.319714389 -1.978097762 -1.121826787 -0.587041664 0.158627695 -1.153259243 -0.653543031
-22.175476301 -6.595971692 24.622963813 0.598213140 0.312079495 0.735063870 -0.066547238 0.916103170 -0.151208239 -0.301715692 -0.086724203 0.860294701 -0.180484931 -0.433374348 0.292274052 1.614603817 0.067698827 -0.856197858 -0.418363818 1.674878623 1.687684614 -2.317535342 2.412823702 -0.354659670 -0.020676338 0.282529372 1.581468955
-14.481679837 -7.628797992 17.247758183 -0.123144339 -0.028697204 -0.576527203 0.807234988 -0.707510668 -1.310821811 0.607957045 -1.077982632 -0.013286049 -0.600378542 1.445011039 -2.781055274 -1.110031397 -0.324882042 -0.653771861 1.376721998 -0.918822989 0.118305570 -0.672476338 -0.761832945 -2.849778412 -0.691431661 0.915020621 -1.428501167
-19.147681565 -2.424694491 18.005562769 0.809233330 -0.437984259 -0.303587176 0.247277241 -0.771390665 -1.767489561 0.661551683 0.583201622 -0.459633082 -0.772561164 0.875290285 0.867696092 1.254252828 1.238158248 -0.629685517 2.551913916 0.657975985 -0.131975046 0.733523164 -0.431212000 2.288981472 2.318086518 0.074684202 -0.103577006
-19.628955534 -16.596495386 23.684491168 -0.118701071 -0.163143231 0.976742821 0.072579632 0.453029130 0.230880701 -1.919659538 -0.034575747 0.151113057 -0.209533438 -1.875614181 2.301876656 0.635472971 0.598790181 -0.159921585 -0.747481420 -0.412529710 -1.393571018 -0.464229219 -0.444730505 -0.523047348 -0.528124727 0.214719938 0.549633157
-20.674323648 -16.166031257 19.680987630 0.330998901 -0.562575436 -0.553600832 0.517179587 0.507657478 0.335350377 0.334793358 0.216031197 -0.504822153 0.512608815 -1.591581912 1.399475429 1.109204618 -0.688166172 0.957538806 -1.230115107 -0.816868764 -0.931389483 0.768541147 1.459892456 1.003347997 -0.958161472 -0.221456442 -1.304805747
-14.431059065 -11.529229328 21.188996641 -0.767377239 0.312170637 0.202745290 -0.522088128 -0.164124754 1.171939174 -1.660373898 -1.872157236 -1.014862400 0.407583808 1.921537071 1.224433865 0.255105739 -0.121679276 0.544331661 0.131619462 -0.785795365 0.733378130 0.043440087 0.147691474 -0.871033373 0.894274165 -1.898707575 0.821129813
-14.732750884 -8.250625251 29.783808662 0.441535405 -0.415261873 0.553103008 -0.571560255 -1.906046424 -0.663374431 1.248591343 -1.541208914 -0.390888163 0.142287443 0.261850490 0.068346890 -1.980804597 -0.305594500 1.344355205 -1.018997001 -0.674747658 0.455712538 -1.602110233 -1.504359841 1.397280325 -0.745697563 0.370479033 0.694929835
-19.107990107 -9.295510817 23.235082997 -0.572612470 0.812333449 -0.076132849 -0.080206704 -0.885823054 0.727018519 -1.057457183 -0.976788368 -0.539569656 1.773356716 -0.642371676 0.310652042 -0.853669029 0.333735091 -1.128429627 1.805673083 0.533655444 0.730855193 1.666057057 -0.218937966 0.549523983 -1.326456441 -0.403127482 -0.358146578
-14.621781077 -13.984822490 20.785429083 -0.569101128 0.570882672 -0.369596074 0.462185701 0.094455283 2.200592399 0.000324806 0.731103230 -0.154271591 0.784019303 -1.141662088 -0.826039106 -1.172203853 0.537857808 -1.038792155 -1.431756132 1.917992467 -1.370753566 -2.121722653 -1.797543544 0.574901845 -1.716093214 -1.692236983 -0.234566943
-13.055011827 -3.148259977 13.843744209 0.184399067 0.093799453 0.320205855 0.924481940 -1.715210335 1.798146424 -0.157507532 0.405786989 0.668560604 0.509159852 -1.806113800 -0.700080461 2.344602427 0.056095287 2.618732471 -0.345231916 -0.236491426 -1.281828754 0.749295456 -0.005872491 -0.530264113 0.336469174 1.378175633 0.000912251
-23.453693381 -2.829652588 23.472955090 0.221537181 -0.268020775 0.140181412 -0.927057341 0.543438885 1.325199823 0.110233746 -0.401042067 2.059929789 -0.348968548 -0.585911470 0.148565586 -1.144913147 -1.155359890 -0.230760433 -0.756986071 0.997217074 -1.151052994 -0.542110772 -1.247412477 -1.620924522 0.726576817 -1.445800068 -1.013641023
-13.916910980 -11.895860020 26.736199195 0.561157992 -0.352552538 -0.746364975 0.061218787 0.477659209 -0.028339948 0.708379608 -0.640410361 0.517288427 0.979358606 0.358063205 -0.230021464 0.227973988 -0.160001687 -0.491141846 -0.642459711 -0.497801294 -1.573110960 -1.080400354 -1.637211417 2.043063466 -0.014587162 0.589286883 -1.496603018
-15.791408678 -16.912536509 24.028252022 -0.960239292 0.038629592 0.117191394 0.250428500 -0.600202204 0.166311399 0.364502652 -0.731179132 1.099207655 0.710432061 0.996963709 -0.705347791 0.200907377 -0.378565886 0.420935765 -0.641791480 0.017952390 -0.704851898 0.757645447 -0.512814812 -0.125007078 -0.652989295 0.884331155 -0.418753429
-16.453430884 -10.153879834 12.497724624 0.395480662 0.049524381 -0.848245813 0.348742631 1.387592903 -0.417154108 -1.102391880 0.371035267 -0.702991302 1.778335005 -1.594769429 -0.215431624 1.865938966 -1.092442050 0.784099794 0.985546133 1.174771339 -0.597666687 -0.555951501 -0.739651703 -0.074603398 0.802318303 0.111429885 -1.090583089
-15.227511151 -8.732464776 18.837153087 0.134807822 0.160230565 0.168304719 -0.963237530 0.473768904 -0.562801006 -0.936218195 1.125688867 0.166734701 -0.020886683 -1.207899595 -0.427417230 -0.566521199 0.895395611 -0.952268258 1.698408231 0.078783197 0.081180959 -0.059108995 0.956304958 -1.110730204 0.851818952 -0.767440079 -0.725566735
-18.071910430 -5.207341184 28.469129461 0.249756766 -0.454564601 -0.798510422 -0.305571084 0.894322416 -0.535755847 0.980074334 -0.156567123 -0.198377835 -1.090046126 0.467030425 -0.564204797 -0.259234506 0.935973321 -1.000018104 0.740946585 0.217472849 0.713450450 0.499812864 0.323306836 -0.555372035 -0.460025836 0.162046839 -0.426199130
-25.207703240 -4.321413547 20.561146964 -0.834243294 -0.028376692 0.321728171 0.446904770 -0.144651618 0.341283586 -0.837327426 -0.089745979 0.291128030 0.226894217 -2.340190732 0.133471506 -0.567545757 0.992091866 -0.947731045 -1.431586588 -0.635926745 1.411293241 0.528344755 -1.751361335 0.002851213 -1.304035235 -0.073205584 0.470456074
-13.371739624 -7.547060245 24.523635209 0.052625726 0.728182960 0.669471595 0.137068935 -0.787152226 0.222781823 0.174841150 -0.098504153 -0.504583905 0.494335096 -1.085250259 -1.033806619 1.266681262 0.371585980 0.128149037 -1.565092045 -0.143336562 1.995731445 1.162353765 1.206664090 -0.502291192 0.202342797 -0.230006966 0.136942031
-11.705043714 -1.943970849 21.326885393 0.529623895 0.777013967 0.255209254 -0.224980138 -1.241328285 -0.668477503 0.943179785 -0.766185638 2.054793099 -1.025715553 -1.084902872 -2.628993391 1.280057133 -1.370806497 -0.950013176 0.847716005 0.080486268 0.573601644 1.442163861 -0.058091880 -0.479648374 0.055741944 -0.640647798 -1.947185509
-9.405907367 -10.752536310 18.346917321 -0.704879268 -0.326804956 0.473572327 -0.414816814 1.549654775 -0.108507451 0.936202464 0.110733312 0.076560923 0.640856817 1.172300208 -0.491276874 0.658321872 1.021387868 -0.673442892 0.104299286 -0.492425904 0.049190706 -0.364413940 -1.163054895 0.703257087 -0.202181922 -0.769208062 -1.473765578
-10.383642628 -6.813181892 21.812706761 -0.848187750 0.291287601 0.424422389 -0.124878783 -0.693055283 -1.410744176 0.105818522 -1.350851089 -2.026412542 -1.205664458 -0.344412313 0.014042233 -1.308819265 0.762886675 -0.509303000 0.489581982 0.250464980 0.059267985 0.457034973 0.881259408 1.489016584 -0.085467154 1.006754956 1.467149889
-23.067092051 -5.273735813 27.097801646 -0.132545638 -0.218539431 0.758686932 -0.599221420 0.649712745 1.060906769 -1.401598486 -0.709456828 -0.544681082 0.528606930 -0.527846848 -0.723706405 -0.961875906 0.111758001 0.303224344 -0.913743808 -0.471257229 1.053800375 -0.958417664 1.577270764 -2.145265366 1.006077645 -0.602507022 -1.777084598
-16.750806939 -11.666554975 29.518753872 0.778797452 -0.369054737 0.501785985 -0.074053733 0.139453209 0.947281800 0.692700801 -0.232976682 -1.824723554 -0.020931785 -1.275072203 -1.319059982 0.233691155 -1.404013714 -0.729742779 -0.308458524 -0.781539998 1.787989006 -0.433409823 1.433866900 -1.304529148 1.466434968 -0.873084440 1.854604106
-12.172203964 -12.424666924 24.017094621 0.745079297 0.044358778 0.659938880 -0.085847623 0.582540492 -0.819938457 2.257837058 0.854731288 0.513608507 -0.531463861 0.430313514 0.186273778 -0.070681412 0.303962986 -1.864279471 1.042222415 1.061171788 1.044795363 -0.410496627 0.254620717 0.226678953 1.444396240 -0.447937784 -0.462571785
-12.381263846 -14.226688833 21.648440463 0.312438293 -0.782601612 0.495486093 -0.210738135 0.113884816 0.539713089 -0.116699180 -1.347007245 -1.097475752 1.668415320 0.704067377 0.019745646 0.415748990 0.109093063 -0.980642275 -0.076308526 -2.685330699 0.043861485 -0.862408224 -1.013713215 -1.563220498 0.095784831 0.475102078 -1.210461268
-16.825146840 -3.494060615 27.822659779 -0.449162289 0.522010122 -0.714195666 -0.125232673 1.353106429 0.292189298 0.593185917 1.067949833 0.866781517 1.765675808 -0.164464205 -1.131435609 0.964029879 0.340106415 -0.484036523 1.306451339 -0.668760225 0.593828465 -0.569891670 0.597596913 -1.123205238 0.941340167 0.609585356 -0.433759209
-12.898484062 -2.440506166 26.156974268 -0.117401683 0.556992283 -0.541135802 0.618989891 0.263187349 -1.101240863 -0.427355729 0.485124845 -0.655793466 -0.019387181 -0.630678490 0.671281662 -0.348142121 2.782673408 0.063777986 2.985862705 0.833028207 -0.247529803 0.131720762 1.042100855 0.562680019 -1.580799849 -1.070234446 -0.593927293
-17.615597575 -12.142200469 20.642877135 0.780393599 0.008104958 0.510492733 -0.360994890 -1.182427515 0.782493594 2.034647613 0.510576915 -0.100075526 0.749448793 -0.957506008 1.231881560 0.509080832 -1.100286146 -0.816329053 -0.663962425 -0.815615404 -1.336071588 0.735203368 -1.392761881 -0.356246780 -0.411070960 -0.769428517 -0.047675957
-10.190110341 -7.949020236 26.310444228 0.612705295 0.578409114 0.535805296 -0.054293673 -0.527186171 -0.184348887 -0.584812777 -0.859266121 -0.566222815 -1.162414552 0.021562069 1.691224189 1.423522436 -1.403261344 0.908025678 0.031347925 -1.055597894 -1.855378473 0.412659794 1.523413682 0.881090715 -0.061057642 0.907483535 0.303198618
-27.996774795 -8.684966553 20.789764152 -0.609161354 0.369105150 -0.699580870 -0.057187758 -1.186549165 -0.190006312 -0.793128859 -0.158392709 -0.046777989 0.559752776 0.377194297 0.418403366 -0.811233127 -0.013447268 0.587640390 0.310726566 0.025452972 0.247258112 -0.734823182 -1.405521386 1.038298902 1.340869526 -0.200200265 0.657746211
-24.911044050 -7.131614892 23.004235959 -0.814578713 -0.502963486 0.088260721 0.275135054 -2.351623227 -0.960138731 -0.280832571 1.230621133 1.634379674 -0.027611890 -0.754814587 1.955030996 0.696307162 -0.084223096 0.507246106 1.273693376 -1.014738577 -0.198560847 -1.034672164 0.742436483 0.089345961 0.747361984 1.271007674 -0.575717566
-18.596041584 -5.274946468 22.192100971 -0.822498411 -0.112396353 0.542627588 0.128135572 0.100875219 1.504987573 1.553203472 0.390002177 -0.206158524 -0.165034599 -0.180100444 0.546687269 -0.609092723 1.004328080 -0.569783398 1.324738537 0.667945206 -0.738335892 -1.680752997 -1.551589322 0.734904611 -0.423859966 -0.373120069 1.120787236
-8.587915434 -6.097187648 21.700907929 0.809341511 0.391427076 0.159470396 -0.407823927 -1.681793371 -1.183726761 0.126620304 0.190459727 1.436537409 -0.401704919 0.567497108 -0.526394345 -0.288620186 -0.788515071 0.141532928 -0.741173136 -1.294518369 0.189563666 -1.647023835 1.057934533 -1.014141776 -1.785493634 -0.271298519 -0.268399709
-20.124299030 -8.463105972 24.922135673 0.769939553 0.120640442 -0.618053341 0.103194172 0.046782813 -1.211206045 0.484908834 -1.138703060 1.719489425 -1.348438404 1.859760916 0.885699363 1.556277657 -1.029165646 -0.258377513 1.334422551 -0.609996792 1.401930014 -2.395912811 -0.402826098 1.217077091 -0.039990357 0.880355986 -1.558993393
-22.568731887 -8.548433421 20.916459361 -0.706371970 0.698068925 -0.114881886 -0.023250131 0.953949658 -1.308062274 -2.730394583 -0.738245569 -2.041191760 1.886402677 0.292812604 0.357759003 -0.641237705 -1.420893687 -0.253757990 -1.200054777 1.774923795 1.144514196 -0.669177152 0.982173294 0.667199426 -0.667003588 0.404660702 0.616997784
-27.001870075 -7.228740291 18.091196517 -0.495703385 -0.431401942 0.665509398 0.353931857 -0.790720149 0.555984978 1.251791898 -0.235658689 0.181348462 -0.766537468 -0.388304363 0.128138846 0.650891881 -1.047743767 0.809722109 -0.790969399 0.087886427 -1.572631289 -0.112109055 -0.854629962 1.726972381 -0.580772008 -1.365651956 -1.201813597
-10.572666367 -8.442919942 23.447097843 0.118660478 0.167113828 0.957441309 -0.203221058 -0.860892666 0.473096916 -1.607269103 -0.345257397 0.236644834 -1.064464991 -0.349955578 -0.726153610 -0.863722184 -1.047890150 1.364458061 -1.429925051 -2.318117001 0.145615932 0.894978769 0.402333080 -1.505878726 0.072662461 0.402950388 0.217209964
-15.896233922 -7.852954627 16.331840607 -0.617804615 -0.648282146 0.092116036 -0.435387589 0.083022929 0.191835062 -0.137115548 -1.585009651 0.851586491 -0.528898599 1.498303897 1.092911855 1.079917947 1.190828989 0.343404332 0.254562391 0.191810232 0.978139553 -0.672710105 0.738167994 -0.513486699 -0.678096008 -0.062607373 0.457252011
-16.254596602 -3.881165131 16.475707197 0.204415603 0.516547539 0.827205707 0.084401538 -1.130379500 -0.338341291 0.073544138 -0.104070162 -0.395189322 0.525379805 1.209063705 -0.048255996 2.145392460 1.494331313 1.017825524 -0.432721525 -1.567882086 2.353178497 -1.319337603 0.132841245 -0.158463416 -0.163953814 -0.399427192 0.120217504
-23.104354977 -16.033888251 21.664833719 0.390513037 -0.024280800 -0.821571408 -0.414644946 -1.749727888 -0.258380995 0.255191092 -0.334783321 -0.825130495 -0.900174817 0.378088382 -1.526361038 -1.167379459 0.146986843 -2.215761580 -0.220106766 0.673191835 0.826433751 0.765236182 1.115877443 -0.542932373 0.079860662 -0.652869167 1.049167651
-24.989306683 -7.454916953 20.410720778 -0.037031419 0.106752776 0.700496086 -0.704654350 0.401008926 0.966263033 -1.747725097 1.401776665 0.761412203 0.659293403 0.718625061 0.107926935 0.223170098 -0.990533484 0.357274483 0.390219911 -0.008042837 -0.523595223 0.578523960 -1.816461827 -1.030449464 0.659387847 -0.837280215 1.197975296
-23.345392401 -10.817408157 26.466626110 -0.295218817 -0.042325079 -0.210800241 0.930923035 0.998698098 0.300446457 0.104386348 -0.773644498 -0.001127716 -0.803399639 0.634661232 -0.687917328 1.044019531 -0.503100902 -0.762695453 -0.394278986 -0.553549606 -0.011270891 0.342950802 -1.159164123 -0.308601498 0.998730631 -1.057443280 -0.387929853
-11.151705019 -4.022300469 14.974686394 0.038030711 0.628065844 -0.483493921 -0.608539718 -0.354249074 -0.308732739 1.321550699 -1.130328446 -0.085986129 0.784781329 0.194143822 -0.663258748 0.642155609 0.274199918 -0.141533702 1.532821209 1.551929543 0.257991862 -0.030428996 0.900531559 2.282884687 0.263232089 -0.401800306 -0.465305803
-15.334258680 -3.007428751 24.660218692 -0.483120788 0.162088446 0.598848389 0.617820562 0.443006917 1.336781933 -0.466180929 -1.639291518 0.728316762 -0.046616752 1.400720083 0.336202360 -1.063091556 -1.894123693 1.645278886 1.711254195 1.492145978 0.099730513 2.117242786 0.800753586 0.571781453 -0.621449039 1.715885577 0.578973342
-13.216090262 -8.267182856 14.420774230 -0.246935796 -0.006883543 -0.568005790 -0.785076272 -1.185570204 1.695946957 -1.345518229 -1.076719782 0.170833527 0.078175766 0.471017051 -0.513992083 -0.651553743 0.106145344 0.641816619 1.352646265 -0.548563406 -0.204858233 0.741614751 2.096408079 0.807348533 0.663559185 0.610464691 -0.330642124
-23.401042322 -3.481410490 15.408909407 0.459106996 0.161248449 0.264954896 0.832477391 -0.334298759 1.163066832 1.158139044 -1.039828370 0.685077786 -0.268960370 -1.383530538 -0.143020376 1.926787119 1.794563649 -0.808481975 0.158689708 1.519127377 -0.405316597 0.201546951 0.483075624 -0.094896128 0.779842020 1.927504069 -0.619506470
-15.918715250 -2.789622781 24.917714308 -0.363318416 -0.023831445 0.395736788 -0.843103900 -0.331872408 1.485362138 0.252658501 -0.225694309 -2.054570267 0.487643490 1.158343168 -0.426096072 0.701338051 -1.015470898 0.800561017 -0.675431389 1.372489602 -0.919711764 1.126049494 1.012027195 -0.943953146 -0.150138624 0.297789505 -0.286144972
-9.876517685 -12.605195984 21.703103037 -0.226927823 -0.449138776 0.241922087 -0.829609443 0.830002365 0.641681014 -0.711476448 -0.476388507 -0.895164629 0.589812706 0.929386507 -0.670154628 0.578608324 -0.612116433 1.815602746 0.645948553 0.020725851 -1.946768225 -0.909679623 0.215222219 0.430512000 0.428182233 0.587314723 -1.318562904
-23.701616164 -8.045728355 15.427593902 -0.516661302 -0.850396654 0.099348339 -0.004066579 -1.410574646 1.028181788 0.206610625 0.043601787 0.935556059 0.474204897 -1.819524179 0.170828043 1.157502076 -0.827193185 1.546761220 -1.120361478 -0.887300181 0.843100421 -0.859233647 0.106647236 -0.107403569 0.781670573 1.611226121 0.813932291
-23.569443084 -13.028194555 14.668316918 0.325662786 -0.677327106 -0.315754062 0.579198683 1.240709911 -0.214943622 -0.685111664 -0.685261735 0.598388099 -0.759913158 -1.400131064 1.539512010 -1.134989995 -0.033365712 -2.629634077 2.421302627 0.413214058 -0.628407117 0.141802203 -0.603906400 0.551755447 -1.660147097 -1.901239444 0.603435404
-15.185658558 -13.081306448 18.772747624 0.514160036 0.529148321 -0.089419164 0.669063320 1.585677910 0.339754434 -0.550203061 -0.119817003 0.790961916 -1.988491875 1.390211711 -0.786909774 -0.280315549 -0.216486998 0.967149485 -0.083966324 -2.011151649 -0.463223070 -0.116652537 0.489211301 -0.220457967 1.935438101 -0.439301114 0.848989258
-19.132129841 -7.468641464 27.688975158 -0.830065216 -0.419326995 -0.080331310 0.358752686 0.607621756 0.279392126 -2.283917492 1.739354889 1.175273702 -0.841663213 0.116750200 0.145959981 0.141238664 -0.319812974 -2.134465272 0.782037413 -0.287550022 -0.390607601 0.677495739 -0.087649532 0.409264668 1.019254210 -1.239551930 1.007538478
-14.597392559 -6.109374329 26.988969818 -0.116778262 -0.422788253 -0.844621612 0.306964595 0.865378706 0.790864423 -0.964502526 0.893332172 1.500861331 1.519983926 0.708050349 -0.347792341 0.691688177 -0.803632521 1.600106394 1.929083264 1.487385583 0.857952460 -1.055491865 0.156304881 -0.201874158 0.870847952 2.015441195 -0.226955690
-19.956100391 -5.786367610 27.496187481 0.369619502 -0.760737435 0.336737058 0.413845542 -0.505554443 0.262986735 0.950670949 1.436963248 -1.252859753 -0.222863763 0.790078397 0.316852099 -0.836686722 -0.611142474 -1.615896914 -0.346136473 0.150097611 -1.455207859 -0.720154464 1.041394755 -0.837792177 1.058519890 -1.310891977 -0.137570782
-18.497151933 -3.399780446 28.990892077 0.211113309 -0.932722484 0.286492380 -0.058155436 -0.384318033 -0.776235924 0.871047807 -0.541983951 -0.039201437 -1.777745267 -0.284932942 -1.240714578 0.267557729 0.395073772 -0.216869343 -2.070401863 -0.726407493 0.977628650 0.304792711 -1.153360173 0.839281920 0.854963349 0.992252711 -0.819344558
-17.297377671 -11.281276804 17.900756875 -0.433543744 -0.383380392 -0.570609299 0.582635671 -0.229963330 -0.915225971 1.466038907 0.447966676 1.336115001 0.394422408 0.477907308 -1.659881784 -0.996716745 2.000423717 0.790056384 0.325637198 -0.852670775 0.501382828 0.897381084 -1.771463045 0.758022439 0.384561877 -0.793975545 -0.079212095
-20.250424192 -11.160869380 30.071220231 0.417916831 0.876198271 0.158831785 0.179984931 -0.963218096 -2.062292381 -1.653120352 0.313319777 -0.849026225 -0.040131411 -0.102997334 -0.567970274 -0.367667543 -0.257363673 -0.311573415 1.893271506 0.071857151 -2.014454129 1.050012328 0.005061769 0.040114446 -2.203709967 0.629889014 -1.042424313
-16.908427558 -2.911158378 15.100311414 -0.183947589 0.882401806 -0.360958258 0.239247725 -2.657662093 0.549368448 -0.132851629 0.129254729 0.140318409 -0.019855432 1.001669445 0.637881893 0.010497826 -0.556854919 0.462582374 0.553494024 0.816307730 0.135311631 0.030338366 -1.632445932 0.109362140 -2.659730135 0.528466195 -2.003727136
-24.535084355 -4.879048431 24.423224204 0.333965552 0.634442535 0.278171223 -0.639195159 0.992031275 -0.716690915 -0.870151204 1.704318921 0.021461773 0.848937987 0.128347892 0.199756923 -1.545178810 1.753608485 1.194610073 -1.412976235 2.066112199 0.013077412 -0.944212981 -1.247966201 -0.733257249 -1.637624241 -1.558557597 -0.597954420
-20.735085725 -11.867850825 28.813044932 0.426779556 0.034762982 -0.226146443 0.874933444 1.695567937 0.515930153 0.068111630 0.657649206 -0.898468389 0.221983723 -1.531997206 -0.498512705 0.366516363 1.895410872 -0.785278281 -0.499651203 0.401345538 -1.084881816 0.467232139 0.969375068 -0.308402862 0.716139555 -1.038652212 0.803767869
-14.593459579 -6.730934210 18.967307821 -0.919765769 -0.056361121 0.337592090 0.192057115 -0.271474225 0.049286951 -0.759206626 0.234800642 -0.290041332 0.622430283 1.155917186 -0.738581504 -0.388269659 0.046774717 -0.356305473 0.101170185 0.048933236 2.336664490 0.826158447 -0.708178590 -0.294435926 -1.166435312 -2.357535335 0.286008474
-21.310639104 -14.604185216 17.148294099 -0.761329092 0.122576379 0.013374765 -0.636532922 1.259053865 0.357612821 -1.108893851 0.437620233 0.323469843 1.847298173 -0.356124104 0.315008664 0.084615772 -2.051120511 1.271470784 -1.750198502 0.662075554 0.663908759 1.373090690 -0.671081361 -0.268469360 0.074279887 0.611977217 2.494733141
-12.163130833 -11.102037842 24.723255999 -0.770447172 -0.636203323 -0.017992467 -0.036506956 -0.965806523 1.483542347 -0.954276264 0.272592224 1.617705825 -0.814037247 -1.938382844 -0.146503725 0.012745262 -0.698613576 0.610110072 0.658718347 0.355473353 -0.085574957 -2.142801352 -0.721241469 -1.399605400 -2.026801923 0.081803597 1.018664368
-18.931504099 -4.834527143 27.553496116 0.174256353 0.100700380 -0.704765313 -0.680294062 -0.391910581 -0.378512202 -0.810433974 0.991791926 0.641691465 -0.080422047 -0.580307835 0.482719200 0.177941546 -0.130668581 0.469108784 0.592353466 -0.285934128 -1.519601420 0.584357966 -1.493124434 -0.056090557 0.200841811 -0.287073393 -0.164464751
-13.259625748 -0.259262412 23.527900571 -0.220851110 0.415134625 0.143012447 0.870882007 1.840095194 0.232508108 -0.926936252 0.901807361 -0.276791602 -0.102253896 1.611850685 0.579937772 0.500490876 -0.026349146 1.166920520 -0.878844164 0.066778482 2.167132679 0.981472686 -0.636760837 -0.950089855 0.453804049 0.866280168 0.002433096
-14.360446861 -3.869385666 18.454728050 -0.404574477 0.321501447 -0.696560428 0.497754841 -1.062141605 -0.480431176 0.592043333 -0.526512405 -0.781446625 1.464015845 1.253567615 0.738097445 -0.524654723 0.217844798 0.116645616 -0.717742420 -1.267083382 0.300729011 -0.013886716 1.208526512 1.607699034 -0.112649403 -0.877000133 -2.215139964
-21.197213943 -11.613263083 24.933963724 0.395351004 0.707832924 -0.397817909 0.429431073 1.045665635 -1.534168914 -1.770930689 -0.158531001 1.211971028 0.896341386 -0.500679567 -0.012218386 -1.339725709 -1.990379717 1.302007968 -0.328802512 0.823048043 -1.087054173 0.252449045 0.367723277 -0.695350808 -0.826552467 0.023187090 0.267884525
-14.106081093 -4.033925959 27.745832217 0.361370363 0.457672796 0.471144686 0.661792835 -1.400549247 -0.068304528 -1.807957755 -0.800935174 -0.234526928 -1.545900096 -0.549033301 0.745424231 1.175105905 -1.445195086 -0.719655240 0.174773854 0.077270661 -0.195348973 0.270485171 -0.170332202 0.199401678 -0.385049762 1.086220035 1.243522642
-21.352120054 0.160671366 20.573596191 -0.734317282 0.383901214 -0.170093525 0.533353710 -0.290366843 -0.558468839 -1.248730121 1.489643033 0.475130362 -1.860420644 -0.545312947 0.308745719 -1.153890704 -1.036682231 -1.518004212 -0.720415275 0.401404781 1.246579938 0.467935767 -0.477699252 -0.705704179 -1.792371059 1.306485510 0.186537978
-25.899895782 -11.841699654 22.273929302 0.590523336 0.485984735 0.285429592 -0.577607976 -0.932076299 -0.417085679 -0.399817880 -0.340939926 -1.097968119 -0.235489798 0.919821469 -1.295023196 1.236194987 -1.230477885 1.172507891 0.435253976 1.214137229 1.411081428 -0.129584304 -0.198194553 -1.119023357 0.089806296 -0.552440268 0.620808995
-16.617141509 -7.620889845 20.192384584 0.101465731 -0.629168723 -0.645898371 0.420317402 1.904062919 0.782158739 -0.027956685 -1.818667620 -3.069595414 -1.319777055 -1.065934421 0.760601311 -0.101798683 -0.555867168 1.166836049 0.783149394 -1.160640628 0.718860186 0.968635563 -0.847760451 0.075440813 -0.602072788 -0.859224561 0.233534378
-9.984210182 -6.935587444 19.907492990 -0.784229646 0.444028752 -0.336302899 -0.273354511 -0.198739787 1.179896717 -0.058961532 1.796033422 -1.589684415 -1.318273259 1.661518368 1.131914378 -0.128158753 0.388186101 -0.416810400 1.258759584 0.430094589 -0.123386776 -0.129732053 -0.525147595 -0.227658615 0.082926341 -0.092143678 0.328406088
-21.299306003 -11.458953911 24.070694182 -0.855774980 0.416350379 -0.092325764 -0.292877958 0.743525770 -0.326974625 1.292198753 1.589300218 0.621361302 -1.395507032 -0.027069635 2.067754924 0.244590265 0.518189175 -0.456977650 -0.049073347 0.100786688 1.271520061 -0.945874147 -0.177935247 0.784380457 -0.126593557 -1.059745892 -0.936116675
-22.358155742 -12.340265648 25.417634780 -0.948211586 -0.103223997 -0.149566099 -0.260517902 1.527087562 0.397699345 -1.087055704 0.565483962 0.991769024 2.374418712 1.112908522 -0.538745102 1.224015720 0.756804968 -1.082301227 -0.330955483 -0.789559591 -1.289664478 0.259578772 -0.706830506 1.376211576 0.833988998 -1.707144361 -0.329211794
-19.804756000 -2.676425551 19.195601024 0.130461039 -0.043419068 0.823962481 -0.549709498 -0.290674826 0.406617125 -1.779593107 0.668961149 -0.413292595 0.026531404 -0.146307794 1.806883570 0.254466524 -0.659749068 -1.187179182 0.056500770 0.072804726 1.027052004 0.152856848 -1.895881434 0.927295035 0.189169803 0.368732602 -0.534722489
-17.050230039 -4.478358650 24.643409996 -0.234048158 -0.430057412 0.775085838 -0.399392069 -0.254389808 2.017933118 0.475480612 0.148226770 1.659778417 0.216025033 1.886337144 -1.377521226 2.129237653 1.183368026 0.374811834 -0.113947673 0.261517510 -1.746764710 -2.152025252 -1.145214125 -0.168937049 1.189604692 -0.108780710 0.964624312
-11.430440865 -7.326002636 25.809514297 0.004190392 -0.229403673 -0.973191667 0.015949147 -0.022989817 0.988604838 -0.466781278 -0.367794612 -1.088258810 0.635193989 0.573019832 -1.853987817 0.350498621 1.839536926 0.942121026 1.359915739 3.460329159 -1.087355249 -1.712295251 1.965869375 1.691536955 0.758623520 0.086549356 -0.886585498
-17.507978276 -16.695606784 20.722157583 -0.220712718 -0.218873991 -0.898352961 0.310390125 -0.076408320 0.696182906 1.014684291 -2.183013002 0.975550428 -2.431793122 0.498802632 2.070913817 0.254187787 1.011228994 0.268077077 0.374342352 0.233878543 1.460747767 -0.511118848 1.146408114 -0.774249977 2.109298899 1.125457232 0.796978939
-17.225596439 -1.760289402 19.482403334 -0.373957885 0.744667816 -0.542489092 -0.106446833 3.075685480 -1.317194339 -0.193386709 0.834435485 -1.375213445 0.539334622 -0.458560656 0.383587058 0.326335330 -0.839543570 -1.926609710 -1.924080852 -1.693934475 -1.272223346 0.318114563 -0.997157441 1.052585632 -0.198494740 -1.242392994 0.143380399
-22.943280820 -4.481388930 14.391589022 -0.641813668 0.618913378 0.443020676 0.093563489 0.968357475 0.643093640 0.547095290 0.026470561 1.546774659 0.073923112 -0.462769801 -1.044536019 0.315932529 -0.809957589 0.784724079 -1.403763011 0.055502515 0.433760835 -0.637743958 0.988599298 -2.117875053 0.155796489 -0.722241987 0.626177679
-19.948708477 -2.516005186 24.649945507 -0.223120008 -0.441206350 0.289388748 -0.819639293 -1.278716735 -0.176280503 1.223154052 -0.133609403 1.254064406 1.866965127 -1.173808502 -0.906161835 -0.254803553 -0.860866654 0.630475794 -0.112498294 1.082677664 0.857330871 -0.801373879 -0.699182155 -0.512882611 0.714229896 0.576044041 1.058829150
-17.916304510 -1.233200207 17.774976035 0.970496252 -0.092387796 0.078076071 -0.208580073 -1.165453365 -1.474005816 1.020436928 -0.047925516 -1.022714719 -1.839669358 -0.275090748 1.661402810 -0.717314620 -0.011564817 0.867204241 0.785193438 -0.363279652 -1.497211983 -0.518760961 -1.240377423 0.828129576 2.383635693 2.613722906 1.809083127
-22.829487272 -5.920647978 19.185022486 -0.571385893 -0.099099982 -0.169970401 0.796748027 -1.000608586 1.066646826 1.697003070 -0.356668698 1.391392215 -0.716779524 0.303486774 1.493336265 0.085275703 -0.622486000 -0.347468866 0.903140535 -1.636960070 0.052166499 -0.892208523 0.873924936 1.442876644 0.067327422 -0.463219597 0.731917161
-13.574299301 -13.989216524 24.397672956 -0.374744343 0.258999347 0.588172926 -0.668235456 -0.786403158 -0.204190215 0.329585403 1.007863104 -0.295531681 -0.587781990 0.883161744 -0.665770140 -1.294615846 2.164504129 0.265236814 0.989318323 -0.746797136 1.995281532 0.619905902 -1.436425181 -0.240190332 0.244307259 -0.247630808 -0.275008554
-22.906977827 -12.371165905 22.953865007 -0.619359303 -0.470692500 -0.578232320 0.245947165 0.819980237 1.461644356 0.814882791 -0.425558263 1.928112642 -0.807146065 -0.721036946 -0.226231342 1.422008594 -0.084910375 -2.742978546 -1.360867088 0.692855168 2.161694024 0.391700913 0.327096909 1.233821326 -0.521894192 -0.174169899 0.384417586
-26.183515219 -2.293493958 20.666297714 -0.820215421 0.343544692 0.361549279 0.280188913 -0.327444391 -1.867378891 -0.431879661 1.303404959 0.390124259 -0.694753339 0.780291826 1.911327088 2.623459611 -0.658609646 -0.287421905 1.427697315 1.260930400 0.148182989 0.361463412 -0.193246279 0.098033934 -1.057042414 0.488257655 1.030441421
-17.223707953 -0.998439763 14.632754585 0.797938861 0.359357748 0.339301196 0.345007654 -0.104923729 0.639997565 1.589148831 -0.183621558 2.855935269 -1.052986215 1.065959331 -0.980847998 0.004486508 0.881318819 2.368567448 0.262885001 1.038613687 -1.364968522 0.650438020 -0.475283548 -0.556760096 -0.906330340 -0.121584895 0.253566606
-21.805073475 -10.285885819 27.483167852 -0.094901738 -0.849136557 -0.406831889 0.323185059 0.109668081 -0.848565864 0.637863679 -1.627456658 -0.535953373 -0.358466000 0.338082315 1.680209634 0.517001055 -0.385765414 -1.070410276 0.276776221 -0.180825132 1.519653432 -0.131583005 -1.403552642 -0.266640240 1.031777562 -0.414192993 0.377954748
-15.448906981 -11.197744508 24.307067644 -0.427256955 0.756577155 0.488048821 0.082769868 1.198505133 -0.961500599 0.170016121 -0.344537883 -1.490826930 -0.485970281 0.454643104 -1.730332295 -0.782875228 -1.041048269 -1.675300153 0.575278528 -1.783567370 2.121373649 0.164425899 -0.205955700 0.777126300 -0.168036776 0.199827420 0.872881716
-21.046234390 -14.324883718 27.405318269 -0.894768051 -0.387728089 0.042811234 0.217311441 0.405431144 0.933112337 0.033448459 -0.177003634 1.814946548 0.384301751 -0.914556562 -1.756108710 -0.497484529 -2.648361430 -2.030539516 -0.314330735 -0.228143372 1.053059820 -1.167155846 1.780510829 1.128337297 0.130703344 -0.480318251 -0.111674140
-18.545527722 -15.448590878 20.408219731 0.932068390 -0.106168809 -0.109237587 0.328700245 -0.520685636 -0.385053254 -0.951126663 0.613958294 1.979673514 -0.261253542 -1.326879382 0.370093042 0.722254829 -0.145089757 -1.205860615 -0.136914979 0.922822906 1.216405002 1.251469898 -0.729827253 0.244405356 1.172280103 -1.182302999 0.880760414
-13.901276339 -7.607238323 11.985744687 0.434732018 -0.257618590 -0.699958158 -0.504677434 2.456495494 0.185472220 -2.633727241 1.744004611 -0.665767419 -0.236975934 -0.391086559 2.408523627 1.340424332 0.412343313 0.683008813 -1.029443115 -0.129288562 -0.629818247 -0.993653121 -0.589700515 0.124686885 2.773494592 0.410971985 0.885110635
-12.803013376 -12.317614197 22.907752489 -0.170136014 -0.020011749 0.098569948 0.980274060 -0.585722412 -0.702010943 -0.298868231 -0.114312084 -1.667774713 -0.595304713 0.987556884 -1.845322368 0.062167619 1.248514783 0.548065536 -0.478090559 0.487955905 1.086477541 -0.158637576 0.555330189 1.646033974 0.144358869 -1.419471038 0.109449740
-22.071534504 -12.746211407 21.090515142 0.039668371 -0.182235116 -0.295956939 -0.936817097 -0.546581934 1.838338871 -0.288784882 -1.952932278 -0.373375006 -0.614567397 0.348610473 0.219733012 0.279915585 0.591145209 1.508795723 -0.777689721 0.112035646 0.210953378 -0.823278023 1.063769568 -0.236126651 0.819772340 0.414086981 1.976302673
-17.349739053 -17.807200684 21.667826338 -0.341488398 -0.020938629 0.512500249 0.787585388 -1.210844165 0.281960313 -0.337442526 0.437588311 0.919922998 1.236640383 0.205712424 0.004762927 0.280777148 0.609869246 1.279815293 -0.096167242 1.381148850 1.391325899 0.890838950 2.314974784 -0.947035840 -1.260103230 1.268011640 0.796291165
-23.178863911 -14.156063412 15.818106387 0.215143321 -0.675008229 -0.560136019 0.429330739 -0.087574041 -0.539287455 0.773303077 -0.444227217 -0.501663187 0.110827808 -0.623167586 -0.561728582 0.279288467 -0.723256618 0.145828762 0.191255860 0.486844416 -0.319925833 2.028894729 1.987438801 2.727136525 -1.781741128 0.110953491 2.806723739
-20.349248210 0.794386265 19.204173921 -0.370441625 0.566435657 -0.728631252 0.104976893 -2.117967065 0.249571469 0.196173723 0.830529297 0.011147493 0.135917504 -0.347755427 -1.407894368 -0.397479086 1.419515402 -1.713641346 -0.307943722 0.809588133 -0.100011428 0.715243860 0.462517405 -0.522034517 0.476087261 -0.730276963 0.903266464
-17.029637014 -2.013038413 28.747219516 0.752754778 -0.364019755 -0.431056309 -0.339175944 -0.699503184 -0.328396069 0.246150960 0.699515425 -0.075433593 1.292580180 0.360231663 -0.514275364 0.914287915 -0.648722615 0.749703844 -0.083601225 -0.064189458 0.342386413 0.478871223 -0.275869899 -0.587921556 -1.919399645 -0.983602440 -1.022437434
-11.077091485 -10.775721319 21.190002339 -0.857988817 0.364798788 -0.358833469 0.044895158 -0.678741536 1.071620465 0.222241410 1.146407655 -2.345588869 1.065936944 -0.581953014 0.491188974 0.978576095 0.024115577 -0.897987982 0.402543858 -2.381517138 0.366602656 0.489277260 -0.827672300 -0.402255049 0.802255317 1.580463906 -0.438323926
-22.440933801 -13.985358479 15.402960445 -0.326541713 0.203274317 -0.444633397 0.808919776 -0.366606401 -0.544961544 -0.112515759 -0.872925566 -1.546895994 -0.460540554 1.186876732 -0.162864302 2.100253311 1.176742889 -1.683868433 0.180955963 0.742948366 0.759568766 -1.501734245 0.750583350 0.694093908 0.837718607 0.152941362 0.769976575
-16.060855647 -15.994307273 17.930051099 0.131618771 -0.136717201 -0.814471412 -0.548289362 1.031479631 0.137101467 -0.208278371 -0.286471581 0.486644804 1.360977182 1.664621990 0.081785623 0.833001026 1.525693972 -1.428159791 0.734917267 0.957941566 -1.371115763 -0.406147848 -0.057367733 0.926572682 -0.189644565 -0.326867223 -0.217532220
-24.372439120 -5.427501276 22.534168501 -0.476760839 -0.485160721 0.115256086 -0.723902074 0.052684066 -0.230504395 1.510392126 -0.597763028 1.366401588 -0.493687064 0.022487679 -1.755664719 1.974000945 1.490345764 -0.639606407 -1.009957750 -0.253097903 0.130883356 1.644088787 -0.950111112 -0.269924276 0.226192089 0.048364634 -0.560859306
-14.637113609 -12.176560715 20.867352801 -0.093471319 0.842279581 0.319649936 -0.423853913 -0.544900271 -0.983687851 -0.344689626 -0.775344464 0.448445583 -1.579919847 1.795296183 -0.406288767 0.243996167 -0.479316128 -0.118846025 0.765894563 -0.186806586 -0.137536650 -0.204084855 0.317155060 -0.114212805 -0.019274188 0.219409517 -1.691822616
-17.545999358 -15.234991859 14.365470503 0.345975498 0.683738381 -0.120564578 0.631083959 0.600538974 0.047539771 1.136976263 0.364817823 -1.935554293 -0.741804430 0.075984757 0.325113090 -0.034252478 0.745924069 -0.130362247 -0.295338907 0.439307006 0.135558063 -0.366956829 2.162150478 -1.301377933 1.025358478 -1.217342582 0.795365856
-27.323387900 -8.882776088 17.388458619 0.604731468 -0.267514612 0.323435257 -0.676849628 0.031569332 -0.984826130 0.124036071 0.089498038 1.068145587 -0.161676993 0.119863116 0.720956598 0.562451732 0.698869451 0.356957803 0.283630976 -0.448168399 0.622095506 1.638810641 -0.704885004 0.208973285 -0.257412424 0.867657897 0.016655155
-13.246389941 -15.647376775 22.759167351 0.145200852 -0.732568333 -0.116689277 0.654709068 -0.771279830 1.121629964 1.613648856 0.236022811 -1.365890433 -1.774050934 1.500849864 1.352685202 0.201398471 0.414525197 2.077071033 -0.745652325 0.824621696 0.227271943 -1.732994944 -0.326882585 -0.373115404 1.162626657 -1.125181214 -0.761849896
-10.591522456 -6.373601628 26.724406434 -0.426562378 -0.105646410 0.873203925 -0.210708993 -0.429267337 -1.287481931 1.032070381 -0.565912871 -0.390488485 -1.231035741 -0.923639764 1.201950290 -1.074887549 0.241869698 1.334889432 -1.322258686 -0.584563845 -0.992256591 -0.786394675 -0.724139109 0.855359267 -0.583911858 -0.424524719 1.453053746
-17.331030768 -10.491180944 12.765732367 -0.008762003 -0.649329168 0.457956668 0.607100115 -0.028665095 0.296304078 -0.230469003 -1.812456090 -1.389104048 -0.536550875 2.114780168 -0.131255126 -0.122070384 -1.018442720 1.402900193 0.175111349 -0.799532975 -0.631374646 -0.773013228 -0.160411396 -0.558713668 0.134730127 0.144884956 0.615049962
-18.118718577 -4.032608441 14.924707440 -0.370498990 0.535501966 -0.757850421 0.040384181 -0.205474283 0.725649507 -0.852186030 0.041456823 0.425309020 0.069246566 -1.509844625 1.941845948 -0.404633795 0.751969192 -0.484427234 -1.061094024 -0.410766087 0.446008699 -0.272455041 -0.053412638 -0.212581908 1.456140854 1.661572785 0.607727010
-18.870089978 -10.964834485 28.867776661 -0.065877852 0.343170398 0.330472480 -0.876745189 0.303740192 1.641079450 -1.730211382 -1.725159892 2.111481180 -0.921556334 0.398194291 0.926071072 -0.065805628 0.125052303 -0.177818459 -0.350237842 0.982258204 0.278232285 1.074257622 -1.183989113 0.521456195 -1.626487258 -1.420758325 -0.100704509
-13.047287732 -2.289603959 17.266353157 0.067248879 -0.252842675 -0.567749291 0.780518361 0.643826303 0.660864573 -0.809945022 1.614859028 -0.532599114 -1.181755077 0.649033274 -0.541036099 -0.448723659 -0.715194583 0.053384591 -0.133406565 -0.324454866 -1.073536407 -0.086030848 -1.748429562 -0.595734364 0.786091856 -1.155385884 -0.394813041
-19.418600453 -12.067256211 27.468540329 -0.382970755 0.382288217 -0.515858437 0.664137932 -0.470456961 -1.765301248 2.151778404 1.736391939 0.184331618 1.174280063 1.595804523 -0.586155649 -1.464758384 0.618929007 0.654028322 0.009474492 -1.750481589 -1.155265503 -1.239808909 -0.466216978 1.043230848 1.831406926 1.104526071 -0.355901186
-19.040704631 -14.271185986 24.122778368 -0.923200447 0.376220013 -0.021880375 -0.075370323 0.772403207 -1.024813723 2.030110793 1.030527536 -0.314348956 0.945149532 1.098568633 0.754740052 0.145471704 -0.261908913 0.527189503 -1.222770983 -0.533226262 0.422185727 0.727443129 -0.943509667 0.976122000 0.971884508 -1.355831457 1.485253231
-19.866489829 -2.729060101 23.264503915 -0.182926582 -0.195830489 -0.862998276 0.428278251 -0.486122421 0.016763395 1.058534099 -1.023285507 2.038278057 -0.912817508 0.962994772 0.107987468 -0.375626593 2.199958203 -1.713287252 -1.662106576 -1.884305544 -1.025113764 -0.214367335 -0.434135651 1.825443041 0.008108919 -0.412433153 0.791361149
-25.922038193 -6.322068308 16.972365403 -0.127984569 -0.247082580 0.959044619 0.052948726 0.043243107 0.974194616 -0.096485010 0.162495998 -0.645311364 0.538971060 -0.847113448 -0.869985130 -1.708001061 0.863755590 1.188077245 0.967987781 -0.123955604 -0.407651488 -0.549067758 -0.983204253 0.736457208 -0.261258445 1.194560697 0.212692334
-27.640857460 -6.750838912 22.920166999 -0.927126876 0.364237090 -0.003817596 -0.088048415 1.099765796 0.651055641 -0.412526362 0.113096620 0.921436575 0.591018243 -0.431904295 0.564475729 -0.669385412 -1.086807339 0.248560674 0.011408713 0.640621773 -0.879204892 -0.654935655 -1.509311511 -0.307190250 -1.148262261 1.516262686 0.036353503
-11.816226483 -8.796529516 27.257023412 0.215295877 0.510958743 -0.499488621 0.665642521 0.741941467 0.344025612 1.209546352 -0.502546376 0.250726489 -0.954512360 0.072307890 1.256593430 0.304306118 -0.109977780 1.541098996 -0.104439427 -0.225888225 -1.486921781 0.889206056 0.607721740 0.407055744 -1.517581218 1.042602047 -0.390567084
-16.639539512 -1.705619943 20.974183560 0.331722673 -0.193833210 -0.875689195 0.292501603 -0.312152635 -0.305832192 0.218753421 1.321679009 -0.540588081 -0.125053710 -1.521424601 1.230341725 -1.586242821 -1.712214600 0.247552462 0.907314776 0.469337351 1.537947593 -0.745125245 0.834510089 0.270409529 -0.464203399 -0.380043565 0.896157810
-21.193077765 -8.758800767 18.206850456 -0.234799686 0.238966750 -0.892144483 0.303054817 -1.035748199 0.481958789 0.330758374 -0.422507135 0.690698927 -1.637507579 1.342474543 -0.324157611 -1.420974638 -1.230220213 1.058029213 -0.225115334 -0.175966861 0.441304465 0.933743497 -1.401940562 0.795434960 0.830429548 -1.612916476 1.332106110
-19.026579538 -3.863044432 18.815999736 -0.425158802 0.094830876 0.844879160 -0.310525849 1.540251622 1.485554326 -1.042798630 -0.702157140 2.156990437 1.297112146 1.366891569 0.287599618 0.251249638 -0.118064757 -0.937317084 2.504635404 0.926816301 1.371414765 -0.261372526 -1.875362229 0.234351410 -2.358430468 -0.592699543 0.208996028
-15.907992850 -10.101504857 25.225798599 0.293689021 -0.780767334 0.486962589 -0.258875581 1.194155657 0.521083230 0.064344402 -3.151776127 0.607539174 0.638691992 1.614709004 0.448837372 -0.002978246 -1.049998616 1.345105468 1.789704455 1.246881771 1.062737149 0.219551173 1.241503461 -0.488325342 0.967229188 0.111555155 1.173837795
