3.709395000 22.136471027 14.494762712 -0.008107774 0.676008461 -0.705620089 0.212243053 -0.824219394 -0.300309442 0.257081028 0.712850186 0.100369191 0.310773517 1.180533460 0.236777168 -0.879614133 0.499027051 -0.268985966 0.016516329 0.226318641 -1.499157405 -0.412663032 0.098756396 -1.524011638 -1.165691377 -0.300817564 0.132942444
3.124860682 21.147125287 17.703969781 -0.391255505 0.477220447 0.565451440 -0.547215170 0.180819240 -0.102024878 0.467135598 -1.056779662 -0.441612999 -0.320187414 -1.001958828 -0.726388688 0.814805612 -0.589684294 -0.592042868 -0.035887710 0.719823618 -0.250852429 -1.587102574 0.122848764 0.422598316 -0.776107244 -0.886541159 0.040162565
0.307042205 16.689495215 14.745872500 0.134481435 0.249061596 0.246997685 0.926755204 2.763007225 -0.007409441 0.577916168 1.171034948 -2.655868225 1.035680124 -0.826370721 0.011456750 0.886899186 0.436227096 0.260702832 -1.974448127 -0.268778253 -0.704066216 0.062700990 0.276078715 -1.721599690 0.426423886 0.358595650 2.075374821
7.373305386 14.991014442 18.960458428 0.372428976 0.003307357 0.055792256 -0.926376243 -1.301206740 0.334355424 -0.260511358 -0.570926775 -0.105110318 -0.544608021 0.852243824 0.827470085 0.193647237 -0.469239971 1.547651404 -0.580246107 1.802041517 0.348990313 0.643311194 0.536156910 0.481297589 0.224389751 -0.166919398 -0.013679036
2.965832467 17.264176947 9.133846548 -0.298508826 0.650309859 0.195230339 0.670726981 0.714496071 -0.062095355 0.632294242 1.079291695 1.095690648 -0.192084069 -0.322784495 -1.707089529 0.730666148 1.116003411 0.351769640 1.885024420 0.804661583 0.068998920 1.729889813 -0.354112585 0.534236975 1.009541161 0.474716423 0.282982892
14.492273208 17.010571527 7.259696096 0.685304460 0.675651936 0.255680720 -0.092084891 0.158216790 -0.780713149 1.168504459 -0.578674736 0.121075923 -0.895649616 0.914866258 -0.209239301 -1.410192713 -2.441223144 0.162011901 -0.379215783 0.812672815 -0.257759472 0.653967324 0.848525429 1.201419656 -1.238500070 -0.245092328 1.257051125
4.701728254 20.117079863 8.701419251 -0.381513307 -0.133083674 0.908032060 -0.110517463 1.136027143 -1.116199774 -0.468216241 1.000317871 -0.957109702 0.635376095 -2.008290528 -0.941703786 -1.112891131 -0.629645511 -0.887050966 0.078720160 -0.002774526 0.079581943 0.860868013 0.785896408 0.700568542 -0.106809982 -0.739379864 0.875272087
7.289566381 21.267688934 16.917865135 -0.197808340 0.558550042 -0.803647067 -0.055182439 -0.980402856 0.862322988 2.691279406 -0.648578632 -0.494198177 -0.290750616 -2.269121590 -1.413859512 0.338224403 0.197697760 -0.213778479 1.012239752 0.567608684 0.934087003 -0.453002965 1.078388687 -1.118117712 -3.052594781 -0.491339389 -2.033736309
14.839998509 14.454367012 11.350635042 0.487061054 0.592241016 0.622663603 -0.155923526 -0.172311189 -1.236168109 0.714266456 -0.638953846 0.682855091 0.461588097 1.611053515 -1.122576298 1.264973752 0.244136479 0.893527887 0.213990932 -0.904340164 -0.917250740 0.127585329 -0.182906266 1.210406064 -1.120014393 1.318684163 -0.413172373
-0.451987615 16.482887319 17.837034692 0.780059140 -0.132896936 0.611021544 0.022334193 -1.274066149 1.382464875 -0.733954466 -3.220757813 1.257687188 0.453560326 0.353917824 -0.607626787 -0.896053512 0.117440814 -0.664630132 -0.835042834 -0.011352980 -0.373804846 -0.013067224 -0.832616458 0.761564554 2.101639387 -0.172634113 -1.042734746
3.753953309 21.862064470 17.914647557 0.436429309 0.790312185 0.384845532 -0.191911503 0.226136290 -1.089285526 -1.204861800 0.871517973 0.689054320 1.124799215 -1.074018515 -0.400605265 0.538488662 -0.090656989 1.436288780 -0.944396843 -1.041899570 -0.130152697 -0.629535071 0.215008716 -1.332609523 1.924474153 0.121492511 -0.078757301
9.037508784 14.616236813 9.677294585 0.167052089 0.271929907 0.933539170 0.163255457 -0.566953342 -0.741137307 -0.859934494 0.947424962 -1.006512412 -1.013573457 2.105225049 0.252709241 1.208970435 -1.224564559 -0.048303494 -1.783157673 -1.588559523 -0.249348880 -0.419366059 0.028392090 -0.499173137 0.749459554 -0.583309848 0.070237603
16.367703326 18.868910332 13.354024361 0.079970050 -0.769027140 0.554228324 -0.308274252 -0.226877664 -1.680940688 0.347681529 -0.199318633 -2.867363721 0.280388455 1.350910658 -0.217159415 -0.104443455 0.499911754 2.103819407 -0.578440422 0.923352289 -1.581882811 -0.004756194 -1.526201394 0.943368647 1.155710993 -0.350909933 0.241478700
1.883200339 16.633658497 8.119817868 -0.914701689 -0.334556930 0.171918750 0.147771524 -0.552100203 1.560264365 -2.088642170 0.887957233 0.299270212 1.001885809 -0.654408293 -0.461513387 1.356751580 -1.925480639 -1.001177707 -0.315145140 -1.704252903 1.635973643 -0.350323278 -0.204255903 0.456606383 0.505184194 0.811575887 0.350764013
13.004841143 16.766334778 16.419058677 -0.187301215 0.469294114 -0.857175572 -0.099656048 -0.985652485 0.996335907 -0.122885866 1.232066448 1.183935397 0.867641344 -1.215289888 0.081964919 0.034249613 0.399158185 0.430465175 0.006431928 -0.319946897 -0.179204855 0.031688647 -0.391241494 -0.685505902 0.685504070 -0.715356269 1.032108322
5.033370955 17.824004709 22.332640321 0.396402706 0.509960616 0.725254042 -0.238351924 -1.696211372 1.707778521 -0.632202581 0.515012789 0.810584276 1.020926030 -0.029102715 1.092446116 0.456918726 -1.988591779 -0.960616161 -1.019910767 0.938877853 0.339284982 0.032900860 0.183767187 0.880557852 0.836843182 0.381091534 -0.390179969
8.297025276 19.175001825 16.436413334 -0.386573306 -0.552502676 0.649221539 -0.351871092 -0.172667100 -0.488912804 0.069225120 -0.878833150 -0.960034272 0.576104891 0.477210563 -0.916793316 0.308724565 1.157346544 0.575532354 1.487434081 -0.032150547 0.557495067 -0.087383593 0.093375542 -0.669620649 1.523055585 1.073376818 0.323434857
14.688679910 14.679577957 16.011195176 0.735689705 0.317481637 -0.557355660 -0.217533300 -0.109258893 0.061032104 -1.263174269 -0.712660051 -0.425811454 -1.557966620 -0.227843970 0.251560412 0.407095122 0.559894715 -0.440694583 -0.385418318 -0.430161220 -0.139804554 1.443386090 2.691231355 -0.843205988 -0.765899878 1.564761409 0.001700073
6.452484965 15.844217547 12.078721155 0.445926753 0.436380424 -0.374224224 0.686059536 -2.655065508 0.925645401 -0.120012314 0.460337237 0.982138178 -0.842097044 -1.102212227 -0.176755043 0.787578312 -1.280590192 0.743191576 -0.493489129 -1.519135260 -0.062469175 0.084280112 -0.106612723 -2.396295719 -1.561953749 -0.115667598 1.257293878
5.246717146 18.622470290 14.399820559 0.555237079 0.700917764 -0.092382331 0.438054311 -0.171937076 -1.242525985 -1.136911390 -1.532867725 -1.669785736 0.261373219 -0.979577539 -2.129083213 1.413816925 -1.841808513 -0.065878534 1.262387682 0.023912224 -0.345440163 1.015059580 -1.847846972 -0.809995155 -0.402231815 0.943096556 -1.167805574
10.899124220 14.910840268 12.742220618 -0.285434983 0.338263104 -0.894097752 0.068513883 -0.378001646 0.753266820 -0.603251074 -0.508285943 -0.880881615 2.284037888 -0.657364525 0.940422494 0.449365032 -0.564997527 -0.012241188 -0.248539451 -1.525494379 0.531316920 -0.220013687 -0.280126177 -0.495272281 -1.836300220 -0.097474352 0.702079798
4.331384038 20.052838759 12.944379504 -0.711214066 -0.479965473 -0.249572115 -0.448911413 0.877718524 1.265774620 -1.235527678 -0.882687572 -0.826340821 0.773303385 0.555979716 -0.071019634 0.225328188 0.450181679 -1.170411169 0.955390121 0.110384930 -0.718171133 -0.272856231 -0.216213250 0.230647034 -0.243988740 0.523541149 0.195690191
4.677270380 23.834755604 8.626599637 0.534803281 -0.185816608 -0.750483873 0.340927552 -1.280720269 -0.827272226 -1.058579156 -1.502590565 -0.132658745 0.022993911 -1.061696841 -0.768907772 -2.691624267 -0.767570372 -0.662970081 -1.342781499 -1.579034234 1.503278197 0.407827742 0.349095031 1.037205306 -0.144308196 -1.578978382 -0.698355339
5.531834692 15.969631876 18.713734741 0.166104568 0.088728846 -0.980071903 0.063210198 -0.098865243 -1.890765054 -0.163105073 -0.145429905 0.977758292 -0.901214129 -1.463229603 -2.025448386 -0.541276242 -0.079165686 -0.681663245 0.664190938 -1.380981707 -0.091769229 1.532067792 0.228021249 -0.664323100 -0.021301645 2.392105122 -0.034090292
-1.041123223 15.565372827 15.594156333 0.375367296 0.769591689 0.382433914 -0.347235260 0.681711043 -0.118052348 -0.540030596 -2.286655114 -0.749181878 -0.026232290 0.172947676 0.979709638 -2.025011442 0.594463370 -0.217639633 0.032382488 -1.101459634 1.217953760 0.570381952 -0.499834928 -0.611866182 -1.620468837 -1.609677263 -0.155815308
-1.545519116 21.871412003 14.778232474 0.500601721 -0.508098448 -0.343016990 0.611206372 -2.169105621 -0.517907451 -0.898252695 1.140608891 -0.510479384 2.061456285 0.162565355 -0.499753947 -1.376348409 -0.482515715 -1.189764280 -2.302355666 0.161761214 -0.675627240 1.327819592 0.421301363 -0.684975631 1.919609724 -1.192546544 0.472743003
7.900132647 19.807038245 23.476471975 0.470552859 0.373973894 -0.093426477 -0.793722260 -0.119316119 0.862448245 0.526421259 -1.423610119 0.120518695 -0.327166047 1.114016709 -0.004144641 0.410232384 -0.564978816 -0.033030235 -1.492618662 -0.156542283 0.176491776 -0.217650258 2.356408467 1.299491267 -0.622867902 -0.073904220 -0.635833312
12.241966991 23.171881665 12.453736275 0.279075990 0.874738437 0.238566244 -0.316283742 1.349683606 -0.582340003 1.284471777 -0.984431812 0.437515101 1.528440007 -0.283976840 -0.860914206 -1.749492450 -1.250942810 1.713479212 0.171580957 1.024236163 1.414677545 -0.466734311 -2.541559159 0.039786583 0.829967808 1.284079693 0.313926900
10.310653860 20.232880851 21.981899887 -0.429308357 0.691849534 -0.096870574 -0.572411258 -0.474602202 -0.327800863 0.080582906 -0.489426372 -1.679870775 -0.415423262 0.021774035 -0.370876507 -0.492334178 0.724669280 0.562877013 -0.867805235 0.241157333 -0.651079975 0.289752949 -0.440412929 2.368584859 -0.166380469 1.083813808 -0.762440572
9.269703843 19.924161113 7.821544025 0.497539229 0.819781154 0.283550505 -0.003561684 -1.204295743 -1.484520796 1.041122079 -0.789592382 1.737829496 -0.547862878 -1.025867062 0.367888412 -1.629974658 -0.223911984 -0.232029313 -0.251882031 -0.173364310 0.852844285 0.066252259 -1.404649787 -0.479959270 0.593909753 -0.859755977 0.496159789
8.387923508 19.679542983 21.885506976 -0.064638019 0.319162792 0.834967740 0.443605581 0.361666600 0.821558883 0.182848474 0.858923908 0.726675057 0.771171359 -1.040006700 -1.061226015 0.810849159 1.607851298 1.292498927 -0.548945987 0.360024261 -1.019541258 0.133625593 0.972056253 0.793957621 0.743237243 0.835158078 -0.571706942
9.936713143 15.918680603 5.483587119 0.049526318 0.173894938 -0.958607809 -0.219951728 0.405971422 -0.035309345 0.877874652 1.166441803 -0.798174339 1.549713443 -0.516833311 0.024060409 0.277352467 -1.221357768 -0.363466767 1.528162504 0.114247632 -0.663355567 0.526203262 -2.234524503 -0.763837151 0.288812620 -2.068547838 -0.889700363
16.749089448 18.544695436 11.117017002 0.531941940 -0.816627880 0.108040745 -0.196173073 0.771764206 -1.047226329 -1.828245122 -0.008088190 0.502716047 0.063628463 -0.307942578 -1.738070083 0.013922761 -0.633573108 1.563041225 0.983002139 -0.297995904 0.613365256 0.537034481 1.655702858 1.489069315 0.259690345 -2.289887693 1.386263934
13.311731772 15.143975536 11.399398168 0.658234465 0.139573047 0.383001749 0.632895263 -0.451680208 -0.302267589 -0.623230471 -1.266852581 0.872981439 -0.029886360 -1.458009473 0.195859799 -0.301069533 2.271667199 0.844939852 -0.859561937 0.497383697 -0.401056985 -1.111482638 0.302316622 1.554923526 -0.272398580 0.003826678 -0.517831971
8.956566459 24.518123994 19.904619665 -0.195723559 -0.369622565 0.690592213 -0.590045628 -0.587286927 0.202475058 2.641567022 -1.145125753 -0.216220388 -0.591352901 -0.660331449 1.455787582 -1.470802113 -0.719746053 -0.729301809 1.196607515 -2.764078635 0.715343844 -1.072859888 -0.084483897 -0.220857586 1.467468387 1.645765465 -2.206106574
2.691665004 19.172458797 18.867431104 -0.231186338 0.053266666 -0.931592695 -0.275409857 0.843333088 -1.757189873 0.028068526 -0.788298948 1.023888558 1.496488557 -1.293075884 -0.376673767 0.528462406 -1.448129862 -1.457307642 -1.192523399 3.691668733 1.920289441 -0.834754783 0.263078083 0.090443244 0.025670710 3.135625005 0.497676548
14.147923841 12.871541947 18.490725989 0.177473530 -0.894862142 0.350212269 -0.212311704 1.638981118 3.053805378 -0.571945458 -0.092216206 -0.082882764 0.119064399 -1.200673665 2.499338115 -0.779551097 0.032691731 -1.680756620 0.436769456 -1.647794221 0.131661906 0.514102247 -1.031986893 -0.219411992 0.532158566 -0.179954187 1.689211244
11.110130950 10.959829499 18.233629214 0.736756828 0.137977907 -0.189943733 0.634092148 -0.128258751 0.813249339 -0.682531408 -0.612792871 -0.809508335 -0.220106917 -0.272915743 1.216332094 0.076773784 -0.122828290 1.355521859 -0.767118663 -0.308767686 -0.574186417 -1.049833464 -0.346561863 -1.378480788 0.802435374 -0.068003293 0.941418446
11.379974280 27.157686869 16.802893853 -0.318960326 0.033965249 0.219076534 0.921474983 -1.192279376 0.502527994 0.115070668 1.501254240 0.427932136 1.691359937 0.980851225 -0.411617527 1.126406320 -0.025940663 0.196394589 -1.254405395 -0.383989581 -0.270749713 -0.561803048 -1.233596573 0.543326277 1.233576666 -0.851428119 0.084138914
2.988012661 24.311939371 13.430757630 0.799298354 -0.079909439 -0.530414141 0.270919660 -0.676458520 -0.345516943 -0.054491158 0.273047950 -0.310120590 -0.343478964 -1.704537934 0.383335145 -0.571649099 -1.829639921 -1.341148004 -1.956291805 -0.137182122 -0.544199856 0.520721570 0.554548031 0.071116255 0.383459160 0.580516260 -2.242049722
17.310611462 18.914095637 12.376093497 0.438430880 0.363492990 0.597122059 -0.564886232 -0.637358715 0.246137125 -0.164757162 0.289542974 -0.166667484 0.124293053 -2.089401099 0.807404987 -0.928419709 0.153518758 -0.896409365 -0.050135872 -0.306562075 -0.571421757 -0.379491854 1.936352452 -0.634096294 -0.008428823 1.377626214 0.308337276
8.458163254 14.093316849 22.516755939 -0.768075600 -0.209247143 0.503745877 -0.335433446 0.264721303 -1.993658886 -0.721438263 -0.829625661 -0.318866754 -1.237776305 -1.028414512 -1.910174105 0.090392653 1.035709399 -2.427083886 -0.159170392 1.700888524 -0.947461309 -0.378689403 -0.004436018 -1.123662956 0.834708617 -0.359824587 -1.657272378
4.236960071 9.922593093 14.381124606 0.513954252 -0.158944853 -0.401338003 -0.741293038 0.719239356 0.968104277 -0.083968947 -0.637258295 -0.372119217 0.188046386 -0.928756805 -1.181814706 -1.318677382 -0.020321426 -0.177468264 -0.173663582 -0.617240267 0.451288012 1.375323473 2.460612811 -0.466318497 0.499722142 -0.626674368 1.354983337
5.173708205 24.518360666 6.379561831 0.627763671 0.042662025 -0.240373172 -0.739130207 -0.323589901 -1.222713647 -0.221613059 0.539093487 1.468204863 -0.024593873 0.101742632 0.268321181 -1.213507470 0.475519810 -1.813871722 -0.583902312 -0.691164198 0.823355909 0.510345645 2.026734681 -1.213101659 0.898951556 -0.689665264 0.059964928
2.212553207 18.303057397 16.069607019 -0.082589745 -0.185487106 0.812568108 -0.546357518 1.425214514 -1.814207388 0.043635274 0.502459784 -0.992363629 1.639825902 0.180434974 1.188341496 1.207893242 -1.184563098 0.114529177 0.888880868 -0.539923922 1.578250079 -0.188094656 1.388743477 2.446240816 0.058102242 -1.305346453 -1.123428941
3.585966234 13.014389910 19.691586600 -0.420894157 -0.399766059 -0.698517188 -0.418460208 -1.079980610 -1.015981191 0.750878947 -1.269651135 -1.425307674 -0.640595997 -1.175434263 -0.551146223 2.219253441 0.418997135 -0.554704945 0.368110046 -0.098812928 0.894662580 -0.015685064 -2.332401541 -2.534408694 -1.245927304 -0.233437635 -0.857221630
1.229078551 18.937181850 12.836903888 0.087276181 0.838149784 -0.014626632 0.538213591 1.911491799 0.959811715 0.104822242 -0.534462319 1.277851221 -0.393050297 1.419166684 0.973249553 -2.119842902 -1.429363370 -0.757375189 0.132588457 1.811143030 0.661597993 0.393044120 -0.558969260 -0.643784653 1.253453306 2.056008476 -0.084522398
10.180179753 23.168649347 20.233615972 0.116918831 0.822285886 -0.155246125 0.534859373 -0.197492590 -0.237778984 -0.037574904 0.508348071 -0.579910337 -0.139750697 0.798276793 0.953434955 0.789190488 1.229176826 -0.512483486 -1.804131351 0.270944649 -0.786855008 0.298744852 0.215186741 -0.763187984 -0.182506497 1.204221788 -1.545535437
11.559173054 24.078480783 17.509265066 -0.047297110 0.058661517 -0.430039690 -0.899659755 2.239283155 -0.069526083 0.906445987 -0.612717858 -1.379332330 -0.031905104 -2.987110742 -0.182558209 0.448885605 -0.793584621 0.629787056 -0.194646213 0.664024876 -0.481391185 0.198404285 0.380775162 0.068504642 0.501960338 1.056298776 0.145789641
4.394670471 26.687235620 10.094200461 0.035429338 -0.450913891 -0.595455451 0.663968547 -0.302711121 0.001803202 -0.794644494 1.785945995 1.004883145 -1.828807278 0.125443852 -3.767514026 1.415630286 -0.148503911 0.109125598 1.018011772 -0.420590795 0.157219427 2.110896617 1.813635087 0.622336948 0.606413428 0.899703527 -1.063813756
15.652708067 15.305083933 14.897283727 0.285984629 -0.204561253 -0.151971499 -0.923727313 -1.170917684 0.089635683 -1.411300229 0.597074469 0.196498826 0.927196355 0.526695652 0.129392930 -0.076280312 -0.235993956 1.086587622 0.664284399 -1.019118600 0.050635566 0.856353203 0.650391076 0.107224849 0.006583151 0.591777158 0.260785526
0.955995331 12.644407858 10.673949035 -0.078026483 0.737777088 0.102392595 0.662655712 -1.364170596 -1.752265044 0.051680735 0.577842033 -1.116718983 -0.925558060 -0.441720248 0.622630400 -1.158454778 0.699915346 0.416265293 1.357849277 1.382582243 0.303486705 0.762981682 1.394513837 0.767590057 -0.382366651 0.087870454 -0.313137227
9.101868633 19.529818634 13.592014811 0.181000444 0.234953755 -0.953544985 -0.052797102 -0.735710294 -0.014232640 0.005175692 0.643900224 0.534454027 0.980069894 -0.925908848 0.743868376 1.200422389 -0.250245996 0.316303098 -0.439896776 -0.614341312 -0.279693283 1.687487652 -0.004439150 0.753607814 -0.225052713 0.252916030 0.456377847
8.562739159 21.000113564 20.473502219 0.524929705 0.834447719 0.030037804 -0.165056170 -0.043252479 0.109008556 0.269255537 0.756203391 0.236171742 0.438871142 0.128918409 1.303374029 1.006302767 1.479220810 1.272438149 -1.428039176 -0.159842480 -0.724509178 1.051442516 -0.874307138 0.882804940 0.132075684 -0.018789050 -0.170707791
0.975099511 11.395956276 15.252903550 -0.053542525 0.787642895 0.613151319 -0.028236994 -0.526472083 0.382768715 -0.060721950 0.121172800 0.282506273 -0.505873259 -0.855943649 -1.316599393 0.591131126 1.862127481 0.836176640 -0.113010873 0.326788101 0.426796948 1.048723084 0.005123574 2.700046134 2.855124799 -0.625331864 1.128728940
17.139017972 18.532271261 16.231955384 -0.670199233 0.089263137 -0.322289737 0.662566529 0.521326740 1.205209401 0.413492613 0.160778766 -1.108399894 -0.126907369 -0.323195784 -1.879073732 -0.136081864 -0.536614416 -1.050582104 0.932306392 1.323798659 -0.553617478 -1.444828760 0.825047937 -0.600818803 -0.278767442 0.409150994 1.368636750
15.058283526 19.209480122 20.339696565 0.002642425 -0.307943056 -0.849430902 0.428522152 0.068173141 -1.050966221 0.806978371 0.000594935 0.364141290 -0.432865226 0.345089992 -0.619091694 -1.253701496 -0.292167302 0.597566245 0.702916696 -2.638935919 0.094903481 0.994230539 0.931724869 -0.492778372 0.852710172 -0.269353861 0.723104821
5.855619835 14.295339318 21.290948955 0.960079511 -0.021617825 0.278473884 -0.015241333 0.603271057 0.769511475 -0.310130264 0.516035137 0.090579136 0.842225950 0.540830805 1.285424972 1.087367995 0.460123292 0.770880351 -0.765992307 -0.904523078 -1.695052671 1.215079678 -0.434789147 -0.297875413 2.142352061 0.344733472 -1.209338932
0.956920652 11.406969672 13.734831057 0.300362967 0.455790539 -0.290695605 -0.785832767 1.204790571 0.298399752 -2.066970508 0.760882771 -0.209744822 0.761899064 0.229202150 0.350469421 -1.652351952 -0.213228557 0.282352378 0.433546773 0.778044853 -0.260446037 0.940536890 -1.029623443 -0.521725841 1.274262035 -1.461262245 -0.972721095
-0.818945123 23.048008291 14.422766518 0.104485873 0.180276045 -0.975997130 0.063347081 0.394113775 1.417188387 0.984974836 0.941005591 0.249416347 0.927503187 -0.939627060 -0.039411383 -2.578339821 -1.930518499 0.052711753 0.298025120 1.665035910 -0.274855718 -0.693551595 -1.178062697 1.379159357 0.303369723 0.787596996 -0.293024576
7.341189846 14.687790421 13.202237319 0.287516387 0.779291368 0.424624045 -0.360185662 0.460414458 -0.235854403 0.699302325 1.154639484 -0.771443457 0.365472501 -0.337170278 -1.381277921 -0.488404020 0.937499767 -0.144018263 0.902033013 -0.555421431 -0.657740793 -1.595137775 0.062636696 -0.111193673 -2.457272059 -0.017232011 -0.384256885
5.108191599 9.180252727 16.088724977 -0.814616746 0.171474513 0.248469705 0.495236160 -0.975436358 -0.820603706 -0.191729488 1.521917852 1.104469783 -0.671733516 -1.581826120 -0.182391819 0.479364274 0.503143685 -0.562226518 -0.261913336 0.078529530 -1.211653911 -0.315494351 -2.386424305 0.341037126 0.670458584 0.596966381 0.358152432
13.890668415 19.851029071 13.333063255 -0.097464469 -0.350299807 -0.129938352 0.922446068 -1.311728521 0.427930190 -1.648923214 -0.928476645 0.791918948 -0.625835722 -0.162523970 0.694625946 -2.117709004 -0.084237100 0.939618958 0.686965571 -0.072842097 0.499361692 0.015698862 -0.555420021 0.554779891 -0.658158618 -0.114688936 0.001550006
3.615155445 10.634097479 14.264553537 -0.273912888 -0.797805343 -0.536852898 0.016350217 -0.855175297 -0.412241714 2.824223955 -0.473007511 -0.863152544 -0.442730350 -0.620494228 -0.443068340 0.754709667 -1.077767991 0.681610283 0.300565240 0.301162784 0.584945776 -1.628646340 -0.008185849 0.022511052 -0.703735621 -0.114905026 0.234841716
7.342387507 14.973733799 15.285816677 -0.272457088 0.916096771 -0.132980641 -0.262392816 -0.595866383 0.761444300 0.345362313 -0.378271623 -0.949022419 -0.342342237 0.647443618 0.770364632 -0.792199351 -0.361578656 0.087005796 0.458992142 0.001234128 1.560313777 0.553495119 -0.910945995 0.191856206 -0.101359055 -0.235233891 -0.501888974
-0.068160361 19.879080817 14.344880034 -0.809300445 -0.545343446 -0.093967678 0.196985762 0.671853943 0.109898044 -0.216834852 -1.417071387 -1.948289167 -0.854077910 1.898075710 0.137122352 0.714602361 -1.043591526 -0.661196145 1.218859458 -0.378358999 -0.007679013 0.701806645 1.209188296 -0.403075616 0.993305890 -0.286974133 0.126936540
5.581597689 20.644312855 7.259023063 -0.137677734 -0.133528393 0.102949558 0.976020696 -1.048008597 0.687969060 0.570405073 -0.886946944 -0.602214074 0.552512548 -0.250335247 0.299277864 0.208898052 0.301528399 0.598725393 0.377731847 0.417919662 -0.792695579 -0.201569956 -1.514527255 -0.522526283 -1.409776777 -1.189881181 0.345444740
9.252212588 15.345825560 21.774779216 -0.430764988 0.171860197 -0.848298275 0.255530105 -0.761284045 0.393622448 0.980016590 0.285871135 0.388437220 0.472301774 -1.537401805 0.768930917 -1.445518715 0.312404547 -0.185917209 0.611184726 1.881698646 0.202813744 -0.492967329 0.883490621 -1.406215275 -1.455744083 -1.714388677 0.634658639
13.599785583 16.129226454 18.009112020 -0.689998553 0.010366429 0.329265091 0.644499057 2.035397090 -0.549746663 0.303344380 -1.132546613 0.219092975 1.151083637 1.106263578 -0.816149430 0.231066960 0.605278863 -0.429102640 -1.188434537 0.575855826 1.033733214 2.411249182 0.500439169 -1.310537440 1.166550145 1.453075214 0.121166757
11.237323872 18.601238334 11.449414021 -0.059767483 -0.676945955 0.518493727 0.518976182 -0.868023923 0.223156204 -1.123906403 0.466106592 2.300000079 -0.252600403 -0.138860784 -0.795829302 0.082187249 0.165084114 -1.203932753 -1.703473515 0.745333260 -1.467532574 -1.228333176 -1.375481570 -0.500059240 -0.477680399 0.006015638 1.025127194
11.465398271 22.855228239 21.723211714 0.969548427 -0.058780951 0.009688454 0.237543218 -0.412907320 -2.081418722 1.193827337 2.018635209 -1.671805677 -0.127613175 -1.435890875 0.594135630 -1.024572891 0.843439928 -0.704825287 0.579530332 -0.540853277 -0.430036081 1.340651997 -1.550458710 -1.394055410 1.537812494 -0.175098351 0.153638628
15.432825301 22.212530867 17.984597963 -0.110446110 -0.701747970 0.266705675 0.651321370 -0.083880547 -0.122910385 -1.294767327 0.151211560 -0.824474622 -0.595992539 0.129720846 -1.656352450 0.767623757 0.162233166 -0.681730411 2.074244348 0.784500135 -1.999479476 0.243371554 -0.429595972 0.464557279 -1.837032627 -1.093769432 1.234207802
2.121503800 17.713912372 21.122893315 0.138600564 -0.762992870 0.255859120 -0.577206961 1.476183855 1.007136375 -1.488788571 -0.213765876 -0.893203696 -0.642324880 0.088356456 -1.334691690 -0.038801648 2.056720373 -0.476057982 2.572899856 0.675505758 0.258118603 0.669808367 0.014452484 -0.999233490 2.330459471 1.843286697 1.051083108
3.033450354 15.693892807 20.790341566 0.977178114 0.083624929 -0.190209963 -0.044158516 -0.626312716 -2.284906329 1.137471533 1.018832004 0.452407969 0.375945697 -1.757160087 -0.737153640 1.206281768 -0.308675842 -0.765686554 0.827565851 -0.050162483 -0.358512344 -3.084447967 0.010199909 -0.407879002 0.597209695 -0.566815871 -2.207552824
6.726909911 15.661456882 9.155976735 -0.213479233 0.865628601 0.405444076 0.201813885 0.655351605 0.709328272 0.628903132 0.117027356 0.998997874 -0.259135803 -0.979684386 0.391342448 0.293099457 0.509741986 1.836703350 0.102372249 1.081037156 0.010584582 0.940770503 0.073809336 -0.474151457 1.306475134 -0.543065390 0.521636146
3.468683683 21.030529691 9.612182626 -0.884811261 -0.239674504 0.285453353 -0.279609634 2.331386146 0.961070344 0.335635929 -0.901101330 -0.716120465 -0.440391108 1.387152356 3.649060370 0.261760365 -0.716967975 -0.466216339 -1.132580297 1.238008781 1.731522041 -2.493947692 0.215083101 -0.055878405 -0.661606287 -0.796515489 1.481292311
9.351887213 20.095750390 23.523719087 0.577459086 -0.370655659 0.528071987 -0.500295276 -0.644189974 0.102307114 -1.015968145 -0.970630997 -0.105855768 0.889457689 -0.741632012 0.148796791 -0.133420492 -0.600560020 1.212483636 0.123322725 -0.560113362 -1.518189341 -0.003473393 1.230259204 0.937162818 0.179662704 -0.561955348 -0.088104257
2.551838727 23.479741744 12.222662888 0.067006574 -0.232680309 -0.338122959 -0.909418967 1.540881216 -0.802459875 0.006422649 -1.134248856 -1.040287550 -2.221575297 -0.546350801 -0.730675469 1.716033536 1.122521306 -0.318984617 0.819206447 -1.130558018 0.823555082 -0.087407328 -1.190709199 -1.144084656 0.010796811 1.213073272 0.981194468
13.086859222 24.780301533 8.961388750 0.139353444 0.389463977 0.763775436 -0.495525490 0.514813627 0.892770370 0.319929738 0.823581066 -0.023914663 0.079491982 0.056313260 -0.176741434 -0.747463188 0.713762909 1.156260094 -0.418583426 0.872862222 1.409466463 -1.056679260 -1.337464068 -0.596730103 -0.885343883 0.163591357 1.207159370
11.917118807 22.018987523 13.893660168 -0.145239188 0.269118421 -0.333654297 0.891715013 -0.618445787 -0.990982427 1.194976127 -0.318375193 -0.889518674 1.081839318 1.692083647 2.076536506 -0.870603866 -1.361334978 0.514930015 0.823170923 -0.754118591 -0.121663560 0.275345594 -0.239886733 1.431697278 -0.452031294 -0.399290601 0.417287460
5.927630565 16.517840862 15.159229692 0.071578119 -0.821221778 0.563094173 0.058277917 0.605547167 -0.864226629 -1.767241987 -1.502638092 3.043997775 0.340122780 -0.100782791 -1.025393798 -0.374232868 -0.154547242 0.953503787 0.981076572 -0.453346531 0.469475825 -2.042229289 0.477671593 1.627784419 -2.165374926 -0.298061670 0.201138388
15.246214026 15.981119141 15.797461711 0.324749095 0.701135327 0.600039996 0.207121418 -1.184471091 0.459987023 1.788430018 -0.271617453 0.703325008 -0.858630977 -1.459644973 -0.435016802 -0.398658338 0.862075622 1.113390415 1.691207165 0.958269593 -1.324123744 0.225817570 -0.315194481 0.506863302 -1.106357642 -1.461421642 0.101168213
4.273484692 15.543839912 22.714075569 0.533725519 0.128414873 -0.066590738 0.833194073 0.618881359 -1.193100305 0.573615087 1.731789644 -0.798043557 -0.069839927 -1.381097175 0.967977715 -0.389131731 -1.901266722 1.339953646 0.066834710 -0.446391492 1.172115241 1.120706627 0.623001181 0.900322309 -0.711529775 1.351995907 -0.690599480
-2.034853128 18.184423451 13.509455719 -0.825479187 0.393024732 0.016639852 -0.404770042 -0.372516555 -1.440374801 0.738920468 0.729780183 -0.764423734 0.403983932 -1.168811620 1.046406031 -0.179770528 1.572586104 -2.129729853 0.836627764 0.585757328 -0.041221472 2.614567488 0.240587528 -1.336143500 1.072777228 -1.252402082 -1.557860722
7.320910613 22.403543309 20.153256273 0.482349142 -0.383731617 -0.785204226 0.059528782 -1.743410202 0.172101228 -2.775264136 1.347617408 -0.383167360 1.109185863 -0.528881215 -0.664815873 0.830803109 0.436971592 0.792771362 -0.030504405 0.322180224 -0.568861817 -0.542522163 0.858052089 -0.677074974 0.954849739 0.088610135 0.687613044
0.872514912 17.340115018 20.264232495 -0.284085062 0.460762942 -0.169462212 -0.823574980 -1.611898225 1.398700886 -0.142056230 1.267351694 -1.599086886 -0.449384984 -0.641943175 -0.248041629 0.306748352 0.483220401 1.036395461 -0.101975148 0.137009720 -0.527448415 1.215572223 -0.123304091 -0.839878616 2.645811424 -0.560298076 -0.536910316
5.902734547 18.399621939 15.742879716 -0.511645957 0.840712293 -0.038590922 0.173008658 -2.309736243 2.113724228 -0.098432810 2.021071485 1.347875499 0.281631256 0.675207636 0.890991043 -0.352891634 -0.724932678 -0.771966246 -1.133796271 -0.483937795 1.440784312 1.073980456 1.504678903 0.679697807 -1.488790780 0.301244715 0.335395009
10.585736034 20.814457191 16.269578287 0.201501827 -0.860522417 0.154639955 0.441570683 -0.588700301 0.208154704 0.186275240 -0.808640908 0.381250331 1.058561311 0.388479147 -0.376097777 -0.273542782 0.058913448 -0.049012485 -0.352748732 -0.449531303 1.135131712 0.496295394 -0.394400531 0.085066447 -1.123950302 -0.302570380 1.853542031
4.707788643 20.963670345 6.598769577 -0.106632786 -0.155177641 0.310885293 0.931611337 1.467896383 -1.196362855 0.973801814 -0.562319245 -1.064286202 -1.156841441 1.399202832 -1.970636872 0.982557679 0.290944656 -1.053632315 0.679624975 0.444882141 1.140531621 0.019167665 -0.007979582 0.004799573 0.893955978 0.398196213 -1.362966993
-0.642344137 22.607002992 11.308621905 -0.470918847 0.545978713 0.081516057 0.688111777 0.378251317 0.950173284 -1.618009427 -0.685044382 0.643820293 0.916951505 -0.325895446 -0.502504186 0.752828011 0.696541801 0.119158809 1.163242516 -0.121002691 -0.098139522 0.455519748 1.057665483 0.163911753 -1.079973324 -1.512832723 -0.125755684
4.947127739 16.679159643 11.714292713 0.291694853 -0.347348196 0.102587116 -0.885290476 -0.699631467 0.612832461 -0.078362806 -1.018530661 0.230120123 0.161186729 -0.356552590 -0.615901863 -0.762289896 -0.594723981 -0.480001174 -0.498547979 1.597937351 0.643180827 -0.272080391 -0.230472555 -1.197064832 -1.441218276 0.073346908 -0.216533866
2.841817836 16.889504110 15.144620805 -0.382586367 0.127667671 0.407245967 0.819438442 2.403295155 -1.877422272 -0.283895024 -1.363012982 -0.282061307 1.351891932 -0.175604336 -0.974664292 0.329812895 -0.923677776 1.301632419 0.611151163 0.104079075 2.375708150 1.248396996 0.840383168 -0.372693920 1.699301554 0.168011225 -0.607455837
11.989143981 21.040982339 8.825468965 0.610493254 -0.144639392 -0.393540963 0.671939687 -0.203758112 0.434567801 -0.705957772 -0.921216645 -0.813974504 0.671408213 -1.676187739 0.772617025 -0.469654851 -1.018511649 -0.299438031 0.761224541 -1.380986406 -0.192972764 -1.724161122 -0.033241715 1.395900986 -0.169057700 -0.645751980 -0.685783813
9.012936560 16.881119868 13.743339835 0.201091119 0.324504215 0.748950220 -0.541602202 0.760428133 -0.767865188 -0.730357271 -0.099467959 -0.147756330 0.564836431 1.073354182 0.827807652 -0.437887447 0.906279181 -0.907254316 -1.773892051 0.769222480 -1.095061198 1.305978320 0.155872747 0.017263958 1.052604173 1.524044759 1.004562766
13.203351306 20.263263824 10.234881038 -0.070593354 -0.174811753 0.721105107 -0.666681974 0.914659048 0.066649859 -0.171589719 0.007306799 1.610444804 1.568333358 -1.150388802 -0.312609813 2.041734149 -0.032851918 0.049454543 -0.117075675 1.719182128 -0.320641987 -0.604441546 -1.457952745 -0.299714936 0.229736095 -1.511256785 1.971827967
7.880733540 25.291391750 6.610790504 0.402600864 -0.708805518 0.565317509 0.126187943 -2.447928652 0.161718444 2.132767395 0.554090217 0.115434856 -1.941303513 -0.485485880 0.453247462 0.464196632 -0.243397551 -0.279497760 -0.321909916 -1.774827596 1.626808959 0.391706160 -0.912186614 -0.638953146 -2.089093059 -0.293935611 0.341824229
0.675335737 25.140398867 14.643766854 -0.403164142 0.258029975 -0.562898636 0.673813277 -0.238073323 -0.549040755 2.322464292 -0.459744892 0.641388955 -0.085917474 1.082267273 1.187995916 0.034794948 -0.131224083 1.237600900 0.625895094 0.730264893 -1.932612870 -0.297213432 -0.465394328 -0.938083070 0.513645969 -0.198705943 -0.360875601
4.951828924 18.477814942 14.653439828 0.416722895 -0.458210117 -0.023844506 0.784740057 0.641057376 -0.238767832 1.234474047 -0.355076792 1.290262080 0.800367120 -1.521874874 -0.613706422 0.150688227 -0.067177875 0.373944750 -0.948710408 -0.132254957 1.178060246 -1.575121470 0.538581964 1.449467076 0.382084536 0.487493909 -1.174371592
0.090630452 18.022231331 11.779016617 -0.214037438 -0.100483058 -0.920476237 0.311150490 -0.676488392 2.233182383 0.440873657 -0.258456412 -1.002613340 0.346373908 -1.916169736 -0.592415345 -0.769987501 0.322087208 0.171673177 0.235433507 1.430707555 1.082197632 0.650526271 0.829193905 0.670235759 -1.120807784 0.474989066 0.541646296
1.583430870 12.405578374 13.957612681 0.557000698 -0.652791771 0.083516886 -0.506594568 -0.289829331 -3.193231113 0.182082795 0.065666034 -1.029796762 -0.519271465 -1.819247804 0.525194459 1.600236885 1.880727024 -2.278799045 0.798618484 -0.571982708 0.304253080 -0.473887873 -0.263294125 -0.553110990 -0.968723587 -0.450617097 1.816248918
9.817037789 27.429214777 14.197528837 -0.736125086 0.659331277 0.025719073 0.150800044 -0.392897682 1.145697242 -2.956015377 -0.650391964 -1.706638100 0.767433579 -0.277174810 0.046279931 2.006288582 -0.968642273 0.529927472 -1.932337158 -1.353915826 -0.050609694 -1.179532718 1.671949689 -0.829982421 -0.830588961 -1.744435668 2.033326374
11.988264552 17.388392155 11.331422714 -0.768963564 0.203938038 -0.591043097 -0.133313058 -1.033259026 0.582409245 2.020248340 0.160589912 -0.441390398 0.102132003 -1.726194059 -0.736945395 0.921992165 -0.578599297 -0.786524599 -0.496102823 -0.698427826 -0.789667905 -0.556934065 0.001801341 -1.079099240 0.054326972 0.102161116 1.271388742
7.496067540 17.875395998 21.894754208 -0.507961944 -0.769082786 0.313088254 -0.229046014 1.912828087 0.324941959 -1.637007805 -1.931271370 1.149911998 -0.173735331 1.014536861 0.490204257 -0.152296601 -0.480481945 1.668838972 -0.334807972 1.260395203 0.032743845 -0.682162451 -0.490739005 -0.582922727 0.099214419 -2.030109608 1.306256251
12.530350968 16.968067972 11.398362263 -0.963012224 0.096322242 0.218808978 0.124306530 -0.269033704 -0.581546904 -0.863774553 -1.263709258 0.512842214 -0.646645336 -0.722939323 -1.525561629 0.092291502 0.688235951 2.231821395 -0.725998483 0.584844687 0.529148748 0.560021475 -0.637819962 -0.295729245 -0.426293395 -0.364160409 -1.590630342
5.414709043 21.993753500 8.281265811 0.018656120 0.281648848 0.901494684 -0.328075007 0.898656269 -0.829383296 -0.913206585 0.845289373 -1.133155194 -0.032704034 2.199954578 -0.315985483 1.035760991 1.582107187 0.084551482 -0.674944758 0.960888605 -1.610176702 -0.314151268 -1.082887793 -0.504864680 0.115377756 0.424485978 -0.059498693
4.026760322 16.799795937 17.390029173 -0.221305903 -0.464886313 -0.696587884 0.499669624 0.593327389 -1.759981372 -0.276330848 -0.130335790 0.613477802 0.237167552 -0.665151517 0.605195514 1.886636295 -0.755569929 -0.161798969 -0.625888250 1.723674856 0.774610068 -1.060928744 0.324031126 0.700672362 -0.975854041 0.593043198 -0.606776140
10.003217218 26.495670165 17.935247000 0.413971987 -0.773946137 -0.280265866 -0.388697332 -0.632562878 0.988520866 -1.280063949 0.349292029 0.213268863 0.479936583 0.612822670 -1.747097926 0.607784564 -0.515775147 1.391923653 0.222574910 1.254075203 0.633410097 0.457151434 1.058892064 0.745523506 -0.515146371 -2.319201329 0.127599777
6.671387155 15.599055325 10.383147968 -0.556988272 -0.371288863 -0.717573887 0.192344384 -1.841053292 -0.020900552 1.875372355 1.965931318 0.255956399 -0.588950906 -0.127978270 0.883712125 0.045083921 1.690214414 -1.324647494 1.009050404 0.773287820 0.093895128 -0.739528291 -1.336344201 -1.181829041 0.798312613 0.011838384 0.670823787
13.262619518 20.977789676 10.919240929 -0.424139363 -0.226459126 0.113794027 0.869409561 1.552573146 -0.419444161 -0.970039458 -0.491846536 -1.179955320 -1.167940159 -0.880943187 -0.091698453 -0.216030112 -1.908990702 -0.942331536 0.563030794 0.006906656 -1.453808000 -0.668322040 0.517277771 1.202986065 1.792200615 0.089668164 0.068266828
3.630133223 21.419774588 6.968049530 0.798303662 -0.417642864 0.050329871 0.430990261 1.838831869 3.675761678 -0.160705548 -0.383530581 -0.811179147 -1.708522094 0.374625610 0.890874966 0.590679411 0.943963845 0.387154296 -1.837322963 0.006185410 1.174923066 -0.504748905 0.080737772 -1.702825251 -0.744694476 1.318555324 -2.112612994
7.107794095 12.860262355 10.462725864 0.110374375 0.607403458 0.317404020 -0.719814716 -0.694351827 0.989678684 -2.112470644 -1.408316320 1.197376105 -1.386731632 0.715034395 0.120204824 0.103706356 0.168634739 -1.635142505 0.250135005 0.190120078 -0.947325319 0.483513625 -0.592731132 1.847399458 0.565829940 -0.922796931 -0.871334969
10.865181325 21.625844660 15.912400577 -0.213908398 -0.933580389 0.154654694 -0.242389727 -0.336280774 1.572994087 1.182855148 -0.164682770 1.504350471 0.727513013 -0.202096180 -1.123368539 0.325411606 1.247038224 0.732769660 0.633144381 -1.845981684 1.042359104 0.942784858 -1.804049035 0.399694532 0.996324299 -1.108050178 -0.201492709
7.503251559 22.377388268 13.579183720 -0.180433773 -0.821130259 0.538380149 0.057754361 0.935685046 -1.090293831 -0.048630617 2.153466600 -1.684069053 -0.079703557 2.065651947 0.156732416 -2.337595911 1.808105779 0.964947557 -0.206012487 -0.108286751 -0.970227691 -1.926361993 -0.179746627 0.558753230 1.383780998 -1.345651272 1.197568838
4.134041981 20.045356043 11.041374466 -0.727801164 0.252142926 0.629596718 0.101672919 0.076636568 -1.249444268 -1.513563815 -0.063952393 0.832797913 -0.985980657 0.237589102 -0.620964422 -0.199826993 0.123093420 0.917834462 0.719099886 -1.670435733 0.302262107 0.766759739 -0.664180632 0.288069311 -0.810969203 1.950561387 -0.265027969
5.954749409 22.638054254 14.843705539 0.437659537 -0.504336786 0.721252661 0.184100881 0.372855038 -1.254716926 0.487071933 0.706998202 0.302672662 2.871308652 0.408213833 -0.412689135 1.060761972 -0.607406795 0.045254080 -1.163649405 -1.009442038 -0.968466921 -1.444153374 0.258028715 0.775815826 -0.970619869 -0.666203837 -0.519826585
8.430609639 16.968049258 19.135680722 -0.215426813 0.921805914 0.222599970 0.233054499 0.513558501 1.593242858 1.361677118 -1.063656715 1.132499794 -0.368600613 -0.044168325 0.435370696 1.028929405 -1.254306029 2.053694069 0.227123185 0.835445392 -1.677943288 1.188071814 1.096644585 0.665201252 0.565522013 -1.103238581 -1.002299873
-0.106854006 22.347213847 16.407711932 0.069377590 -0.520401406 0.822059913 0.220423741 0.063018469 -0.263888742 -0.992761236 0.198097792 -0.109180763 -1.248063808 -0.218184230 0.023343437 0.805826455 -0.943959630 0.360120221 -1.487142700 0.262561013 -0.229029770 -1.386314556 0.535859838 -1.438913434 -0.959241168 0.204026019 -0.677322968
13.703608236 22.670938621 16.798611001 0.630033772 0.386777006 -0.445935334 -0.504581680 0.678047914 -0.446075565 0.992841723 0.771491207 -0.707314852 0.253358395 -1.488237597 0.466233832 -0.539039505 -0.984028476 -0.327460575 -0.633529792 0.902869814 -1.358340975 0.572580064 -0.414085941 -0.213871527 1.524984997 -1.149836289 -1.127765410
4.766891954 22.023692445 13.284298664 0.757093341 -0.466976608 -0.252118189 0.381023541 0.447119181 2.745222513 0.957741370 -0.843843092 0.492416458 -1.327692476 2.932597568 -0.150448431 -1.604016397 0.358300243 -1.529130794 -0.568712795 0.060378737 0.897514926 0.845502683 -0.728697537 -0.231114575 0.485013000 -0.194827574 -2.631593815
10.450972784 12.211270364 10.226631286 0.358348173 -0.735378091 0.019006152 -0.574842949 1.071147430 1.229736381 -0.748817462 -0.952042632 -0.541698258 0.387758209 1.532190837 1.340579272 -0.796014216 0.335332918 0.118869001 2.054241304 -0.488708982 -1.295816926 1.009884572 1.786576320 -0.564169693 -0.027575871 0.333439349 -0.556843826
8.774447241 10.479240240 10.529209958 -0.598322174 0.644343408 0.342910451 -0.330521664 0.160165048 -1.588163221 0.398451626 0.255702133 -0.050963127 0.417086936 -0.281721473 0.191619673 -0.331904200 -0.585718349 -0.065869520 0.108911931 1.245048860 0.371980662 1.856352206 0.407444516 0.709101854 -0.468453102 0.040389478 -0.056558956
4.355570285 17.845872905 16.353329856 0.198333101 0.693594103 0.686038388 -0.094564964 -0.702511407 -0.232958837 0.154650089 -0.319974512 1.535271420 0.188898911 1.597210427 0.182814210 0.440181632 -1.047315655 2.655656354 1.226234997 -0.729634382 -0.427821263 1.139756081 2.384513994 -2.183435278 -0.362852686 1.103021315 0.041179871
7.794319680 13.803975887 8.114717904 -0.313819913 0.325419420 0.444176175 0.773515862 0.545260416 1.090383005 -1.152767956 -0.499994190 -0.535083785 0.092885936 -1.743074182 -1.159357046 0.158758355 1.138190765 3.074486421 1.648921622 -1.125693485 0.722607986 0.400394434 1.175448403 0.584389413 1.176958585 -0.137876600 -0.580764629
4.399182331 14.595611499 22.063084684 -0.132042166 -0.578549259 0.413112373 0.690784908 -0.382875678 1.519656327 -0.416608792 -1.861778722 -1.256550192 0.502461174 -1.214625679 -1.243161813 0.331435757 -0.229966059 -0.926586220 -0.519527209 -0.676151580 -0.347240430 -0.400623546 1.735383846 0.339525741 0.812081834 0.695779784 0.321986095
10.421772115 10.460473442 13.059845129 0.545958556 0.680378619 -0.389800707 0.295075581 2.339943791 -0.921688141 -0.534358622 -2.301423961 -0.961922317 -0.657712321 2.292594507 -0.238957425 1.211816845 1.700157217 2.041099951 -0.081857342 0.142645668 -0.709851342 -1.325260153 -0.246569060 1.342766053 -0.164495215 -3.086526461 1.234911987
8.704706637 13.623821582 13.707860079 -0.061959863 -0.110313827 0.231525431 0.964566125 1.334910011 0.646127087 0.865122067 0.004892620 0.097200075 1.168758818 0.381230456 -0.185729633 -0.805805881 1.457682815 -1.354789575 -0.394875335 0.828636491 -0.392756774 0.905004276 -0.654882326 -0.016941102 1.098914911 -1.029792321 -1.052058702
3.516654072 21.370263089 12.469650635 -0.325939137 0.618837978 0.677064783 -0.228881007 -1.081856363 -0.652148748 0.787762588 -1.680367255 -0.291154760 -1.161799072 1.292137692 -1.634679514 -1.055262305 -0.217686990 -0.414497890 0.050832135 0.227712284 -0.639650355 -0.154220387 -0.674671441 0.178432226 0.363658045 -1.010957852 -1.142855396
1.739648734 23.602326309 11.658545261 -0.096534577 0.145904557 0.973896602 -0.144631754 0.085821010 0.616242781 -0.379836003 0.933570563 1.330904191 -0.094401462 -0.060775901 -0.535532206 0.250420187 -0.041524202 -1.122097186 -0.647185406 -0.185887658 0.154356208 -1.172900281 -0.507350017 -0.785754795 0.228444146 -0.901450035 0.036642168
3.612723241 13.310304506 8.543241331 0.654269801 0.690687718 -0.246183680 -0.185135353 -0.396110558 -0.185969351 -0.858475756 0.980678963 0.560688257 -0.544295816 0.341251079 0.435317551 0.738581575 -0.238639949 -2.042281111 -0.198964824 1.274909666 1.354262052 -1.593507481 -1.841748028 -1.261534151 -1.145825523 -0.522182970 1.279238669
12.521122423 15.307672260 8.551004061 -0.143568436 -0.225520876 0.818523813 -0.508475374 0.045883166 0.251335850 -0.320507901 1.077852228 -1.007691304 2.326630657 -0.785256241 0.442345398 1.129124690 1.405040263 -0.682361631 -1.852606872 0.844455375 -1.452281859 -0.131621420 0.057181906 -0.021964644 -0.789306593 0.184820297 1.039707212
10.430042962 23.745153274 6.866866619 -0.359158947 0.072028919 -0.667569907 -0.648202981 1.268651841 -0.279685912 -1.105843155 1.105642221 1.781954565 -1.623440628 -0.218835654 -0.742969165 0.216715514 -1.148934662 1.401955833 0.226029324 0.821197296 -2.368356780 -0.602280101 -0.486137776 -0.091080437 0.495103445 -0.439520595 2.701874022
6.240678525 19.730088540 7.187680341 0.462680964 0.804951059 0.079481978 0.362853598 0.312348142 0.750267192 0.474328229 -0.454897321 -0.805515225 -1.915812818 1.374817872 0.836771228 -0.907064196 -0.655555751 0.274643182 0.750670132 -0.800939845 -1.524583089 -1.323369067 -1.608457095 0.155007907 -1.085540625 0.861736372 -0.312638737
7.931116525 8.683723174 12.610789013 -0.210709152 -0.662044255 0.685294096 -0.218337033 0.023073697 -1.417767818 0.402709079 -1.868868981 -0.450459426 -1.117786826 -0.881435981 1.976225414 0.551080435 1.464526073 -0.183009743 0.391972551 1.214217472 -1.251867052 0.928681654 -1.327861005 -0.511510750 0.942676895 0.043537938 0.348633601
12.953742132 12.990876799 19.173214764 -0.860075513 0.081711489 0.458515963 0.208222133 -0.049541430 2.420303140 1.147413489 -0.109667960 0.056895845 1.507623481 -0.699128453 -0.598035889 0.488775654 0.042016695 0.037293395 0.034747905 -0.509090024 1.724829314 -0.853669532 -0.168775256 0.808063385 0.483300656 1.156345529 0.219300416
6.045493151 19.597148584 22.635794810 0.173117639 -0.017611423 -0.951168978 0.254946458 -0.457999605 0.341028265 1.406382839 1.627513159 -1.146669200 0.884947784 -2.211857233 2.174843986 0.314941817 0.975076703 -0.121500913 -1.429039959 0.617171506 -0.323417308 1.226487404 -1.364290184 0.692647213 -1.431172398 1.825460216 -0.552652424
9.738844488 22.579340313 21.529781304 0.563179435 -0.656284491 0.482323722 0.139583015 0.544440165 -0.256831621 -1.120107882 -0.928670204 1.740632499 0.846983530 -0.008785654 0.590047297 0.117782762 -0.818239674 -0.550765646 1.653412820 -0.614245897 -0.118009289 0.478099092 1.435915197 -0.431097919 -0.653200516 -1.068465948 -2.765137660
0.605957393 20.854859320 13.315216032 0.280018311 0.094023294 0.473962638 -0.829523227 -1.053207504 -0.305668109 0.718704922 0.559276207 -0.017811565 -0.852152862 1.924357400 -0.679327854 0.803277238 -0.864488579 -0.878584955 -0.144128457 0.095075776 -0.010603166 -0.387752063 0.962964030 -0.427856657 0.237196110 1.731617847 0.266214546
11.386714673 20.027019773 18.871241467 -0.142410277 0.563760162 0.313325148 -0.750813655 -1.516174660 1.479573529 -1.665095522 -0.261449763 1.453794323 -0.977740321 -2.139432487 -0.004812710 1.803043581 0.270546094 -0.180976720 -0.025317571 -0.944799204 1.485885639 0.805755667 -1.149921952 -0.063885318 0.580825283 0.459656098 -0.428804889
10.872379901 25.669734302 12.120360961 -0.759521988 0.111027699 0.640681457 0.018068481 -1.944931826 -0.044507639 0.271290958 0.583303493 -0.540356005 0.155278562 1.831822546 0.464562894 1.228357309 2.038413609 -0.139580264 2.037268186 1.326616375 0.301119877 -1.678438675 0.665847934 -0.496431644 -1.590521344 1.187954125 0.113697988
14.383282281 17.295532644 17.826253493 0.769438241 0.353067072 -0.513554128 -0.139894936 1.509963307 -0.953087872 -3.059203299 1.323322524 0.100623438 1.338788264 0.294418799 -0.075945501 -1.085265631 0.462873241 0.140633098 1.082504722 -0.189892908 0.179568892 -1.287250622 -1.036593735 -0.802216684 1.283468892 -0.943143547 -0.753660091
9.347063546 12.628011004 12.884897470 -0.217187355 -0.034495818 0.869210691 -0.442845872 0.382775103 0.222340227 0.156885570 -0.125457887 0.821997646 1.128649513 -1.714937215 0.202608069 -0.120901825 -1.343368443 -1.577616616 1.864128073 -0.348835395 0.232365915 -0.477022639 0.513546828 -2.356400923 0.440430948 1.227094746 -0.515982480
5.918034793 18.093267774 5.583775910 -0.548983852 -0.244545933 -0.797894893 0.046666441 1.597940070 0.512771094 -1.813113555 0.428440201 -0.723038799 -0.908847049 -0.760184508 -0.263220129 -1.195024153 -0.465195213 -1.000212323 0.775025723 -0.581254090 1.701241766 -0.416413648 -0.558749611 1.165394020 -1.053386704 0.973226466 0.816280523
6.828391482 11.670420235 10.547300301 0.628682820 -0.262620032 -0.019499698 -0.731716060 0.431734214 -0.512742232 -0.829813490 0.586662557 -1.000202454 -1.653182969 -0.787983279 -0.350548181 -1.507661751 0.051136287 -0.824698441 0.241537059 -0.328980762 -0.221837591 -0.029585761 -1.829300443 -0.458913585 0.342449559 -0.315978913 0.493273885
7.160005769 22.776107760 5.055008558 0.405536850 0.587146677 0.303619587 0.631358685 0.394689586 0.350007400 -2.018090458 -2.268511242 0.367997332 -0.075354693 -0.076985121 1.101655781 0.913905453 0.999033906 0.017536825 -0.761135479 -2.157456685 -1.745755802 -1.693768558 0.525908148 0.003756847 0.473109639 -0.373535426 -0.938156346
12.070799666 15.278465341 8.208835439 -0.372083197 0.663572377 0.564146579 0.320880714 -0.349929865 -0.563127510 1.211810060 -0.979103513 -0.060288754 -1.591617062 1.604754902 0.799487995 -0.587314728 2.064578624 0.615808905 -0.098210792 -0.682845875 -2.278264732 1.285892241 0.418427333 0.649303049 -0.688522236 1.137128392 0.674427197
6.454809855 27.474763144 16.726883708 0.415510341 0.265444053 0.730657839 -0.472260240 0.163256554 -2.210727219 -0.883772767 1.522092185 0.788725322 -0.661391242 -0.981356541 -0.849062737 -0.057506161 -0.841877354 0.510840828 -0.598279799 1.520370399 1.090220693 1.157050337 -1.140693412 0.478019476 -1.409838744 -0.260855542 1.461274786
10.657536310 20.871299611 11.113190028 -0.966379211 -0.171070491 -0.018551707 -0.191054811 1.811127447 0.270036057 1.203268807 -1.188262099 -0.651436079 -0.312678482 -0.354161386 -0.163479020 -2.256468238 0.383853685 1.209597783 -1.565520000 -2.311914424 -0.859994724 0.772948066 0.110317013 -0.805722122 -0.216750485 -2.339974112 0.134895707
9.676093091 10.386391965 10.291906748 0.966451687 0.256817212 -0.002005159 -0.003469160 -0.143284198 0.181528852 -0.374577496 -0.143049503 1.211223503 -0.373708153 0.369453472 0.264674570 0.668303386 0.119090973 0.823163617 1.735463156 0.222128312 -0.051246098 1.294838030 1.016068131 -0.042620710 0.841781936 0.081178026 -0.794067188
7.916690072 17.663006429 8.357925990 -0.844671912 -0.183088947 0.235665312 0.444375584 -0.630026693 0.488618677 -0.410922038 0.568438548 1.728429725 0.915468059 0.149373031 1.431360452 0.954727771 0.995806205 -0.204893989 -0.909989475 -0.401611670 -0.638623867 -0.190142666 -0.653186458 1.165628515 1.019813022 -0.093340319 1.523110474
5.935273684 20.395961015 11.937591092 -0.773896156 -0.141136629 -0.610184343 -0.094022648 -0.539302219 -2.132846266 0.694680868 0.156642656 -0.521339458 -0.496219401 -1.093459007 0.778899593 -0.112836168 0.080996450 0.693576170 -0.784583581 -0.387167755 -0.069689970 0.163022721 -1.571565478 1.053002370 1.324206635 -1.761802198 0.295669171
9.747794649 11.879588055 17.988684195 0.821061477 0.184174450 -0.538443816 0.044900792 0.990120400 -2.056638327 -0.138401564 -0.400164772 1.784562359 0.748584000 -0.998600064 0.973635690 0.572573031 0.678290231 0.479610848 -0.465323247 0.097328667 -0.459421560 0.439661958 -1.089419064 0.756861083 0.653399334 -0.688181941 -0.402132450
3.056846250 21.432323995 12.730693874 -0.606172052 -0.360747359 0.456875201 -0.541924198 -1.624071523 -0.788991473 0.513444584 -1.486908128 2.320407845 0.200723902 0.713703306 1.251272430 -1.039700577 -1.102016313 0.344501098 -0.436677700 0.130004080 -2.235868460 1.065596336 -0.203247642 -1.713443549 -1.624033286 -0.975928494 -1.189077140
12.854695995 19.990861682 17.433185495 0.485984972 0.065041974 -0.821484761 0.291120140 -0.659004126 -0.392471236 -0.179479424 0.862465040 0.011680587 -0.519373993 0.149987730 -0.378873884 -0.091943802 -0.951384258 0.878068934 -2.528979439 -0.155711319 1.582423081 -0.367019854 0.273198602 0.223943751 -1.289108192 -0.268913394 -0.275751901
7.338421996 22.499234831 10.897645362 -0.384856940 -0.737240190 0.426002849 -0.356207259 1.364771761 1.164093429 0.244454372 0.589167363 0.816736439 0.739826369 -0.253356239 0.406492107 0.049235434 -0.278494071 1.115011780 -0.025404881 0.953669470 0.710687969 -1.071591245 0.832596205 -1.627927798 0.255042066 1.210858043 1.435950552
10.050408199 15.291916582 9.137444743 0.230758720 -0.485174523 0.842240278 -0.044580375 -0.195318267 -1.108212352 -1.856400249 -0.262220661 0.254341269 1.834832180 -0.054645092 0.125127023 -1.185794425 2.017881815 0.895936345 0.381688802 -0.124399425 1.658820291 -0.944404151 -1.118044343 1.832413566 0.155362950 -1.073115296 -0.480170688
8.219966109 12.074111318 20.096037865 -0.320779911 0.850463246 -0.298243063 -0.291313562 0.865721003 -2.344395524 0.846622782 1.002139378 0.526350812 -0.822684494 -0.866686585 1.190963227 -0.020181443 0.285192680 -0.579395058 0.477181723 -0.672483419 1.448035968 1.970482408 0.965895411 0.316439866 -1.384897029 0.768897462 0.726358287
6.488109712 17.972055392 5.567955778 -0.156733405 -0.804682080 0.073224255 -0.567943305 0.261330024 0.849559897 0.829111751 -1.696182785 -1.081416438 -0.050331929 -0.463476887 0.086611735 -0.103891109 -1.129591915 0.385495980 0.387681861 -1.531612421 0.955344033 -2.261687021 -1.337144466 -1.463578748 -0.339587605 2.573965772 -0.542267929
4.350068240 11.746969655 13.270279241 -0.211737092 -0.148543806 0.856074028 0.447481173 0.240703627 -1.333770703 0.406514468 -0.668553401 -0.669850370 1.588325153 0.489034682 -2.543880996 -0.110885918 -0.164057010 -0.013732655 -0.131688788 0.077114884 -0.391644686 -0.049049099 -0.259558695 0.159683430 -0.310325934 -0.237992572 -0.097925276
0.938129708 14.502217167 18.411581528 -0.426254496 0.489267490 -0.448493954 0.614636153 0.484811371 -0.389205922 -0.827473844 1.313780831 -0.854990593 0.416839032 -0.175631713 -0.421627033 -0.526184476 -0.081786269 0.692399374 -1.170047206 -0.408432736 -1.492663895 -0.467607639 -0.596452095 -0.517538604 0.043324807 -0.652112202 0.668877357
-1.719251821 19.119252647 13.670219605 0.012073338 0.240051349 0.970566302 -0.015186765 -0.539469726 -0.149202069 0.590720492 -0.863230561 -2.222162945 0.324108932 -0.599019803 -0.184310038 -0.079257262 -1.014601962 1.298195935 0.710144970 0.137216633 0.076443066 0.551727341 -0.254941042 1.015821491 0.087839382 -0.349716227 -0.065777076
-0.620640409 20.483321404 8.775033820 0.352671963 -0.665175281 -0.170467153 0.635692758 -1.676486830 0.159566346 0.365923467 1.476765412 -0.387223124 0.196069519 -1.079357577 0.130348180 1.407594514 1.099576882 1.717371364 0.035997049 -0.660944351 -1.432040196 1.382929169 -0.034786735 0.199933838 0.245251936 -2.737842100 -0.108729737
-0.913468622 15.609960563 13.149140889 0.520011951 -0.713260802 -0.085862636 -0.462032691 -0.182514584 0.370230751 -1.245866111 -0.272693380 -0.158881418 -0.833217183 0.479550939 -0.348854009 -1.387592108 1.574334031 -0.190439758 1.378405739 -0.801488595 0.661192182 -1.312610542 -0.270186018 0.433274280 -2.613725923 -2.676159351 -0.796263478
4.268528164 11.493961563 15.160530276 0.366984001 -0.883164910 -0.286482217 -0.057187627 0.921546732 -1.865132431 -2.001467871 -0.264152947 0.693149149 0.527957546 0.816824910 -0.823195234 -1.212027273 -1.767335296 -2.072360749 -0.675333951 -0.997900392 0.262946070 -0.798926709 -0.219604757 1.613019420 2.053256653 -0.050500943 1.105642768
13.978649788 19.326383825 6.521411419 -0.077531245 -0.716505857 -0.692806647 0.025044218 0.126216602 -1.796363152 0.383513405 0.523661379 0.028210393 -1.877812894 0.277672098 0.194061784 0.350617314 -0.837084621 -0.379475988 -0.758725040 1.574617149 -0.625543418 1.656121645 -1.242956649 1.561389077 1.191636321 0.864154112 -0.227038406
7.092936771 15.649428753 12.121775961 0.236110653 -0.346226800 -0.128870391 -0.898760916 -0.497189827 -1.087171563 0.853751763 0.113278749 -0.571390443 0.972101029 0.432882437 0.248380741 0.349198636 -0.518830436 0.589402176 -0.192906895 -0.580332768 0.406513607 0.626393557 0.123496040 -0.599917203 0.508258265 -0.737113186 -0.081127200
3.652361457 15.454616418 6.800783340 -0.460849052 0.160287335 0.263808275 -0.832064490 0.106272507 -0.935553787 -0.698571034 -1.047268131 0.628422516 1.575006091 0.674311051 -0.650789947 0.095158276 0.556461212 -3.232896862 0.604165345 0.721665440 1.244301403 -0.124369286 -1.679255174 -1.164064869 -1.647529690 -1.193135854 -0.056645571
5.008889732 19.338858332 20.508609415 0.574997894 0.172678217 0.365223815 -0.711457111 -0.653604258 0.820626366 -1.126720981 1.877042804 -1.981185199 0.753813922 -1.924452960 0.838208265 0.108893391 -0.255490163 -1.293680592 -0.492402499 0.451602845 0.038145296 0.586963307 1.662878202 -1.775711472 1.419537163 -0.121735615 -0.737102805
6.995674156 22.305253784 14.234087913 -0.213206574 0.339418784 0.837796486 0.370722124 -0.159778943 1.272753121 0.947482113 0.879269825 1.203036485 -0.360477016 -1.108065871 -0.092871524 -0.030782107 0.489039386 0.778455018 1.350386921 -0.361536688 0.115753360 -2.585902080 -0.012344041 0.336915392 0.718015436 0.246075645 0.801462797
5.882479357 23.213334983 5.420557385 0.543699078 0.309745310 -0.730537435 -0.273430451 1.630940993 -0.513616036 0.536491225 0.530107045 -0.761662199 0.333151923 0.400035710 0.626042682 -0.343272896 0.965369522 -0.625650162 1.324674867 -1.108998102 -0.055631199 -0.810598806 1.103227802 -0.335634245 0.524558235 0.607811302 -0.574394045
7.194089815 10.606625006 18.011858959 -0.875880393 0.304040864 0.366769271 -0.076635452 -0.785998537 0.040550105 0.758644629 0.866888071 -0.255914209 0.576290613 -1.194152245 0.800094253 0.761070410 1.200592825 -0.682332668 -2.133106844 1.376523455 -0.051451966 0.991183176 0.826695913 -0.848626705 -0.191157043 0.988506515 -1.353443040
9.524312859 10.009294938 10.942539958 0.354424396 -0.165024323 -0.911937814 0.124578262 0.110811375 -0.884014908 1.046220043 -0.801951735 0.259910110 -0.224556589 0.584527128 -0.225823194 -0.520611699 -0.756113673 -0.833532381 -0.198255805 -1.115025804 -0.166049614 -0.551139101 -0.341674469 0.028166828 -1.591857808 -0.712914976 -0.044582924
3.725682648 24.761309896 14.478173050 0.732472422 -0.570585835 0.301282841 0.217128086 -0.171595209 -1.285867397 1.453029057 0.512623208 1.386880790 1.673109418 -1.264654963 0.473149144 0.680413673 -0.369931095 -0.339391110 0.378227336 -0.869327594 -0.288780240 -0.473564905 -0.255233155 -1.800984033 -0.624705724 0.161697254 0.529661760
15.127485947 18.552243922 10.633762548 -0.181353578 -0.931244152 0.095976899 -0.301137251 -0.735427736 -0.177901873 1.026323769 -0.431656381 -0.841992858 1.343743023 -0.299738178 -0.141083288 -1.103517092 0.618330032 0.330183382 0.759217660 -1.718586299 1.111923275 -1.487974878 -0.740695444 -1.657868685 -0.334780688 0.456539910 -0.069328398
14.988267428 24.914261109 14.930988014 0.631705376 -0.098342989 0.658661953 0.396788867 -1.423058979 -1.203291299 -0.320477863 -0.967196694 -1.642855863 1.011416315 -0.375311494 -1.142150262 0.322009734 4.058955442 -0.270019817 -2.528965140 -0.292156776 3.241304389 -0.739418111 -1.432510383 0.202022119 -1.143121653 0.454440666 1.012606092
12.319614471 11.781964562 11.375461394 -0.348462276 -0.197942598 0.045333760 -0.915061539 0.199888597 0.247073064 -0.406397658 0.494253514 -0.968052132 0.184531950 1.245947848 0.093999904 -1.505153582 0.779447557 0.049552430 1.247014523 -0.171262513 2.406498846 -1.278286580 1.575577991 0.917841356 -1.229288293 0.935321264 -0.646224059
5.794868948 17.575487146 23.026008087 -0.142931505 -0.387381539 0.118823228 -0.902987912 0.391944577 0.708904194 -0.604183500 2.876581417 -0.377686495 0.925470930 -0.801757191 0.195427135 -0.212998046 -0.603899728 1.926707817 -0.317449049 0.430326927 1.605746396 -0.524782751 -0.895336264 0.024880506 -0.408759278 -0.928325863 0.488297635
13.092874282 13.326449516 10.287720583 -0.500930593 -0.006747175 -0.575813760 -0.646112630 -1.537812671 1.357010586 1.121711683 0.020782707 -1.835424715 -1.050219287 -0.026338007 -0.397458363 -1.169087870 1.233327317 -0.300825665 0.468599978 0.326691547 1.102514414 -1.538640282 -0.130230799 -0.191178838 -1.211108664 -1.637933987 -0.950265298
12.945995281 22.609275870 13.541432332 0.432774602 0.276207827 0.820812944 0.250362717 -0.676954689 -0.789437630 0.168046434 -0.770808260 0.085638613 0.967698900 0.637890609 0.005173810 -1.518021300 -1.742444266 -0.627636310 0.427231139 1.487090103 2.448246067 -2.180619834 0.791135036 1.495950546 -0.920191739 -0.003749397 -1.204230548
11.905105456 17.952639357 20.561147474 -0.581382181 -0.697312266 -0.306213036 -0.286328379 -1.146101580 -0.740304716 0.079997853 -1.203388638 0.270155920 -1.253247972 1.237070779 0.303583909 -0.414146834 -0.891362979 -0.981318307 -0.743028207 -1.911961850 1.447329537 -0.485008227 2.382713045 -0.142735030 -0.353425447 -0.164433606 0.865830830
6.172699872 25.289113435 11.063218023 0.709817403 0.033135993 0.502571196 -0.492426089 0.653922671 0.024771320 1.123125085 -0.313376748 -1.587310512 -0.833498291 2.280663516 1.790739454 -0.371535899 1.073109507 -1.138188801 1.024613893 0.387853967 -0.834862579 0.345525262 1.704682640 1.442846591 0.483638773 0.711301936 0.789795896
5.853922228 21.000952626 18.121278959 -0.030524162 0.062365189 0.893822146 0.443013351 0.931765154 2.539393345 -1.236006524 0.435946209 -0.290570472 1.067763175 0.394323930 1.083279383 0.610250018 0.064305377 2.868882455 -0.405977024 -0.472821492 0.517786031 -0.054156093 0.774779553 0.221915727 -1.212504579 -2.526372102 -0.561857221
5.028147559 14.088814229 17.477635881 0.322878695 0.858004157 -0.397654604 0.038066138 -0.158982296 -0.351765029 0.476166300 -1.121621011 0.382235177 -0.240973575 0.732587893 -0.968536279 0.886964929 0.224067799 -0.046756237 -0.212235565 0.838834014 0.364372292 -0.510991025 1.640582304 -2.012986923 -2.928014314 0.662497984 0.082967520
0.285488923 18.958580377 18.487363136 -0.480928995 0.521349523 -0.690308618 -0.142744488 0.590906155 -0.819974839 -0.569502042 1.338686688 -2.024411288 -0.088812863 -1.301461510 0.440761991 0.835513803 -0.533729040 0.417799643 -0.231267818 0.578728439 1.800904710 0.604675826 -2.690572750 0.241224685 -1.045247704 2.161024632 -0.563470728
1.622121183 17.014116004 14.061320871 -0.860389541 -0.343557633 0.366111895 0.087521834 1.338682145 0.606742024 0.635569626 0.960783958 -0.588013175 -2.165337478 -2.348088378 -0.628066460 -0.131855502 -0.131527080 2.242842973 0.628689663 -0.479688976 2.106132179 1.538141761 0.153234654 -0.775386692 0.023038689 -0.405308491 0.787731014
11.151508611 14.130248450 6.566573583 -0.589490405 -0.754904527 -0.222078122 -0.182487054 -0.028298345 1.144526230 1.360531075 -1.207221624 1.474139755 -0.385081954 0.447546961 -1.853057697 -0.960064440 -0.887187564 0.350411927 0.806438529 1.138384296 2.829918241 -1.476370283 0.002521339 0.314329555 -0.153505883 -1.619916541 -0.157533423
0.958091246 18.740837850 10.242569707 -0.654196264 0.470347488 0.049070776 0.590247869 0.394998068 -0.800938170 -1.855170326 0.214529787 -0.560070668 -0.747050496 -0.175274903 0.565616535 -0.494119398 1.031864261 -0.824324874 -0.701987510 0.625760637 0.951392033 -0.841947433 0.200775798 -0.133825136 0.315748619 -0.273484430 -1.679960576
11.073502697 10.823404074 16.020021057 -0.715595648 0.499271138 0.485913450 -0.050391647 0.462840050 -0.719863090 0.559645918 1.100545347 -0.638949439 -0.744849709 -1.420853974 -0.015433044 0.462399243 -0.774472151 -0.245026384 0.584294028 0.041000840 0.946312977 -0.479029656 0.169934318 1.483812168 0.382114047 -0.097709497 -1.356864375
5.905989430 26.974988344 18.170523905 0.175088785 0.249600472 -0.752253418 -0.584087594 -1.301063486 -0.145207562 -1.078796846 -1.094341054 0.278498520 0.768649982 2.218264533 -1.023539509 2.314080248 -0.773316401 -0.196637855 -0.294386571 -0.072948046 0.077627128 -0.521969333 -0.270258013 -0.549002533 0.864782684 2.050821045 0.545591631
1.630194910 24.023472456 8.914059923 -0.624163627 0.383050729 -0.614078138 0.294278688 0.487771909 -0.977061397 -0.964900914 0.533375198 -0.210120267 -1.292386931 -0.293272370 0.545224145 -0.406490967 1.078893934 0.479565383 -0.197956545 -0.114726750 0.497402963 -0.720887739 1.512474680 -0.787705232 -0.331497253 -1.128687162 -0.679795087
12.987821513 13.387732440 8.169987646 0.015428520 -0.327554202 0.031136470 -0.944193161 0.785964101 -0.289351256 -0.128584936 -0.481066363 -0.133139911 -0.331430602 2.566224727 0.978453440 -0.837876440 -1.018858981 1.972606168 0.965728793 -0.923399608 0.523689095 -0.260713329 1.424424087 -0.049286019 1.492394039 -1.030458031 -2.317990576
0.278759271 14.116034810 18.636280344 0.560045705 0.204939722 0.471918899 -0.649338949 0.858491323 -0.435038457 1.563603290 -0.716962024 0.710119340 -0.701319170 -2.109917875 0.654787939 0.979721071 -0.361274351 0.166333147 1.057995032 -0.362032822 0.283233250 0.603001617 -1.520337323 -1.427171480 -1.431241909 -0.148762632 0.001177629
3.585247106 12.270382953 20.422106675 0.486618934 0.573294200 -0.107043624 -0.650444030 -1.535346635 -0.050351529 0.457321159 0.489715514 0.425911465 0.117985904 -0.469018756 -1.480014861 -0.872344960 -1.068430606 -0.868674604 0.378875078 -0.097107151 -1.079812153 -0.163752424 0.242881859 -0.406320096 0.649587569 -0.205578356 -0.176444527
6.796819498 22.565259502 8.944380057 -0.471434925 0.331972706 -0.036397591 0.816222059 1.389049700 0.950266977 -1.051203744 0.405142007 -0.016140484 -1.137016623 1.213312339 1.025111063 1.292694043 0.354498069 -0.757960937 -0.431520133 -1.313801834 0.648224177 -1.098920617 -0.981734743 -0.727159099 -1.420611499 1.216258591 1.101164620
1.782872697 22.560984320 17.212702212 0.427438898 0.557656246 0.670102426 0.239328724 -0.855749560 -0.062390480 1.836250124 0.831407450 -0.403978510 0.644016794 0.381346270 -1.116927800 0.667365659 -0.531433412 -1.112999846 -1.960582267 1.136060207 -0.687212176 0.577433891 -0.404331101 -0.055002385 0.587097503 -0.881706801 0.754269616
13.352171048 19.377101387 15.463504070 0.040868719 -0.856175713 0.434009333 0.277360407 1.277369278 -0.357130556 0.967764521 -0.161701158 -0.175139591 1.509098053 1.187483769 -1.319598521 0.285027498 0.355549483 -0.305482401 -2.255520382 -0.770984117 -0.735025065 0.330666672 -0.003789438 -0.278150921 -0.298789950 0.231407243 1.719012239
15.628924321 18.217874549 15.568071426 0.428023893 0.115118979 0.778707258 -0.444024971 -0.341808946 1.061782940 -0.318802174 1.930923936 -0.945252619 0.519971531 -1.324438591 -0.315063001 -0.049121951 -0.218349202 -1.622125415 -0.397562809 -1.143942523 -1.359437708 0.066811212 0.295258315 -0.918981549 0.112484507 -1.129511173 0.171929699
4.060133774 14.456688751 16.939292824 -0.485617498 0.800818383 -0.348938049 0.033283656 -0.238288955 0.445166141 -0.676438681 -0.704954035 -2.600174343 0.722603315 -0.212860015 2.027782202 -0.012847648 0.347486288 0.982078537 0.015876230 0.216791186 1.354777261 -1.490125733 1.369012165 1.633342045 -0.907116444 0.541037384 0.128417795
11.067763502 13.882711024 18.285953311 -0.110178657 0.461187493 -0.467565348 0.746022389 0.705974853 -1.427580033 -0.131069066 2.528099457 0.071792371 0.050013641 -0.366521190 -0.409364274 -0.127234227 2.251327811 -0.663686738 0.718063890 0.016499138 0.198880581 0.559211723 1.201681032 -1.117670370 1.448650053 1.301016900 -0.211621040
15.289514020 18.700704783 9.194375046 -0.807254534 0.421946008 0.287857196 0.295702416 0.606127101 -1.333327071 -1.533576467 0.657158024 -0.136529224 0.750324163 -1.849374884 0.904329775 -0.870392543 1.048893431 0.440436708 1.145714746 -2.354731702 0.386234828 -1.935147115 0.160464086 2.039721773 -0.794211552 0.407668988 0.397716178
15.433539847 15.844895216 9.973892757 0.141399405 0.744661279 0.535667501 0.372217835 -0.799134675 0.925947985 -0.249387964 -0.629335001 1.013103811 -0.198843244 -1.284735163 -0.467142011 1.341928647 -0.154516837 0.196297190 0.357314069 1.794328837 0.253314907 1.069734284 1.020469750 0.867538804 1.302278015 -0.515854999 0.435737613
