22.628982395 36.501836651 -10.998604796 -0.728287875 0.571517537 -0.361326444 0.111389749 -0.749838237 -2.659503996 -1.945178410 -0.409215766 -0.133784864 -0.450731234 0.157964714 1.187670721 0.035541767 -0.393825419 -0.873170779 -1.726650325 -1.048394955 -0.219409129 -0.102223606 0.531590486 0.425570594 0.292904038 -0.322829292 1.169374549
10.908704573 42.471222118 -5.427558244 0.878761071 0.463679304 -0.112243164 0.013489113 1.377675923 1.542233200 0.905826283 -1.550401774 -0.644730904 0.023774864 -1.679423221 -2.529154870 -1.186196602 1.377923706 -0.220908655 0.534599580 0.473618408 -0.531008400 1.170833807 -0.451463543 -0.249287926 -0.402574053 -0.383464626 -0.273977533
15.132349532 41.523747023 -3.711722773 0.392615039 -0.232171593 -0.557249073 -0.693846707 -2.198440708 0.198798906 -0.179943857 0.657732592 0.136138084 -0.265475491 1.304997734 -0.108716776 -0.245050095 0.472654518 -0.684080391 0.192997337 -0.604462943 -0.042247856 0.120128347 0.080466996 1.277061271 -0.132673928 -2.261443740 0.310614552
10.696029259 43.120028671 -13.925835540 -0.720445050 0.641920805 0.016431214 -0.261966842 -0.490731775 0.374090154 2.223456576 0.449865205 -0.552749703 -2.312628111 -2.688680894 -0.539388449 -0.280505792 1.555698044 0.089388568 1.082875920 -0.351456316 -0.405435612 -0.582846062 1.356993892 -1.445552168 1.070229328 -0.912473054 0.209950468
21.794640241 39.542745687 -11.766036570 -0.043438008 0.152820643 -0.416068913 0.895346665 0.973898990 0.770239934 -0.578859154 -0.837463028 -2.773098899 1.080426492 -0.168919665 1.333168543 -1.023761445 -0.215773594 -1.108199302 0.095684684 -0.523831803 1.737272042 -1.208999327 1.181860175 -0.226843391 -1.118196205 0.108901120 -1.766535272
18.677057772 30.490868911 -15.042879034 -0.375258273 0.124914159 -0.909919716 -0.124995171 -0.570037844 -1.585246592 -0.015009510 -0.790266545 -0.075490668 -1.055570146 -0.274909720 -0.703341291 0.512874411 0.335721811 -1.441610125 3.204940321 -0.081393218 -0.119198967 -0.635156161 0.224922076 -1.252906128 1.375897013 -1.586587173 -0.760350113
15.455044381 37.833755124 -14.696360072 -0.279558062 -0.710282570 -0.627011622 0.155571161 -0.416092554 -1.093941767 1.060211924 -1.359378190 0.329261603 -0.941691547 -0.669388427 -1.274120455 0.413956121 -0.410912318 1.117011756 0.005438065 0.672782806 1.110654917 -0.703661619 0.418224755 -1.263901815 0.439438579 2.044474991 -0.860435562
21.718002513 39.936103639 -3.161703986 0.469118732 0.744965924 -0.445194206 -0.163571105 -0.488431673 -0.027331101 -0.642421040 -1.003450612 0.728615519 0.541428287 -0.796805880 -0.068510477 0.055167192 0.341387387 -1.224308091 -0.555700317 -0.075878614 0.257655296 -1.474683089 1.056530174 -0.625264471 -0.502204465 -0.370275939 -0.169757326
17.366616383 34.160329075 -15.799355466 -0.938882151 -0.254974955 0.081877453 -0.216296466 -0.113622391 0.091058740 1.649908736 0.543937178 0.598619619 1.291772550 0.247053326 1.089740614 -0.180836931 -0.028241952 1.093598042 -0.181926488 2.031824357 0.858503497 1.117052365 -0.922224432 -1.274579938 0.863696514 -0.553773735 -0.144580578
22.322175471 45.019758854 -9.708931946 -0.201874483 0.366624306 -0.483038364 0.769095085 1.503441436 0.370735209 1.033024321 0.094448456 -0.910971439 -0.966735137 -0.342781795 0.088490025 0.282273091 -0.276360210 0.045756684 1.028504027 0.840821321 -0.467156451 0.186603189 0.802608721 0.378668558 0.674844555 -1.215012369 0.227977023
16.872584160 43.461613815 -7.654556047 -0.008566877 -0.261768629 0.348121805 0.900119438 -2.032959466 0.853886109 0.504664984 -1.389265367 -0.362562931 -0.390031053 -1.011912995 1.724547749 0.055582172 2.372542462 0.892379867 -0.330200834 0.773897269 -0.404202862 0.603849025 0.602757966 1.083321128 0.905872216 0.634619855 1.692700306
17.592790793 31.732518728 -6.874218426 0.235460054 -0.052696302 0.191360801 0.951400392 -1.486230753 -1.559014469 -1.220195829 0.663552177 1.803079159 -1.301699617 0.567949233 -0.441355541 -1.892513239 -0.248603393 -1.749981260 0.571804169 -0.808026536 0.459123581 -0.152167474 0.202147525 -1.696670885 -1.400686774 0.236592845 0.315185840
18.056315493 47.705455727 -10.345493353 -0.127213773 0.032925623 -0.977477844 -0.165135171 0.908943699 -0.413114665 -0.961893013 0.468610163 -1.406288522 -0.209514567 0.361341084 0.038776164 1.128365040 -1.251159022 0.065118272 0.069664236 -2.575121505 -0.004170850 -0.346094075 2.078658165 -1.216912134 -1.311556048 -0.281000559 0.305756729
25.059852982 41.177746187 -16.227964534 -0.042268674 0.980745669 0.121077546 -0.147280412 -0.222861991 0.179722575 -0.610057140 0.287316858 1.490744449 2.187322720 -0.058390211 0.789612716 0.004255937 -1.893073571 -1.412625434 0.992368766 -1.217984221 -2.319125358 0.112603385 0.774717194 -0.044558776 0.291847922 0.207959727 -0.231755490
22.433193340 39.870262387 -6.767063590 -0.729294137 -0.549493673 -0.043178764 0.405366945 -1.476162373 -1.956591821 0.931241614 0.081526773 0.087838177 -0.304652948 -0.796274590 -1.478957151 1.725840026 -1.375293803 0.182965915 0.307647472 -1.214211115 0.921391959 0.448769325 0.791973851 -0.539535995 0.847069793 -0.971416712 2.246449703
17.212475964 42.417367204 -5.662751491 0.243666929 -0.226150440 0.150025676 -0.931114763 1.327623101 1.298618642 0.662049485 0.026042303 0.672491507 0.824904760 0.723783280 -2.506205329 -0.234497694 -0.833892053 -0.981447868 1.252829000 0.382742169 1.423943631 -0.102934766 1.866058870 0.379704994 -0.512445469 -1.078308679 0.334675140
20.241200677 37.164727292 -16.104059093 0.802880068 0.175581637 -0.532885705 -0.201463421 -0.034529978 1.977719727 -0.547036988 0.200877430 -1.893480566 0.342520667 0.330704981 -1.598749101 -0.186773317 -1.762024709 1.353917432 -1.104293669 0.675111010 1.410667882 0.072155757 -0.297742732 1.139686221 0.793768667 1.058244072 0.412578637
14.644567622 41.667629625 -12.600648831 0.259500719 0.089552602 0.566773230 0.776793289 -0.434592866 0.520802314 1.491401689 0.927373221 1.040696103 -0.774435045 -1.553159929 -0.865170280 0.674310201 2.030278386 0.096894167 -0.392824937 0.880105574 2.008260977 0.019967661 -0.186608640 -0.175584986 1.291277597 -1.858836725 -0.233429603
22.881099107 32.383142554 -9.122014494 0.575505896 0.644456877 -0.001090884 -0.503455168 -0.407273495 0.369173974 0.326723761 -0.139430475 1.125626813 -0.535745037 -1.269974260 -1.264353777 0.308516010 1.096419321 -0.077396740 1.650279509 0.488434724 1.961681711 -1.879890324 0.574506339 -0.130438344 -0.113755863 0.294928282 0.962831144
21.836923604 40.521369846 -12.706051563 -0.654104346 0.352163267 0.527712698 0.411883292 -0.531257471 0.962765313 -0.544531120 -0.140561184 0.082832765 2.078666503 -1.293634833 -1.501302189 0.990144401 -0.911425575 0.395062469 -0.788686309 0.513609396 -3.701090933 -0.496986992 -0.554992784 0.839737508 -2.458557677 -0.035748290 0.045795130
24.855330422 36.676538954 -10.730472527 -0.833672232 0.286334769 0.402724366 0.246609193 0.145839604 0.756592531 0.089117499 -0.668427798 -0.243540542 -1.331437940 1.195434505 -0.612472605 1.480701225 -0.801581157 1.551166183 0.598145398 -0.622929609 0.263951642 -1.272467550 1.550719430 0.978485389 0.132419096 -1.247965680 -0.351903136
13.102531818 42.595294179 -14.392360941 0.750794583 -0.159680211 -0.190955954 0.611837844 -0.958976428 -0.516701427 1.549475939 1.779021484 0.608274933 1.014906053 -0.562786223 0.448988156 0.163793879 0.174702552 -0.008587534 -0.797294388 1.354600992 0.814858196 1.637498803 0.317814327 1.546106123 -0.121352796 -0.222288954 0.470097010
25.506398413 39.242240474 -10.317595749 0.386634514 0.169002309 -0.461432565 0.780404997 0.501947708 -0.331432908 -1.800937785 0.290739728 1.854679273 1.209297434 0.877063067 -0.177532260 -0.395493345 0.677436351 -0.052631943 1.028992745 1.272531751 0.909823406 0.756950448 1.022104784 0.283094390 0.732605225 -1.267966131 0.266169909
21.132154194 36.727799692 -15.510150495 -0.217815845 0.155589379 -0.408515849 -0.872618476 1.696400581 -1.607037653 1.197307073 0.647353759 -0.270797109 0.641590672 -1.438629274 0.918038492 0.056897606 0.115012486 0.421640887 0.292513492 -1.470600682 -1.878329381 0.439033429 0.554715901 -0.286324292 1.317500648 -0.003858647 0.356352097
17.978306885 42.268216827 -6.776250763 0.471818994 -0.671897497 0.191983034 0.537664491 1.126487557 0.051054397 0.371968618 -0.736473999 -1.527298437 -0.592480138 0.047280237 -1.389549848 0.102556996 -0.573211817 0.620119200 -1.500028185 0.961439156 -0.155488669 0.582016327 -0.155948196 1.111323581 -0.602596690 -2.054286497 -1.140705362
17.396641307 37.259357465 -12.339135914 0.619887060 -0.354497196 -0.078774081 -0.695605071 -0.711983958 0.213732688 -0.602602300 -0.301391963 1.578065460 -0.050387936 0.526212406 -0.888463844 1.311723960 -0.956677178 0.168677977 0.051259865 0.360524346 -0.358958817 -0.132068181 -1.410358143 -1.993008288 -2.557270267 0.929556871 -1.579349958
15.691043888 32.476859863 -17.573576502 0.448110313 0.885549608 0.038803481 0.116160794 -0.041478454 0.922871953 0.062343445 -1.202278752 -0.632188820 -0.880140449 1.264301219 -0.326424728 0.735216183 -1.358135476 2.441383446 -0.260500702 1.520728930 0.704958054 -1.038619294 -1.431319192 0.631214630 0.048534572 0.916824293 0.858245047
23.173299993 37.334748394 -6.122080001 0.396715396 0.107590510 0.848867365 -0.332363315 -0.195095588 -0.926527042 0.281174326 0.294890257 -0.642009988 0.207220888 -0.533501919 -0.513501501 -0.388501431 -0.451571036 0.557397457 -0.760245638 1.754234991 -0.006396225 1.637127697 0.751752590 -1.084182984 -0.561779483 -0.014292438 -2.296517461
16.620626994 36.883345469 -15.582013630 0.697613365 -0.062938815 0.574193971 0.423881566 -0.574964621 -0.709075025 0.250087432 -0.094820689 0.034043701 0.474450703 -0.339833133 -1.428197008 0.563796554 -0.203714179 0.081466208 0.403434961 -0.467084817 -0.581501936 1.287383990 1.356935513 1.273047767 -0.837224907 -0.655555987 0.405458273
20.862607776 32.789276833 -7.238377611 -0.342179042 0.381365629 0.617977853 0.596302887 -0.579094566 -0.772173199 0.626121404 0.418156233 -0.519378615 -0.937301851 -0.248833190 1.374893298 -2.232028299 -0.490082091 2.423476917 -1.469218408 1.150179442 -0.778151618 0.333656469 0.227892602 -1.417484168 -1.469013391 0.777901903 -0.661119185
20.331220936 35.291558839 -5.862415347 0.116389175 -0.662607578 -0.463045686 -0.577055846 -0.534294337 -1.834818166 0.190819934 -1.160227561 0.664808911 -0.029296342 0.343284600 -1.083727732 0.048480615 -0.072733518 0.068498493 -0.679846540 -0.894694951 -0.535497770 -0.155396590 -1.408990820 -1.104820524 1.301452952 0.895724514 0.181991962
13.920839274 32.418442885 -15.286250291 0.912092513 0.126791866 -0.177186320 -0.347298256 1.253704240 0.346414608 -0.804954495 1.107513857 -0.025720419 0.068744072 -0.264763921 0.418399035 1.070952856 -0.125353176 -0.616184679 -0.109191926 -0.029562994 0.204892511 1.908085508 -1.542980228 -0.449813911 -0.379058422 -2.494799254 0.180462402
23.821266192 43.041709506 -8.095916041 -0.555368314 0.390136933 -0.170541707 -0.714335170 -1.440660007 -0.430056630 0.720818303 -1.508549500 -1.400673091 1.540040517 -0.228674842 0.543617149 0.163736003 1.332591445 -0.523804165 -0.686016542 -1.124238625 -2.026322568 0.361844363 -1.025038666 -0.589465488 -0.776121011 0.498491649 -1.245374447
13.915001363 45.854386600 -18.147792553 0.208400813 0.004571337 0.962263439 0.174920775 -0.102232971 1.223151648 -0.553737451 2.286621697 1.562748150 0.763915568 -0.720839758 0.621696233 1.448724707 0.128706782 -0.684205387 -0.752615512 0.239909760 1.482265078 0.638818025 0.260955985 1.661349892 -0.450274193 -1.349728758 0.879982909
7.813318107 40.845693598 -14.868655720 -0.393045099 0.538632365 0.676694389 0.312210554 -0.461612719 -1.703432943 0.088046272 0.574650802 -2.138640830 0.705393333 -1.727690056 1.976412240 1.585288922 -0.007877664 0.538992529 -0.508931992 -1.735359603 0.381247123 0.352845307 -0.511360447 -0.531082819 -1.494726373 0.010730073 -0.396320988
16.717340425 33.336499536 -16.683762521 0.183352210 -0.453699431 -0.867252115 -0.091720019 -0.661226601 -0.417981604 0.579777680 -0.103126531 1.235793469 0.018161877 0.047739228 0.152813298 -1.152763558 -0.006808555 -0.580162010 1.194867375 -2.379995362 0.595122924 -0.093193485 0.521965456 -2.395797081 -0.817638069 -0.411473029 1.649449026
21.584324285 44.617507052 -11.978754791 0.121809318 -0.807190998 -0.564438431 -0.122533428 0.448481904 -1.035602761 1.802184474 0.565360673 -1.038616464 -1.426880414 0.609281888 -2.487278088 0.083979094 1.288222753 0.418028574 1.343066467 0.217894743 0.687877911 -0.780420665 0.452606609 0.148021979 0.203950736 0.657277801 0.009446520
17.268474442 40.730627263 -8.668337376 -0.174814493 -0.027720453 -0.476932975 -0.860933451 0.823401254 -1.958846211 -0.623747998 -1.359935558 0.571705808 -0.295115119 1.312194950 -0.402303362 -0.157449212 -0.418554451 -0.999467317 -1.019158152 -0.508788450 -1.388514850 2.479822674 2.120217339 1.666112790 0.494108625 -0.024527106 0.705521475
11.653302036 38.783655979 -11.931599606 0.316670396 0.225091967 -0.481939656 0.785358284 -0.665851801 1.230289142 -0.120651267 0.406200055 -1.733746433 -0.157262464 -0.211661540 1.556559285 1.439463794 -0.646920411 0.350860408 0.873238713 -1.319788423 0.381659496 -1.637913031 -0.782411640 -0.043157359 -2.688395681 -1.261750448 -0.658028430
10.555046046 45.208024734 -15.044253385 0.393192296 -0.810654022 0.003945904 0.433848251 2.763753620 -0.108298745 -1.180130443 0.002486534 -0.881121789 0.015375467 1.350363697 0.079694580 -0.575467158 1.664981876 2.383302080 -0.834489625 -0.815526245 0.676068187 -0.758584435 -1.593345254 0.442864395 -1.150000380 -0.878984998 -2.056755608
21.859575313 43.991282882 -12.734080831 -0.314128280 -0.209098405 -0.029733409 0.925590193 0.447854499 0.680482647 -0.869165007 -0.139779146 0.262896282 1.187027674 0.137383882 -0.758374695 0.345344723 0.255048022 0.074294145 0.967543573 -0.638889773 -1.799862100 -0.054523670 -0.332079007 -1.175911906 1.069393645 0.377982921 0.822693538
21.324855296 38.819055551 -15.599776542 -0.150329797 0.672141730 0.720758698 -0.078315676 -0.444398295 0.413296102 1.315423223 1.703582875 0.498083340 0.819668890 0.909318011 -1.212324140 -0.874779154 0.340895522 -0.584960126 -0.939477465 0.612746254 -0.400369073 0.591759084 0.514209512 -0.056683834 1.058146121 0.663643373 -0.428203297
18.272652890 47.575702210 -8.826401064 -0.312015120 -0.869960773 -0.153557300 0.349621187 -1.409275864 -0.618416430 -0.644618128 0.949780115 -0.052661244 0.520338946 0.882179404 1.248912204 1.125258787 -1.235664275 1.832216151 -1.556985122 0.463911128 -1.600898215 0.781605006 -0.651621037 -0.488244577 0.557339613 2.278472199 0.861031542
13.076697576 36.334225836 -12.352572104 -0.122859906 -0.369439428 0.916193393 -0.094919020 0.133781427 1.315239441 1.138386521 0.397639368 -0.465702131 -1.633047639 1.456223743 -0.334410495 0.071012384 0.905600184 1.088743000 0.206615349 -1.639126406 -0.374249847 0.203021359 0.308417012 -0.452305112 1.257842382 -0.203423127 -1.818222337
20.436993965 42.107121873 -10.028661662 -0.666998450 0.229614053 -0.476528787 -0.524700647 0.955815071 1.435640798 -0.146878230 0.524019264 1.017554777 -0.743252587 0.217213437 1.804264892 0.193850699 -0.878476104 0.068177637 -0.806326599 -0.639550493 0.376752851 0.044943497 1.233013527 0.052066384 -0.443424842 0.946918536 -1.803985714
17.884652749 44.831237532 -14.442013223 -0.181342256 0.408533846 0.892670861 -0.057912154 -2.352729510 0.865810778 0.447813472 0.854437097 0.364420979 0.352467203 -0.821252041 1.275678489 -0.524977341 -0.954832138 1.285817675 -0.180283390 -0.200834344 -0.184103028 0.616555075 0.093112807 1.400038033 -0.329633939 -1.723523441 -0.747046928
11.585161567 38.508006959 -8.203109731 -0.563214842 0.792299000 -0.155426158 -0.175767020 -0.282040329 0.033401205 0.742479873 0.403032715 -1.477015330 0.063502570 -0.002936670 0.006141114 -1.672680757 -0.296081641 -0.577557396 -0.573768662 2.158689258 -0.201274957 -0.525681518 0.253698259 0.681843249 2.442799122 0.212753352 0.524386381
13.981995910 41.806285056 -17.614538140 0.456509055 -0.044571958 -0.247726104 0.853372486 0.049311333 -2.009648849 1.897414751 -1.038721487 1.180305364 -0.628822469 0.781617958 0.657039968 -0.906989548 -0.074692653 0.098551953 0.213841686 -0.468394977 0.118663066 0.366270317 -1.274151919 -0.176936354 -0.193803643 0.393119744 0.318799709
8.232172388 40.634475942 -8.891517049 0.242423809 -0.158271851 0.951235734 -0.106448568 0.378719427 0.149591323 -0.757362258 -1.073101670 0.113989103 -0.924319684 -0.447023802 1.912247685 -1.129858251 1.551412361 -1.216284932 -0.347443987 1.778337061 1.957315983 2.027721448 -0.831643671 0.450264860 0.602791698 -1.576122571 -1.526224320
18.670992655 44.019253513 -17.759448588 -0.040964959 -0.469544784 -0.815044786 -0.336974131 -1.296990871 -0.568824164 1.643257496 -0.421734024 0.611369894 -0.072600170 0.054337898 0.983938455 -1.792836609 0.636527067 1.077420938 1.366528877 1.730662669 -0.106782743 -0.487373530 0.643589600 -0.670206052 -0.206131654 0.181845095 -0.573134306
16.705222475 39.873239854 -17.288191502 0.122591432 0.018409141 0.264494116 0.956386589 -0.170474359 -0.609411578 0.508790426 0.311095892 -1.176516484 -1.045147648 2.343951121 0.253857455 1.659122009 -0.046942408 0.223787040 -1.324380649 0.287516910 -0.145497410 0.714191806 -0.006057488 -2.046956378 0.133897346 0.127157494 -0.631444532
12.706428526 34.442646044 -16.786353805 -0.345546583 -0.048340781 0.411543562 -0.841957615 0.943538266 -1.641179735 -1.311897108 1.470466740 1.427059458 1.128423028 0.276703242 -0.407030869 0.523357627 0.864187619 0.337820502 -1.021741027 -0.105951216 -0.781983857 -0.873820125 0.100177809 -0.248989692 0.330132189 0.096350067 0.585952998
14.041932978 44.033332003 -16.344066516 -0.400845939 -0.270008709 -0.740728737 0.466624870 -1.103508560 0.102726468 2.092132321 -0.092872839 0.012851722 2.388372548 -1.555078634 0.380752112 1.479626458 -0.014392289 -0.199805818 0.175466090 2.264291860 0.601021937 0.536346964 -1.264667531 1.280909171 -0.516166831 -0.918271466 -0.391454045
17.241307839 34.041810354 -15.755323830 -0.189129082 -0.377808206 0.753454766 0.503782756 0.559762922 -0.160220593 1.698699230 -0.838824500 0.017146196 -1.129655250 -0.685590941 2.235987032 -1.804827433 0.794326261 0.575189413 1.767406931 -1.336085181 0.152134099 -0.885872579 1.136663399 -0.972130588 -0.576671465 -0.278378345 -0.158508902
21.522041391 46.595724114 -14.528471056 0.790723819 -0.394591496 0.463395030 0.065714838 0.998240627 0.051583068 0.460526722 -0.458802610 0.393693481 0.822854004 -1.793437834 1.093633743 -0.810783405 1.343383213 -0.133487759 -0.148898014 0.458034543 -2.320156698 0.170016908 2.154817151 0.920370670 0.075611612 0.972169667 0.009391120
23.281733277 42.812069461 -11.582850850 0.371324721 0.287186097 -0.260997381 0.843517910 -0.297125480 0.510408268 0.987883230 0.063538879 -0.088831347 -0.687247716 1.863801712 1.088483366 -1.373123686 -1.250054908 -0.227853462 -0.578010567 0.058736093 -0.805788312 -0.367089022 -1.029136849 -0.116289260 -0.854252564 -0.390182550 1.045212871
14.772904896 45.097895779 -18.129921107 -0.499376329 0.281488083 -0.814644914 0.087985255 -0.350432288 1.341640572 1.706235786 -0.532615308 -1.284323366 -0.611745428 -0.488165920 0.342326532 0.053564495 -0.206778066 -0.868995688 0.039429454 -0.751186619 -1.209193720 -0.186733208 0.168909121 1.209682189 1.554302263 0.020824485 0.569511270
17.810630362 29.981027342 -9.922271609 0.617096451 0.544249066 0.440140982 -0.359528636 1.199201697 -0.395625140 0.715217339 -0.988825735 0.393383505 2.109881080 0.118458334 -0.969601891 0.226116670 0.273226740 -1.523190083 -0.315776956 -0.413889485 0.968173985 1.545766315 -0.110339203 -0.603299503 -0.447420177 0.478659165 -0.823672193
14.030302589 47.610094970 -8.119526453 0.088963140 0.620105253 -0.038426209 -0.778510412 0.618961378 0.447089029 -1.173322652 -0.702057180 -0.836479895 0.520567028 2.878477768 -0.561323504 0.098613671 -0.608269881 0.862606789 -0.123556837 -0.314649693 -1.813161497 0.765362189 0.762998211 1.608353192 0.822301292 -1.174163120 -2.199529166
16.430854841 32.487950771 -11.379016646 -0.162367162 0.417937942 0.475574190 -0.756831534 -0.887490039 -0.815924401 -0.345082854 0.905109946 0.917633519 -0.490628764 -0.988636029 0.121617432 -0.018856131 -0.170474465 0.452092158 0.373203581 0.364086175 -0.721862736 0.473820058 -0.847081048 0.260439664 -2.825806950 0.122164490 -1.931531274
21.454005711 42.264108377 -12.980448601 0.521226598 0.822578195 -0.001173044 0.227346808 1.914826702 1.839603324 0.700917560 0.658601026 -0.179252213 -1.536528521 -0.107091252 0.043869942 0.875800861 0.167771272 -1.048335311 -0.036396928 1.142420456 -0.067460189 -0.187247483 0.103210848 -0.355985545 0.454892868 2.132996632 -1.387482207
15.217752840 36.088403877 -17.989957092 -0.785568718 0.201091293 0.250183201 -0.529010820 0.419014883 -0.340344752 0.441429809 -0.725239961 0.835424343 -0.986929939 1.786708889 -1.471396784 1.267269533 0.753195686 -1.706502974 0.789533285 0.714129561 -1.157083630 1.348973940 -3.009492447 -1.544352010 -0.584079856 -1.039986123 0.187762157
17.973160995 43.186166077 -6.358875837 -0.057893336 0.285649388 0.858744528 -0.421438754 1.015818706 0.598856318 0.336121620 -1.433811888 -1.424199061 0.576665506 0.157201291 0.451177152 -2.106025755 1.524487017 0.793085885 0.342163917 0.748785676 0.858355423 0.070562574 -0.131151308 1.490502774 -0.733905886 0.960939540 -0.560786186
8.951734313 37.790511796 -14.621482599 -0.623649430 -0.611793939 0.373020548 -0.312450372 -2.553779670 -0.348190677 -1.897212694 -0.944979494 0.314302375 -0.998186735 -1.235308849 -0.095172589 0.967432066 -0.175586097 0.571823327 -0.761454999 -0.780166162 -0.660823451 1.350764090 0.164376701 0.917548513 0.947737857 0.017494103 0.565628057
22.111255486 31.962771159 -10.142211447 -0.573317372 0.647039664 0.502538882 0.010076551 1.089484796 0.459588218 -0.548080275 -0.992566417 -0.078982541 0.042833412 -0.639774069 -1.224648747 0.395232293 1.150864294 -1.194995885 0.185954343 -1.269528149 0.808428649 -2.613121244 2.007820760 0.427145593 0.248727561 0.649064851 0.460851565
10.140994808 34.953138817 -7.445497383 0.456883956 -0.163828392 0.624891761 0.611496195 -0.170840159 -1.415900243 1.489652632 0.591812333 -1.747101593 -0.385883329 2.223620293 0.622491960 0.693355798 -1.668643761 1.259881031 2.102155182 -0.827359649 0.134309694 -1.070409099 -0.789890743 -0.070998169 -0.877270635 1.197790012 -0.169485455
14.125698859 43.656170361 -7.432363644 -0.722389471 0.229374560 0.487992324 0.432902132 0.035123676 0.128889900 -2.234155644 0.176361376 -0.066294121 -0.374169874 -1.019042734 0.123545400 -0.388732817 -0.345815872 -0.106998462 -0.228906706 -0.606621772 0.023094596 2.249309870 -0.445925517 -0.581271107 -0.285142456 -0.648921475 0.933876778
13.238045166 44.677628588 -8.310000521 0.354684856 -0.638625655 -0.442438900 -0.520195873 -0.144890644 -0.905255320 2.186376808 -0.107585323 -1.037197771 -1.535560765 1.010279455 -0.311024861 -1.332746892 0.784274232 -0.443808074 -0.088080121 1.802950924 -0.387271897 -0.035251637 1.550395833 -1.724416395 2.565450928 0.764985959 2.343190824
13.463543157 45.675977939 -7.300627821 -0.870570060 0.068472333 0.463390236 -0.150628018 -1.420509459 -0.497434868 0.220018315 -0.980009021 -0.455132248 1.080640126 -0.002580291 -0.059717091 -0.589217636 -0.359666233 -0.062775224 -0.252701555 1.500075677 -0.051795016 -0.802081342 0.821330800 -1.606601884 -1.101569036 0.928787004 0.720056082
10.778593608 41.855091849 -8.982365477 0.301827001 0.010708924 -0.710645000 0.635428568 -0.135402140 1.246542318 -0.350463860 0.936632759 -0.241645304 -0.237160562 0.778501231 0.290608522 -1.233792741 -1.232398005 -0.241417330 0.265822880 0.096941176 -0.744039464 0.709821668 -0.395014516 0.053930441 -0.422286097 -0.557706587 -0.809156297
10.743333965 37.658965682 -17.788354252 -0.403309059 -0.681672985 -0.552765591 0.259063592 -0.212825400 1.116227680 0.005159442 0.772549175 0.775802157 0.937286350 0.212155372 1.139929684 -1.062552552 1.188303674 -0.858109212 0.323940005 -1.033888943 0.120951659 0.449851411 2.551977978 0.023827348 -0.674136137 -0.270733439 0.548586608
13.311966627 45.273934829 -15.971384793 -0.386308688 -0.349607338 0.513712492 0.681644909 0.262330157 -1.237343615 1.099148627 1.929033855 -0.936763049 2.014972109 -0.915727144 -1.113023448 -0.309600540 -0.541066407 -0.666440478 -2.267342269 1.708793342 -1.167456677 -0.565570062 0.992880197 -1.374934468 0.162849330 0.155653853 0.551093717
20.392894330 37.626179520 -10.764111428 0.281274616 0.310272275 -0.905938459 0.062379600 -0.441859387 -1.147219756 0.209926906 -0.367786209 -0.545450958 -0.618035404 -0.454100691 0.422333660 -0.957778950 -1.336120434 0.411357725 -0.656394226 1.699426910 -0.602389124 0.872778702 0.654211512 -1.092595287 0.059037936 -0.995983134 -0.579686165
16.882604980 41.071333176 -2.792575997 -0.922340953 0.058740669 -0.283032803 0.256376933 0.983635567 -0.859304100 -0.764661642 -2.168563653 -0.321079834 1.110913741 2.006213500 0.472449500 0.927907348 0.194670015 -0.526101942 -0.050387783 -0.086619240 -1.774064381 -1.290997441 -0.822397773 0.385763344 -0.694953101 -0.029344156 -0.348517941
11.058675212 39.105316184 -9.031468784 0.379549445 0.527424823 0.700987830 0.293907021 1.216230530 -0.211778873 -0.311547421 -1.108319404 -0.221809185 1.614651410 -1.745901114 -0.132769053 -0.088379940 -0.023910295 -0.783745421 0.425736030 1.188789504 0.389356081 1.231309656 -0.743862724 2.319418438 -0.236524269 -1.308226044 -0.167701166
19.095560065 34.945969339 -13.356218514 0.342609539 -0.435473280 -0.659135038 -0.508451303 0.780375877 0.053613153 0.068154787 0.950275543 0.069433963 1.150135367 0.235066464 -1.278290069 -0.158458192 -1.168304578 0.485997583 0.741002710 -0.987126640 -1.550838140 0.010968586 1.183390363 -0.607324450 0.359499934 -0.688219231 -0.725135697
19.893052009 31.559804424 -13.752167409 0.391618090 -0.691138095 -0.521744376 0.311040530 -0.120260934 0.212929768 1.086872650 1.033078000 0.591307253 -0.038698060 0.891425890 1.191610716 -0.241189413 1.718252242 1.939045889 -2.643918789 -1.328339550 -0.783058263 -1.616888025 0.608241739 0.307282480 -0.072696432 -0.301101094 0.963819809
14.918175095 36.160289013 -14.339413680 0.632525442 0.119207032 -0.571260194 0.509276977 -1.351678080 0.845634662 0.823238793 -1.077279364 -0.528871351 -0.663752594 -0.553237391 0.496758658 -0.720783840 0.234374256 1.139681519 -1.408674429 1.005270005 0.020248109 -1.069449549 -0.376301874 1.748178592 -0.011274586 -0.654133981 0.790644024
8.647564150 43.965742161 -11.360617923 -0.362640531 -0.355603340 -0.259002108 -0.821557069 1.392842870 0.900089509 1.372984651 0.038694951 -0.629841632 1.539846230 1.749850650 1.808290718 -2.365939518 -0.143128051 -0.379862011 0.419037726 0.067337779 0.191720988 -0.629804469 -0.716226694 -0.832090452 -0.748076085 1.669189837 -0.230924832
11.624535667 45.319824774 -14.585354872 0.489770119 -0.562936390 -0.663939933 -0.049108215 -0.032199364 -0.802840245 0.917128955 0.875759641 0.210524238 0.270115287 0.019464490 -0.297374636 -0.641526163 1.534606026 -0.264517113 -1.881799543 -0.341555519 0.555423929 -0.482229733 -0.008434733 -1.179764597 0.050530968 -0.293429839 -0.255279262
22.841408186 35.344138468 -14.546121224 0.423971392 0.281655795 0.495904893 0.703559954 -0.521288843 -0.531377118 0.750156687 -0.742883918 1.917642015 0.383222440 -0.338093062 -1.053524431 -0.508931860 1.296014225 1.158450562 0.132372271 -0.298907078 0.578142067 -0.415464889 -0.709149923 -0.039373048 -0.886479835 0.192604721 -0.089181304
10.719530947 46.684529145 -14.475121885 -0.229996182 0.082625574 0.088496943 0.965630914 0.346465780 0.859801836 -0.280615786 -0.846218758 0.594405727 0.351658301 0.022840408 -0.286307521 1.354972018 -0.161745261 -0.372041022 1.865106732 0.640766874 0.093810646 -1.100955644 1.992315419 0.308102149 1.084248859 1.347508644 -0.092186523
11.811510080 31.710995985 -8.507219696 0.142076587 0.732310278 -0.665661500 0.020752526 -0.231618644 0.406176928 -1.789426370 0.944142472 -1.481987357 -0.045904789 0.726859028 -1.419049044 2.372604996 -0.670553118 1.030779867 -1.056654841 0.215529169 -0.210236164 0.420370147 1.412395744 -1.898038174 -0.690501814 0.523029775 0.242820457
8.289566939 41.135279124 -14.122308368 0.019366069 -0.688947672 -0.723896274 0.030826033 0.995071184 1.309629408 -0.712306880 -0.940268534 -0.165194061 -0.354264969 -1.297511611 0.110786651 -0.401060279 0.788816772 0.828495468 -1.424953880 0.867534444 -0.788585270 1.203809893 -0.090506758 -0.449419317 0.405405433 -0.414970604 0.060345836
21.850111124 45.085650737 -16.776899218 0.093351896 -0.087845039 -0.326211615 -0.936565350 -1.079918410 0.739269246 -0.325615650 -1.369267124 -0.173781881 -0.968815346 0.191881786 0.221729547 -0.079082427 -0.428956519 -1.913398988 -1.503783285 0.617628028 0.229703510 -0.783189361 1.906301165 -0.649901233 1.370628094 0.282830430 -0.851596286
20.907415725 33.964383281 -7.338770987 0.087197003 -0.406877810 -0.370056257 0.830605501 -0.643668620 0.480846678 -1.443717322 -1.541579092 -0.815456211 0.019113343 0.596695081 1.130241879 -0.576204838 -0.606638732 0.109024241 -1.137011129 -0.978519151 -0.227707603 -1.422831213 -0.538348377 -0.340051351 1.007715534 -0.530268206 1.877244318
22.300688749 37.238098232 -10.358828908 0.871924114 0.171671936 0.229418493 -0.397044382 1.374100507 -0.698229057 -0.184938497 -0.685782785 1.211491469 -0.249462239 -0.189833833 -0.523991298 -0.883022215 0.386962772 0.313902228 1.298708971 -0.514839534 1.961610406 0.532852173 -0.590251101 1.159005234 -0.979808170 0.229180883 -0.402373588
9.797415142 38.360852343 -9.522047190 -0.372580441 -0.790866734 -0.313864843 0.370408537 -2.528698355 0.019529667 0.533312063 1.987181124 1.971147958 0.263581642 2.060484030 0.280752292 0.036625667 0.243251295 -0.226608766 -1.357195825 0.902285529 -0.624901871 1.278522602 0.654994990 0.816488320 2.342944669 -1.032122202 -0.047836270
14.159151863 47.410756269 -17.260626851 0.634801175 0.563275236 0.154709693 0.505779980 -0.612371384 -0.755161433 -1.060054174 -1.023895743 0.153497159 2.536585091 -1.282741607 1.268822111 -0.597031365 -0.743408540 0.448780393 0.694994572 0.028652211 -0.249741945 -0.653812123 -0.428555970 -0.339586856 0.589963033 1.242296262 0.705509146
12.380141347 34.988749705 -14.782718796 -0.644768585 0.010457315 -0.557939751 0.522367065 0.525370323 0.522363732 -0.219879304 1.209002671 -0.821833725 1.751531664 -0.628102773 0.361057750 -1.318296197 -0.315118889 0.639179728 -0.295559674 1.541580178 0.383001818 -0.054531505 -0.461047984 1.361306545 0.413133206 -1.153154336 -2.371193793
14.918478552 33.865452302 -12.353323565 -0.758218865 0.351744856 0.376181883 -0.399833591 -0.570297243 -1.661269539 -1.344930025 -0.309947398 -0.277299572 0.678566770 0.814055709 -0.421214399 0.719950927 0.101951311 0.716599003 -1.154526545 -0.780518179 -1.496255576 1.694540581 1.194384628 -1.119475969 0.622843290 1.606721112 -0.008475780
19.865408182 33.971657971 -18.476000378 -0.236574688 -0.008172567 0.620825616 -0.747356127 -1.535602705 -1.471943152 0.611713516 0.617647906 -0.581536610 -1.045329725 -2.236563038 1.409532647 -0.626942546 -0.863391618 0.283055119 -0.057096654 0.971122401 1.376121372 0.434507236 0.207564228 1.504143764 1.045275418 1.170569415 -1.372751299
11.322389059 46.719204562 -15.265774757 -0.206425981 0.752086869 -0.015752327 0.625704019 -0.052450115 -0.530960413 0.346439021 -0.620801957 0.747751238 -0.488181176 -0.882975248 0.805508539 -0.561808076 0.893419087 0.724689768 -1.045745173 0.606274474 -0.582170119 0.129591729 1.498274493 0.071206866 0.097988012 -0.444779842 -0.911286280
18.680325456 49.147741727 -9.626458211 0.838571496 0.168621008 -0.517917283 -0.011246763 -1.806147199 1.300068030 -0.925709645 -0.292954690 -1.438943431 0.258959391 -0.118583999 -1.181638267 -0.099972223 0.019376546 -0.509791477 0.254571405 0.157057420 -0.295161489 1.607079565 0.034065503 0.791439729 1.311165380 1.606361265 0.266771942
23.315816126 41.520162738 -10.885885478 -0.875746811 -0.281993342 0.041979321 -0.389595963 -0.471488215 2.587739796 0.395766443 -1.775033415 -0.425771340 0.444139506 0.422209544 -0.955269292 0.579882923 -1.625066779 -0.363325939 -0.512873909 -0.801967286 -1.542924735 -0.035245863 -0.503161161 0.127304601 0.626880771 1.813372742 1.154081403
19.712580708 38.123735625 -8.009885078 0.316403324 0.234141428 0.817552174 0.420327456 -0.688500385 0.172826655 -1.650714973 0.164006897 0.446419586 -0.732839749 1.384578229 -0.301678014 0.769438814 -0.917133155 1.622075051 0.445140115 -2.180530370 -1.281459696 1.035539979 -1.206169080 -0.105450692 -1.910316796 2.020095693 1.504810246
23.007266998 41.937076521 -9.698978065 0.972260472 0.129243781 0.187286204 0.054124828 -0.957727998 -0.993471759 1.920205347 -0.179546236 -0.377851392 2.242451240 -0.659649773 -0.192304837 0.964602325 -0.564416204 -1.290608318 0.631864435 -0.481299037 0.794131191 -0.466286431 -0.333583600 -0.232909497 -0.167985299 -1.934259499 -0.291837592
11.302067160 40.650695628 -4.112953908 0.697716235 0.428618624 0.207598055 0.535145942 -3.234888886 -0.460239074 0.215744927 -1.213670356 -0.688428878 -0.566730051 -0.387157986 1.635334003 -0.676882863 1.039604920 1.279584643 -0.275693029 0.699357375 -0.358737839 0.123367916 0.739356559 -0.421618126 1.072207555 0.574992252 -0.451979300
13.794827600 39.806171763 -11.093834575 -0.476867588 -0.586991776 -0.451248506 0.473722222 0.887580084 -0.443352017 -0.490111909 -0.686690979 1.566207975 0.496024012 -0.260829461 0.170173018 -0.190303064 -0.102601555 -0.567332376 0.318153666 0.873034722 -2.004482853 -0.689195317 1.948909425 0.336816431 0.467990575 -1.215900637 1.718875769
11.332473265 38.592190079 -15.773769619 -0.129955525 -0.050298786 0.131358905 0.981491942 -0.126251828 0.198150393 -0.192089153 -0.700987257 0.998560752 -0.416638538 0.117748391 0.042704173 1.520982194 0.717855123 -0.016560791 0.797228980 1.760559851 -2.513322299 -0.483092434 -0.949941492 -1.242254039 0.046018588 0.344914914 0.614500395
13.818148533 46.243543042 -6.054704836 0.539276852 -0.705450939 -0.049949759 -0.457191941 -0.776329453 1.083209183 -1.195714091 1.387321176 -0.543425069 0.520296839 2.037577338 -0.586104825 -0.513296790 -0.362660294 0.102589134 -1.335741148 0.441898845 -0.390787451 -1.462329083 -0.263622915 1.512949287 -0.534367226 -0.068334058 0.831867098
23.555819402 40.127709376 -13.334176872 -0.206051048 -0.885618140 0.393952912 -0.134255647 0.412738608 -0.525829760 -0.174287559 -0.295470993 1.425500225 -2.008637208 0.413815554 1.663574188 -1.586365750 -0.574458434 1.359604499 1.110174232 0.518711825 -1.248259194 -1.311150319 -0.266634906 -0.444819431 0.133165029 -1.415089605 0.153318751
14.132640035 47.641086790 -15.709196507 0.415686976 0.151785674 0.253345891 -0.860221661 0.591099372 -0.931926985 0.620138362 -1.184209115 0.833183843 1.061408992 1.384878058 1.643394446 -0.735555041 0.635645827 0.083873294 0.711189675 0.350240699 0.678362317 0.250899177 0.910036446 0.572853546 0.184611375 -0.703783422 -1.076484474
16.471802202 37.956392530 -17.877123929 -0.030456109 -0.252607100 -0.611175359 0.749484329 0.810559907 1.036784526 -0.063825356 -1.675848497 -0.862937432 -1.265436822 -0.434688610 -0.257469401 -1.220953093 -0.890648184 2.390859676 -0.615864192 -0.352707607 0.648055837 0.310780508 1.298485380 -0.487691185 2.842141476 -1.563023466 0.589304413
16.482277852 47.962913424 -12.441752217 0.387946558 0.270049101 0.601535905 0.643991852 -0.046556847 1.550142333 -0.631394769 -0.413239124 0.916136813 -1.064438196 -0.012833747 0.077496624 0.026022988 -0.569002357 1.308569708 0.911248282 0.720439729 -0.344897518 -0.892734732 0.937933791 1.184601259 -0.205745742 -1.749245370 -2.604246112
11.170945613 34.030781892 -5.540679928 -0.397665698 -0.031319345 0.731280575 -0.553271914 0.434863336 -0.590020833 0.706617908 -0.162993279 0.415048123 2.152712994 0.330050860 -1.949093919 1.783176707 0.049914027 -1.363301999 -0.430919322 -0.718762162 -1.089719049 -0.509441132 -0.958992917 1.290696369 0.710167294 -0.622053699 0.792895821
11.979249365 39.207982946 -12.460446194 0.349056663 -0.895569334 -0.271749509 0.047615323 0.333828678 1.589551065 0.265379313 0.840646008 -0.102935452 0.645921359 -1.987755465 -0.840792135 2.098920886 0.137575686 -2.395230066 -1.895605784 -0.888441933 -0.604817755 -0.302150496 0.627072050 -0.363973173 -1.246289405 -0.442829139 0.561829523
14.580749456 41.610154021 -20.076884613 0.322932091 0.928289631 0.059628226 0.174464035 -0.016617795 0.208244103 -0.049922672 1.116146245 -0.108490250 -0.135485287 1.660982588 -1.265801301 0.716406873 -0.168842586 0.855899753 -0.144290033 -2.020952751 -1.422637135 -1.208158917 -1.244578426 -1.278607046 -0.653932475 -0.084190273 0.502156074
7.232144895 37.546134401 -11.677893050 -0.303679761 -0.080150746 -0.919235746 -0.237402830 0.831989369 -0.682477996 -0.345865479 1.456844082 0.579622164 0.183501392 -0.193783065 0.168359031 -1.618627635 -0.598225616 -0.008826752 -0.825493833 -0.430277017 -1.322443555 0.338312248 -0.593208714 -1.530041096 1.101862344 0.037226160 1.190247050
16.176425220 43.292211461 -7.393494040 -0.457737582 -0.751918352 -0.467318340 -0.081906452 0.378641280 1.368208674 1.146286641 -0.411882426 -0.032583490 1.409385566 0.209084277 -0.813996863 1.025952175 -0.356842668 1.937944787 -0.095416211 2.022981782 0.470451154 -0.917993927 2.185655434 -0.449695823 -1.997276420 1.556588832 -0.097449121
13.110059038 36.860553119 -16.893532186 -0.578445568 0.627986939 0.470955074 -0.221888367 -0.786709416 1.269847332 -0.352531635 0.255073239 -1.828786735 0.042658797 -0.443366901 2.222480142 1.177533255 -0.306679900 0.776626228 -1.337728081 -0.398821706 3.571331767 -0.034745401 -1.371685124 -0.767388384 -0.249173676 -1.409154737 0.773347770
9.280661203 41.761139975 -13.798046316 -0.188611009 0.401759242 -0.789231874 0.424415419 0.323844725 -0.322380526 -0.285433267 -0.412051062 1.302422069 -0.669552182 -0.712375835 -0.877260655 1.339839309 -0.273378955 0.788629216 0.194382780 1.774113484 -1.311398344 -0.299566485 -0.747713243 -2.518280550 0.637692354 0.561359365 1.283289208
19.789508147 48.726650169 -13.301444965 0.414312771 0.889066653 -0.036854966 0.191173025 -0.557612897 0.072450247 0.817747005 -0.167015082 -0.270392080 0.427584112 0.753892133 0.222275756 0.547408145 1.238531322 0.188266245 1.855991509 1.368299405 0.524690035 0.923241956 0.361950858 -0.349886529 -0.133508083 0.766834900 0.781507426
16.714403493 35.150857492 -8.062480397 -0.097280100 -0.416645381 0.222782836 -0.875962908 0.864736262 0.516868086 0.298208059 2.766814079 1.314452506 0.842007297 -0.283824844 -1.059401436 0.401776322 -0.199900917 0.435331116 0.151288973 0.635866269 0.024784704 -1.033748008 0.094267633 0.480516656 -0.484624742 -0.799699467 -0.140513979
16.233019134 44.575850322 -9.540329592 -0.726002903 -0.677923472 -0.051734858 -0.103262072 0.224034902 0.890546038 1.075691153 -0.040673330 -0.601263380 1.115255648 0.071575221 0.425006335 -0.718438312 1.051750122 -0.516359069 -0.705716001 -0.393260577 -0.820205892 -2.331276336 -0.061160785 0.502931098 1.344252711 0.329603290 0.899557215
11.207041549 39.939400902 -4.795636463 0.030253085 0.279564530 -0.938579652 -0.199991651 -2.049868815 0.856651403 -0.685824650 -1.095015375 0.319269531 -0.374912157 0.540359765 0.650146019 1.189799386 0.446234868 -0.998881292 -0.877375388 -0.299854949 0.436261937 0.256294645 0.541520764 0.274360723 0.212349910 0.036054515 -0.806864900
24.249057580 40.052593535 -14.913539361 -0.495623620 0.059423300 0.780836028 -0.375661012 -1.295160262 0.481006323 0.105640482 -0.383083972 -0.393149881 0.573637689 -0.021165357 1.105863042 -0.007795465 0.175180158 -0.778310846 1.344103369 -0.856474264 -0.211869071 0.094903367 -1.179955559 -0.336671082 0.632309196 0.137360778 -1.845531315
12.827829496 42.130176680 -2.996780361 0.671328225 0.640556255 -0.348428088 -0.132679939 0.384942280 1.200444734 0.734616873 -0.339572138 -0.699986942 0.538128206 0.257918624 -0.215510857 1.174005682 0.393275162 -0.445964532 -1.205934999 -0.807847850 1.680502666 -0.317592212 -0.521364505 -0.558275887 -1.036846181 -2.119561349 -0.582796420
25.560833217 39.405248523 -8.592250933 -0.487785787 0.608109900 -0.615496526 -0.115893928 1.283173729 0.152057232 -0.020837006 1.256654559 -0.875283182 0.670847127 -0.836541090 1.029741184 0.652992873 1.353054122 0.591905994 1.607116500 -0.652288959 -0.344653556 0.750800964 -0.388028486 0.189601399 -0.927299947 -0.669239411 0.709277329
23.082682277 38.619059434 -7.277036047 -0.218161184 -0.721540792 -0.390169351 -0.528727209 -1.402751164 0.953614606 0.637881526 1.389906432 1.293453718 0.178902466 0.333679554 0.265562940 0.238347429 1.689077924 0.965199935 0.318338199 0.325518743 0.364701549 -1.498376763 0.034412573 -0.422984765 0.123873282 0.377489401 2.248465684
12.491710139 37.676155530 -12.066813456 0.267583613 0.808389202 -0.178113152 0.493134478 -0.897572717 0.408775478 -1.285261645 -2.222434142 0.845244631 0.423564552 -0.438353628 0.546163341 0.119765182 0.683918088 0.469759956 -0.473573359 -0.973087682 0.811577097 0.075364100 2.017924538 -2.024682684 -0.789140216 -0.308170296 -2.418482068
14.632131070 38.471664468 -16.198831488 -0.844343023 0.137992449 0.420996876 0.301337974 0.805350367 -0.773624806 -1.061043793 0.540273659 -1.645914687 2.371387885 0.761728248 -0.502506694 -1.089337750 -1.666286880 -0.692361157 0.262997969 1.069664348 0.611646614 -1.738009023 0.115486293 -1.422478908 0.581433184 -0.570074692 0.693541504
21.612944289 35.151972035 -16.239017030 0.277659247 0.848936573 -0.434337890 -0.116458722 0.069047801 0.336429845 2.670441598 -0.908258317 0.819541998 -0.006805501 0.078454638 -0.161060622 0.853889223 0.095910447 -0.977105780 0.020615335 -0.296875466 2.297023844 1.692756606 -0.643355120 0.591584070 1.167688543 1.754809507 -1.609632447
10.783477738 42.770350932 -8.928196774 0.829184130 0.308352428 0.247949510 0.394833509 -0.430902255 1.271628052 -0.721208417 -0.410739448 0.314914776 0.090606068 0.564889251 -0.286669102 -0.719923449 -0.811794896 1.300229424 0.423820813 -1.014611140 -0.027980848 1.529283234 0.397152458 -1.836100005 -0.075002153 1.824298823 -1.545947412
12.376992197 47.777790457 -13.781891820 -0.708078500 0.504732631 -0.165775299 -0.465175622 0.814560428 0.572916244 0.199416994 0.764189618 -0.223663774 -0.641559221 -0.111801143 -3.141930907 0.015797416 -1.731873156 1.191365420 -1.636538721 -1.670183058 -1.548234299 -0.681965976 1.073579837 -0.520300520 -1.792692168 0.940394051 -0.076621439
16.369216022 38.379883198 -18.668030296 -0.157780442 -0.503407225 0.520330182 -0.671522895 1.197054437 0.439013283 -1.148978180 -0.177625690 -0.932171943 -1.604490113 -1.608990077 -1.042548234 1.425449096 1.321384435 0.159180933 -0.732486163 -0.919506481 0.461626670 -0.338391416 1.080166599 1.867868936 0.299467586 0.738056175 -0.637171287
19.589003472 48.945998578 -12.013544710 -0.030967493 0.010431653 -0.976062933 0.215019407 0.414182449 2.198795788 -1.144813540 0.738715129 0.811309835 0.176320577 0.790070216 0.801626338 0.390850291 -0.705075538 0.341737465 0.456351297 1.209665095 0.459748025 1.695885859 -0.864796679 -1.221542992 0.721298570 0.462948426 -1.148850158
13.804766856 41.335577551 -10.656264775 -0.061046436 0.582607720 -0.331365452 0.739620521 -0.757071598 -0.544983789 0.847362382 0.189142758 1.094320914 0.714069444 -0.672849940 -1.330478189 -0.464351175 -3.073664148 -1.176320448 -1.823698554 1.224437895 -1.145249458 -0.871456506 -0.823232173 0.516152261 -0.951905043 0.716686997 -2.152259078
15.287747864 30.615040651 -10.300478317 -0.632708660 0.660799959 -0.389122288 0.107735839 0.729612126 -1.162856591 0.451704091 1.150499741 -1.325310761 0.289816622 -0.002741049 0.542468636 -0.931082808 -1.346585045 1.267044077 1.329258014 0.720855178 -0.406125126 1.227754919 -1.117124233 0.399428683 -0.541238791 1.246124905 1.270460208
16.333585044 48.658325615 -8.866376038 -0.228406155 -0.632568132 -0.709766139 0.209571500 -0.484542362 -0.578945872 -0.875605918 -1.841597839 -0.851587562 -1.133877696 -0.582926587 1.182649598 -0.815933908 1.197691374 -0.589598812 -0.267747552 1.079517985 0.330221736 1.032240919 0.979422526 -1.439022197 -0.256166196 -1.213183584 -0.262935456
22.764457042 46.596553163 -9.062219509 -0.744559380 -0.625605914 0.231065363 0.029280854 0.903647588 -1.345374445 0.114586579 1.165909454 0.334731113 0.186924000 0.498106191 0.453910842 -0.196879750 0.424599729 0.730170021 -0.565452444 0.938135966 -0.432740428 -0.925662221 -0.914305453 -0.881974252 -1.946463738 -1.440823127 1.663872242
12.878896362 46.105713262 -16.530411110 0.557731481 -0.292552317 -0.776739342 0.004973107 -1.119001803 0.875008479 0.451503454 -0.658825064 0.277149960 0.283338705 1.951374215 -0.110422007 1.021160267 -1.504681771 -0.585028150 0.367959599 -0.773228529 1.022227611 -1.319974471 -0.991345230 -0.130858153 -0.098149557 -0.985980866 -1.732608032
24.724959255 35.632361079 -10.020247073 0.506893568 -0.366204270 0.728741373 -0.279086641 -1.794582852 0.611159654 2.202849834 -2.812096590 0.550096635 1.167095063 0.619410497 2.161815348 -0.222547947 1.095325997 -1.582463622 -1.542883344 2.129036858 0.878000250 0.294001653 -0.375436917 0.928759862 0.947906507 -0.536575412 -0.370489228
11.653465881 42.878442908 -7.477452583 -0.365370328 -0.479097265 -0.040731284 -0.797064173 0.220249678 -0.968178801 0.249844890 -1.355069354 -0.836737990 -2.427545141 1.496178398 0.109627503 1.260888080 -0.315349517 -0.429805476 -1.802106827 0.549391602 -0.602205012 -1.432215095 1.366538184 -2.555038856 0.594080342 -0.876067162 -0.562502660
25.179539978 39.146194594 -6.663593618 -0.339567195 -0.800037822 0.195252160 -0.454433931 -1.837060062 0.580417003 -2.323429290 0.320507075 -0.721502095 -2.126961777 -0.256582310 0.162847776 -0.947258939 -0.966291033 -0.868895966 0.950898554 1.075694055 0.232343754 0.423254288 1.488846953 -1.428274337 0.518904863 -0.142282562 -1.023886015
17.351730856 47.095856041 -16.708484710 -0.408060859 0.752455127 0.278494590 -0.435589692 0.701148136 -1.157537436 -0.685118706 0.512478113 0.115948669 0.478036148 -0.798581077 -2.723787154 -0.099498805 -0.322747314 2.902981890 -0.500917973 -1.540837551 0.566209806 0.307397540 -0.495583228 -0.703723582 0.529171844 0.057639804 -0.629479440
11.887871743 37.566108287 -14.456622960 0.430992882 -0.072335611 -0.760507030 -0.480251759 2.135352665 -1.315397507 -0.789368957 0.901098276 0.221272742 -0.763573767 -0.722934806 1.111724389 -0.775248968 0.311545410 0.143508613 0.322582897 0.734821361 -1.266340824 0.976948731 -0.822925324 0.256939479 -0.893696017 -0.247163473 0.771702605
10.052698054 39.821010795 -8.617447928 0.009306988 0.565060250 0.107277087 0.817992616 1.759521480 -1.998446763 0.969561183 -0.186539677 0.220435362 -0.511742651 -1.614354800 0.369055082 -0.317562167 -0.873863614 -0.600789717 -1.638867473 -0.961930088 -1.080556414 -0.926970876 -1.447414775 -0.460792152 -0.164405777 -0.274905069 1.449346423
17.509321800 39.137206449 -12.456254982 0.171090682 -0.470360156 0.209166067 -0.840082650 0.549753027 0.691541417 0.703521769 0.364709808 -2.432382554 0.316985872 -1.141920225 -0.618384003 -0.065326829 -0.476774355 -1.022121941 0.149001960 0.109917734 -0.488213589 0.377421610 0.506483086 0.265294623 -1.779678546 -0.067411092 1.136059718
11.118148324 38.262540430 -7.907588338 0.751780271 0.320982731 -0.562117589 0.125778878 0.802621528 1.200839333 -1.763511142 -1.017356517 1.515331164 -0.463124363 0.071605600 0.933127526 -0.093554966 0.273653934 -0.915544955 -0.260776387 0.552631079 0.461218832 0.018394001 0.880176081 -0.039855393 0.164162159 1.284769691 -0.944815549
16.726555580 37.538383848 -9.688359460 -0.910889363 -0.082972750 -0.330288709 -0.233035317 0.667612649 -0.829048807 1.347611181 1.120839419 0.022902434 -0.937701427 -1.011415629 0.067814542 -2.375370205 -0.530061008 2.780150828 0.835098806 -0.081245097 0.489378051 -0.126800192 0.072877204 -0.084350743 -0.631588124 0.037071551 -1.076842282
14.236819893 33.549106163 -11.667859593 -0.886089609 0.114590023 0.258165046 0.367512096 0.265931780 -0.837789253 0.287558381 -1.291816994 -0.452009907 0.395548052 0.862542101 2.418186696 1.313597778 -0.764785262 1.216169279 0.024023821 -0.743266520 -1.905023178 0.389200167 1.020700396 0.172729465 -2.929918199 -1.984104872 1.267804328
10.574885535 45.277100632 -9.937836567 0.511792919 -0.368600403 -0.388667152 0.671669261 0.836294234 0.009971854 -0.460976575 0.574622857 0.099965004 1.540087092 -0.648732084 -0.260104956 0.259803697 -0.347698843 -2.562205252 0.658304421 -2.416231333 0.261513853 -0.019978091 0.994408642 1.591382811 -1.750229897 -0.289820719 1.323096490
13.869894978 37.123765214 -10.911814369 -0.483282460 0.358757308 -0.429805561 -0.673051587 0.703137102 1.294236426 2.050280888 -0.849760570 0.238699632 0.817978252 0.748388791 -0.381807933 -0.986428973 -0.445450354 0.604876112 0.274005316 0.726733164 -0.845868195 -0.521312176 -0.778863926 -0.820243580 0.641613150 0.165238532 0.366006988
15.675030254 41.015622226 -7.949038298 -0.472501967 0.399936113 -0.410712593 0.669408816 -0.402883506 0.300062709 0.756846125 1.152953316 -0.447075356 0.393158237 -1.591649194 0.073788132 0.533196922 0.909415375 -0.552663434 0.354556190 -0.663194904 -0.269214635 0.361679017 2.644106038 0.744053450 -0.305663553 0.083940601 -0.887362302
14.841100147 42.702698051 -8.596772400 0.062557325 0.577303723 0.315221530 -0.750627990 0.108932538 1.115910620 0.847511065 0.269277476 2.165044588 -0.069737960 -0.060237296 -1.046214088 0.985001255 0.471848052 -1.756318692 1.446018129 0.267099029 -1.044365849 -2.160271028 1.480542726 -0.045833045 1.077318411 1.620511779 2.446034201
9.748416404 41.217326597 -6.015891617 0.206403419 -0.001961252 0.246103078 -0.947009534 -1.754629819 -1.052933906 1.921006919 -0.204887858 -0.365897102 -0.090081008 -2.259001901 0.932182857 0.699523246 0.055864427 0.517907229 0.172294131 0.379351979 -1.373864510 0.919780579 0.031446802 -0.465094967 -0.327888736 0.744287219 0.526155539
18.154002414 38.859878705 -11.838264470 -0.313282729 0.840079420 -0.415661724 0.152793425 -0.117176052 1.663117002 0.670333311 -0.362080011 0.925265551 0.250085193 -2.061864482 0.928605545 -1.491824479 -0.343915132 0.378127031 0.230462748 0.700046846 -1.879113437 2.183169796 -0.428373099 0.301319472 -1.090199350 -0.530475799 -0.752723442
20.118613320 31.859582410 -9.180854102 0.042501673 0.825634322 -0.517866949 -0.219853125 -0.924213197 -0.720657026 1.374696239 -0.852510864 -0.260865846 -0.292140070 0.215945496 -2.151053639 1.142465855 -0.560314644 1.030931386 0.984509464 -1.618975816 1.143624559 0.647513892 1.217487398 -0.863655837 1.064573192 -0.617382624 0.210082818
19.450483823 45.761168645 -13.671706082 -0.820643878 0.457843802 -0.099660492 -0.327093970 1.370769221 0.317534903 -1.960338627 -1.621313479 -0.293653561 -0.448626573 -0.397303932 0.543303962 -0.429484104 0.341225164 -0.202937812 0.579859869 -0.106457044 -0.300876073 0.341536316 1.630931984 0.592323791 -0.331954537 -1.046170169 -1.605931237
17.818455128 31.363510602 -8.886695617 -0.535030633 0.722328210 0.281814995 -0.335506316 -0.925510319 0.156006680 -1.428972084 -0.766938254 -1.164459137 -1.195083722 0.152908699 -0.736924727 -0.311186273 0.427703305 -1.643428272 1.518600963 0.428631484 -0.177847284 0.301469313 0.622973321 -0.942041936 -2.434983831 1.334813337 0.073966850
21.020967297 39.916860302 -18.761596865 0.002037153 -0.678995881 -0.731191819 0.065718853 -0.363378599 0.872997165 -1.732369840 -0.123814696 -1.209598186 -0.647096164 -1.873923431 -0.195475122 -1.683048007 2.560070898 -0.552438950 -0.425392384 -1.924514665 -0.269007185 1.126405800 0.529887128 1.740639726 0.426620765 0.328376289 0.268399716
15.618681308 45.099647127 -18.285381913 0.300461650 -0.783192441 0.504701055 -0.203983437 -0.440370183 -0.029981212 0.372531714 -0.005508276 0.291860299 -0.816254347 -0.373206806 -0.844459358 -0.203138695 -0.293054886 -1.512561662 0.041280678 -0.334863099 0.543479341 -1.995424089 0.138125516 -0.427653977 -0.703444405 -0.540377545 1.993036699
22.502196722 33.964234737 -9.465515464 0.980526671 -0.016198946 -0.003603451 -0.195683562 0.363918232 1.054117365 0.987344253 0.272560101 0.676758421 1.236604406 0.911098121 -1.301181332 0.106696434 -0.717104320 -0.610162228 -0.651633803 -0.137881139 1.667292338 -0.224680804 -1.177404730 -0.603164516 1.883032825 -0.580783090 0.345284289
22.485328501 46.085325345 -9.788115997 0.936995692 -0.225083814 -0.247746606 -0.099989846 2.666194333 0.353194966 0.781634221 -1.062206836 1.119163703 1.455958213 -1.479216419 -0.545421711 -0.179423203 0.827852266 -0.970591284 -0.184004813 -0.599726050 1.200047444 -0.659539337 -1.107673577 -0.218961903 0.419831059 1.910868638 1.776571382
22.743335675 46.443684925 -14.630040311 0.886212146 0.168289888 -0.327996594 0.280579365 0.542939793 3.040029783 -0.934613092 -0.507170096 -0.309853543 -0.472842567 2.150853400 1.796036508 1.366149774 0.197039313 -0.367443084 -0.449340591 -0.637777911 0.382549117 -0.991055633 -1.410693723 0.220730724 0.133373821 -0.531965285 0.039543957
9.448220867 35.553985928 -13.884559190 0.340159609 -0.513886945 0.468072958 0.633339841 0.190420522 -0.993058545 0.174284245 0.708413960 0.866480747 1.238571180 0.325894664 -0.518772216 -1.647106469 -1.583507201 -0.173652830 -1.629930048 -0.125038580 -0.750293692 0.013523350 -0.858646121 2.114247344 0.142348361 -2.237377773 1.867483921
17.895461132 36.013142416 -7.139475979 0.743388544 -0.619657942 -0.127553502 0.217088949 0.860674564 -0.671178995 0.301276393 0.331469242 -0.824464466 1.574771482 0.935478508 -0.043542433 -0.281374611 -1.671955124 0.593657333 -0.464468075 0.209911587 -0.816353571 1.641351750 -0.838538985 -0.377146855 -1.083474153 0.744935280 -1.148881727
9.221300115 35.122246101 -9.108725266 -0.241103462 -0.539870862 0.803807351 0.065592036 0.083644920 0.627758292 0.164898202 -0.434434040 0.001256832 0.802576075 0.089181824 0.314162136 0.621697585 0.521115150 -1.296504378 0.735720705 -0.939638516 -0.397795894 1.215246600 0.503169849 0.527249292 -2.209637462 -0.248174741 0.766054031
21.493072331 37.717374225 -10.783168541 -0.091384946 0.657717812 -0.329336189 0.671262799 -1.926898953 2.313897077 0.343739875 0.541405365 -0.124060268 1.051059261 -0.546975955 -0.577165796 1.964491358 0.940558154 -0.524226781 -0.877232736 -0.194822428 0.336430489 0.846556533 0.238283997 -0.718806911 0.884514229 -0.697135731 0.545590437
15.049533495 41.620868302 -3.186275800 -0.215396602 -0.939725479 -0.232047784 -0.129128439 -0.445548478 -0.082220331 0.659373571 -0.179609206 0.225539665 1.620258840 -0.105468691 -1.527366918 0.665581229 0.755044876 0.294192691 -1.333499570 0.218755526 -0.836017160 0.718134487 2.589201508 1.099539281 0.457115786 0.163559304 -0.213895736
20.161112182 38.609195945 -14.307265834 -0.469487299 -0.348150330 0.532543148 -0.612185282 -0.874398529 -0.062352840 -0.110656693 0.158405234 0.821395341 1.358035035 -0.150911051 -0.697096239 0.138095079 1.903374753 1.180353037 -0.008480485 0.687144742 -1.324823742 -1.954295213 -1.921424445 -0.327587341 -0.666610446 -0.259043203 1.876063961
17.505550493 41.260015714 -10.136682193 0.114243362 0.472004699 -0.200173925 -0.850935026 1.402273449 0.414315415 -0.367963426 0.566938261 0.648612304 0.218258964 0.719200715 1.103904207 0.212095466 -1.902894212 -1.979256958 1.657121197 -0.943227753 0.604478907 -0.552045727 1.926792853 1.149420174 0.159646768 1.457498406 -0.426817796
13.348412836 33.113178311 -10.687583660 -0.027024695 0.810078732 0.306641252 0.499012281 -1.243276069 0.375362413 -1.946614346 0.508995727 1.237646082 -1.744750335 0.172522788 1.132506806 -0.589091241 -1.941896285 1.520471844 -0.017302073 0.558095676 -1.463272178 0.484078568 -0.987997124 0.234655715 0.078694129 0.799496567 0.621822864
21.118149215 45.790439645 -14.264218363 0.035589718 -0.985301770 -0.125268536 0.110551295 0.409654969 0.198818920 -0.455360198 -0.994410800 -1.643067092 1.422734052 -0.212909723 -0.024179593 -0.576147986 1.021351012 -0.765886240 -0.907177870 1.579067367 -0.990792595 -0.732037781 0.277214911 -0.950111710 0.259807454 0.970646181 -0.793827952
21.192802976 35.030277796 -9.244276839 0.324508861 -0.461791262 -0.820311877 0.092364788 1.604297805 -1.538442813 0.828370197 0.241378294 1.459721525 1.590791416 1.746646893 1.089931901 0.246303743 -2.646541819 1.539020145 -1.081029714 0.153226102 -2.357063849 0.240608095 -0.576480426 -0.537775511 -0.268726699 1.311959949 0.799259316
18.084751620 45.651501632 -5.020588274 0.021214885 0.031879406 0.996553800 -0.073580949 -1.195274791 -1.295583376 0.278236257 0.182843854 -0.156242508 -0.952503930 -1.534214976 -0.432365959 -0.017603191 0.943943811 1.504530354 -0.677452224 -0.658713433 1.824338195 -1.236862844 0.322189999 1.149655724 0.090561599 0.507029559 -0.793594584
16.245963740 36.857074928 -5.278474572 0.382820375 0.184787323 0.899310451 -0.102678711 -0.690658580 0.640218438 -0.279866535 -1.328946146 -0.011141271 2.576670644 1.600966083 0.062799107 0.426555653 -0.552559391 0.949947475 -0.505967245 -0.430357004 1.154788207 0.455867008 -0.567777917 -0.546791310 -0.611563739 0.338250947 -1.832154937
16.913659856 48.059270366 -11.610479531 0.264046805 0.041408484 -0.450937539 -0.851598473 0.915656818 1.099156554 0.994927198 -0.528271643 -1.328384657 -0.316881481 -0.048394349 0.336877066 0.510752979 -0.790093191 -1.535126351 0.753275911 0.830637466 -1.008906628 -0.165885688 0.043748101 0.796343640 1.493959753 -0.470954935 1.162355171
14.035395270 33.329561317 -8.006039538 -0.780471407 -0.296067821 0.148378678 -0.530275396 -2.776486295 1.512269551 -0.923057008 0.421075906 -1.839129027 -0.215331409 1.471582278 0.791257920 -1.352043612 0.119043659 0.758614037 1.491238817 0.835160459 -0.090635748 -1.719954990 -0.295161068 -1.702226101 0.954364470 0.875248841 -1.011453578
15.979900500 34.199433052 -13.208880589 -0.773270589 -0.434400181 0.461897052 -0.000439353 2.138043093 0.687928044 -0.131400069 -0.843941568 -0.040955090 -0.587211599 1.101099345 1.143873791 -0.886900650 0.259998609 -0.454110092 0.984020709 2.377953291 0.438084559 0.909716901 -0.137204720 0.371073849 0.539458172 0.419506066 0.541035964
16.691327490 38.186581480 -10.411283655 0.321938681 0.114982706 0.939606427 0.016559758 -0.631433457 1.074669222 1.233974463 -1.720877355 0.270612086 -0.119715267 -1.876652683 0.421837905 -0.503621933 0.828101259 0.233722215 0.947464324 -0.027295111 -0.435963500 0.759224821 -2.232685892 1.557170005 0.566670465 1.185909436 0.853853255
21.641936998 37.121786326 -17.663132073 -0.269915435 -0.039189456 0.450962186 -0.849848781 0.326782175 -2.124589324 1.367305580 -1.720864840 0.553280605 -1.766384394 -0.321560858 0.431275536 0.198395929 -0.627013356 -0.850385122 0.780358431 -1.044788708 0.836980894 -1.355530977 1.517983973 0.905831822 1.432896985 -0.487061105 0.437766060
20.821494576 36.700994820 -11.650877979 -0.126448089 0.522079523 0.828306618 -0.159223108 -1.055748066 -0.534984363 0.183560486 -0.141533733 1.080685968 -0.095808700 0.092720817 -0.307376188 0.937439815 -0.811343542 -1.193330487 -1.911317915 -1.031756048 -0.785614188 -2.659856608 -0.732047798 0.272311720 1.701618007 -0.208194084 0.878035876
13.275911543 46.309960910 -10.428613841 0.177973289 -0.805329883 0.066416559 0.561567564 -0.699302696 2.121347289 0.585735726 1.067833460 0.217796412 0.438283521 1.126207447 -0.473486088 2.023191066 1.826619329 2.233207750 0.308153133 0.441270155 -0.254021933 0.014638637 -0.168784755 -0.178550687 0.353283680 0.117409932 0.158635218
18.452424334 43.640626002 -5.678789144 0.773016130 0.371643751 -0.482713801 -0.176958673 0.113669900 -0.252191160 0.595419662 2.397165656 -0.402916145 1.283437450 -0.259050286 0.507583261 0.498568155 0.739160615 -2.931020003 1.629867200 0.250754528 -2.131569267 0.969065166 -0.907043421 -0.676462418 1.375249810 0.076284000 1.329997394
18.468941439 37.775206985 -17.494368966 0.207095629 0.014936209 0.792464199 -0.573488277 -1.481527621 0.599939617 -0.382876897 -0.185157589 0.629722820 1.248464740 -0.718573803 -1.068785629 0.616292147 0.268726540 0.784884398 -0.454839319 0.695828513 -1.261666172 -1.012430225 -0.843089229 -0.014319260 -0.471575931 0.691229844 0.386636899
16.247107707 30.312659821 -13.803798094 -0.230186049 0.021359252 -0.942952206 -0.239581516 -0.276045716 1.734871225 -0.625088309 1.404134423 -0.663348692 -0.799438470 -0.858444771 0.651457535 1.799327385 -0.258568825 -0.476402495 0.465977944 -2.081659676 -1.734396064 -1.152346314 -0.372456090 -2.914048460 -0.714253115 -0.148213008 0.405794041
15.388353756 31.324967033 -10.702336470 -0.156529487 -0.199994447 0.142298425 -0.956687984 0.169805549 1.029202207 -0.968567647 0.945914936 -0.586973808 -0.448341509 -1.915700501 -0.460451508 -0.458861817 -0.283863673 0.054309040 -0.755713856 0.458004187 -0.472097275 -1.521963702 -2.120009997 -1.216030062 -0.510616643 -2.065408496 -2.152551043
7.415623277 41.428274005 -13.778881136 0.202707576 0.882611479 -0.422053076 0.042164157 -0.615805181 -0.020539546 0.071951572 0.523709230 0.468515763 -2.065246270 0.759812191 -1.483144215 -0.348922829 -0.175915180 0.116316193 -1.287673898 -0.160143559 -0.214472281 -2.788684289 0.665836965 0.504659750 0.041327409 1.059985326 -0.781835512
8.610604289 38.845770358 -10.454671255 0.141541708 0.311065917 -0.854821846 -0.390491423 -1.144369950 -0.133929896 -0.382119537 0.021027961 2.222482067 -1.007353309 0.450965324 0.393589823 -0.186242034 -0.607082471 1.558220922 1.126855115 -0.867596453 0.297868267 0.546321018 1.169926928 1.113156252 1.189619915 0.254887597 -0.892813558
23.723571167 43.603068687 -16.913796493 0.349372403 0.369311447 0.792801897 0.336174257 -0.752689292 1.252876561 0.831658823 0.205609231 0.796603769 2.904238901 -0.720842012 0.284096309 0.815059091 0.986824486 2.208947842 -0.746539461 0.664139056 0.163480759 -0.921541184 -0.024507981 -1.557417873 0.750740016 -0.769596532 1.423629725
21.496944634 41.417158979 -14.067200467 -0.445070093 -0.015192634 0.674321043 0.589044080 -0.847254241 -1.628136905 1.208278643 1.748183062 0.483691465 -0.514317150 -0.111160786 0.754848521 2.667697144 0.840963094 -0.667886691 -1.541780075 -0.688562531 -0.561479917 -0.007194268 2.144279473 0.928028293 0.271326428 -0.529947438 1.324509512
16.525170009 32.866472222 -14.199942733 -0.216405159 0.039787602 0.784400892 0.579914644 2.990245139 -1.589744840 -0.038871156 -1.487058240 0.178934778 -1.485811406 0.525825194 0.590569207 -1.291211930 -0.209651292 -2.389260358 0.068748802 0.809000207 1.148508359 0.538852519 0.198819643 0.731939590 0.435573276 0.891145670 0.629809217
19.602827955 40.550899716 -8.907112991 -0.431512000 0.370791148 -0.821283597 -0.042480247 0.061940678 0.478324203 -0.337735998 -0.355110904 0.770127556 -0.848378417 -0.952608420 0.451666384 -1.272925279 0.343681640 -0.750317851 0.875527630 -1.609370060 -2.160303420 -0.609778855 -0.188383090 0.101836203 1.342568864 -0.528906699 1.945361739
15.736112749 42.930988203 -6.520883073 -0.503618280 -0.290100658 0.242292696 0.776855512 -0.292756763 0.247447367 -0.612161255 0.906585674 -0.551332153 0.264709420 -0.467497962 -1.775822700 -0.005765479 0.714711608 2.204323912 0.573579818 -0.470401842 -0.071498323 -0.000146131 -0.618088342 0.527636760 1.424950107 -0.793542363 -1.132641396
21.997486208 44.096868205 -11.604959001 -0.549985373 -0.220472175 -0.562036695 0.577081332 -0.290505338 -1.239346680 -0.691342146 -0.154223686 -0.284703197 -0.448117420 0.193956770 -0.438342344 0.121388781 -0.500404318 0.914595131 1.474952036 -1.165181125 -0.325251839 -0.304153142 -2.086371987 1.093369767 -1.607739563 -0.969931842 -0.070495066
14.130967814 33.647613428 -4.534685557 -0.084206970 0.915067870 0.361287095 0.158213822 -0.016785053 1.356888221 -1.155406097 1.089191219 1.150632101 0.229367604 -0.774621003 0.427260043 -1.250177207 -0.104316732 0.256600311 0.356028383 2.762894642 -0.506372723 -0.363937790 -0.880636822 -2.668383658 0.892073714 0.108421109 -2.911770779
24.029125257 41.064721645 -15.446654720 0.270530485 0.895759755 0.060971474 -0.347433732 -0.140098675 0.746152366 -1.294448006 0.396885830 -0.945238276 1.855130802 -0.126900115 0.377025866 0.597715140 -0.520766101 1.619289363 -0.097110950 1.074858685 -0.383586246 -0.593593439 0.545484364 0.079186650 1.550083415 2.187879198 -1.524581673
21.734588064 36.245625504 -19.097875323 0.867127551 0.377785635 0.112765800 -0.304387414 0.872730323 0.876023967 -1.361323917 1.046489874 -1.922515759 -0.724671730 0.110464392 -1.474819759 0.415500934 0.602462711 -0.000679306 0.615368309 -0.457763958 1.510102070 -0.888599918 2.283811922 0.728252553 -0.164701679 0.456330853 -0.462375397
20.025068372 32.265743713 -16.979712597 -0.346974709 0.913189338 0.203797508 -0.064500857 0.816637705 0.729155317 -0.971881424 -0.973997009 1.093984984 0.201616099 -0.498306542 0.458474449 -0.044316573 -0.232362219 -1.446057406 -0.010120517 0.788916082 0.268145805 1.958615987 0.720962377 1.186395105 -1.142416609 -1.264709556 -0.950825790
13.621344111 34.556717526 -9.692896163 0.482612482 -0.363962228 0.467727548 0.644862489 0.582965278 1.358751321 -0.689388853 -0.151097800 -1.441613014 -1.644355048 0.630348069 -0.071308997 -0.943087705 1.080024655 0.661961061 -2.304818275 1.086052879 0.263996777 0.466809714 -0.572585282 -1.387204334 -0.761956252 -0.938196850 1.138209616
23.397268207 45.558527389 -8.562804174 0.568030839 -0.097991253 0.112154612 0.809419560 -0.222238911 0.553318860 -0.147274129 0.191561738 0.579756378 0.030173315 0.589776619 -0.719256281 1.439794490 0.276611531 -0.370462935 -0.194536059 -0.407361404 -0.626942746 0.899357870 0.313100367 -0.112787540 1.739933563 0.761945373 -1.739666697
22.160409625 42.417657836 -7.596680535 0.062624617 0.403463832 0.829067753 -0.382023239 -0.563986537 -1.763662631 0.045675970 0.892841862 -0.626806418 -0.877882131 -0.913340116 0.376233871 1.772317201 0.842962290 0.047053662 0.621893605 -0.247219480 -0.532790260 0.188794794 -0.884473613 -0.826963278 -0.397628929 -1.394891215 -0.209689246
10.403916699 37.569828506 -11.636268993 0.675353672 0.197564385 -0.120005677 -0.700331613 -0.776003361 -0.709696304 0.012010329 -0.654827233 -1.361120963 -0.840179611 -2.399502913 0.605937346 -1.586995229 0.221655228 -1.095018012 2.855864471 1.540243688 -0.100811515 2.993647868 1.110588090 0.878735335 0.686987709 1.546904931 -2.149040040
21.375425231 47.924231671 -10.606747629 -0.146938432 -0.241430694 0.330547018 0.900477088 0.688975915 2.309829946 -0.205200835 0.560805972 -0.949473049 1.079646175 2.273849888 -0.529954659 0.520044365 -0.727742721 0.555719627 -1.348259555 -0.663667667 0.064004310 0.300545446 0.221602992 -0.147953004 0.111228320 -0.770418694 0.205972295
21.452307304 41.634120960 -11.745597256 0.050813221 -0.388168471 -0.071590499 0.917397436 0.177173406 0.829839287 -0.768376267 0.109873262 -0.505167103 -0.424432342 -1.378850861 -0.888242851 -0.895196390 0.218718302 0.686918730 -1.360011738 0.260767856 -0.689436294 0.903525644 2.064196379 2.285565153 -0.597702401 -0.678366442 0.030051600
20.989901861 42.074689673 -11.476293146 -0.887696852 0.031702073 -0.459103366 0.014607430 -0.114080303 0.409089171 -0.743060990 -1.110274758 -0.543656545 1.213582957 1.665955665 -0.040446550 0.135831584 0.942295205 -1.231587605 1.899516258 -0.478244308 0.116633457 0.239923204 0.622386630 0.539471426 -0.510850665 0.546274420 0.446455870
13.948582454 42.965658541 -7.418272370 -0.242191564 -0.648341411 -0.478666228 0.540254850 1.546458154 -0.877087614 0.019849974 0.834097361 0.507748800 -0.128095514 1.156372939 -0.715681496 2.916504905 1.742628842 -1.120672208 -1.074890722 -1.007735341 -0.176189020 0.818216320 0.854378875 1.968855512 -1.159590928 1.778888083 -0.767466372
14.081825257 45.636535267 -15.445995516 -0.704024021 0.467660189 0.532496214 -0.045737375 0.678075343 1.979913222 -2.314439997 1.841314456 -0.767547171 0.570502775 1.052115446 -0.033633566 -2.065480363 -0.108077066 0.858918048 2.701117852 0.228582515 -1.290766610 -0.184976558 0.084414233 0.414104104 0.030672450 0.355948425 0.966043697
