-42.330325412 -37.088032191 7.942332164 0.462124615 -0.832655110 -0.011179932 0.304961175 -0.793684861 -2.976040427 1.047639015 1.511873634 -1.406472269 1.715117824 0.288010695 -0.654984851 0.187213695 -0.633572911 0.364225132 -1.039466914 0.214655655 0.144761299 0.994113610 -0.182817063 1.258860391 0.661741886 1.111315463 0.276109917
-42.203149253 -34.998998483 0.756844809 -0.049888016 0.499877681 -0.151682268 -0.851249657 0.143727650 -0.512237800 1.631780995 0.613415002 -0.080778762 -1.953138389 0.058316876 -1.371867690 0.449053134 0.231351078 1.244856718 1.182889148 -1.253798216 0.297562089 0.544993343 1.519069061 -0.716505040 1.902624787 -2.490141250 -0.337212921
-48.388366411 -44.564619145 5.128123847 0.196992650 -0.011877432 0.268653198 0.942803416 0.984155919 0.213770573 -0.943337905 -0.011231649 0.419907823 0.921222984 -0.787359677 0.958043968 -1.000392538 0.769659091 1.216133863 -1.926635141 0.481086709 -1.121176768 -0.863067901 0.314923813 -0.872006673 0.404566346 0.785333903 1.587232108
-41.758996259 -46.101314740 -5.638479786 0.292931854 0.563549923 0.687006230 -0.353022455 -0.594698386 0.840166634 -0.261139800 -0.963325460 -0.033168537 1.140787360 1.511646370 0.238368065 1.223373656 0.434663060 0.460441223 -1.090045856 0.421734429 -0.907874464 -0.657610611 -1.714728152 -2.002391547 -0.700813717 0.224243141 0.759564676
-41.370629984 -37.034428755 2.911186181 0.141598552 -0.599107151 0.500445975 -0.608748140 0.047958254 -1.332894249 1.918034235 -0.168887699 -0.998423161 0.745351076 -1.075834030 0.057336318 2.067726439 -0.838104212 0.549969994 0.844152516 -0.720876264 1.456555488 -0.674702525 0.257593836 1.592782796 1.718781668 0.354169566 -0.945868243
-41.831442232 -35.766245666 4.609996854 0.771781205 -0.316492396 0.239847332 -0.496648360 1.389500802 -1.563444570 -0.210719919 -1.517989913 0.948666806 0.816929984 1.351840482 0.147957742 0.205834417 -1.226099309 -0.429475183 -0.532279461 -0.225007361 -0.203246511 -0.041993217 -0.354497796 -0.056213938 -1.251355823 0.815622528 0.587280954
-46.192352539 -37.118065769 8.387684737 -0.416440430 0.531888498 0.129385512 0.725900395 0.170085175 -0.354042940 0.234000485 0.243105472 -0.570455949 -0.426081902 2.406871443 -0.392839085 2.014781408 -0.941354914 -0.233774500 0.480411997 0.814529528 1.229682290 0.362876041 -1.138601101 0.249855183 0.077970187 0.556241884 -0.927633368
-36.778420432 -40.395844306 -0.481731142 0.129772209 0.739648108 0.644017226 -0.146019391 -0.179060094 0.359474533 1.251159621 -0.598786702 -1.408657073 -1.712128681 -0.601831877 0.391732380 -1.572657183 -1.788491555 -1.180144858 0.645103047 -1.047123426 -0.849546368 0.062947076 -0.961288985 -0.323328297 -1.929367087 -0.199676028 0.029503409
-45.387978201 -30.534569202 -1.291033606 0.559716538 0.168145309 0.811322646 -0.014146234 2.051212825 -0.117530322 -1.031990798 0.084728582 -0.231453074 0.333796687 0.674320548 0.472446977 0.913747803 -2.131387535 -0.242623053 0.851218144 -0.153506264 -0.790123011 0.185710551 -1.278131787 -0.635633963 0.011555148 -0.273939741 -0.254745119
-49.370308813 -39.911612848 3.405784322 0.321362305 -0.489178757 -0.573902038 0.572771215 -1.720058739 1.834650980 1.291424237 1.173995018 0.438828165 0.408838034 -0.573960216 1.436929796 -0.683962302 -0.420229299 -0.928826084 -0.248559556 -1.455194839 0.712894939 0.268409143 -0.990315774 0.653586715 -1.073268253 -0.636786809 1.064255966
-42.362379552 -36.731150741 -7.007631140 -0.822823595 -0.079145169 -0.116609891 0.550544736 0.343095881 1.000224493 -0.455149628 -0.363348412 -0.205698304 0.203651857 -0.661489985 0.089859858 -0.469919827 0.378341634 0.435977272 0.796404210 0.600357002 0.791616747 0.539193331 0.424867225 -1.103066316 -0.245521938 0.222073663 0.451045657
-39.589196718 -36.049890690 4.072532514 -0.289163643 -0.251894611 0.888265265 0.252820711 -0.842790510 -1.789462678 0.035630673 -0.507980308 -0.877638988 -0.858266027 -0.921436828 -1.227726692 1.005510490 -0.508511603 -0.763222130 0.243163457 -0.639746165 -0.596068361 -1.432093387 -1.139177083 1.269876216 0.066758150 -0.477972170 0.899106173
-50.563892768 -42.543775805 4.343297230 0.144152171 0.497085166 0.633170818 -0.575518205 -1.394393629 -0.169933905 -2.282312305 -0.834449909 -0.883766604 -0.162514977 -0.689738811 -1.669483640 -0.576821402 -1.109730052 -0.557585040 0.651699108 -0.624550185 1.171252761 1.795137719 1.143437073 0.707285964 -0.544058428 -1.061548090 -1.095439019
-42.024777675 -45.494858088 3.277744215 -0.474094763 0.849741767 -0.133717511 -0.187863548 1.205798503 -0.102463989 0.564084345 0.545031414 -0.249845198 1.173326620 -0.827437895 0.371689600 0.507767466 0.408046265 -0.186009903 0.335928903 -0.228246598 -0.375520193 1.470368422 0.114796315 0.317181188 -0.825753292 -0.372266135 -0.678855012
-47.259256678 -37.861550585 3.741662872 -0.587138989 0.679964490 0.330998931 -0.288714059 -0.004155603 -1.360392544 -0.162944394 -1.482365205 0.372984538 -0.018690181 1.774741346 -0.546432856 -0.355141534 0.008779127 -1.469485292 0.399751720 -0.273834980 -0.977900690 -0.795926361 0.518896036 1.350886781 -0.254575095 0.405694741 1.276290937
-43.344387680 -34.314788166 -0.826187213 0.387346762 0.334240950 0.137403918 -0.848154253 0.429562353 0.956821798 -0.381466097 -0.932775839 -1.405641374 0.524364194 0.092566943 0.024980232 0.468331560 -0.849990961 -0.574765180 0.815533493 -1.058807840 1.836403828 -0.349203582 1.354528436 1.116702865 1.181067893 1.294880420 0.231153614
-39.009359750 -42.815886737 4.214964483 0.700694918 0.076727294 0.562880705 0.431630475 -0.240432811 0.564734764 -2.114249468 -1.133078932 -0.176409778 0.644668274 -0.229508071 -0.297732196 -0.433427492 1.248445140 -0.073752132 -0.143255086 0.914425112 1.321910012 0.275179980 0.360026794 0.163788514 -0.778514876 -0.601945154 0.073454508
-39.418050882 -45.219332075 -3.428308690 -0.089503015 -0.591034418 0.752837418 0.275505624 0.568332669 -0.221404680 -0.654413089 0.812088656 -1.005620689 -0.021445591 -0.919961896 -2.471245135 -1.019869395 -0.429268399 -0.533075992 0.802000580 0.551692249 -0.231792661 0.275703577 0.109214593 1.519876476 0.191277905 0.858439511 -0.558193735
-40.398221373 -37.561528687 3.349403901 0.507044681 -0.404404075 0.719325453 -0.248865283 -1.833805010 0.724178971 0.158992983 -2.510632306 -0.504905197 -0.242798397 -0.668387931 1.149647942 -1.330917094 0.714503040 0.525183376 -0.658149807 -2.242808174 0.594498228 -0.119803468 -1.205293814 1.014784462 -0.233536751 1.414508823 0.539575272
-45.425107582 -43.158516817 -0.980216557 -0.118315537 0.455518315 0.373607762 -0.799325803 2.029402961 0.475989739 -2.798565510 1.559530814 1.708907769 0.310143435 0.341231466 0.166105269 -0.064127938 -2.296744535 -0.660068757 -1.532246476 -0.458260208 0.619744788 -0.249787036 1.017790620 -2.033760876 1.850273232 2.234431762 0.612697792
-49.077845760 -36.937680721 -1.445067949 0.060830451 -0.776533571 0.113081579 0.616853164 0.141233078 0.539988789 -0.074259612 0.772402386 -1.382702799 -0.442163832 -0.275432001 -0.357094346 -0.466712753 -0.964336739 0.091786592 -0.177331899 -0.687078029 0.216050568 0.706740095 1.163467929 -0.784888297 -0.473222973 2.506287412 0.663251326
-44.921935311 -40.287596361 8.340154297 -0.525288712 0.240016349 -0.801410056 0.155582272 -0.834055520 0.091899145 -2.949616636 -0.370454192 -0.343512344 -0.233017566 -0.081054592 -1.821168700 0.134515112 -1.741162939 1.312323447 0.014908919 -0.623287951 1.522310847 -0.223627043 -0.482291862 1.068073780 2.032580926 0.895479719 -1.512953192
-48.852174802 -40.677233281 -5.484713196 -0.719276025 0.104150273 -0.095249693 0.680236883 -0.571639303 1.536686759 -0.513545056 -1.283678852 2.355150594 0.110137221 1.026842017 0.764205278 -0.596098916 0.348081916 0.150928411 0.637852348 -0.152387300 0.532395310 0.067506156 -0.050331857 -0.322151569 0.804342081 0.687454200 -0.597351014
-50.542914473 -41.482413731 -4.401021139 0.076587391 -0.548664659 0.829323347 -0.072967455 0.325148878 0.975068163 -0.312926731 1.753648183 -0.404259569 -0.138866103 -0.180103001 -0.252709749 1.362231265 -0.846540293 -0.101615886 0.722376974 -0.780637020 0.393460549 -0.518624922 0.576787669 0.487893103 -0.244072906 1.283312411 0.750500711
-40.428611983 -37.768165237 -5.511931445 -0.427343916 0.087726393 0.710362527 0.552328107 -0.492088168 -0.062033045 -0.987513123 1.783919329 0.262299670 -0.072175410 0.626239500 -0.400955642 -1.058933595 -0.944839686 -0.289981164 0.978040705 -0.072364947 1.136296173 -1.390668962 -0.541315022 -0.678490965 0.668948649 -0.956117361 1.449118350
-39.958993901 -35.334558154 -3.170544361 -0.161436220 0.285313087 0.574640598 -0.749881973 1.052117103 -1.708629224 -0.624456642 0.762214036 -0.554500012 1.128205001 0.706898614 1.171726301 1.249539326 0.035804125 -0.714687592 -0.402453671 -0.175810509 0.208270058 0.488018263 0.819770057 0.017926802 -0.892637828 2.142176245 0.360569644
-43.588011594 -44.592518416 -7.859363865 0.083910440 0.862483988 -0.426985032 0.258387676 -0.922040559 -0.219739140 0.174804449 0.069898480 -1.445043722 -0.388375261 -0.820751502 0.243462110 -0.555331104 -1.461268112 -0.680600625 -0.108913311 -0.130070491 -0.439225959 -0.504944406 1.633564767 2.007383219 -0.359682241 -0.393609648 -0.171094226
-48.724738104 -41.414938558 0.928572384 -0.343071274 -0.263436688 0.024041785 -0.901290855 0.412119758 -1.235810330 -0.051214416 -1.539311376 0.933056633 -0.115191550 1.594336494 0.286855165 0.549907979 -0.932261775 -1.347251436 0.527053247 0.204055549 -0.245515880 -0.467012134 0.155080114 0.958136767 0.432507846 1.149925038 0.378074045
-44.847626984 -43.526447654 -5.086789710 0.357149102 0.233215899 0.080131659 0.900907199 0.111294627 1.467520581 0.694723193 1.536387116 -0.261469497 -1.497989928 1.643162308 -0.392755770 -1.264755341 0.020814437 -0.709309448 -0.551872418 0.430882514 -0.558282354 -0.076273844 -0.044987898 -1.163403159 1.095590989 -1.425770137 -1.308915415
-48.388775886 -41.659151296 -9.294441447 0.748103929 -0.076433529 -0.659029409 -0.013366566 -0.194092979 -0.052492629 0.224070503 -0.756341628 0.538232004 1.034939802 -1.031683425 -0.023975863 2.095048362 0.557158861 0.386409833 0.939960660 0.360590919 -0.467628338 -0.479450528 -0.735139425 0.395007730 -0.575988942 -1.247199011 -2.266186468
-36.386654934 -37.963471361 -6.075249284 -0.041278235 -0.019703446 0.720511149 -0.691933209 -0.538488043 -0.049295479 -0.737719282 1.262202990 -0.263650865 0.382676087 -2.129608997 -0.643018843 0.317769965 -1.266594148 -0.507014228 -0.321507249 -1.569170082 0.973175254 0.012598288 0.256891606 1.812619450 -0.680514810 -0.305842229 0.939115150
-36.961763762 -40.348260165 -4.154670104 -0.325161544 -0.625102008 0.542610462 -0.457265062 -0.243635634 0.033614847 0.317391221 -0.089709981 0.388087473 -0.886378208 -1.176295364 0.761783495 0.936030735 -0.086992480 -0.263469176 -1.732707142 -0.595652454 -1.007636386 -0.180704400 0.139815785 0.558054736 0.195746675 -1.295328891 -0.292458596
-48.836234924 -45.454842199 -5.068918998 0.401893700 -0.510348806 0.757536963 0.064523642 1.546616745 -0.720767751 1.464993037 0.652171837 -0.765101913 -0.573438120 -0.572817104 -0.038182778 -1.647959291 -1.847965324 0.884923263 0.224669890 0.993371765 0.428814048 0.733306458 -1.294900861 0.597797246 -1.050085680 0.594421589 -1.363443995
-35.814353469 -35.567102009 1.606746228 -0.759763955 0.550335297 -0.299567024 0.173635804 -0.050729571 -0.837947489 -0.583505319 -2.011185864 0.324123039 0.225369803 -1.761303744 -0.195117110 0.018808253 1.409476135 -1.103384190 0.474034458 0.457867970 0.545680450 -0.846650333 2.009503042 0.423734102 1.143099921 0.679218651 0.387660292
-41.122053444 -33.879717961 0.505340177 -0.869160491 0.040293404 0.454264783 -0.191258960 -0.354418557 0.016754144 1.522648924 1.506828842 0.658375086 -1.407415083 -0.392521353 1.203450740 1.383324919 1.234332996 0.230279788 0.560192814 0.126810644 0.417727772 0.472467016 0.004307435 -0.091780512 -0.614606996 0.823432552 0.395254938
-42.168262785 -39.355563587 3.983711535 0.556645896 0.502484278 0.571267685 -0.333628730 -0.128270597 0.106591195 1.431092149 1.129667174 -0.191375772 0.517723785 1.099070527 -0.153505116 -0.377637402 0.144981765 -1.079049149 -0.277311805 -0.518107993 -0.589654011 -0.071600336 1.134593348 -0.101862625 -1.567349774 -1.277692537 -0.456385946
-43.435679181 -47.737978358 1.620032872 -0.019302903 -0.419228072 0.865323266 0.274027127 0.154416231 -0.550705804 0.503096212 0.460024201 -0.972783611 0.294841533 -0.874984518 1.384728821 1.090832060 0.485015888 -0.997530702 0.056599485 0.142678716 0.028035920 -0.377018535 0.224023706 0.933637684 -0.376342876 -0.049452656 0.532596835
-43.140016069 -34.821819686 -7.211469242 -0.510837384 0.796633495 -0.027077016 -0.322004779 -1.367728640 -0.061421043 -0.215272850 -1.430601313 1.282379400 -0.651543190 0.125497852 -0.734338902 0.264415126 -0.351031726 -1.143553114 1.870487164 -0.356741488 -1.695160156 0.878441366 -0.421691088 -0.975975722 0.302142874 -1.226544212 1.303962213
-53.861537146 -41.526377629 -1.576335142 -0.901931987 -0.181445209 -0.168317217 -0.353928865 -0.864742337 0.374080731 0.030485849 0.979733675 1.917922719 -0.693942364 -0.159385008 1.420970697 -0.103659483 0.566847127 0.119078922 0.575881865 1.720835863 -1.133962398 0.927412506 -0.088690955 0.239283239 -0.233664923 -0.300112978 -1.125090399
-43.550412093 -39.430134396 -7.194647815 -0.703934852 -0.615925357 -0.324257173 0.141311585 -0.251215292 -0.843496115 -0.737988274 -0.606261893 0.437828596 1.512308204 1.570540744 -0.901116835 -1.293339243 -0.599090319 -0.691190178 -0.355989137 -0.788186291 -0.665770662 -0.960478634 0.102306654 -0.335058034 0.090627443 -0.426981483 -0.022044709
-42.837497225 -40.366473139 -0.204668714 -0.217472164 0.936350774 0.072534271 -0.265879418 -0.020826584 -0.176925666 1.495915956 -0.539146644 0.272263227 1.190026730 2.067457700 0.961211436 -0.855637147 -0.320382397 2.461084948 0.413689216 1.227111963 -0.275692631 -1.082780506 0.403742995 0.584646461 0.334654593 1.129285550 -0.234190297
-39.854359229 -37.309349021 -2.664384561 0.623076494 0.003958560 -0.775396621 0.102567504 0.686863205 0.115180601 -1.142550428 0.474078846 -0.179177389 1.484431612 -1.995127971 -0.712024754 0.345349222 -0.401646317 -0.599984927 -0.129029297 -0.571746510 -0.675321019 -1.617082228 0.772550901 -0.308829603 0.154937060 0.488441079 1.862083799
-41.092432008 -34.943459532 -8.982213865 -0.417100537 0.613995238 -0.656390349 -0.134865490 -0.634257265 -0.041072521 -0.896253743 -1.713719545 0.642480019 0.611081391 -0.830496742 0.878101123 0.274943949 0.080437653 1.566120097 0.625627129 1.483085325 0.164062910 -1.351367250 0.666165926 -0.878551853 -2.052744937 0.579014662 -0.116476488
-48.210311288 -33.416762388 4.360780759 -0.464240932 0.091084713 -0.810036101 -0.346446890 2.041366649 0.969132666 0.071062927 -0.579724902 -1.027589705 -0.980418878 -0.204783862 -0.023025786 -0.107702411 -1.784038653 -0.846799029 -0.589472504 0.805297584 1.581519778 0.560400050 -0.105117274 -0.561069787 0.700640038 -1.359864996 -0.542905091
-38.321737446 -34.494822495 -2.578837357 0.038690398 -0.827453712 -0.271806679 0.489841338 -0.400419910 -0.527413546 -0.386036116 -0.952763443 0.922767558 -0.710582183 -1.055161677 1.189926182 -0.095785947 -0.719515983 0.072527005 0.495646012 -0.236372885 -0.009345926 0.593615090 1.385104848 -0.717708962 0.276842014 -1.422857852 -0.409056569
-46.614081073 -39.253555904 -9.945804629 -0.174451694 -0.072400215 -0.823367092 0.535155535 -0.306151089 -0.489509648 -1.319249096 -0.311196550 -2.436932683 -0.847487557 0.274334219 0.925265016 0.081680124 0.127948347 -1.316263915 0.371207485 0.913492855 -1.556227971 0.431733920 -1.033404664 1.181441759 0.311811296 0.289812675 -1.527850452
-37.343772128 -38.481568903 2.876667314 0.885485733 -0.220140830 -0.230748172 -0.337947203 1.758069884 0.461507551 1.581748050 -1.350230686 1.369113376 0.946670827 1.358845087 -0.928020232 -0.574158883 0.094887467 0.526159238 -0.385247499 0.946333869 1.151871428 -0.291689626 -0.126036152 -1.411110039 -0.234045105 -0.350339862 0.531192834
-41.154746965 -31.101695537 -3.188336158 0.346912244 0.597195782 0.562956546 -0.453970286 -1.162157275 -0.436098797 0.914874102 0.329997271 -0.283274850 -0.858142404 -2.368646386 -1.447013118 1.339825234 -0.007600301 -1.666653656 0.325483004 -0.272294959 0.011650742 -1.000755492 -0.271638077 -0.852826404 -0.464249031 -1.238380149 0.822104289
-45.297082556 -34.540617530 -0.081575318 0.436840130 0.843478476 0.306688289 0.060473592 -1.417285469 -0.333352065 0.405398059 -0.303460545 -0.070519700 -0.417154281 -0.344598862 -0.787585087 1.133175585 -0.266634358 0.167769848 -0.900581321 -0.230118873 1.749359879 -3.064688977 -0.413174924 -0.453444352 -0.544453298 -1.687170743 0.189703135
-47.201055614 -36.814522948 -1.877207060 -0.201788994 0.170548780 0.889423314 0.372988585 -0.711666425 -1.133600716 -0.435454225 -0.096974628 -0.463706415 0.605885960 -1.977170050 0.208065337 0.244371250 -1.728297453 1.248547333 1.136154663 -0.631188012 -0.282861302 1.449182914 1.393051697 0.236244409 -0.218164396 -0.376157522 -0.581315278
-46.156728728 -32.401510091 1.675447863 -0.432842703 0.356720369 0.720169161 -0.408355425 -1.461584147 0.149590906 0.462246226 0.847810486 -0.237084327 -1.840900190 0.394384879 0.046789128 1.597251726 0.112444158 1.938961388 0.659186910 0.466338871 -0.209449103 0.518138462 -0.759824537 0.577254731 0.659219742 0.132819638 1.332860186
-41.439851765 -30.441423387 1.053694266 -0.007204413 0.752088863 -0.160049391 0.639292289 -2.030527142 -0.990467629 1.357924329 0.787428303 0.345530649 -1.442686985 0.764474668 0.306258038 -0.262945331 2.213585498 0.298626148 1.305578414 -0.272795944 0.197519740 -0.410746422 -0.915258585 1.025004070 2.145255224 0.856611994 -0.450940479
-49.782683714 -43.742064542 -4.272090706 -0.741739937 0.573573709 -0.238541366 0.252849922 -1.036952184 0.653363031 0.414530172 -0.839651065 -0.733798104 -0.019194973 -0.340804157 0.430452429 0.219755274 0.823305524 0.704880056 -0.796604940 0.738736867 1.067235200 1.502829662 0.783916544 -0.170049515 0.434054030 0.260853132 -1.244805230
-50.910548651 -40.321322262 3.928453570 0.049780280 0.122128744 -0.564612393 -0.814751090 0.708433726 0.229817142 0.430203599 -1.504768952 -0.688591071 -0.622154597 0.238301876 -0.281688001 1.160379344 -0.658412987 0.689963407 0.350501310 0.407577105 1.369147953 -0.684207978 0.371996847 -0.238533373 0.477255234 -0.088642012 -0.868671651
-48.412474483 -34.620585985 5.775671760 0.593664852 -0.138063223 -0.245699790 -0.753745450 -2.973886606 0.065779024 -0.296539665 -1.247262595 0.796872412 -0.467032799 -1.787424247 0.092306971 0.214263231 2.456557350 1.324426622 -0.072639193 -0.060137020 -0.498581723 0.486553745 -1.388080293 0.516018160 0.745491163 0.379270243 0.000154877
-52.351727223 -36.696137777 -2.998420700 0.284607444 0.891152332 -0.353152916 -0.011364073 -0.546321272 2.012263643 0.011692338 -0.461956637 -0.289593347 -0.179990276 -0.295389617 -0.324023472 -1.018938471 0.186615832 0.035529246 -1.241557261 1.313316344 -1.347958646 -0.104797281 0.849340649 -0.596011477 -1.412954904 0.058160035 -0.837713798
-44.878177305 -34.217467908 -2.603522709 0.247890967 0.029522730 -0.554770039 -0.793667865 1.914644473 0.511643853 -0.050505630 0.887345695 1.259492343 0.124290464 -2.088721614 1.259949435 0.309716505 -1.949538608 -0.778098126 -0.474769067 0.486311942 1.191738040 -1.498349260 0.675347253 0.307605944 -0.621120535 -0.447069178 -0.445995292
-37.900852077 -34.990290823 0.062186345 0.693329590 0.134321421 -0.706036839 0.052572026 -0.853854158 -2.789274215 -0.271401568 1.924721869 1.506172299 1.041491168 0.249936078 1.849970580 -0.715424552 -1.366896955 1.616912124 1.752819385 0.658340979 -1.199641121 1.155808687 -0.064609131 0.124422783 -0.217470700 0.216235648 0.647020334
-45.745750261 -47.337247047 0.617571937 0.369491133 0.448398420 -0.074445567 0.810477031 -1.325606152 0.042789812 0.082758719 -0.742109688 0.940012154 -0.563794256 -2.039575810 -0.294046865 -0.055566223 -0.263515887 0.914241881 -1.828364179 -0.308321652 -1.035851484 -0.809103627 -0.975479057 1.401696171 0.993272560 0.850344195 -0.008177203
-48.255758786 -37.717501060 5.491916499 -0.453732402 0.298799834 -0.770336967 0.333806116 0.598216268 -1.145865686 -1.239502256 1.677736311 -1.488593407 0.267173611 -0.978559594 0.260884998 0.187836308 -2.180897968 0.655510279 -0.329078219 0.307666647 -0.599767919 -0.037016595 -0.129796185 -0.966302324 0.161659093 1.628217886 -0.565743622
-46.967989202 -33.827583794 -5.376509308 0.908775602 0.050053073 -0.048338317 -0.411442587 -1.119010947 -4.184565527 -0.912834153 0.864738311 0.114253192 0.950886986 -0.058314553 0.067874207 -0.909460396 0.254701191 -1.187456480 -0.915582733 -2.828793508 -1.104023580 1.173721391 -0.120716336 0.303119948 0.207382722 0.413393133 1.516973900
-45.963013800 -28.847374391 -0.831082533 0.156398839 -0.470947984 0.723442656 0.479977211 2.271494525 0.292041979 -0.225278211 0.267129249 -0.272526540 -0.360425302 -1.320924505 0.422042682 0.658225195 -0.428099097 -1.385840964 0.823579131 -0.278007181 -0.171722840 0.769159906 -0.086928808 -1.747647216 -0.728703814 -1.500059127 1.363168211
-50.080478672 -40.385115922 -1.772113184 0.341155383 0.543533388 -0.113043030 0.758555031 -0.999155115 -0.136739593 1.015361536 0.527359529 0.427832525 -1.421466256 0.817252114 -0.854786005 0.490819762 -0.367219640 1.162508347 -0.747140127 -1.314339774 0.183868310 0.571515114 1.393543176 -0.461729523 -0.538985076 1.350780141 -1.224141409
-46.050266953 -46.937895215 -3.876933605 0.731565942 0.461713165 -0.257471281 0.430512213 -0.675761695 -1.860935040 1.478566022 -2.185798216 0.027730602 0.704559978 1.092308915 1.631288215 -0.265052544 -0.018432114 -0.259157323 0.432328893 -3.352452764 -0.298286142 -1.101583735 0.233176583 1.129912982 2.361605110 -0.163989420 -0.590957338
-43.234543971 -34.677867030 -6.187021035 0.265765842 -0.571702404 -0.700248181 0.334928893 0.587124369 1.852985207 0.455098517 -0.571701672 0.468879347 -0.665937509 1.110630565 -0.733532855 0.582935541 1.261777965 0.508405935 0.673915608 -1.239231672 -0.912973791 -1.270057634 -1.140296090 -1.056629688 0.708997371 -0.187808607 -0.150178204
-38.513467492 -45.933019711 -4.120895009 0.026169054 0.105368344 0.229042621 -0.967342840 0.250405885 -0.687323587 1.140365576 1.280234815 -1.104014034 -0.412381499 -0.392084957 -0.270519413 -1.448426063 1.183778461 -0.276220538 0.922212917 -0.003059990 -1.078885373 -0.340824574 -1.447816131 -0.045732344 0.692548142 1.483764957 -0.701423552
-47.300205064 -43.812167960 -1.898864401 -0.103830367 -0.800711964 -0.315195608 -0.498729721 0.511413186 0.591427428 -0.255122315 -0.075181336 0.596887578 -1.539484684 -0.428907168 -0.452079393 1.633996606 1.671161738 1.232535873 -0.525911816 1.702071305 -0.726381860 -0.171425611 -2.898104766 1.066100934 -0.101257046 1.051402653 1.557684641
-46.335459910 -39.335360516 6.405017075 0.544753935 -0.599758415 -0.544535846 0.216826442 -1.229569684 0.984208374 0.718960673 -0.086951413 0.019524903 0.135935423 0.634889636 0.254817823 -0.654943021 -0.542721877 -1.091751298 1.630232010 -1.508520194 -1.495086386 -0.664516512 -0.333444598 0.562746369 1.080111198 0.429892331 -0.887645201
-40.403936151 -37.406261805 -8.903688454 -0.542861040 0.630857710 -0.384130567 -0.399705078 -0.852800086 -1.367478560 -0.659718778 -0.285014846 -0.866362671 -0.662629116 -1.329447946 -0.198386559 0.726224151 0.506843399 -2.174187170 -0.971444560 -0.569794014 -0.609747338 1.177551241 0.333155858 1.404288652 -1.069387211 -0.449824638 -0.875324976
-44.308943537 -44.887129642 -2.242879220 0.306470503 -0.334002059 -0.783799381 0.424472597 0.183602080 -0.903219310 -0.917680516 1.514514426 -0.191472187 -0.055043368 0.691546300 0.117978132 -0.710098413 0.130272385 0.443206706 0.430041153 -0.888330236 -0.642699405 -0.539821836 -0.509718003 1.002170538 0.340981488 0.119135086 -0.221721709
-43.494863607 -44.232673716 -7.993789305 0.967524172 0.156773932 0.197835623 -0.013415535 -1.051677798 0.795559782 -0.556747479 -0.490756255 1.064314110 -1.278229328 -0.808661379 0.510825801 -0.987099664 -2.426994888 0.381446102 -0.771993476 -0.168431112 -0.010656828 -1.531988823 0.382495437 0.751847565 -0.899606693 0.279324615 -1.139481305
-48.761230642 -42.285265098 1.696227828 0.090599444 0.290788322 -0.213107320 -0.928342158 -0.823369320 0.094988349 0.872144931 -1.270437611 0.271026158 -0.610264428 -0.797290361 -0.006142550 -0.758228705 -1.222737670 -0.321103944 -0.668267729 2.214058537 -0.726380085 -0.106870100 -0.885651844 0.337409097 1.313514486 -1.718919101 1.560078245
-37.797280749 -40.068380494 5.695502442 -0.875101023 -0.166765730 -0.361085556 -0.275689340 1.830143700 -2.301450475 0.425946140 -0.573175731 0.214818732 0.941552330 0.413207107 -0.242713547 -0.515055374 -0.034642496 1.674810137 -0.000743347 -1.119031413 -0.636772937 -0.030714887 -1.075890895 0.513182154 -0.323210456 0.372815517 0.969047626
-49.353549404 -42.091722921 -0.550069489 -0.285193674 0.590649417 0.752786043 -0.055776408 -1.139597757 1.883770865 -1.200147302 0.824593488 -1.142859338 -0.320158568 0.857399778 0.588614404 0.213637986 0.296672343 0.228694084 -1.980398322 0.581946447 -0.084954048 1.097863689 -0.928862660 -0.246063531 -0.708968775 1.267147957 -2.286559584
-53.265980993 -42.052766085 -2.781414334 -0.921431506 -0.098330085 0.153796872 0.342989352 0.053953678 0.539289188 1.492018867 -1.827025092 0.948858631 2.531274212 -0.563273256 -0.381216327 0.020142833 0.677067855 -1.394645087 -0.173005913 -1.042836180 1.366331569 -0.002665083 0.246193880 -0.228787469 -0.309107043 1.154165620 -0.893153143
-51.291726232 -37.586119055 -3.357434604 -0.802886995 0.389054847 -0.450999712 0.024658854 -1.198721780 1.025274005 -0.877108832 0.846931909 -0.147666559 -1.068855922 -1.207112330 0.140505027 -0.484121123 1.091493730 -1.249390128 0.676483686 1.469304127 -0.313392239 -2.293257128 -0.151340034 0.346347688 0.154583751 -0.474505381 0.181608280
-37.374930763 -36.837570285 3.266231628 0.533242043 -0.405260903 -0.659973936 -0.340368810 0.582346029 -1.933811833 -0.071127621 -0.478715750 0.018528810 -0.921168018 -1.150921280 0.066006054 -0.234946273 -0.596506939 -0.387531027 -0.645788264 -0.735285945 -0.074622611 -0.236278222 0.785298615 1.115902874 1.238022241 0.635688563 -0.112099666
-48.224964337 -43.986885352 1.094139397 0.099543263 -0.970015539 0.029676583 -0.219727772 0.935673651 1.899354671 -1.457896697 -0.325948108 0.006389607 -0.244303030 1.355911728 -1.022158491 1.409193996 -0.528666395 -0.801980557 0.842797559 -1.067821005 -0.256644703 -0.066254654 1.009596988 1.214227197 1.893528994 -1.132808597 -0.077052267
-51.602986018 -33.009220832 -2.702866531 -0.213518099 -0.471382984 0.223471239 0.825995587 0.831625487 -0.901705085 -0.449808826 -0.542392138 0.287425024 0.818767249 -0.807393334 0.308169232 -1.222235899 0.954979894 0.014206958 -1.123913247 -0.669473131 -0.519499576 -0.077203795 1.521905682 -0.974038860 -0.162269453 0.490033095 0.752641506
-49.091068830 -44.379765292 3.358019032 0.547336195 -0.442322725 -0.687176090 0.180451427 -0.128916324 -0.334487258 -0.005388383 1.633879542 0.606556558 -0.846812700 0.526913433 0.238871782 -1.374104784 -0.661988408 -1.616190898 0.335882086 0.134608117 -0.977735071 0.739488727 0.787539335 1.700633287 -0.118957157 -1.029683383 0.551814097
-43.059453577 -39.652871686 -0.214685878 0.275179602 0.758256940 0.543370610 -0.232531673 -0.991411822 0.905989548 0.211785582 -0.348106903 0.329749399 2.159346693 -0.995727575 0.313967823 -0.458110205 -1.198203783 0.015724979 -0.602310562 0.723343444 1.503774054 -0.349768682 -0.094322686 0.534568833 -1.958762727 0.408529903 -1.062565206
-42.093445895 -44.331983699 3.611535238 -0.676145908 -0.044258520 -0.550310535 0.487879298 0.429376732 -0.035686064 0.597090822 -0.740478236 2.075295879 1.853327918 -0.968552378 0.354959471 -0.351032246 -0.770359611 0.724495714 -0.381342787 1.759203842 -0.560277204 0.978909416 -0.421700880 0.117784006 -1.854458673 -0.432715451 0.842135271
-47.890880990 -45.384340265 2.497578870 -0.672696017 -0.213913295 0.671669656 -0.224902298 -0.577631927 -0.457668900 -0.321302873 -1.599830499 -0.119103176 -0.341668942 -0.309875495 0.397190489 -0.948198295 -0.908694108 -0.434929346 -0.387833107 0.416540527 -1.124865286 -0.997143449 1.014317026 -0.278761127 -0.239104730 -1.722127864 -0.383241357
-46.968058648 -45.480025657 -7.173210690 0.277454611 0.254935087 -0.714899210 0.589021358 -1.574352304 -1.583434586 -0.514051616 -0.389885706 0.770638381 0.848823822 0.163134583 0.070062871 2.548834484 0.421369472 -0.469589175 0.081721032 1.727807184 0.058658389 -0.084278394 -0.401147773 -0.062689041 0.357586983 -0.216483352 -0.914226265
-44.201746437 -48.667264009 -0.686559040 -0.620842317 -0.680691696 0.214359702 -0.324443448 0.127365101 0.118621463 -0.650814835 1.127899817 -0.231511812 -0.354510813 1.941153306 0.577265521 2.174068321 -0.632168886 -0.102272728 -2.481503204 -1.630524696 1.890676039 -0.701461571 0.080575404 1.831003677 1.250239162 0.251694149 1.095087836
-43.449555083 -45.048516480 -3.668085323 -0.896897087 -0.253078249 -0.294723010 -0.211341814 1.199763675 -0.760835950 -0.947117919 0.554847152 0.299115100 -0.262353405 1.034992365 0.264814307 -0.616470566 -2.197206917 -1.299755286 -0.116919041 -0.533393570 -0.324281844 -0.007711168 0.419234005 1.899188064 -0.799670186 -0.490118294 -0.388798685
-42.107123111 -35.349230336 -6.869065748 -0.385385533 0.017233387 0.906607786 -0.171006797 0.207132159 0.478324502 -0.455105473 -0.926596747 -2.001070061 1.131506964 -0.347171410 0.801020646 0.478813810 1.601034047 -0.841149054 0.447494621 0.634778678 -1.824458195 0.439190190 -0.403848057 -1.196153725 0.181681072 -0.697281464 1.119998680
-50.358202670 -39.766634374 5.851209677 -0.933016462 -0.333700143 -0.123294149 0.054065236 -0.685838170 1.537628799 -0.267230081 -0.584462799 0.124417583 2.488609875 -0.847762501 0.307131889 -0.468835843 -0.776455609 -1.029133723 -1.341308718 1.262052846 -1.116164074 1.442054239 1.266091224 -0.182294348 -0.570929611 0.492145212 0.459015684
-43.534928160 -43.889906134 2.386980572 0.582849652 0.766919739 0.197996738 -0.181432327 -0.354617584 -1.036959087 0.835969567 -0.680243059 -0.948162428 -0.215007872 -0.113915937 -0.898612103 -1.536330019 -0.756906867 0.108496886 -1.178350371 -0.308595216 0.027196891 -1.521777901 -1.473566704 -2.466919730 0.473719016 0.734028675 -1.114292064
-43.331654062 -33.394309469 -8.158096824 0.814178479 -0.559389818 0.015189398 0.154808647 0.786566987 -0.161076435 -0.771916708 0.196971660 0.012853032 -0.419577596 0.328281126 1.431586728 0.217764286 0.423986451 -0.762105413 0.818559109 0.262923818 -0.836710454 -0.538513406 -0.135795288 -1.341731698 -0.466936164 -2.756175617 -0.024814367
-41.561118581 -35.589983367 -2.510157349 -0.656180885 0.444253311 0.530213522 -0.301561374 -2.281322177 -0.063085129 -0.007804497 0.667336434 -1.953705342 -0.405365856 0.796287688 -0.733969883 -0.856121849 0.608938932 -1.496546728 -0.505479962 0.747680759 0.952817852 1.320122360 -1.597238440 2.463925551 0.726643427 0.877716362 -0.575272833
-46.684498984 -35.921556387 -1.925148343 -0.194731885 0.010264951 -0.926195911 0.322699952 0.696082591 0.884066236 0.371996382 -1.286690688 1.166618285 -0.319742555 -0.263904871 -1.305649645 -0.527265193 0.807558688 -0.434666288 -0.790036543 -1.755792422 0.318382082 1.837250581 -0.158165303 -0.631620237 -0.299485578 -1.026979208 1.292406943
-44.469792776 -44.031957015 6.650756057 0.635945114 -0.569850743 0.346396716 0.388398323 1.486505145 1.316562071 -1.004757961 -1.328267946 0.718247465 1.042385974 -1.383238817 -0.672161695 0.222753642 -1.152120835 0.482261176 -0.303755812 0.441036108 -0.954121294 0.091158251 -0.398562578 0.832768043 -1.763849210 -1.059378442 -1.674950333
-45.812225331 -30.149308094 3.701267882 0.593570846 0.216507526 -0.738393247 -0.235740439 -1.364395105 1.412826731 -0.388173517 0.349443990 0.803018565 0.368499279 -0.569957825 1.753524325 -0.073460685 0.059363471 -1.432809508 -3.014541079 -2.017108395 1.766126249 1.137387478 -0.175014697 -0.630646575 -0.194314292 -1.901079808 -1.365246537
-51.298396965 -35.803130522 2.693342442 0.892259609 -0.263514187 -0.040218687 -0.364438637 -0.850822926 1.010943452 -0.825177796 -1.236309692 -1.285926842 -0.944159064 -0.300410629 -1.225060510 0.565556508 -1.708392709 -0.157880806 1.410458218 0.718414002 -0.499613870 -2.227584973 0.016744176 -0.080841714 0.267094514 -1.549474595 0.102293427
-48.842197623 -38.601494265 -5.224760188 -0.836361450 -0.366847431 -0.093062597 0.396562530 -0.164071594 0.413276840 -0.374705575 1.759234841 0.292505312 1.531429659 -0.359333718 1.137508575 0.138870261 -0.441166908 -0.193067965 -0.206679162 -1.367798182 -0.204960784 -0.408639466 0.285090039 1.701780680 0.213450117 -1.057782148 1.076533704
-38.639158174 -44.090119311 -3.134141608 0.794451597 0.064295247 -0.569558933 0.200786958 -0.483158440 -0.300349202 0.091340460 -0.727600301 -0.300998439 -2.711879627 -0.267270501 1.002874498 1.770411168 -1.615103373 0.124436985 0.147587833 0.436149119 0.221646700 -1.188627592 -0.747145928 -0.228284082 -0.341707335 -0.293379439 -2.432588595
-41.964215784 -44.825201299 1.435125800 0.015560579 0.479646120 -0.379657130 -0.790922203 0.748581237 -1.034955854 -0.690998739 1.368159706 1.568163020 0.870155288 -0.386440888 0.193894007 0.329284191 -0.176737152 -0.158452760 1.742293826 0.457140275 -0.217861672 1.015690611 -0.922936166 1.794843054 1.245129343 1.743354766 -0.827911368
-36.191389435 -39.070922031 -4.409714870 0.296192464 -0.035252289 0.313752080 0.901436039 -0.109376804 -0.820748425 -2.107384582 -1.148850557 2.027171263 -0.106935925 -0.794348037 0.520532144 -0.136698402 0.156688746 -0.084002987 0.294588207 -0.635599264 0.220936658 -0.856112063 2.131432062 -0.480241749 -0.288464027 1.266668759 -0.648466620
-38.522087322 -32.642421551 -5.537205895 0.155804668 0.731623184 -0.185100175 -0.637330642 1.026878520 1.850540308 0.093670732 1.238746809 -1.821061077 0.157874416 -0.750912878 -0.785032049 1.356486912 4.187297963 0.617142406 0.026372687 -1.689566039 0.885620772 -0.611817754 1.708201350 -1.730801565 -1.233583782 -0.892511364 1.383350625
-42.059083802 -44.391038598 1.376527764 0.007359699 0.856406150 0.382915322 0.346251639 -0.407965198 1.021298567 -1.056566863 0.496510646 -0.660018675 -0.341045233 1.711978953 -0.407693332 -0.202806212 0.999679436 1.830847154 0.141337732 0.229021474 -0.389240428 -0.008997191 -1.485922486 0.695198796 0.565268810 1.067022675 -0.072431873
-43.333284006 -40.047787942 -3.266805919 -0.725899764 -0.086265119 0.651663393 0.202392402 0.094982411 -0.267145083 1.156254839 0.437190613 -0.329910695 0.448184044 -0.955944011 0.532572375 1.437000048 -0.987667599 0.165639148 -0.152664650 1.316568614 -0.837713513 -0.801117787 -1.033982826 1.605631903 -0.462930236 0.757427746 -0.027476367
-39.331040884 -35.940278076 3.576683905 -0.517564696 -0.566846334 -0.518920138 0.376209926 -1.865613998 -0.471766642 0.978081569 0.490334429 1.598182609 1.296702850 -0.899686403 -0.217152592 1.159664449 0.048701780 0.094299904 1.046138891 -0.146856779 -1.419403242 1.863589536 1.205056954 1.442785340 0.187796112 -2.134059368 0.420594892
-48.458725905 -43.544919480 -5.347722820 -0.209025061 -0.437897265 -0.848866884 0.209712951 -0.187006483 -1.102339900 -1.891135570 -0.501092051 1.142723748 -0.155692369 -0.405183627 -0.275173463 0.619097633 0.647104431 0.477776943 -0.552691759 -0.921639345 0.633840313 1.472927866 0.929985021 -0.876683370 -0.999285136 0.664759294 -1.174833825
-37.544884035 -39.596811700 -7.042501632 0.062568066 -0.558998389 0.319498008 0.762579216 1.342132924 -0.021691800 0.313215973 0.858576501 3.437777620 -0.315728702 0.879346739 -0.510124161 1.746574698 -0.553989971 -1.014864959 -0.958423712 -0.207662430 0.791652877 0.101487014 0.202195841 -0.117567512 -0.144865019 -1.416942066 1.022565480
-47.789888984 -43.620971436 -1.025990729 0.080888464 0.044853864 0.883032597 -0.460107183 0.202578183 0.907776011 0.039996140 0.473253203 -0.204300149 -1.292487026 0.930206227 0.356262007 1.008786917 0.291026070 1.252058382 -0.539437915 -0.498321367 1.068815003 0.299532030 -0.037938545 0.774351769 0.374936641 0.040756731 1.216260042
-39.542560554 -37.237681098 -8.277393542 0.400621941 0.354185362 0.750107300 0.389093598 -0.206945195 0.843995064 -0.508291186 -2.731931513 -0.441215288 -0.741448340 1.425219248 0.754074115 0.615428801 -1.169873220 -0.448693918 1.061638512 -0.215642501 0.700172838 -1.270256130 -0.318770385 -0.313210863 -1.576986980 2.048329087 -0.586848442
-44.136390617 -28.774339945 -1.419744800 -0.554585784 0.169033760 -0.037299160 0.813923196 0.617277291 0.348591764 0.951490504 0.851872586 -0.192224274 -0.185518592 0.266047372 1.849967001 -0.470660322 0.024566144 -0.127390076 -2.276342499 -0.804689212 -1.145816332 -2.653645371 -0.768373382 1.024982593 0.245134078 0.301198730 0.601708570
-46.514401486 -38.706090678 -6.776715203 -0.014754988 0.624616954 0.632304121 0.458069263 1.695806673 -0.603441627 -0.093454560 0.412125954 -2.017877898 -0.870067175 -0.336175784 -0.576679819 -0.206659560 1.511779789 1.297025855 -0.551942565 0.220328840 0.704021640 0.709691760 1.020707812 -1.406762520 -0.755104327 0.371196199 -0.330228269
-50.064773818 -34.398291045 5.731482621 0.423288890 0.554312507 0.109343832 0.708242957 -1.931189294 -0.264963508 0.604811705 1.469917357 0.874422942 2.559081514 -1.710314745 0.610621092 -0.288440997 0.872849486 0.825388714 -1.881915868 -1.217099493 -2.125679250 1.155564774 1.160396060 1.741693152 -0.251570358 -0.045223529 1.467747855
-42.793278157 -46.197343534 4.005756773 0.155892389 0.373504691 -0.539127136 0.738602559 1.369509231 -0.504784237 1.417081650 0.075718310 -1.206778435 0.156557380 -0.543794165 -0.899048027 0.037057417 0.370668783 -0.336082123 -0.306431481 0.181350245 -0.537446826 -0.603072392 -0.927686702 1.144290236 -0.833149105 -0.973279905 -0.052048616
-48.091176111 -38.826604558 5.998203094 0.862192479 -0.079978535 -0.499359990 0.029447617 0.142306327 0.087864592 -0.829856769 0.915617830 1.258112801 -0.411480165 -0.586321646 0.494242650 -0.860503050 -1.902118455 -0.660702698 -0.098055765 0.975264285 1.368288989 -0.260181085 -1.715143898 0.064668111 -0.145368041 -0.737506534 -0.859069547
-44.262859668 -34.923084341 -2.196925799 -0.331589664 0.127565772 0.237273354 0.904144139 -0.664964371 0.417812768 0.054351822 0.669115572 -1.174190388 -0.845608673 1.771585571 -0.800980519 0.684445780 -0.475454261 0.466473228 0.380887454 0.413732859 -0.098178678 -0.358967952 0.370053748 0.165739429 0.489227022 -0.882239900 -0.948410424
-37.936547838 -41.266080773 -0.471141922 0.496717982 0.243585443 0.821119378 0.140357917 1.130008634 0.700309427 -0.676620254 0.223323344 0.465479074 0.161008620 -2.083478547 -0.846255254 -0.793067212 -2.224705564 -0.550027659 0.119022446 -0.633679593 1.060615637 0.894105642 -0.798365419 0.773228512 -0.459479361 0.022450428 -0.747994151
-41.344830417 -30.371212575 -1.402838461 -0.449259876 -0.265734508 -0.350956660 -0.777418908 -1.437921099 0.596273457 0.620212029 0.639201049 0.724062165 -1.498829490 -0.788922831 -0.617919326 0.022256595 0.735555784 0.899413961 -0.407294807 -1.179468505 0.483206861 0.625060156 1.194335347 -0.093032095 -1.209653085 -0.038783169 0.212075803
-41.990061818 -39.097157275 6.891319390 -0.339344361 0.232829766 0.349001928 0.841922419 0.792321879 0.059818516 -0.335109355 0.695367764 1.295592801 0.934796006 -0.235605789 -0.407598791 -0.092976403 0.545342443 0.368742434 -0.367520689 -0.632015956 -0.600427529 -1.483641775 -0.038644218 0.375622545 0.668407874 1.298099503 -0.379328574
-44.727818967 -37.175216460 -5.465484766 0.354376545 0.061179147 -0.922464041 0.140479426 -1.164180451 2.093730569 0.233890737 0.223507782 -0.067993608 1.039530475 0.691951929 -1.714983724 1.568166127 -0.447444089 0.172965560 -1.199579532 1.817971068 -0.568258753 0.198575391 -0.648250901 0.160688942 -0.666919742 0.930052200 1.118890869
-42.776533677 -32.392730191 4.532624743 -0.876821371 -0.353710173 0.316469676 0.076943755 2.446410997 -0.367153424 0.658285086 -0.374667014 -0.310211361 -1.772024055 -0.423612616 0.058947262 -1.579086668 0.246007336 -1.092334034 -0.542157580 0.095061449 -1.401008977 0.686732773 -1.636377160 -0.394049387 -1.504407162 -1.297874710 0.918030928
-42.650069750 -36.581264957 -2.387183427 -0.615124169 -0.136215609 0.375861450 -0.679555542 -1.786858565 -0.552087296 -0.494713302 -1.533642192 -0.173382193 -1.164867495 -1.907028734 0.126111823 -1.441208614 0.390307145 -0.696230170 0.122007253 0.119763866 -0.308068049 0.106831142 -0.141212586 -0.854015530 0.099497011 2.012110274 -0.486615279
-48.719514432 -40.892616222 4.122156163 -0.059766209 0.645858492 -0.179599532 -0.739620725 -0.796501154 0.007865029 0.173849088 -1.636972217 -0.531292344 -1.409284294 1.251193539 -0.596843054 0.551529401 1.849858189 -1.401271065 0.416128144 -0.871513717 0.454797195 0.348416815 0.344423226 -1.431489325 0.721920094 1.219328804 -0.187474712
-43.718118517 -42.526032795 0.161007521 0.081211317 0.602494137 0.177228838 -0.773947980 2.226010719 1.117274085 0.662531988 0.009260388 -1.656915379 1.912998717 -0.220296571 -0.599034739 -0.952400406 1.695219824 -1.445463912 0.425215722 -1.373503265 -0.147740183 0.524074396 0.966181268 -1.684511076 0.075825300 0.376445613 0.635409009
-52.781331807 -43.643013695 -3.222284773 -0.200141396 0.866646654 -0.174148833 0.422538972 0.970707441 0.092681199 -0.957365670 0.632571983 -1.114926202 -1.884942725 -0.695962634 -0.559519499 -0.532875095 1.277407966 0.956139551 0.568870176 -1.319376640 1.182959700 1.212239303 0.058851205 -0.837283341 -1.214423875 0.847357208 -1.152795180
-45.887024276 -35.728594072 2.077787444 -0.238438370 -0.383320954 -0.875445382 -0.172648700 0.648193010 0.002540441 1.896159660 -0.472233862 -0.684719168 -0.355519474 0.269083268 -1.605483207 -1.026832846 -0.810444830 0.978680447 0.751342019 -0.139150842 1.654781622 -0.612548127 -0.173590308 1.583156552 -1.556202653 -0.933695334 -0.418648407
-44.487785721 -33.775701043 5.529510041 0.360088026 0.867097571 0.340660689 0.049281948 0.493857107 -1.445816867 0.098501418 -1.179852992 -0.501012423 -0.629510662 0.450547234 1.572124459 -0.592305455 0.548295688 1.200016267 -0.973572567 -0.450212514 -0.389747029 0.200203039 -1.086155833 -0.258226142 -1.088824312 1.423579306 -0.927166429
-43.152449287 -40.635641002 -4.712022267 -0.553221109 0.012771451 -0.743533619 0.375421165 -0.248425812 0.766472670 0.853438863 0.642750726 0.379256219 -1.781748616 -0.585357194 0.329057144 -0.303152683 0.529283696 1.778811156 0.107366259 -1.358631158 -1.761134965 1.266999085 -0.494972646 1.274402586 1.904715948 1.462240139 0.028226597
-45.950451391 -32.473714166 4.286430227 -0.802264477 0.139861351 0.007448501 -0.580305981 -1.137956950 -0.834830345 -0.405145681 0.150808607 0.175571449 0.218664525 0.788247893 -0.800446994 0.101986383 -0.526028769 -1.319910775 -0.096754613 1.381857386 0.702998284 1.363269023 -2.150785406 -1.222644214 -0.691889568 0.812495107 0.603859398
-48.533719209 -42.585971271 -0.093810153 -0.115463381 -0.566959572 -0.808979840 0.103810745 1.094596013 1.281140272 1.277719272 0.993914854 0.123297581 0.025506178 0.389676045 0.637803196 -0.847698712 0.583883254 1.346951775 -0.386872693 1.339206862 0.157085579 0.096880174 -0.689827068 1.633483887 0.240354243 -1.443502120 -0.027198213
-42.138604021 -34.789038575 -1.715288962 -0.349623113 0.735974405 -0.553817882 -0.171438350 -0.431207516 0.057805173 -0.241040420 1.950030615 0.814182748 -0.480267969 -2.360101624 0.143485045 0.067519626 -0.455928184 -1.477642951 -0.247391026 -0.011216718 0.170136266 0.809590032 -0.629169346 2.155095710 0.364384776 0.158152103 0.424081823
-42.635535493 -44.477532558 -6.739183053 -0.571095576 0.046805825 -0.717357605 -0.396304333 -0.894785457 -0.608857812 -0.913913028 0.604645571 -0.455722281 0.026992747 1.087823074 0.629228228 0.477727899 0.854718305 0.702503874 0.346816930 -0.660566438 0.689898535 1.430068626 0.186942794 -0.368096592 -1.546388789 -0.835447487 0.526056295
-47.222907093 -44.104429318 -4.625720692 -0.758766085 -0.479811520 -0.394657665 0.195704525 0.651029174 1.002855471 -0.376045646 0.213202507 -0.122209105 -0.813329291 -3.052980695 0.196266462 0.596250600 -1.038714728 0.586536086 0.245769920 0.130173115 0.547886811 0.315300591 -1.529472353 0.807019610 0.909310018 0.498190925 -0.697390344
-48.639254903 -46.095375162 2.522127246 0.016797504 -0.194547373 -0.009658233 -0.980701729 -0.325253828 0.177277314 -1.191365157 -0.540023142 -0.637449294 -0.070453832 -0.385907905 -1.818925922 -0.478668859 -2.433408609 -0.494079222 0.659822404 -1.555176182 1.234993355 -0.357373484 -0.682808496 -0.979837319 -0.233087713 -0.923126547 1.730768009
-45.013040479 -44.091745011 4.522219048 -0.487199308 -0.133295131 0.081344573 0.859216098 0.103890397 -1.462103832 0.153423592 1.878656459 -1.459401661 -0.528386140 -1.006579947 0.882408287 -0.024320066 -0.603543093 0.479419772 -0.790385527 0.573614024 -0.385749708 0.404756527 0.101811699 -0.398597571 -2.016849461 0.056136955 0.633952611
-47.529124340 -35.023410978 7.252355207 -0.029891524 -0.734582302 -0.149588105 -0.661149557 2.388303488 0.553995756 0.655626304 3.068103408 -1.098842133 0.605632047 -1.270260400 0.135430442 -0.635036065 -0.509816434 1.241068282 0.983702556 -0.340211161 0.275315989 -0.224285515 -0.285760411 -1.293580255 0.101412103 -0.982529055 1.387128471
-35.040692160 -40.411086793 -0.354973463 -0.146841138 0.314400400 0.862121519 0.369237802 0.053628586 0.433259601 0.560382074 -0.591918957 0.792568128 -0.062239041 -1.431417394 -0.169229520 1.156684649 -0.005155302 0.158259192 0.109242872 0.031944310 0.343340431 0.145313835 -0.555094011 -1.177321491 1.113530036 -0.785376678 1.318732678
-44.501751232 -37.238900846 -1.481829268 0.211143675 0.902494184 0.067788619 0.369225270 1.055107806 -2.129614398 -0.856567426 1.219034931 -0.788343495 0.875233192 0.071972727 -0.805488325 -0.328561022 0.273554398 -1.091351968 -0.588394303 -0.661704311 -1.851001184 -2.221988168 -0.394076574 0.382131455 0.693042375 1.601105051 0.820546523
-37.059006028 -40.976623398 -4.584612464 0.122592785 0.269412692 -0.593201912 -0.748665014 0.733107976 -0.226963152 -0.670589106 0.669065989 0.887459698 0.117603426 0.747677990 0.874807669 -0.335616215 0.269460363 1.080009668 -0.973011518 0.575110103 0.132907294 1.252552079 -0.973578888 0.403357747 0.157482611 0.325991336 -0.390345500
-37.167901755 -38.007466523 4.143044521 -0.108238989 -0.007495786 -0.426662704 -0.897879208 -0.663399120 -0.536920922 1.061945969 -0.505283111 -0.871525449 0.688723890 -1.014275439 0.422249100 1.028799919 0.010730846 0.433554850 -0.068489845 -2.206002333 -0.728746670 0.817461636 0.873273320 0.542127445 -1.812679491 -0.443327118 1.157125945
-40.070347835 -33.980827395 5.537803862 -0.626615511 -0.571461653 -0.524146470 0.077814258 -0.511593390 -0.660594856 -0.029634549 0.881573824 -0.777713750 1.280307190 0.790940335 -1.017121672 0.601758550 0.307107201 -0.521892900 -2.362445946 1.227260996 1.125843346 -1.104936192 0.512501724 -0.417914318 0.839620546 0.747231460 0.982086666
-46.140155864 -46.020465079 1.638119151 -0.624687697 0.242964506 -0.690710340 0.271390413 0.589793773 -0.148762355 -0.565922038 1.549323462 -0.022048273 -2.448362934 -1.833463140 1.758987538 0.021439838 -0.622083595 -0.031780814 -1.029431427 -1.067951454 -0.660793183 1.323271844 1.231579862 -1.179205511 0.667000721 -0.994946880 -1.737940844
-38.400676112 -31.070637338 0.975124378 -0.349576449 0.582469836 0.536972467 -0.500185732 -0.262556584 0.436734041 -0.716542876 -1.745257611 -0.617631372 0.717499269 -0.589184242 0.626233422 -0.699550743 0.970573675 0.039308316 1.125014004 -1.011024517 1.130174681 -1.344880389 -0.528274349 0.044419629 -0.077207594 0.633649816 -0.504249080
-46.640019812 -33.919615840 -9.090599751 -0.558183382 -0.069295532 0.556319214 -0.611668516 1.400149049 -0.071651651 1.603915678 0.667929077 -0.688473128 0.952354946 0.305777727 0.915252743 -0.775904319 0.192490086 1.501678947 -0.719863322 0.912179811 2.986890151 1.577241518 1.247484807 0.119623144 1.332165296 0.921827824 -0.079753494
-47.653056989 -45.010548758 -0.430785976 0.145056322 0.735788135 0.652722358 -0.107368554 -2.669055895 -2.167619324 1.756287003 -0.439195728 -1.255571294 0.144154405 -0.444777064 0.340587185 0.039388206 -0.763320423 -0.675658609 -0.121532224 -2.129296437 1.923507117 -0.344391289 1.059696405 -1.370568733 -0.392611884 -0.417942942 -0.794069852
-45.263705515 -45.928568572 -6.090262579 -0.491792547 0.489172789 -0.654448800 -0.300910021 0.445346621 0.735666499 0.123764893 1.553291678 2.252894353 0.349981020 -0.249048346 0.511793056 0.247795149 -0.788746651 -0.478150484 0.746241460 -0.588378294 -1.441722695 0.955759831 0.549567410 0.595180247 0.905787324 0.605638207 -0.810157580
-49.491634715 -41.627519395 0.188564327 -0.799799918 0.503963977 0.326035618 0.006416928 -0.393183511 1.667658063 -0.002518779 1.669681478 0.133147331 -0.547499972 -0.383591028 0.982338794 0.852244254 1.100638973 0.460446254 -1.581306380 0.066360241 0.300360190 -1.171004865 -0.742613192 0.612164584 -0.208522814 -1.339356432 0.115999981
-38.108807086 -36.160363211 -6.431942272 -0.195685236 0.867338885 -0.435400399 0.140915004 1.061268306 -0.961958135 0.781421371 1.693400440 1.117776975 -0.014491020 -0.761469181 0.901514162 0.069394769 -0.308301355 0.597524455 -0.963201057 -2.062512648 0.025445382 -0.052807432 0.354863202 -0.268654805 -0.944528176 -1.808282241 0.847393834
-43.668094678 -36.676840767 6.934318906 -0.513653828 0.165741903 -0.777238771 0.323402628 -0.566449663 -0.322493898 -1.429759860 1.853080102 1.257795677 0.810017496 -0.287585862 0.295312029 0.255676251 0.243871141 0.623499526 -0.053200749 -1.534286626 -0.960331958 -0.313267621 0.948239171 1.713766313 -0.852958373 0.008651814 0.298865618
-47.510935089 -39.606876542 7.583626440 -0.590767704 -0.697917879 0.365042432 -0.175066209 0.613998177 -1.563047096 -0.512475048 0.472635769 1.239987952 1.440966883 0.097728973 0.206017700 2.790793778 0.045424297 0.678009479 -1.110490758 1.021023538 -0.038316420 0.068950250 0.453682864 -0.825623024 1.832846857 -0.549755490 0.301733531
-52.402947828 -39.137934153 0.369089285 0.399004214 0.430472974 -0.661223949 -0.467195404 -1.234047180 -0.716553727 -2.002433630 0.352892598 1.460225844 -1.087787403 1.279337872 0.289026650 -0.402667602 0.192044943 -1.093957717 -0.909922444 -1.382858175 -0.309599411 -2.046571026 -1.295498818 0.682983610 0.224331364 -0.972508837 0.607562590
-43.556602342 -34.877716625 -5.802567751 -0.578281465 -0.201448111 -0.771826249 0.171153283 1.997318182 0.165610497 0.903495714 -0.781772310 -1.041403488 1.569414207 -1.182887314 -0.064169536 -0.851021233 -0.112565486 0.010889565 -0.006124747 -0.255841276 -1.189634662 0.315392315 -0.688778850 -1.856358351 0.566129449 0.141651502 -0.128422820
-47.096040588 -46.857520163 -1.575144806 0.626366564 0.229160326 0.710080084 0.225691708 1.444241794 0.749120384 -1.248314359 0.220674140 0.405829357 0.327294143 1.012671668 0.522267908 0.113362425 0.972834479 1.280260619 -0.969640889 0.238675346 -0.324785428 -0.646364881 -1.489905804 -0.750345441 0.554096318 -1.320383074 -0.322267467
-43.559294990 -34.480792316 0.328831316 0.784347545 0.110128419 -0.510727781 0.334406629 0.656534657 -0.140569189 -1.342543479 -1.598230507 0.945939629 -0.886038002 0.241513345 -0.393928892 0.542679234 -0.495626792 -0.719085761 -1.420297520 2.350624604 0.340096379 -0.087574237 -0.062549626 0.473197684 0.873701975 -0.879349809 -2.465538661
-46.658356840 -44.310131089 -1.611787707 0.289438969 0.038007520 -0.292972084 -0.910465743 -1.897910861 1.309364952 1.693562201 -0.921773460 -1.220342699 -0.279108945 -0.006466171 -0.372117465 -1.332100815 -0.093087689 0.695032739 -0.593783915 -0.202336869 0.094861108 -1.129183503 -0.590945563 -0.493722145 0.086457687 -0.322224568 0.607704839
-41.116602617 -40.759927870 -8.906948935 -0.301108219 0.266277711 0.395382694 -0.825894997 0.304069358 -1.796351027 0.137954601 0.426839457 -1.102846154 0.424743834 0.377140698 1.151769952 -0.479322679 -0.234874001 0.188407691 1.529677848 -1.464796067 -2.462952253 -0.646031432 -0.256945563 -0.938309147 -1.280315452 -0.162780724 -0.064057072
-45.911194674 -48.214211917 -3.340817119 -0.504498238 -0.336549404 0.766773949 -0.210413257 0.589834786 0.018959200 0.281659914 1.017054519 -0.156762380 -0.411284728 1.419882094 -0.515549522 0.457306400 -0.317035131 -1.782409399 -0.141223958 -0.628936992 1.562550261 -0.524650214 0.213153427 0.908356922 -0.234716663 -0.485998144 -1.199142421
-52.516176165 -35.144221000 -2.338448941 0.667645674 0.122317948 0.732580403 -0.051122663 -0.834624123 0.717860053 0.658733764 2.017188045 0.152114240 -0.725112763 -0.007055558 -0.123525698 0.276940915 0.374792139 1.020313753 -0.407655277 -1.805784014 -1.303665529 -0.147932188 -0.882206344 0.098322932 0.121930646 -0.061934011 -0.400552884
-48.628793720 -44.712115651 -3.190935298 0.347407651 -0.697373487 0.230681480 -0.582892956 1.381753964 -1.740876754 -0.138989826 -0.823635748 0.327917304 -0.502692722 -1.140995899 0.744485063 0.397707305 1.509295341 2.302650407 -0.837918564 -1.005514326 0.207719591 0.306392393 -1.153659799 0.378553958 -1.196828834 0.538143785 1.095769001
-49.248102747 -37.600285971 -4.519668667 -0.756787023 -0.415399828 0.057341514 -0.501426302 0.706639499 -0.641385586 -1.341746352 0.060317763 -0.531849083 -0.280996291 -0.123073648 1.129831536 -0.254194298 1.988504511 0.099910326 -0.117541404 -1.322479635 -0.602408590 -1.424420053 0.725654102 0.217734635 -1.660333638 0.000932952 0.508752106
-50.277915349 -40.125181860 -3.170119741 0.071563145 -0.640274477 0.698500651 0.311486998 0.348463234 -0.148290726 0.592174761 -0.759442345 -0.654700002 1.014203560 0.127696159 -1.194733796 -0.386629799 -0.665883548 -0.019431079 0.103935577 0.468610715 -0.281105328 0.834319227 1.424710039 0.803463572 -1.675125040 0.009700360 -0.031220570
-47.352454079 -46.181757458 -2.913699681 0.616244785 0.188411686 -0.760400496 0.080836170 -1.134231956 -0.534829143 -2.520656877 -0.387505454 -1.856238897 -0.267554909 -0.528720696 -0.091571569 0.924275831 -1.816197010 -0.227996070 0.549466280 -0.628129121 0.386027748 0.676637224 -1.751716144 -0.553764441 2.292140212 -0.914111054 -1.192416047
-52.589521654 -43.462969232 -2.238268941 0.755767841 -0.334241495 -0.522115581 0.210933432 0.125656541 0.495858672 0.741824498 1.846959177 0.627924828 0.130876044 -1.158141650 1.120683499 0.268752846 -1.657671540 -0.041213633 0.021982168 -0.021022527 -1.830296423 0.339678858 0.041847287 0.437798046 -1.308166202 -0.515414588 1.993518255
-44.054836164 -45.124626546 -5.844550672 -0.637233056 -0.086040836 -0.748322627 -0.162924072 0.183638833 0.444450035 0.276626707 -0.107157872 0.322338908 0.078553007 -0.909136268 -1.375792460 0.174891171 -0.360402795 0.795908536 0.131481426 -0.147176501 -0.734211470 -1.024017743 -0.080573421 -0.532079879 -0.709448557 0.469886477 -0.981846040
-45.245721859 -34.541729347 -3.773301120 -0.793226629 0.541121682 0.183009780 0.210917663 1.430799339 -0.753490888 -1.293147360 -1.514478936 1.009542884 -0.295914408 2.304775034 -0.440222568 -1.160489530 0.065562205 -0.123334565 0.902910128 -0.654439715 0.654661361 0.171052410 -1.045950284 -0.234703489 -0.404273307 0.747173343 1.047305703
-48.734508893 -39.505714048 -4.325212884 -0.516823219 0.530456753 0.252199246 -0.622820146 0.277127625 0.908812371 0.746509412 -1.906393123 0.263460620 -1.700912781 -0.797282757 -1.167999042 -1.134998750 0.090882400 0.509275523 0.425422738 -0.744959132 0.820143132 -0.834913651 0.728515802 -1.023556521 0.009894161 0.602100920 -0.115957850
-45.810395203 -41.025327621 7.218543948 0.392575779 0.749006074 -0.374785080 -0.380013556 0.421536677 0.506740464 -0.313264049 -0.075220345 0.072343723 -0.772918280 0.541273053 0.466128439 -0.851821946 1.334240089 0.958744016 0.106573919 0.945838472 -1.580563072 -1.520855986 1.322990621 -0.696410696 0.048551560 1.197626066 -0.297415396
-45.309845627 -47.610593553 -3.622003231 0.092175783 -0.770344715 -0.400916093 -0.487174436 0.268247606 -0.574439921 -0.637069575 -0.276821180 -1.054907696 -0.662515717 -0.885544196 1.095366073 -0.436798020 -1.785550720 -0.799524241 -0.865084454 0.327266660 0.383383049 0.495365458 1.373532008 0.022758876 0.161122788 0.065875066 -1.133483798
-46.496636622 -30.414497851 -3.041634624 -0.040692022 -0.761434697 -0.606434583 0.225385132 -0.717454396 0.971265523 -0.950959831 1.050961963 0.444752212 -0.780440361 2.042986334 -0.141395339 0.129949741 0.347637745 2.742887706 -0.938253038 -1.061325282 0.562951414 2.201655163 -0.927794593 -0.270858239 -1.008687140 0.918231924 1.081244505
-44.344140952 -40.962019805 -6.300330239 0.238182270 -0.178652115 0.750562430 0.589922593 -0.221630215 0.334906002 0.271984983 -0.070219300 -0.043439296 0.014614434 0.103313678 -0.133879772 -0.258542821 -0.729084375 1.073824894 0.071235395 -1.313103975 0.183450254 0.501991659 -0.510555935 0.590452343 1.821391631 -0.297872485 -0.688280787
-52.575257595 -38.904265580 0.481454639 -0.933207367 -0.247266652 0.247978066 0.080561111 0.505293176 -0.209351365 0.638284264 0.177539095 1.264143648 0.396881190 0.045757072 -1.283668484 -0.760359028 0.674171417 0.405696755 1.235428446 -0.526066066 -0.303101364 -0.381267004 -0.306211134 -1.527585611 -0.551195899 -0.449500646 -0.395336443
-45.239063810 -47.931891093 -4.728324709 -0.453554570 -0.231590144 0.154948366 -0.846549031 -0.447650155 -0.886257188 0.003608996 0.534925752 -0.318723376 1.175027152 1.553713036 -0.220036334 1.661148766 -1.257019670 0.996855922 0.990184719 -0.965781129 1.983697690 1.277831619 0.042774631 -0.128373067 -0.132302322 0.447641474 -1.306384536
-38.715642970 -45.397969931 -3.740663301 -0.189947806 0.768750645 0.586759326 0.169280153 -0.460012003 -0.809138769 1.529624918 0.458690983 -1.307825782 0.274081379 -0.616056664 0.858988048 1.252710249 0.719780860 0.618907511 -0.943274359 1.565570116 1.115972965 -0.292831777 2.620234856 0.366649256 1.079513352 -0.803162476 -0.435947872
-45.327579390 -34.988922333 -5.138493365 0.163120400 -0.012849481 0.079992051 -0.983274070 -0.344021828 0.038835172 0.091556590 -0.580636828 -0.092043511 -0.294172123 -0.725963770 1.347562117 0.787970672 0.702345295 -0.156985237 0.868394995 2.016082686 0.470456385 -1.308566740 1.505631323 -0.278097814 -1.066932413 -1.104315197 -0.830398639
-40.986973451 -43.062047427 -0.850714298 -0.093332883 0.729406305 0.470097169 0.488123004 0.534602324 0.554285970 -1.460938056 0.700430908 0.001501092 -1.151113144 -1.288941270 -0.059783221 -1.378278672 -0.405634496 0.624666714 -0.327855100 2.289467936 -1.250810507 0.819340897 1.480027884 2.520135841 -1.579211371 1.482929028 0.726279123
-38.004337897 -36.787641439 -1.215796835 -0.401049779 -0.279431873 0.430074128 -0.759021177 0.533357463 -0.758229570 0.572207162 0.075310694 0.612585718 -1.247180214 -2.220055906 -0.892914077 1.102395588 -1.117434688 0.185482690 2.343975274 1.210653798 0.153533134 0.305645598 -1.507842816 0.946968086 -0.182065535 -1.866751180 -0.982944726
-37.515602549 -37.197126627 -6.932384481 0.239769450 0.642211364 -0.234051718 -0.689416397 -0.109344563 1.439579589 1.513644454 1.028244908 1.761685234 -0.141798511 -0.517335069 -0.016333729 0.637747542 -1.375944208 0.301986328 1.896580303 -0.494522541 0.006016328 0.306145926 0.038767366 -0.437706341 -2.674842635 -0.524342364 1.712293758
-50.953082029 -41.818639185 -5.573365065 0.728936822 -0.522812270 -0.441583663 0.017952950 -0.755550930 0.691231074 1.966139688 -0.267098612 -0.663952717 0.456557216 -0.508218238 -0.241665883 1.313346674 0.569466434 1.140275168 0.947884987 1.699428323 0.270202602 -0.697038395 0.257708135 -1.012026351 -0.634623086 -2.330346926 -1.193191675
-44.449962682 -43.625837109 1.428878656 0.348862285 -0.674379688 -0.649841550 0.034829612 -1.954277683 -0.276682591 -1.017074692 1.312214673 0.212948599 -1.346259070 -0.327441990 -0.229694776 0.038066308 -1.486965349 1.677707623 -2.093051121 -0.367336015 0.351891717 -0.176331243 0.715820350 -0.098952720 1.284310941 0.436899527 0.050530423
-44.888930447 -36.848606210 -8.158078479 0.825678755 0.279525770 -0.311430352 -0.378326676 -1.529266338 -1.783292183 0.034620825 0.051519232 0.059246687 1.826428148 0.834371484 0.456952966 0.579290941 -1.233641792 -0.642644334 -1.383923142 0.992738066 0.649548552 -0.545624904 0.001595885 0.629460866 1.693470828 -1.336795409 2.493662045
-46.608132800 -46.442047851 -3.894420800 -0.189221850 0.570646556 -0.574017212 0.555933305 0.255831018 -0.566822764 -0.280582477 -0.214429577 0.725005185 -0.936332895 -1.523047282 -1.821367235 -1.286593252 0.034612171 0.720664816 -0.133096655 -1.235708276 1.379333187 0.622559201 -0.182353176 0.309936577 -0.400516429 2.575698569 -1.493112864
-39.179802333 -33.646681748 -6.135062468 -0.379985829 0.240945133 0.821995398 -0.349112846 1.331345596 -0.008302279 -0.478569509 1.838026122 -0.262179575 0.633667874 -0.601399147 1.801443872 -0.812595529 -0.123572359 -0.563879213 -0.228710323 -0.135457224 0.010602336 1.125845481 0.729181435 1.127409416 1.171410297 0.404163234 -0.244318927
-42.815841810 -29.887297396 0.967343521 0.464129417 0.621457498 -0.622693000 -0.103091660 -0.815390399 -1.072146837 0.148144795 -1.301742052 -2.290660889 1.306772622 -0.020799936 -1.217578411 -1.100402001 -0.955010015 1.255914591 0.714502245 0.090821543 0.946675152 -1.552618192 -0.415254547 -1.003485204 0.097925634 1.593422197 -0.389689719
-46.317238860 -34.205281716 1.105023182 0.678117735 0.664456980 0.306450759 -0.068856312 -0.451274786 1.219841834 -1.361845260 1.387121804 -1.959158896 2.534292025 -0.795453215 0.858443327 -0.260665131 -0.321470264 -1.834629280 -1.922518298 -0.528657604 -0.924923123 -0.675044278 0.825648221 1.165407452 0.343859058 0.966265795 -0.286459443
-44.914727820 -34.839781027 -9.495468103 -0.321358230 -0.053448439 0.317286515 0.890618560 0.605170004 -0.401771321 0.604416486 -0.256301333 1.262958638 -0.446560378 0.726666615 0.406570027 0.372346629 -0.008923586 -3.314757244 -0.265645306 -0.238453643 -0.532607297 -1.655234809 -0.461979919 -0.617338392 -0.029129188 0.662203149 -0.712227114
-44.367785507 -46.171880204 5.015959409 0.161898482 0.603306803 -0.779871226 0.040132950 1.481460919 0.766367611 1.838711567 -1.121395171 0.022269920 -3.317591324 0.854933098 -0.689096149 -1.211535812 -0.974762731 0.986448702 -1.078847294 -2.432134182 -0.199532135 1.169309790 0.991729662 -0.011283441 0.818728601 -0.550988992 0.768630546
-50.454537136 -33.446006656 -0.229122359 0.333779488 -0.308579236 0.424027258 0.783307726 1.829150922 0.130180575 -1.674798253 -0.375441423 -0.014618143 -1.053900309 -0.229064974 -1.101956472 -0.677313360 -0.009845522 -2.001003237 0.289803006 0.634126562 0.984559817 0.044216740 -0.782463808 -0.570141478 -0.880967942 0.277075962 -0.057028850
-40.058699878 -37.719682304 0.678838077 -0.543999190 0.462884649 -0.695303356 0.079724057 -0.059065223 0.328280421 -1.349110052 1.185678625 -0.757752437 -0.836010343 -2.052363214 -0.636429128 -1.931768179 -0.562971158 -1.489436293 2.005988698 0.387963611 -2.007304227 -2.456888494 1.705040217 0.532224789 -1.516031223 1.268491660 1.874303788
-52.305261287 -43.365181710 -1.625143283 0.492998143 0.120777122 -0.642261425 -0.574339603 -1.215646977 1.259732079 0.807198034 -0.199310221 -0.968701655 0.720092138 -1.591436614 0.747891137 1.274898894 0.712807148 0.759234531 -1.283034289 -0.252465569 0.119724392 -0.778519195 -0.223746460 -0.475524350 1.036881037 0.557795898 0.011261854
-37.301002800 -34.627977178 -3.306923262 0.380121880 -0.303226900 0.445061882 0.751984524 -0.149239634 1.527949399 -0.697775160 3.191865069 0.133510438 -0.357164686 0.802515493 0.306765688 0.241560668 -0.274387920 0.443565835 -1.429391255 -0.296543892 0.577936758 1.129864410 -0.067962972 -2.304075636 -0.121410751 0.009709707 0.176867986
-48.969420222 -35.848695155 2.823397797 0.356260602 0.058702890 -0.725260019 -0.586199845 -0.927064039 0.307530929 -1.490096208 0.209166282 -0.219744743 0.276867830 -0.641551648 -2.132889501 0.623246954 -0.547376495 2.427103438 0.677676362 -0.539074796 -0.180810186 0.060642283 -0.038019297 -0.626771352 -0.911584516 -0.990563720 0.087785629
-42.653177735 -46.472949910 -3.178227771 -0.475957918 0.260262358 -0.146710274 0.827166042 -0.997632166 -0.322865472 -1.238280090 0.695153491 1.429492163 -1.429550765 0.830700385 -1.001201853 -0.205472079 -0.289675220 0.077346277 -0.161808023 -0.824845937 0.460594329 0.357769946 -2.617984728 0.425693202 0.726286605 -0.346873459 -0.606042098
-43.685962719 -34.148280232 -10.050147846 0.806740189 0.533914680 0.240639513 -0.078727419 1.467381211 0.450962118 -0.378932891 -1.342515821 1.519242814 0.274761236 -1.489834254 -0.472604031 1.871751362 0.837561320 -1.087267658 -0.306790242 1.867934265 -0.627490453 0.808116712 0.277682232 -0.558515682 -1.114391480 -0.425182496 0.603391299
-41.951471910 -36.600870056 -10.605131351 -0.166946088 -0.818946235 -0.363847312 -0.411182687 -0.599713160 1.557017900 0.525174119 0.345444412 -1.164596640 0.286470742 -0.725261427 0.420695470 -1.580940722 0.538400807 1.259686964 -0.525713477 -0.159587666 -0.546217859 -0.791327978 -0.957829890 -0.985746369 2.786788126 -0.348356374 0.046243070
-52.374146920 -41.256519964 -0.216438068 0.514599327 0.789685531 -0.250980655 0.220438210 1.430448735 -1.985255105 0.398003014 -0.227234582 -0.169821987 -0.739312213 -2.259341593 0.226430023 0.489742361 -0.597210016 -0.277687470 0.696019888 0.394762085 -1.188799773 -0.235933651 -1.545219233 0.484273857 0.491421023 -1.034472352 -1.431869308
-39.112290024 -46.152572832 1.054732098 0.595447185 -0.678075776 0.404866306 0.147442076 -0.557769880 -2.005345521 -0.096274671 -0.183371777 -0.284994721 0.343848442 -0.360423104 1.281837196 -0.599180721 -0.014702591 0.076489846 -1.481268902 -0.622506070 1.002845030 0.188826927 1.782810462 0.138077052 -1.609359472 0.096243023 0.306064926
-37.568829564 -32.969393725 -3.441974875 0.378694080 -0.266365382 0.504121277 0.729041847 -0.738911520 0.508405688 1.076787866 0.244022027 0.455087227 -0.783133892 -1.194711830 -0.310703459 0.598695683 -0.763508686 -0.249573377 -1.538081663 -0.878485307 0.897219451 1.004019547 -1.407180674 -1.199524424 0.760228592 -0.235122034 -0.523776191
-38.544000961 -35.391247743 -4.298477571 0.412136816 -0.678543695 -0.022878119 0.607616895 -0.536642570 -1.870492095 0.848795880 0.165623094 1.335779982 -1.336135594 -0.211321409 -0.114729651 0.735799878 0.213273313 -0.218978345 0.811319372 -1.702324312 -0.089563104 -0.511456575 -0.279145877 -0.505488953 -0.477186877 -0.438640443 -0.296674561
-45.159310597 -47.251038452 2.557455854 0.242232854 0.360313504 0.005965925 0.900811762 0.688324862 1.098094666 -1.734502135 0.059675844 1.164154350 -1.449747625 0.119368463 0.084133609 0.698555785 -0.256590316 -0.085182741 -0.867775848 2.731177380 -0.533472275 0.963467082 1.233400552 -0.510498693 1.811279494 0.237616282 -0.414489429
-49.811980223 -42.764409850 -2.605448035 -0.621523289 -0.192795266 -0.724552589 -0.227073407 0.752894296 0.425612220 1.062102875 -0.832298873 0.664244318 0.379087632 -1.388964715 -0.281241893 -0.405981398 -1.938046060 -0.062654178 0.412115098 -1.771647477 -0.104669898 -1.135746250 0.200352608 -1.032169821 0.784371006 0.903655169 0.461494814
-48.495690348 -41.938515242 4.118199154 0.025140623 0.365645995 0.835706151 0.408981887 -0.036965622 2.017906766 -0.046515665 0.652951031 -0.945824061 -0.776427078 1.369850597 -0.865625128 0.099072727 1.461766110 -0.746862113 -0.570466242 -0.175135137 -0.461578868 -1.253420903 -0.595099144 0.524039650 -0.282702079 -0.348843054 2.100150093
-39.749886668 -39.528787781 4.689117814 0.627142339 0.257711700 -0.672509055 0.296662667 2.327645136 -1.278655356 1.911352987 0.612591342 0.516111857 -1.947083342 -0.037112949 0.467478641 0.383950255 0.282118591 -0.748266496 -1.057070376 0.007721799 -2.054093970 -0.778584241 1.867108432 0.021719185 -0.035091711 -2.371867175 0.488920217
-37.293050365 -35.688964303 -4.918931129 0.820125086 0.105762256 -0.551220604 -0.111198178 -2.120629424 -0.443649797 -2.364036098 -0.745672648 1.777637812 -0.677715331 -0.290121948 1.380616786 -0.985282077 0.235168378 -0.576157668 1.955037073 0.665263287 0.503046024 -0.014262260 -0.577127604 -1.069511477 -0.032903743 0.715656233 0.291766110
