-12.568722802 36.223538294 -6.054334269 0.064584226 0.232445989 -0.340435775 0.908791078 -0.720622670 1.515400966 -0.789890966 -1.787018119 0.120966989 0.828246488 0.061407250 0.432612574 0.178395783 -0.107692231 -0.487916676 0.433216729 -0.137587961 0.591657501 -0.276365634 2.108809707 -0.990444080 -1.300604195 0.558862793 -1.066715849
-4.756641257 37.918090455 -6.666595863 -0.100042635 0.168264542 0.094751138 -0.976063900 -1.837616511 -2.344518356 -0.708048247 1.100419980 1.686243705 -0.802561372 -0.744478311 0.877389721 -0.911844389 0.684165341 0.070201896 -0.108852396 -1.164527169 0.720616794 -0.805187082 -0.288555287 -0.284843277 -0.782262543 -0.576237505 0.664706415
-11.454610384 40.125175991 -7.492168634 -0.390125575 0.107836515 -0.425445680 0.809425287 0.575935509 0.671340722 0.095415980 -0.177651066 -0.228828968 0.457933537 1.197850023 1.558599726 0.554422316 -0.840485034 0.041077168 -0.698864435 -0.274773775 -0.415249665 -0.809919980 -0.869474947 -2.053863197 -0.050221553 1.418224743 -0.163754973
-9.714437329 47.358136221 3.806459941 -0.595413991 -0.083596990 -0.775405289 -0.192977619 0.791420243 -0.442787568 -0.853555396 0.624682947 -0.635000315 0.133505111 -0.560260194 -0.694625516 0.243869995 -0.196827309 -1.136260778 0.436996171 0.747954372 -0.982665190 0.813812220 0.487872325 0.459635916 -2.139868734 0.700374087 -1.755766407
-12.775422704 46.452229442 3.032416981 0.568159912 0.746710513 -0.338661954 -0.070184084 0.160351508 0.662959633 0.223613668 2.049611147 1.197157385 0.692473550 0.769029815 0.552265818 0.766647465 1.887560124 -1.523963941 0.236989538 0.314348407 0.273645906 1.033085296 -2.055884305 -1.338934866 0.827220306 -0.989869071 1.326047064
-3.846372028 43.955580353 -1.853356526 -0.555714479 -0.209836266 -0.594380827 -0.542090021 -1.401298817 -1.276421484 -1.813536229 -1.968480045 -0.361139382 -1.460615437 -0.691452589 -0.058149059 0.238330519 1.859046954 0.555810026 -0.338501445 1.717672356 -0.884856699 1.952908098 1.619420232 -1.508687842 -0.359057608 -0.998104558 -1.454273305
-13.842239127 39.229222389 -8.775813906 -0.572267910 0.597319250 -0.561870928 -0.004495892 -1.531437980 -1.052181236 1.620726715 -0.428312117 0.530932370 0.775237441 -1.572155905 1.156827589 0.386743899 1.700261844 -0.980571280 0.563923315 0.323958039 0.127451646 -1.693961028 0.300024087 -0.088519055 -0.011059987 0.692949160 1.242627171
-14.913042451 39.720591768 -1.889693124 -0.628142666 0.484294259 0.294517524 0.533062182 1.800978248 0.184012786 -0.252788144 0.106990268 0.077567153 -1.328738589 -1.134597125 0.212812819 -0.328633321 2.396306719 0.387251426 0.437089099 -0.624884942 0.899710383 -0.522936326 0.981328619 -0.150979145 1.327594721 0.443804058 0.317585119
-14.486334149 40.652755354 2.297339268 -0.430816374 -0.448217104 -0.626520073 -0.470075822 -0.326418304 -1.264004185 -1.939306934 -0.421283245 1.776760542 0.635791219 -0.536582954 0.910949049 -0.641965930 0.849685774 1.164802073 0.022466618 -0.000312727 1.054949663 -0.217575932 1.368373843 1.257102932 -0.724273251 -0.863793066 0.145193289
-8.896394927 38.227105056 -0.228619202 0.518369506 0.644839589 -0.517229904 -0.218970743 0.390211544 0.812773504 0.449596772 0.776861124 1.154520054 1.198656583 1.938296572 -0.435752642 -0.614629452 1.323488664 0.853990781 -1.574539923 -0.953035079 -0.382484829 0.705220959 1.625126485 0.481656679 -0.066058543 0.014405644 1.074304094
-4.581674857 32.518648434 -0.599962926 0.586690918 -0.792861430 0.134653575 -0.095041749 0.241119065 0.309124671 0.689639520 1.307771159 0.370604517 -0.037647989 -0.584237135 -1.846503914 -0.354309230 -2.029027241 -0.685535348 -0.941178264 2.031060589 0.122848755 0.751246025 -0.773593996 -0.601980807 -0.396469247 0.293939446 0.737431836
-5.178205539 34.462786019 -0.515322468 -0.009379538 0.029685091 0.885573657 -0.463454548 -0.586737315 2.344529465 -1.385792499 -0.243912138 -0.687885443 -0.835291487 1.726911042 -1.316376547 -0.798107304 -0.208547282 0.272449198 -1.395687225 -1.172276636 1.137009716 0.599663714 0.240237653 0.559375082 0.907225884 -1.275837631 0.217580691
-3.496577588 40.867736887 2.723163481 0.102623212 -0.276861114 -0.271151885 -0.916129388 1.284708629 0.492157091 0.557802142 0.583987538 0.232723949 1.225180753 -0.737602770 1.155767383 -0.665466744 1.323653195 0.375050693 0.884615895 1.689065975 0.888871726 -0.206734384 1.090467114 0.573390660 0.542213899 0.203356899 2.004436202
-8.948649496 43.987169256 -8.760992098 -0.325101095 -0.697439439 -0.562831841 0.301840729 0.348788237 1.643854152 1.444261499 0.734764637 0.721808811 -0.541112668 -0.249347608 2.377123041 1.236504563 -0.711676304 0.923033842 -0.206933020 -0.150412187 1.377632443 1.971826794 0.590699069 1.213856311 1.979162430 -1.227759175 -0.223041077
-15.526757847 39.690875989 1.487234536 0.959915458 -0.253014967 -0.004019176 0.120538737 -0.416467474 2.097329871 0.493147766 -0.900450416 1.923158927 0.922973583 1.923278554 1.396974435 1.308973927 -0.046466219 1.304658242 -1.595151954 0.982725000 -1.251527744 0.115625296 1.218183665 -1.126271853 -0.176722542 -1.171043743 -2.730883372
-3.912178261 35.344467364 5.945049285 -0.521719130 -0.096289357 -0.670128949 -0.519099894 0.372707334 0.917812585 -0.144349605 -0.106117682 -2.082413437 1.671539359 -0.959138886 -0.823211817 -0.512918006 -2.859931804 -0.598242486 1.008692330 -0.173976142 0.925540546 0.063813051 1.022305114 -0.352814233 2.433216756 -0.357764971 -0.671191396
-7.346702216 34.106662615 -1.807636521 -0.471515740 0.823347508 -0.030595646 0.314381447 0.321343997 0.751288446 -1.042123120 -0.684504046 -0.289257768 -0.406264225 1.001253658 0.151726902 0.140923632 0.714478254 0.307123011 0.318873871 -1.564573378 0.966728195 -1.794182722 2.003180775 -0.885647334 -0.065617562 -0.165940992 -0.509438824
-4.331847572 35.440435401 -3.718233964 0.145932051 0.571058471 -0.034288847 -0.807106148 0.305826657 -0.384273728 0.155887731 0.132716121 2.447632486 1.986842230 -0.137680369 -1.213576301 -0.853031198 2.477413976 -1.335951917 -0.851134868 -0.059643475 -0.220445061 -1.610031439 -0.468090765 1.381988054 0.677278106 -0.259293160 0.093526941
-6.966949621 40.288318498 -2.422139009 -0.095573455 -0.278167299 -0.933500063 -0.205100707 -1.445988897 1.325710760 -0.759338947 -1.220158571 0.313659222 -0.428585602 -0.740439479 1.100423478 0.049932695 -0.947263286 1.525897636 0.540102344 -0.191717573 -0.466959211 -0.125628145 1.200573205 0.210858001 -1.305410248 1.309347999 -0.781986171
-6.067897140 32.425239199 -2.563817253 -0.138603373 -0.766609408 -0.617886581 0.106373370 -0.697525304 0.478282437 -0.868249648 0.171269113 1.013320214 -0.210017845 -1.145284047 1.330604687 -0.116781961 -0.252123936 -0.203366172 0.113138899 -2.400520819 -1.510107946 -0.526716648 -0.673381701 -0.152997459 -0.421173186 1.035626211 0.938203288
-3.086697384 45.224577779 -6.032651461 0.018150956 0.438535250 0.889546314 -0.126746721 0.931100965 0.210716464 -0.773604784 -0.335227995 -0.053199130 -0.181603231 -1.269475791 -3.118834038 0.783440142 1.070902328 -0.105145695 1.560875534 -0.254101406 -0.396622226 -0.941163699 -1.132186577 0.199485489 -0.493765021 0.238483152 0.722352983
-14.054464562 35.922503472 -0.164760425 -0.145071188 0.722819386 -0.345510387 -0.580610935 1.348138176 -0.981497105 0.440529992 -0.836877841 1.993445063 0.426649545 0.661801514 0.220380282 1.623903199 -0.151786150 -0.197301493 0.674159406 0.115916688 -0.007970352 -0.263171470 -1.600647178 -0.365417078 -0.144284345 -0.764689705 0.223016903
-6.993468718 36.071828887 1.277200284 0.406462030 -0.513826359 0.432728701 0.619287463 -1.275878046 -0.417856380 0.492351131 -0.929181821 -1.754615514 0.556904816 -0.951890641 -0.093101186 -0.509566619 -0.940939115 1.078118651 1.283016479 0.333909105 -1.342274435 1.371085359 1.302811644 -1.361680908 0.954243672 0.961073315 0.494487410
-9.221127496 40.059732191 6.199768709 -0.808965227 0.142246491 -0.074747562 -0.565467948 -0.725581384 1.354537558 -1.660727279 0.104588704 0.103763908 0.529239008 0.400800508 -0.978977550 0.045321570 -0.605666022 -2.155178694 -0.172945268 0.590841258 -1.606854801 -1.016782119 0.611628039 -1.044300974 -0.077298452 -0.594128768 1.626399188
-9.048289151 40.989281376 1.535281761 -0.877468107 -0.337842151 -0.114376611 0.320671783 0.858522309 0.661650129 -0.161776674 0.487501537 0.631163650 0.418231345 -0.024149731 -0.765920548 -0.061007858 0.989856000 -0.666445557 -1.864213761 -1.354751501 -1.207155349 -0.090811544 -1.411756681 -0.817513220 -0.953404018 0.261575415 -0.458030227
-8.133714100 30.135816412 -4.047219624 -0.190997501 -0.022320344 0.268830713 -0.943796485 0.117960221 -0.154872353 0.619434348 0.079631963 0.232469372 -1.422711686 0.295079593 -0.010761744 0.552948716 0.151953711 -1.717754684 0.035216454 0.590349520 -0.177683755 0.245622357 -0.220198790 0.421090904 0.945093644 0.068953211 0.289983700
-10.508269819 37.778660678 3.238522540 0.043126245 0.860077726 -0.157026901 -0.483475940 -0.290840933 0.221364284 -0.028380578 0.358437799 2.061003263 0.315165418 0.103928817 -0.474953971 -0.478839234 1.760465038 -0.193054338 -0.821113231 0.291389667 -1.672503247 1.234489177 -0.083573139 1.109911077 1.304114469 -0.978620049 0.511638730
-0.714676389 36.974545882 -4.957591409 -0.249072909 -0.608975520 0.137202247 -0.740464074 -0.668578929 0.112386979 1.455285506 -0.061589277 0.068911273 0.221240343 -0.253920817 -0.124055126 0.205815631 0.562495510 0.387117814 0.579895359 -1.458686431 -1.284783309 -1.551661725 -0.544212032 0.225070460 -0.511391723 -1.243698046 0.804535476
-5.262097697 37.802451163 -1.488451784 0.368187075 -0.679012330 0.415343419 0.480489727 -0.568998609 0.271517026 0.046369437 -0.817583497 1.339331248 -0.982334714 -0.679849695 1.534951757 -1.223640953 -1.196928119 -0.915994010 -0.988948174 1.508064533 -0.049853169 -0.317396560 1.548778277 0.538629194 0.134805747 0.474237074 0.697454170
-5.026197993 39.119500159 -8.119708678 -0.117169922 0.584641024 -0.724394121 0.346004682 -0.562828322 -1.395846660 -0.369050236 2.062316031 -0.082080166 -2.490698351 -0.321679343 1.496155739 -0.402713000 0.305331737 1.482877236 1.749647605 -0.447469916 -0.800490878 -0.120935631 -0.838226931 2.359475283 1.824038800 0.467620081 0.337459239
-10.561610570 43.978958491 -8.625905120 0.417123302 -0.504060789 -0.726347844 -0.210593639 -0.792702540 -0.412338499 -1.039482410 1.429159377 -0.320246387 0.025694455 0.344072213 0.140305538 0.258101327 -2.074195396 0.281869722 -1.453483113 -1.077575047 1.646333433 0.312437955 0.496191155 1.367154440 -0.740772761 0.199475391 0.279844471
-4.492820498 41.636176839 2.371024901 -0.087073496 -0.927667940 -0.347051465 -0.106797376 -1.903047639 -0.180131151 0.428713307 0.641198012 -1.109378572 -0.301684615 -1.675406397 -1.331364277 -0.312255396 -1.248628046 -0.966854389 0.116285245 -2.170047438 -1.078979445 -1.170015393 -2.188909895 0.647501848 -1.113998098 0.259863972 0.951518054
-4.575009189 40.665302240 -9.540099442 0.529410722 -0.345706182 0.270218260 -0.726080998 0.407927917 -2.717014655 0.719931122 1.496962591 -0.941850686 -0.852246826 0.517942832 -2.216896710 0.167858466 0.478114607 0.607341340 -0.706644841 2.295304414 2.805898545 -1.012051119 -1.860256956 1.127823657 -0.173705469 1.058211176 -2.048036480
-3.287309232 35.462455975 -5.707131907 -0.542069825 0.534805818 -0.583099652 0.283086272 -0.045491391 0.536947130 -0.635357904 -2.244214680 -1.664745150 -0.426699979 0.212852466 1.183783537 0.444659035 0.922736002 0.968501095 -0.689176899 -0.550736774 -0.225352698 -1.372024117 -0.524349692 1.106553133 1.226362601 0.257795507 -0.538846876
-5.738070378 45.245069792 4.898758178 -0.453213017 0.030185286 -0.009078943 -0.890844758 0.029451240 0.900868801 0.033268709 -0.430305241 -1.409686212 -1.363806946 0.877702801 -2.051418217 -0.005173763 0.368781163 1.143058972 0.202303177 -0.253055785 0.557588567 -0.084022189 -0.541131895 0.682315353 -0.158672243 -0.484901630 -0.607516214
-10.012386220 34.469958664 6.475734922 -0.277153111 0.820254362 -0.466535851 -0.180868002 0.299418380 -0.185751016 0.344116341 0.134965660 -1.167093010 0.551253442 -1.219138959 0.056762723 -0.784850265 -1.299212821 -1.881315692 2.485870766 0.401293479 0.809098792 1.667249275 -1.574905480 1.807918333 0.740080259 0.182144559 -0.038481397
-8.522800968 30.793710383 2.341301650 0.875961366 -0.175981784 0.214170342 0.394782422 0.798903641 -1.451790011 0.417191581 -0.093475698 -0.092877626 1.378057541 -0.855061978 0.485023681 1.670157808 -0.367586323 0.966360810 1.435767420 0.674422390 -0.311626473 -0.210131872 0.802111994 -1.318090093 -1.285918912 -1.552457907 0.551519162
-16.117458588 41.456199475 -0.538166487 -0.527764226 -0.811095364 -0.075210667 0.240691894 2.132937975 -0.502480593 0.896029545 1.146410638 -1.476918554 0.045510906 2.043943566 -0.844258284 0.290626141 -1.130769741 1.478113932 0.896642142 -0.622242563 -0.280443468 -0.696225379 -0.917370697 1.202456367 -1.183442650 0.619095390 0.570101373
-13.925888749 36.807761905 -7.883585325 0.376435856 -0.519859002 0.418246808 0.642738105 0.427485986 1.110614506 -2.031548105 0.382730326 1.069020844 0.540016929 0.963722801 0.305346600 0.451116261 -0.408148529 0.427202964 -1.738242071 -0.416819043 -1.060505329 0.232747446 -1.759585659 0.855233776 -1.701685514 -1.875851201 0.641419688
-8.516049457 43.905697732 -0.302269377 -0.845821122 0.229198082 -0.079189119 -0.475167289 -1.114935140 0.004128474 1.065396100 -0.172833658 -1.288739701 0.500335811 0.761059790 -0.688723273 -1.174571987 0.800241554 -0.419198635 -0.070447689 -1.377261319 -0.437509135 0.765377428 1.141732819 -0.331114934 -0.067525928 -0.213695745 -0.349518398
-13.687135664 37.110394700 3.874207366 -0.173364231 -0.827399601 -0.526632133 0.089517269 -0.134528807 -0.683728666 -0.593071054 -0.518530723 0.456848314 0.064543587 0.128947449 -0.366320651 0.651928284 -0.322692010 -1.110525909 1.760550218 -0.987548549 0.207942602 0.305890931 1.545382651 1.322914953 -1.293607440 -1.544833785 -0.057733685
-7.797997818 39.888231711 -2.598376189 -0.382049045 -0.430654520 0.353427529 -0.737335876 -0.212984426 -1.146900302 -1.100340861 -0.511096510 1.347265409 -0.141806193 0.521110066 0.139096626 -0.569121220 3.389531174 0.507623611 0.863459792 0.451895202 -0.493989286 -1.087478060 0.291782053 0.025839067 1.463373995 -2.014439647 0.345697873
-14.874358254 42.438897700 4.949572855 -0.697288737 0.009580152 0.507544464 0.506058549 2.073894428 0.061987439 0.512412984 0.465190777 -0.718271823 0.547624628 1.524296206 -0.823501146 -2.219120651 0.988682409 -0.138898943 0.564455515 -0.624581665 -1.066772273 -0.659069658 -0.864954330 0.831398695 -1.208758438 0.303037152 1.519726689
-4.181550747 38.967393607 -6.913391207 -0.570427510 0.698177173 0.398494064 0.168414881 -1.057697622 0.793935636 -1.381921553 -0.696972389 0.843625014 -1.174790911 -0.761525111 0.612020373 0.855592482 -0.324697659 -0.398965129 -0.620872521 0.150180064 -2.026450496 -1.760619846 -0.725882372 0.244242407 -1.776227019 0.034223556 1.471730661
-10.087459206 48.009426885 -5.800337130 -0.520249850 -0.238034292 0.673451596 0.468126818 -0.934956709 0.444184218 1.008585974 0.510191933 0.121266581 0.427641795 0.193886071 1.048174001 0.606734756 -0.087671251 2.510341533 -1.391677823 -1.039724240 0.498744884 -1.244408947 -0.318587995 -1.051285778 -0.392403756 -1.730478914 0.044465299
-13.595253409 34.826785371 1.543269887 0.051446501 0.126159751 -0.948296720 0.286653632 1.864926790 0.384967859 0.574096561 -1.513245749 0.387612639 -0.098156954 0.217915128 0.070516228 0.630414932 -0.211835960 -0.615275638 0.937683684 -0.900521811 -0.012069383 1.251731206 0.773995050 1.543196980 -0.187148459 -1.859051831 0.869628804
-6.809232593 40.593468392 -9.966149973 -0.329178065 -0.808568078 -0.452835628 0.181105931 0.433338631 -2.004606875 -0.275424661 -0.566911357 0.340307098 2.904368043 0.773925789 -0.566320786 0.568639895 1.183627590 -0.828578037 0.090411145 -1.465560745 1.263637130 1.142620263 -0.608442178 1.020013824 0.644199656 1.213145405 -1.101723508
-8.938129569 44.012816236 -9.089072636 -0.749271050 -0.209674341 -0.283395166 -0.560639585 -0.652083902 1.649589248 0.925732782 0.494934216 0.419020067 0.755628310 0.639544810 1.528343840 0.034784623 0.926201584 -0.710349501 0.372591784 1.097718689 -0.491574742 0.569043635 0.890651994 0.227608568 -0.652463839 1.264093653 0.311732006
-4.606236729 40.835619869 -4.673315839 -0.529628113 -0.589352651 0.029909471 -0.609313497 -0.045227157 -0.472347135 0.331855596 0.366205119 -0.336692941 -1.452000916 0.243288349 -1.980234392 -0.194861778 -0.154533928 -0.252462809 0.049101915 -0.725794517 1.585294230 -0.366671043 0.994093020 -0.809059449 0.912892790 -0.160341788 -0.259400404
-12.500758556 36.044252807 -6.534099688 0.824467580 -0.185836078 -0.455445135 -0.279799734 0.859358523 0.167818925 -0.958670840 -0.605964794 0.231263962 -0.187622315 0.902233343 -1.113509802 -0.255640282 0.645506993 0.104207762 -1.600670366 1.886258686 0.435119789 1.726728102 2.153082558 -2.638683166 -1.109032664 0.066947994 0.662623400
-13.922757264 35.778329886 -4.255816087 0.660572475 0.635925483 0.248407612 -0.312308251 1.197768142 0.764839380 -1.520831047 0.444737705 1.519307385 -0.122404434 2.297518911 -0.892570999 -0.591574919 0.272157511 0.573906264 0.657845504 0.564596493 -0.461185678 1.184100042 0.548143711 0.144974809 -1.042764115 -0.465116701 0.177596143
-15.010668032 33.346698209 -3.589348170 -0.215662097 0.718153422 0.402591424 0.525038729 0.398800305 0.883335605 0.306385047 -1.655919013 0.943093571 3.058251736 -0.360380111 0.256601508 0.132681656 -1.043230091 -1.613249120 0.578465037 0.908096205 -0.098385546 -0.828813691 -1.855879626 0.302136370 0.089624441 -1.151163957 0.446778192
-7.608390233 42.058150104 -0.532082930 0.059915776 0.724829918 -0.683440404 0.062776625 -0.624894861 0.164468224 0.600406820 -1.646857252 -0.111068550 -0.914363680 0.117978474 0.745087551 -0.049764641 0.451771352 0.331395781 -0.396282174 -0.709102307 1.804998407 -0.025001821 1.792925667 0.352096706 -1.170488314 -1.006647451 0.122160785
-12.245313254 40.127155375 -3.631069950 0.061878581 -0.036010826 -0.849776526 -0.522258668 -2.675380877 -0.218064130 -2.427223303 -0.485090744 -0.552902711 -0.680666264 1.925110000 -0.199605390 0.060800696 -1.298776252 0.902716170 1.225382424 0.810628295 0.007310296 -0.828081540 -0.919761820 -0.224590444 -0.666604150 -0.152423558 -2.678616892
-13.725161376 44.401811750 -8.470174397 0.514173498 0.471152259 0.026179015 -0.716209342 0.026422693 0.209402354 0.176674702 -0.398283554 -0.167407532 -0.330350680 0.607656795 -1.018377192 -1.491120762 0.282323410 0.221747800 0.059198419 0.138738807 -1.171831197 0.213795162 -1.796801815 -0.259628153 -1.040171278 0.182565925 -0.108039593
-1.781787178 39.776915426 -1.528133754 0.309340850 0.073539311 0.868324834 -0.380673338 2.231079678 -0.411598356 0.632695391 -1.440440953 -0.491492266 -0.010877572 -1.437092880 1.295989078 -0.693035248 -0.820641542 0.166794562 -1.583522180 -0.735942032 1.656884222 -1.045398778 0.454498446 -0.451434782 0.732482184 -1.285727438 0.132914254
-4.885021592 42.284822125 1.687306210 -0.567959607 0.352542378 -0.003232592 -0.743723945 0.588863491 1.346908366 1.613369414 -1.583025350 0.774319544 0.995378673 -0.908721063 -0.788179410 0.766888974 -0.030237007 -2.034622139 1.524574638 1.130399939 0.670326939 -0.657414908 -0.616136549 1.744094657 0.546375421 0.304588727 0.492150097
-13.990314233 43.989315266 -7.169717873 -0.276726361 -0.196741303 0.859093887 0.382979208 0.716245318 1.279023097 -0.788100087 1.685879868 -0.352638604 -0.466792361 2.422325549 0.178096528 0.023394199 2.857637586 -0.707185014 -1.502625477 0.469031221 -0.071980856 1.861001458 1.582750770 0.845329395 0.686401886 0.491957896 0.391006121
-4.116609528 37.510602736 -6.019353747 0.820396764 0.099325147 -0.551914745 0.111686074 -0.623817659 -0.256853365 0.548787868 0.284045417 -0.068859752 1.255997245 -2.464591558 0.625966502 -2.104992049 -0.963954430 -1.033005572 -0.448589184 0.711533837 2.521951937 1.256480193 -0.122945776 -1.420153321 1.377287995 1.624577396 -0.386887951
-7.455404567 38.687953207 8.476597807 -0.835979191 0.024457010 0.338710040 -0.431063981 -0.591888568 -0.460508176 0.241803326 -1.468116334 1.821726992 -0.017525648 -0.694691181 -2.052783035 1.183315557 2.611885149 -0.151998064 1.001107476 -0.019711513 0.156913527 1.214304887 -0.217200154 -0.675666401 0.086569600 -0.469211561 -0.734637199
-2.189224765 38.636562119 1.563613344 -0.228182676 0.819648171 -0.135056074 0.507808428 0.533583170 -0.038116163 -0.058573730 1.159204501 -0.300975264 0.474951479 0.437073947 1.999114651 -0.775638887 -0.245577830 1.348515351 2.080813206 0.116492806 0.771351722 -0.862053654 -1.472435903 -0.518335248 -0.713785818 0.682122257 -0.215902489
-15.547764343 37.778843544 -2.162950873 -0.889045292 -0.400984496 0.084788028 0.204011995 -0.482232866 -2.050722004 -0.625234456 1.678697997 -0.242679503 -1.366018710 -0.169449257 0.808921570 0.574299843 0.773332260 -0.126941809 0.539162701 -1.196418644 1.607961698 -1.136543571 -1.771052478 -0.279252337 1.997062185 -2.354738604 -0.840463738
-9.497283471 42.499055310 -10.635194143 -0.462479793 -0.477842770 -0.365615283 -0.651232825 -1.712689153 0.589790735 1.355707550 1.972746291 1.483516488 1.179705969 -0.280485681 0.227172123 -2.765363385 0.682724498 -0.169128215 1.199188961 -0.691221990 -0.178092169 -0.135462093 -0.757251244 -0.959101776 -0.382183198 1.224800827 -0.385090939
-16.146809740 38.552813195 -1.437379932 -0.377033455 -0.302518032 0.294346058 0.824432540 0.776210288 1.201427250 -0.070681318 -1.715698052 -0.841803894 -2.106940545 -1.341189750 0.555017915 0.084322433 -1.823188348 -0.396452275 -0.767976932 -1.011225476 0.275530890 -1.110461060 1.285969455 0.323479372 -0.293918207 2.154831720 -0.757204859
-16.315627446 44.192520324 3.799431184 -0.373218099 0.128502784 -0.149158910 0.906612875 -2.078321131 0.638765809 0.305978060 1.224739481 0.725352220 -0.201642663 1.076919276 1.705719456 -1.187664416 1.379436650 -1.253697165 -0.579895027 0.276710557 0.576602164 -0.725225423 -0.463968796 -0.200953400 -0.085479415 -2.182126673 1.101893541
-1.721750034 35.449190311 -1.829553094 -0.030278131 -0.153090283 0.954340267 0.254717992 0.874643085 1.879665538 0.051394657 -0.552208070 0.228122077 0.132071772 1.198655232 -1.373687135 0.501378220 -0.562296382 -1.175384867 -0.664752186 -0.439618156 0.175506870 -0.261292379 -0.303896407 -0.648168537 -1.811786743 0.226045504 0.465621704
-9.852939542 38.299528539 -4.596506957 0.565012502 -0.661151313 -0.493026095 0.023771483 -0.694646784 0.853871819 0.683875622 0.613767834 -1.130356927 0.485036221 2.589834786 0.320590653 0.429129034 2.841012662 0.956464909 1.188215916 0.035274331 -1.740043577 -0.141224281 1.688119331 -0.335611179 0.907765623 -0.231044621 -0.645161723
-12.918562851 36.891739295 3.978840986 -0.595804191 0.112806169 -0.788591049 0.102060234 -0.311488326 1.455876642 0.443313174 0.643851336 0.275730241 -0.695622242 -0.770679481 -0.414729566 -0.401179746 1.238880814 0.940060520 1.948290592 -0.549794519 -1.195915028 0.392059191 -0.254334883 -0.719854017 -1.056249653 -0.117449829 0.200800724
-9.401454604 44.255460728 -9.588691552 0.664889580 -0.463007026 -0.121747921 -0.573344385 0.304983363 -0.986301909 1.829377263 0.988083036 -0.152987919 -0.102693323 -0.877538033 -0.433089967 -0.300446741 0.250393042 -0.486100145 -0.499101000 -0.166018485 -0.466766666 0.703977626 -1.241436734 0.957555597 -0.388404802 0.309262274 0.266316424
-8.191907349 29.811532707 0.325178366 -0.132823310 0.756198504 0.473943508 -0.431160459 0.876418803 1.526931056 0.093821911 2.044179885 0.425675721 1.053974058 -0.925846033 0.298692743 0.312763362 -0.515890587 -0.826676824 -0.174267294 -0.727815509 -1.625865221 0.862107932 0.328125749 0.476869412 -0.063631993 -1.521684892 -0.296883024
-15.718416569 33.108678146 -2.939088851 -0.624551327 0.350852212 0.697154914 -0.028520002 -0.156114568 -0.089410794 2.899035149 -1.141650118 -0.729663582 -1.132519031 -0.852930609 -0.116990607 -0.834962739 0.293156680 -0.077205666 1.396751419 1.145738584 0.677963286 1.166311592 0.143554426 -1.234394676 -0.374780122 -0.850216810 -1.236210219
-4.331037130 43.223285075 4.008693452 -0.740751251 -0.518850874 -0.426693811 -0.003707497 -0.708110307 -0.496176937 0.127737788 0.388703608 0.947070363 -0.689681275 -0.360514416 0.277949539 1.941787474 0.864617576 -0.370758276 2.605550674 1.428264906 0.291233288 1.083154987 0.678055366 0.688531103 0.559083765 -0.874124081 1.204129813
-3.599658462 42.622440551 -3.176150062 -0.356802675 0.406493288 0.236614775 -0.807135990 -1.306495006 -0.955401100 0.788028300 -0.134380380 0.734534747 -0.369933564 0.980063838 -0.407289592 0.829273891 1.149526229 0.749325414 0.111679743 -1.244357165 0.161286380 -1.143870815 -0.751217852 -0.873798320 -0.915307392 -2.739072767 0.737602067
-6.901628810 46.815526171 -0.902676758 0.687707925 0.469371930 -0.233663217 -0.502144701 0.436965214 0.052311697 0.369121303 0.904124195 -1.225082699 0.755244680 -1.252859823 -0.616073612 0.820673901 -1.034915610 -0.923479931 0.611885853 0.947984615 0.382003668 1.035125171 -0.913246667 -0.648389611 -0.737060346 -0.631676827 -1.875779078
-11.418928173 40.649534131 7.160566036 -0.290240603 0.016430198 0.730995580 0.617362052 0.962519465 -0.436282322 0.783999408 -1.024641463 0.407887991 0.749289148 -1.432850486 -0.703109562 -0.280631749 -0.141393702 1.535294974 0.395781403 -1.476499339 -0.366269350 -0.265966859 0.443762327 0.232711897 0.973720417 1.294429459 -0.929669492
-1.540597071 39.908851792 -0.647147503 -0.900839195 -0.243008958 -0.326730487 -0.150607369 1.187655300 0.018350521 0.348540900 0.140033545 0.880566500 0.476680462 -0.291534550 0.823875565 1.139823145 -0.362282660 0.067733391 0.902189437 -0.825884896 0.161098238 0.514400817 -0.340341716 -0.615936114 0.933958551 -1.972011163 -0.092252183
-13.285305386 44.315580135 1.783771848 -0.428188351 -0.593934225 -0.498796429 -0.463787661 0.645101103 -0.727617558 -0.434452440 0.691767027 -0.305449690 0.087409793 0.373691423 -1.254939496 0.738822992 0.258933015 -1.420187900 0.920068516 0.427208891 -0.995939185 0.572863811 0.324373544 -0.968835544 1.509480339 -0.641644640 -0.532078730
-9.248487655 37.495033743 -1.381357502 0.397998003 0.037359488 0.430564942 -0.809206827 -0.290453547 -1.511867027 0.054771819 0.678404281 -1.460067445 -0.027995056 0.164500906 -0.880364033 -0.816835266 0.381441546 0.027598685 1.249874541 0.340430754 0.578508300 -1.033432639 1.073717330 -0.447721961 0.448684321 0.255329448 -0.148302350
-5.484885385 45.807465859 3.603126761 0.593953988 -0.452947580 -0.652486463 -0.127744138 -0.040090018 0.455074700 2.208844568 0.153932199 0.439345017 0.511871454 -1.523813203 2.028787797 -2.083012463 -0.462486313 0.959268717 -2.503845492 0.218227702 -1.354958349 -0.589104471 0.730736495 0.062077173 0.001189055 -1.155803592 1.705580542
-4.844975911 47.301798353 -0.733102154 0.751083260 -0.460901687 -0.418280740 -0.220192628 0.214843120 -1.700263141 -1.544026858 0.190885762 0.871943312 -0.100541056 0.755741330 -2.406754774 -0.755035468 0.088019651 0.931028754 -1.723994331 -1.079219113 0.787409602 -0.158846947 1.701603427 -1.430105096 -1.215741159 0.396499459 -1.478662638
-10.938588617 46.224277635 -2.932629694 0.767024549 -0.250526936 0.508211762 0.301048834 1.229987526 0.486654627 -1.684734330 0.339085631 0.535827652 1.007964914 0.729625256 1.329536662 0.013875150 -0.597139770 1.504116279 0.382305289 -1.784188306 1.036594500 1.493696286 -0.685837560 0.724425689 -2.148657579 0.290574891 -0.336337117
-4.306833124 37.988165768 6.493716610 -0.286903125 0.497460889 -0.681713795 -0.453305153 -0.856750785 -0.603139523 -0.764647076 1.277491964 -0.583594023 0.382347409 0.000418311 0.565297749 0.424373305 0.114131395 -0.770606282 -1.768091065 -0.652725889 -0.041880348 -0.671489311 -0.221036881 -0.547917873 -0.022888785 -0.087592339 1.135212278
-7.932738896 39.115587566 -8.786481931 0.777709670 0.137148225 0.200359538 -0.579839710 -0.363348553 -0.156697522 1.193178846 -0.943841078 0.765823794 -0.917818466 -1.438181706 -0.415764915 0.318008125 0.650982244 0.685533563 -1.340292681 -0.439112581 0.183696510 -0.412401626 0.321115751 0.474976871 1.175943995 -0.806389731 0.098699120
-13.259663033 33.327141764 -5.137591717 -0.288401061 0.419275969 0.040147094 -0.859895750 -0.266341279 -1.371462949 -0.134627521 -0.399694640 0.753421706 -0.112776134 -1.227354461 -1.391409764 1.829741344 -1.159463871 1.205741778 1.521985364 2.070592691 -0.914972459 1.147416157 -0.305201324 -0.605535503 -1.372246107 0.661016576 0.907469150
-12.071821137 45.849704204 2.408195929 0.710540373 -0.190290593 0.389759336 -0.554084406 1.171964362 0.460845769 0.598757902 2.324525128 -0.610351333 0.838990656 -0.424612160 -0.290394895 -1.376957429 -1.252396613 -0.709200300 -0.855873133 -0.090742310 -0.437227985 -0.827938331 -1.943088032 1.836233319 2.291064723 0.741799159 0.039256111
-3.222585252 34.693078578 -3.567906642 0.535326976 0.164577992 -0.016723142 -0.828287058 -0.768028895 1.394676234 -0.367667778 0.271025062 -0.539738232 -0.326868331 2.680200624 0.996793350 1.231601169 1.325313795 1.811944678 0.946480599 -1.055716825 -0.772250804 0.594307109 0.270934088 -0.109573682 2.270242460 0.604445407 0.193980968
-6.250751306 37.885451052 -9.065828060 -0.098246485 -0.854631970 -0.351901392 -0.368940691 -0.182893077 -0.019017773 -0.985659665 -0.277804931 0.236429854 -0.503095684 -1.172083507 -1.332980766 0.359939271 0.312183521 -1.445450134 -1.186532338 -0.977235973 -0.207020895 0.881638445 0.514698264 -0.804433610 0.276027033 0.955416440 -0.483407794
-9.689305230 47.582692781 -2.254619006 0.115861415 0.948824201 0.235564947 0.175550344 -0.398711530 -0.267795202 -0.606972013 -0.728643019 -0.440737136 2.020722770 -0.068980655 -1.384132127 -0.372851616 -0.480726548 -0.621198231 -1.454645183 0.149176581 1.268643622 1.123660775 -0.261016281 1.550639689 1.138725184 0.857162550 0.200250153
-9.351771897 37.722598097 -4.660144883 0.450580518 0.564195572 -0.678682316 -0.134353515 -1.445518639 1.208126555 -0.623250661 -1.463072492 -1.065718011 -1.248406502 -0.103232311 -0.060447342 -0.769068046 -0.367128602 2.262157986 -0.920250756 0.694900745 0.891311052 1.034270604 0.419953577 -0.478316473 -1.058201657 -0.747157395 -0.989253415
-3.646675559 33.920229819 3.290443068 -0.824179781 -0.345320504 0.293929202 -0.339244842 1.336851057 -1.249825752 -1.110539987 -0.636673163 0.200068954 -0.384408517 -1.548046999 -0.100568874 -0.040370664 -0.578616393 -1.489065137 -0.141092752 -0.514298798 1.266184740 -0.445631578 -1.177326208 -1.967525242 0.258847293 -0.029561261 -0.306480061
-9.440553068 43.077490628 -10.260788021 0.079621309 0.925181901 -0.108836177 -0.354758487 -0.744080610 1.419334911 0.007526103 -0.120676558 0.769081979 1.064531230 0.557284940 0.407612115 -0.359893160 -1.016210017 -0.554326955 0.824037977 -1.214450980 -2.692535374 -0.890343802 1.037814031 1.943849154 -0.720083120 -0.562297937 -0.913208529
-9.679572691 42.668578941 -5.633115826 0.066807891 -0.763027988 -0.618895447 0.174050054 -2.214528380 -0.441588000 2.220223908 -1.629777706 0.112027955 -1.650337239 -0.302466406 -0.400283877 1.437930585 -0.015310050 -0.457175701 -1.661093689 0.161262622 -2.799055806 -0.909618594 -0.066585527 -0.262311146 1.926637210 -0.788467626 -0.940070431
-13.502690091 42.152032021 -4.931362980 0.081585104 0.109052650 -0.818823476 -0.557655364 0.799612346 2.698932694 -0.240286954 -0.196343938 0.466360341 1.950215058 0.140850954 -0.543291904 0.604754503 -0.176028893 -0.081221109 0.035123889 1.114533049 -1.413888314 -0.683286051 -0.341263512 -1.016129259 -1.518048783 -0.377611258 -0.720164646
-14.555892166 38.701723119 1.370978592 0.851272975 0.101989585 -0.362041555 0.365866585 -0.231021930 -1.599780413 0.448407377 0.098038503 -0.250196765 -0.594951769 0.184258163 0.587350302 0.745542282 -0.389450552 0.164074549 -0.675808705 1.159694724 -1.531866615 0.256655654 0.262779379 0.404569111 -1.057675495 -1.138420168 1.173362359
-8.498830685 45.490780525 -2.719908819 -0.697877443 -0.318549670 -0.611249509 0.194595014 0.735549321 -1.096864258 -1.871843417 -1.887679683 1.050741681 -0.339238906 0.367558402 0.243738597 -0.478111777 0.509866577 0.250531815 0.283490589 -0.098411102 -0.043650828 -1.966272445 0.116270010 1.152523556 -1.013073829 -0.938039769 2.392006313
-8.292123692 35.722299318 4.840543614 -0.808037445 0.523205365 -0.270646012 -0.009075783 0.434641109 1.420148583 -0.854326359 0.284395416 -2.216242096 -0.725986639 -0.178061691 0.836119104 -1.289561256 0.974271069 -0.770504747 -0.305065842 -2.015409368 0.909659747 -1.408181063 -0.646063241 1.298154242 -0.415208583 -1.000205107 -0.810511767
-6.706595123 32.245322099 -3.059791028 -0.056345040 -0.672076318 0.359666467 0.644809035 0.735591691 -1.319168740 0.939913332 -1.334794529 -0.881128347 0.868425906 0.565465713 0.826446568 -0.251674007 -1.759467131 0.945515549 0.667000554 -0.444823727 -1.017512612 -1.289836522 -0.718287786 0.956606700 -1.596986236 -1.129180465 -1.648494000
-17.420117378 37.181669064 1.273752512 0.767839265 -0.510397208 -0.276890822 -0.270645572 0.701022941 1.365681422 0.704894630 0.552360710 0.972447978 0.637125569 -0.015400359 0.877861233 -0.661094101 -0.575069238 -0.509298152 0.655007830 2.078925142 -0.818893896 1.588004455 1.145518922 -0.674287814 0.269747664 1.060862536 -0.730137486
-9.731075849 31.796175296 -4.514593852 0.906234772 -0.071355965 0.290110494 -0.299136700 -0.101375817 1.698909123 -0.223973120 -1.303698781 -0.351862912 -0.963037357 -0.249911188 0.168800989 -0.444666408 -2.159785641 0.815445024 0.334966796 0.837460146 -1.852979131 -1.419126490 -0.584968576 0.015483104 0.946602092 0.146053678 1.181372874
-18.811976764 41.424776412 1.289756751 0.398489204 0.771769615 -0.223905993 -0.442090626 0.937861571 -1.310863163 -1.379388785 1.357353199 0.347961053 -0.920807354 0.378392359 -0.200573945 0.787521820 0.450955824 0.179289090 -0.191775391 -0.646017763 0.932753171 -1.415082046 -0.443628237 1.006881882 -1.925543383 0.325415352 -0.911965212
-7.609857718 32.785970226 -7.955521540 0.528721158 -0.468576628 0.600875427 -0.373949999 1.247147861 1.096357977 0.359577783 0.088357030 -2.284736541 0.294037654 -0.648970871 0.269353820 -0.748455202 0.093371900 -0.157033924 0.305002765 -0.660626642 -0.999612239 -0.009277453 0.420776138 -0.146163918 0.435742409 -1.063012249 1.050436358
-2.846881230 35.830734224 -5.376453377 -0.529903813 0.109396556 0.271403556 0.795973902 0.425841078 0.753314121 0.196664571 1.974348411 0.918576086 -0.771636765 0.324271609 0.887439971 -1.856080976 -0.460120348 1.611814261 0.255580329 -0.369496057 -0.515139791 -0.827450466 0.587127777 0.552143918 2.216940800 1.232407306 0.829113246
-9.416801429 46.301177217 1.725839283 0.507635833 0.491173397 0.619010455 -0.343337460 1.241771776 -0.369164375 -0.272411009 -1.553975479 -0.372418557 -0.107053185 -0.316135543 0.158714584 0.496439270 -1.078774394 -2.311375016 0.422282655 -0.517464132 0.635223743 1.593817789 0.859062054 0.508336530 1.316707668 -0.494813398 -0.419387141
-11.128854274 30.218475664 -1.106112176 0.363010935 -0.546002450 -0.163762890 -0.737079441 0.304038274 -0.644293213 1.322714705 0.887708206 -0.794273899 0.882563739 0.256131975 -0.274486176 0.660930752 -0.253358388 -0.489652914 0.030415330 -0.986537754 0.279313632 0.332864248 0.256068732 1.878109657 0.270007482 1.239995716 -1.551500349
-7.136792500 37.073914421 -7.558677652 -0.305332050 0.853190439 -0.389965701 0.163600631 1.212826701 -0.408480347 1.061821713 -2.143441394 2.178809579 -0.196490445 0.074002953 -1.703506468 0.921892436 0.244851282 0.298330229 -0.101479699 -0.339635048 0.853487326 0.527742422 -0.487898533 -0.361828166 0.659794519 0.226871402 -0.050776694
-1.138507850 39.394645706 -1.700198400 -0.282296990 0.681944598 0.103957039 0.666673015 -0.480544016 0.827486357 -1.361293232 -0.570937338 0.192647781 0.142594469 1.257542920 1.837435566 0.731922229 0.356936943 1.025111102 0.172270599 -0.138302371 0.633449569 -0.316695470 -1.132304911 -0.187672131 0.411524023 -0.149338108 -0.085016464
-13.349875552 46.533018947 -5.514600040 -0.218052090 0.601893280 -0.253398593 -0.725235768 -0.477956283 1.138215953 1.910753527 1.488583570 1.262206779 0.080943251 -1.062859055 -0.731624681 -2.115083864 0.570548234 1.101261267 -1.287793060 0.471269154 -0.277754322 -0.902091763 0.429175042 -1.352629274 0.927952117 -0.130207143 -0.364212797
-5.660277552 41.680202851 4.214268928 0.064817718 0.349305324 -0.856383132 0.374689717 0.023642146 -0.277240912 -0.252122009 -2.230132729 -0.000961117 -0.354278175 0.190302987 -2.055004029 1.627357856 0.999956453 0.101701851 1.063652709 0.671015552 0.414908176 0.299219372 -0.048758630 -0.530680657 0.239297362 0.971755393 0.583553253
-12.350892675 33.515838326 -4.388726339 -0.230181046 0.760986232 -0.242889408 0.555806959 -0.307170560 0.029490975 -0.735117075 -1.155029485 1.011505823 0.369304731 0.753925984 0.812918627 0.056809686 0.051531297 -1.026802210 -1.667017544 -0.336451489 -0.961074813 -0.869379299 0.002430818 -0.377263346 0.335222273 0.108536091 0.995495339
-10.552528147 35.510670685 -3.452951256 0.128494683 0.930884846 0.336765010 0.059429354 -0.329435418 1.714314217 1.170450079 0.454164243 1.775774845 -1.159316759 -0.037974951 1.169343889 0.285474858 -0.833212265 0.148966215 2.431034496 1.227565869 0.689318059 -0.040899692 1.492965866 -0.898560725 -1.629953215 -0.889932121 0.281679107
-12.878911390 38.573630793 1.294157185 0.214512684 0.310110766 0.812486610 0.444613462 -0.101811809 0.786054292 0.302618070 -0.514171220 3.107305433 1.341497883 1.785768666 -0.420906524 -0.627815837 0.016762452 -1.477528323 0.194948955 1.572706546 -0.767326891 0.300047687 1.330599626 -0.511201886 -0.121073017 -0.918196030 1.508662280
-13.229755978 36.706400541 -5.821854941 -0.150333140 -0.414192484 0.829142254 -0.344046007 -0.208682850 0.517623039 -0.666182835 -1.060369790 -0.540802560 -1.852812904 0.798823692 -0.961840918 -1.511228179 -2.653328075 1.144931749 0.064015415 -0.713819899 0.466947510 0.638307312 1.339220961 0.375676963 0.711091435 0.239537199 0.226057449
-7.992227897 36.140526097 5.296493618 -0.951967862 0.034724883 0.297130827 0.065304244 0.338369520 0.943680848 -0.831118643 -1.551593315 -0.500548291 -2.102482492 0.070210168 -0.294508852 1.078712604 -1.011881235 0.813624422 1.473540413 -0.906076974 -1.341151276 0.985730204 0.771537072 -0.803078306 -0.739396205 1.504618783 0.685043935
-7.251691993 35.750173539 5.839752361 0.643834943 0.306804559 -0.670713562 0.203693019 -1.179809100 1.204602156 -2.406362481 -0.572361756 0.499309332 -0.218888452 1.770846564 1.590238264 0.108979615 0.210319681 1.520665139 -1.902371395 -0.675242867 1.211797342 1.659787407 0.708860412 0.304207293 -0.200940909 0.416560856 -1.690949432
-17.778443220 40.454150086 1.055910711 -0.469673462 0.815190847 -0.026258420 0.337907114 0.281489125 1.222710340 0.042565944 -0.429701234 1.823615436 1.382114567 0.369307437 0.573676895 -0.718860005 0.184626804 -1.819152198 -1.097450045 0.182279011 2.089114426 0.577716137 -0.632472885 0.586383897 -0.590924115 -0.777205109 0.061615153
-9.155993144 41.047742059 -8.939687482 0.216411191 0.776077665 0.476138168 -0.352366427 2.990551295 1.460550486 0.489819937 0.582559588 -0.473042166 -0.796301518 0.812666722 -1.987987295 0.241458553 0.629085624 0.769634760 -0.418683745 1.050682884 -0.370600854 0.827073038 1.541441778 -2.035759269 1.515255671 2.102959872 1.029073536
-0.442754475 41.911781124 -3.888041078 -0.109141139 0.959484931 -0.114956324 -0.232941885 -0.010836693 -1.002021393 -0.219133554 1.020152774 0.149077951 0.032690817 -0.631850014 0.719303780 2.460812404 -0.106072998 -2.916806291 2.266714856 0.513768090 0.507241323 0.134863855 -0.072841185 2.059315454 -2.218787709 -0.220881690 -0.023388380
-12.979911059 34.531588512 0.928810514 0.167563319 0.819383904 0.268639916 -0.477875661 -0.186312423 1.537607834 2.143516640 -0.541475558 -0.843853699 -0.700230580 -0.694099787 -0.036208864 0.300979627 0.116032569 0.869947467 -0.229441888 0.583356798 0.086856377 1.045476062 -2.258275533 -1.093063926 0.423545173 1.549154666 0.330668479
-13.625903858 40.744524323 -0.730695492 -0.682403975 -0.688319512 -0.164403406 -0.183064427 0.126741630 0.477516746 -0.087800000 -0.008870772 -0.887481107 0.904967470 0.650434435 -1.565302116 -0.659563543 -0.351158077 -0.290705466 -1.329470785 -0.347048256 1.257860295 -0.260485340 -0.177914154 -1.963850688 0.184853498 -0.208326646 -0.567953692
-6.904049794 44.415888906 2.215771172 -0.847265737 0.370907550 0.007822568 -0.380140983 -0.748058714 0.400379088 -0.873259833 1.446382746 -0.494061338 -0.113627365 -0.422213466 0.316427021 0.947649506 0.215114380 1.045107786 -1.030211676 -0.128561447 -0.895213102 1.523504999 1.018740920 0.814633225 -0.238103478 0.306053017 -0.255933771
-7.346165168 48.635750968 -3.860395984 0.300277313 0.532627163 -0.680804461 -0.403295333 0.087052784 0.904478193 1.711609035 -0.465368744 2.701251359 -1.477727608 0.971874234 -1.360771647 0.519665324 -0.804739971 -0.041993544 0.748265864 -2.204989142 1.298398844 0.587404059 -2.375489471 -0.903162091 1.875698129 0.371933935 -0.743070353
-17.079045134 38.546254328 3.122367047 0.544519073 -0.615568830 -0.472411759 -0.318435433 -1.927263903 -0.532909144 2.371293236 1.732377411 -0.761842162 -1.210047020 0.554798290 1.129524640 -0.408144040 -0.062686781 1.673299635 -0.458725263 -0.306610271 0.066676964 -1.163767904 -0.809764888 0.703339840 -0.950764672 -0.060472744 0.657072723
-7.062268558 33.357386640 -5.160853636 -0.592942628 -0.259197687 0.762377315 0.004053264 0.809195376 -0.860017848 0.838095890 -1.266704678 -0.613241726 0.527881299 1.370293324 0.210599416 -1.796414351 1.252695605 -0.023572755 0.374177129 -0.825836789 -0.166349636 -0.811744018 -2.011055638 1.826078719 -0.538527124 0.860683507 -1.640991018
-7.092823980 40.846714635 6.314220331 0.092716368 0.808562126 -0.580770484 -0.018346888 0.133448658 -0.348296567 -0.652250876 1.644365305 -0.276454054 -0.060207576 -0.858182380 -2.095640968 0.419139509 0.310924232 -0.207567114 0.078127660 0.470971237 0.320517926 -1.245087871 -0.954780529 -0.606675472 1.689281425 0.662667990 -0.357257621
-8.991311079 47.157847860 1.441929751 -0.749144216 -0.104283294 -0.628723719 -0.180594637 -0.116847086 0.912582222 1.949477295 1.447777117 0.049729671 -0.111980732 1.060867149 -0.576484505 -0.022418202 -0.291950294 -0.385654158 -0.545916091 -1.589508309 0.387879832 0.817177523 -0.086452314 1.021648656 -1.210773505 0.206053301 1.313022481
-0.693379275 35.345673072 -1.252034013 -0.765763450 -0.115307935 -0.624870708 -0.099232137 1.084403189 -0.361827594 -0.172873042 -0.868644117 -0.166878769 0.550193668 1.262547672 -0.823891253 0.024677814 -0.557109567 -2.032893989 -0.494540263 0.449325629 0.729397689 -1.646405680 1.209693129 0.081189744 -0.292690385 0.982825617 -0.057290553
-1.922952080 41.375145697 -1.203737811 0.782083319 -0.161574257 -0.511646858 0.316949420 0.454683664 0.317747647 -0.865066705 -0.166380770 0.418679100 -0.761405582 -0.523510190 -0.441077442 0.740625470 -0.301736599 0.292419141 0.734566616 0.434362754 0.309073024 -0.124602660 0.514920262 -0.790379212 -0.210136524 0.443585263 1.603488144
-10.859374733 36.294794729 -6.799957440 0.057247409 -0.342474059 -0.780557317 -0.519773535 -0.226747826 0.650392198 -0.646697877 -1.098875069 1.383078649 -1.655230268 -0.788488232 -0.111557506 -0.682545561 -0.734433493 0.276149939 -0.701187204 -0.519119038 -0.508896302 -0.537000725 0.700237340 2.729115941 -0.485584620 0.256894901 -0.035848241
-11.254036541 39.581836691 1.028621129 -0.112479526 -0.899181223 0.007084949 -0.422813539 1.170892001 -0.596991177 -1.663523792 0.142973013 2.755180698 0.022884354 -0.657513234 -0.401368467 -2.143978365 0.502841522 -0.486030575 -0.308024425 -0.982082308 -0.366730499 0.429576436 0.140954064 -0.566411544 -0.437255210 -0.372216068 0.771812573
-7.350834993 47.586120707 1.154521248 -0.722438502 -0.462827902 0.008107463 -0.513621663 -1.181389934 1.474743274 -1.064846819 0.261826748 -1.058508098 -1.978419677 -0.877514126 -0.242970479 1.162316278 0.490146401 -0.129639133 0.085284717 -0.322040228 0.129579353 0.096473752 -0.954224289 -0.380361406 2.869779733 -0.414916166 -1.570769055
-18.381045927 40.054884285 1.005491081 0.127301800 -0.581828673 0.572434969 0.563549335 0.509357988 0.833573331 -1.899643694 1.596761376 -0.382537744 -1.468821631 -0.225013974 -1.318402970 2.023533802 -0.071655066 0.136448093 -1.739985123 0.582806788 -0.794733502 -2.158845312 0.207316786 0.505180029 1.865181332 -0.235322933 0.537422022
-17.186399521 34.209518159 -0.544504909 0.046779564 0.971582691 -0.146267178 -0.180124012 -1.979414723 -0.474767955 -0.306498037 -1.695355967 -0.455338090 -0.670754435 0.041836989 0.588392421 -2.100788197 0.197276743 -0.666988683 -0.054788751 -1.806102388 0.921883112 0.902260764 -0.141672321 1.402277160 -0.138557175 0.596370645 -0.705635805
-4.215871991 45.678262763 -0.857405776 0.670101293 -0.342061640 0.505395205 0.422532576 0.689191160 -1.177214724 1.191780658 -0.158972332 -1.104124497 0.041488784 2.425292162 -1.211374595 0.217586548 0.215439551 -0.004484726 -0.681201987 -0.126258732 -1.563860291 -0.852599044 -1.747337083 -0.879383012 -0.371857842 0.183816049 0.307397173
-12.683116312 44.686683561 -1.182096189 -0.183848699 -0.639707679 0.590398019 0.456512783 0.288788440 -0.416283897 1.349328127 0.325894178 1.309138226 0.338203712 1.892845718 -0.676914239 -0.323587376 0.116763178 -0.057768912 0.700911177 -1.436320943 1.322280672 -1.569077205 0.025617330 0.885888823 -2.055291436 -0.303515309 1.503421375
-6.486460092 45.826935542 -2.370711754 -0.757849527 -0.525554425 0.080187084 -0.378188672 0.264930787 -2.843702826 0.961163695 1.934579406 -1.267847116 -1.579496107 1.853554317 3.622286756 -1.739419324 1.186981013 -2.786366800 0.354476421 -1.648504050 0.458167347 0.221813497 -0.294902563 0.631135067 2.272231772 1.046255770 -0.390523371
-4.178493751 39.672629803 -8.677545332 -0.428661486 -0.375672197 0.332384003 0.751425715 -0.206133064 0.157699810 -0.041996511 1.735329711 0.975046559 0.840916739 -0.010375617 0.080441173 -0.453228564 -1.442004246 0.481379351 -0.638785157 0.465520560 -1.492663126 -0.791243814 -0.007070024 -1.651705140 -0.263948911 1.484029964 -0.371415282
-7.784531229 36.764680419 -10.294567615 -0.454510050 -0.631468567 -0.511715639 -0.364438154 0.681553348 -0.680106082 -0.943110312 0.479971145 -1.573019875 1.156951498 -0.395989241 1.662862858 1.271628943 0.776064126 -0.112160554 1.438096519 -1.585579316 -0.295654376 1.913273532 -0.727126957 2.089521759 -0.433187154 0.114590021 0.189235920
-15.326308736 41.503667548 -0.617795125 0.246162892 -0.046348192 -0.188371538 -0.949616680 -0.113752447 0.679200194 0.109196860 1.787455248 0.202203621 0.077822193 -0.185451653 0.224414843 1.498347159 0.560825969 -0.742009549 -1.427605285 1.380621891 0.101168020 -1.623326583 -0.264676688 -0.700047730 -1.198835981 -1.398769527 0.042730346
-10.246381752 32.254094642 5.724100315 -0.796945532 -0.169820147 -0.567750391 -0.117040295 0.498260174 1.614428510 2.090629656 0.273099274 -0.395574420 -0.729740403 1.074943743 -1.427594290 -1.699921928 -0.112438549 -0.506947413 0.036956545 0.239096560 0.254413457 2.706882575 -1.146404593 -0.620601939 -1.943393503 0.376293051 1.245211185
-7.206822642 41.486555011 -0.918790163 0.314352263 0.894033129 0.265980139 -0.176470917 -2.407174763 1.537983835 -1.130361086 -0.015528615 0.356798882 0.508133660 -0.049445611 1.181705864 -0.873480797 1.087425752 -0.962369417 -0.996664688 0.584522628 -0.687375864 -0.049112147 -0.086611492 1.122801631 -0.000290158 -2.191761774 0.578815761
-10.459935275 46.648162599 1.680154234 -0.046036739 -0.638305633 0.749329681 -0.170151597 -0.816590320 -0.819756437 -1.060798841 -1.497350594 0.110602235 1.177817670 -0.594556332 -0.248096772 -0.574848795 -0.477646496 0.917317711 1.090400977 0.148968486 0.438917909 0.470918390 0.140148505 -0.316361060 0.840090544 -1.126191132 -0.363563118
-1.340995008 40.611651451 -1.311533196 0.337356547 0.911686931 -0.104601597 0.209942864 1.192742252 0.265214553 -0.545856679 1.222693685 -0.188519174 1.097851785 0.437007099 -0.739061034 0.053701112 0.918694876 -0.548751786 1.628238115 1.324644915 -1.485169234 -0.991478727 1.185430320 0.540912165 0.837220186 0.109777364 -1.155758917
-6.898179235 46.778733013 -5.306627868 -0.088518240 -0.212563705 0.852232089 -0.469767664 -0.701884434 0.888031015 0.309749613 1.319194468 0.893339176 1.163562536 2.193570186 1.032744209 -0.785394960 -1.718559284 0.829979154 0.203150644 -0.255723943 0.216532001 1.020135635 0.015318696 0.114969795 -1.014817460 -1.512267343 -0.073852229
-13.587833678 31.896251053 -0.062198012 0.669465932 0.625492875 0.370732781 -0.152089559 -0.004388271 0.196161377 -0.685664776 -0.390058625 1.026551935 1.048788457 2.287011352 0.013421331 -0.466545379 -0.118594913 2.877583985 0.809309058 0.949531985 -0.046485198 2.609320903 -1.121180895 0.154317916 -1.062449125 -2.829996743 0.704030696
-4.133969054 34.918093535 -2.734985432 0.032728294 0.696594886 0.074036348 -0.712883611 1.837449202 -0.186337445 -0.547775042 1.496707016 0.334765883 -1.118626920 -0.256782910 1.204329017 1.011302740 -0.190770970 0.455523880 -1.729754480 0.057570734 0.438943752 -0.635160056 -1.223454204 -0.190546433 -0.034053725 -0.917300483 -0.964185427
-14.670659526 46.584533536 0.726970513 -0.914474375 0.107363354 -0.311393429 -0.235040123 -0.077429136 2.328012657 0.739001474 -2.029966868 1.684448092 0.228892211 0.401164296 -0.327803889 0.416981696 -0.468536574 1.309868193 0.319572343 -0.830582253 0.258636966 -1.065784690 -0.367828895 -0.187876976 -0.512107934 -1.283439341 -0.436693220
-10.208565368 36.506339625 -9.963401664 -0.227798927 -0.505281224 0.272286823 0.786548422 -0.189869668 0.112923581 2.582015085 -0.458154586 0.362143321 0.939250782 -0.015180601 -1.306032241 1.457432078 -1.955253330 -0.555873199 -0.235804847 0.350143891 -0.062861335 0.086747506 -0.281498110 -0.365361281 0.609129533 0.808770652 -2.473951218
-2.925975019 38.926215632 -5.710303759 0.652506415 0.584856022 -0.434608792 0.208072127 0.704970822 1.893130895 -0.058856062 -1.262397491 0.630082319 0.148070730 -0.346407019 2.032809772 0.688441985 -0.437050983 1.472167589 -0.259600278 -1.044310311 -1.154734915 0.235842266 1.590195995 0.241871956 -0.989458367 0.112805224 2.318758683
-11.359169445 36.756983484 -7.145503944 0.604198295 -0.085035287 -0.627744049 0.483374419 1.238018627 -1.601504941 -2.691540935 -2.181736569 0.414396141 0.403837291 -1.085567826 0.874722245 -1.216011560 0.870895123 -0.227595278 -0.102869839 1.715818835 0.751905316 1.390723555 1.068339577 0.665381550 -0.384557246 0.607114945 -0.693947471
-11.836767436 46.647594779 -5.162604906 -0.357985264 -0.779985328 0.408727262 -0.310501956 -0.860025547 -1.152462129 -0.918086011 -1.009654862 -1.913359705 -1.779373981 -0.398617254 -0.220485439 0.106928604 -1.269074737 -0.668588663 0.287169642 -1.666599088 -1.128380871 -0.591183137 1.842674347 0.088547601 -1.302836771 0.009762144 -0.726970496
-16.727921797 45.064181525 0.161608473 -0.121212273 -0.537260317 -0.513351540 0.658125469 0.696373134 -1.340359573 -0.748166570 0.144099351 0.206687705 1.141317472 -1.117768033 0.012952623 -0.244227027 -0.543663123 -2.180564912 0.286958934 0.406563528 0.358604495 -0.159261821 0.005059621 -0.516322998 -1.744218751 0.093882339 -0.070873297
-7.703876250 37.975877207 0.315004756 -0.261431394 -0.344263375 -0.176885616 0.884221598 -1.642687882 -2.394090603 -1.026946180 1.220985845 0.044147166 0.623956735 0.942802352 2.963046593 0.776733770 -0.124937914 -0.555445345 1.250012535 -0.632264642 0.852374395 -0.135658248 0.736512577 -1.176228847 -0.112643117 -0.266385685 -1.427279674
-13.119893138 42.600367511 6.240281683 -0.182757286 0.865091165 0.413970440 0.216438271 -1.529721996 -0.507715705 -0.701616281 -1.157028157 1.141384804 -1.579054218 -0.014334242 -0.188022114 0.970937437 0.952257579 0.200426392 -1.598585711 -0.585992240 0.949339617 0.522799856 -0.688937190 -0.586265630 -2.550030289 0.596457431 -1.361246059
-10.230762428 32.873695873 -7.259258022 0.405169392 -0.812394721 -0.356466714 0.220871145 -0.337309643 0.763983669 -0.081002787 0.488752924 -2.038746213 -1.838422051 -0.279494798 -0.218409426 0.995085576 1.390049980 0.615226469 -0.485006414 0.382693377 1.389281635 -0.099877962 -0.034015034 -1.701949646 -1.710219834 0.860390811 1.425493933
-2.891645700 38.923120427 5.738021850 -0.145996529 0.883475505 -0.370373520 -0.246940278 -1.670270192 -0.623421962 0.211711286 0.480554840 1.374054909 1.352925551 -0.723508513 -0.977730080 2.263748696 -0.576133206 -0.752369204 0.519215972 -0.347468087 -0.143558074 -0.884000743 -0.710588753 1.138952059 0.481872851 2.213603151 0.737336164
-10.569956213 42.029515594 7.824885754 -0.144973725 -0.257859058 0.483351328 -0.823931320 -0.296392129 1.069255954 -2.506648907 -0.102143812 -0.654554196 -0.246199867 -0.969016741 -1.821594369 -0.545024978 -1.925349853 -0.395334526 1.469104834 0.022012008 1.618100037 -1.303597383 0.972592871 -1.291169619 -0.051203959 1.189183329 -0.948386321
-4.227172207 36.258413817 5.609205788 0.475154168 0.097045469 0.593306296 0.642493838 -0.328956898 -1.462520300 -1.577129777 0.339259511 -0.709063348 -0.363668354 0.653396347 1.371671582 0.832461058 0.854165169 1.385729353 0.403762064 0.895438175 1.265800555 0.487490455 1.112732470 -0.419818015 0.755671712 0.285448650 -0.348272774
-8.050933763 36.894457816 -3.256286855 0.251094705 -0.387558422 -0.409660546 0.786719871 -0.782919003 0.356936504 0.429704219 1.417922558 -0.727125830 0.311155734 1.532414081 -0.898705036 -2.907235021 -0.462307497 -0.652734822 -0.674567121 -0.516429402 -0.337189024 0.227688261 1.006456049 -0.792872308 0.259830483 2.514342202 -2.894866025
-15.844902709 41.744137948 4.501951099 -0.561370680 0.384309881 -0.695253178 0.231930793 -0.342818036 0.224125181 0.460266918 -1.186440900 0.393116236 0.289219665 -0.337248283 0.654687918 0.841591591 -0.830301416 0.957697764 -1.163614023 0.924276870 -0.191920358 0.613391965 -1.983638354 0.925627233 0.033329232 -0.915958425 -0.277708293
-6.251664463 44.336943790 -1.869705378 -0.163677352 0.101927080 -0.627184533 0.754625839 -1.064959722 -0.779018883 0.192315464 -0.274339880 -0.810123306 0.951141911 -1.985398401 1.053283358 0.520019276 -0.600826157 -1.612452473 1.372583498 1.167644085 -1.205166074 -0.196256870 0.002807283 -0.569927419 -0.721586730 -1.687034958 2.020662228
-10.759635782 37.020026460 -10.195209911 -0.567428006 0.450265914 -0.029216199 0.688790591 0.482604452 1.537035990 -0.310764499 0.045932905 -1.083515477 -0.724528206 -0.259551259 1.011835409 1.113849515 0.822976906 0.857188134 0.319199194 2.086550701 -1.254111923 1.151139718 -0.732277481 -0.613484826 0.920228650 0.855393830 0.146940788
-10.540100225 46.194624872 5.071476984 -0.625904343 -0.319938436 0.351693495 -0.618219085 0.100568676 0.516208897 1.207523935 1.746268755 -0.428363558 1.146828172 1.356303540 -0.335415289 -0.309151518 1.274466122 -0.750924746 0.547101952 0.439671368 -0.345358405 0.008810790 1.385693518 -0.708348274 -0.333959488 0.301927994 -0.718669910
-14.583477398 43.853870295 0.659872691 0.155233850 0.411884693 -0.550015417 -0.709743963 -0.345955578 0.968361853 0.008367393 0.633994458 0.811804334 0.609795109 1.468244759 -0.339421915 0.924141416 0.683480034 -0.116036226 1.054677399 1.617217617 0.774471843 -0.361275079 -1.157090536 -1.199313339 0.880575522 0.569352433 1.682178538
-0.539111642 35.273897626 0.875016113 -0.496096538 -0.286099596 0.816151006 -0.077024547 0.472391889 0.900932261 -1.744324468 0.416334923 -0.254335321 -0.535533591 -0.893247304 -0.887115991 1.464104007 -1.258288309 0.099548874 -3.147792412 0.867854424 -0.259082881 3.573456388 -0.281882804 -1.040936710 0.124798003 -0.826162196 0.236787374
-13.882113011 42.710633761 -1.227353732 -0.187733371 -0.661303007 -0.508674458 -0.518348156 1.102008399 -1.526723156 0.977456633 -0.460932689 0.188750205 0.865768578 0.238045383 -0.413787889 0.254380124 0.407815633 1.805349595 -1.598603226 -0.735540371 -0.810818265 0.625353415 2.534762363 0.847770466 -0.610256958 -0.786104296 0.231470379
-5.988258846 36.020343198 6.130533665 -0.934350166 -0.003728939 0.145794939 0.325145656 -0.117061755 -0.338546078 0.539889727 -1.657130035 -0.094279035 0.938234438 -0.275442290 0.202208519 -0.792627022 -0.004279325 -1.011297896 -0.642527617 0.069325134 -0.823155445 1.141815042 0.394110838 0.552369053 -0.704948879 -0.473677980 2.058869852
-5.010889264 38.255516468 6.618639243 0.008493013 0.889161196 0.144994570 0.433931804 -0.933173450 0.363367680 -0.285084975 0.473932372 -2.166655688 1.655577217 -0.546887566 1.401768036 -1.269251648 0.973359164 0.115589478 -0.851135800 -0.444561012 0.139795852 1.535324657 -0.625609582 1.178273209 0.647252596 -0.780468404 0.986580773
-9.324974615 30.738396155 -3.320340762 0.190659983 0.643392120 0.074453415 0.737666618 0.026090816 -1.778650031 0.182037827 -0.845707703 0.986661813 -0.799257043 -1.478861278 0.661636672 -2.146640172 0.845402208 -0.526970958 1.269099091 0.290359888 -0.780993317 1.969215892 0.668117937 1.211637893 0.669218764 1.232416137 -1.370078138
-3.312334280 46.933869978 0.139374955 -0.505800466 -0.671792481 -0.040518360 0.539647120 -1.785224256 -1.433387799 1.372497603 1.707124947 2.316945980 0.550666215 0.133776658 1.501611716 0.091562537 0.524079912 0.850127991 -0.443564854 0.678821020 -1.861272160 -0.393962931 1.581681266 -1.143449867 -0.280216825 0.230887673 -0.895533843
-8.204645672 38.755325242 2.198497344 -0.183320999 0.536994563 0.779610289 0.265024619 -0.411014866 -0.416442370 0.639729740 1.050886210 -1.436514977 0.284110277 -0.444632852 0.392451560 -0.478371242 2.244537207 0.159267597 1.418161682 0.587179656 -0.142237095 -0.647733809 0.498874783 1.053997727 0.039000651 -0.110007456 -0.477801898
-13.691372609 34.548082344 5.780809946 -0.241861101 -0.549651480 0.448218287 0.662183377 0.215326856 0.375996829 0.720709877 0.212586526 0.766733198 0.449873693 -1.417874790 -0.718819153 -0.217988549 -1.089004358 0.287703265 0.364189255 -1.387172506 -0.166487254 -0.167894617 1.075833636 -1.205045596 -0.463516799 -0.223913196 0.219388172
-4.866894734 43.543219149 1.750312777 -0.547086884 0.808354622 0.197117434 0.091670407 -0.927927504 -0.622174912 0.423705849 0.895076895 1.025151520 -0.011961817 -1.373103998 1.982723712 -0.134074982 1.186666513 1.565308357 -0.816663949 -1.190807560 2.590247538 -1.203258385 -0.211602883 0.559953920 1.132616807 -0.152714018 -0.462930333
-8.073766204 41.287220071 -8.177650326 -0.028912372 -0.498039254 0.420321947 -0.757925087 -1.834216210 -1.884487326 1.807264852 -0.847433746 1.295704512 0.610625844 -1.501617217 0.698743966 -0.217986686 1.315139960 0.071539424 1.598462828 0.202048974 -0.664103918 1.465972062 -1.337709504 0.243319257 0.247788780 -1.307723485 -0.558294182
-7.237709726 38.373349759 -1.377579433 0.821797682 0.466231861 -0.318993397 0.074294244 -1.965867944 0.352418217 0.664524567 1.559757568 1.535069407 -0.521575994 1.798146740 0.778964031 -0.488508305 1.533091178 -1.014669809 -0.639267718 0.254047201 1.277485022 -1.844453446 -1.732110945 1.647067505 0.850167194 0.757536281 0.093189949
-1.018624636 37.806661092 2.154906015 0.092272870 0.935192934 -0.064468761 0.335773246 0.230969770 -1.660531176 1.370676271 0.203264725 0.797920686 -0.403578519 -1.479159015 0.820171651 -0.524828021 1.012607139 0.743292841 0.669020017 -0.378738193 0.208386257 0.530043652 0.380347454 -1.550645729 -0.427763874 1.467134708 -0.011425650
-12.478278712 48.470044373 -1.159589557 0.469459285 -0.386563928 -0.659383933 0.442028435 -0.683380743 1.599127934 -2.826556671 -0.028440556 -0.976475826 -0.388920770 0.344456875 0.843181068 -0.306195689 0.541950678 1.361719650 -0.440770261 -0.217006827 -0.373366991 0.290022150 0.280133061 0.800259437 0.343273937 -2.802098228 0.951301334
-12.689431044 47.211093802 0.487468410 -0.275873756 0.340064545 0.285065086 0.852635721 -1.039363486 2.204007461 1.517453640 -0.359877123 -1.169530460 1.439388199 0.125859609 1.510689673 -1.741445265 0.835585918 0.197277914 -0.434853551 1.774520552 0.444149053 -0.759440587 0.610166362 0.618558575 0.462553780 1.647121417 -0.365949661
-1.327734507 39.314754647 2.815190184 0.292587596 -0.809045200 -0.446797294 -0.245378363 1.217904979 0.614997585 0.234090271 -0.056641505 -0.150875992 0.751781756 -1.473390190 -0.385978429 -0.913091213 -0.283916858 1.141394487 -1.643244135 -0.495126235 -0.084768466 -0.050441237 -1.967148436 -1.231934637 -0.820539940 -0.346111270 1.254619244
-12.231549020 34.656501550 -4.591249035 0.358191617 0.297764805 0.817483977 -0.338754827 -0.268957205 0.933398595 -0.985793963 0.230690598 -1.445749528 -1.073461677 1.555225415 -0.482505393 0.754786010 -0.544721371 -0.074165203 -0.631173032 0.232042102 1.481043105 0.312751233 0.027104830 -0.401684046 -0.330620253 0.776156686 -0.113358062
-18.438735060 42.826880424 -3.415030063 -0.175831766 0.778011774 0.451516981 -0.399891592 -0.044795995 -1.652723525 1.538271225 -0.247652223 -0.962630972 1.982383481 -1.770045433 1.424555917 0.681253478 -0.619804431 -1.456170507 2.023323064 0.842028541 0.448447379 -1.777803526 0.939631023 0.252092686 -0.051494216 -1.457676084 -1.123091429
-1.062744586 40.145840201 0.659045463 -0.474785801 -0.585966825 -0.261645195 -0.602298195 -0.652726532 -0.462369751 -1.653172063 -1.089915849 -0.096014022 0.443102321 -1.349468212 0.868731647 -0.388830266 -1.542765628 0.523344329 -0.965225668 0.865661469 1.721999217 0.127668396 1.261650320 0.377451821 -1.522549277 1.161701076 0.975214285
-5.011616403 42.453611988 3.736005080 0.500505891 0.617663227 -0.392637007 0.462409095 -0.328982238 -0.331885568 -0.614863404 -0.270456279 0.043673604 0.183842385 1.293505917 -0.641279124 -0.246459269 -0.788245075 -1.601028822 -0.936437097 0.461635062 -0.490446057 0.330316056 -1.797843737 0.114704575 -0.072221197 0.937881533 -0.252089832
-5.254492362 34.417852833 -7.195657029 0.322609394 0.693672528 -0.545314880 -0.342597847 -0.876746890 -1.962456281 0.274922026 1.281759139 0.262018596 0.989390130 1.112416473 -0.731898006 1.225183449 -0.411197852 0.153189958 0.845177284 1.677461151 -0.361362814 -1.327377387 1.674373347 1.342117000 0.028452544 1.037552148 0.518955701
-14.954170668 36.192229552 -3.036241407 -0.769041754 -0.320870133 -0.485581838 0.264248780 1.966842566 0.611661376 -0.779279048 -1.097266209 -1.061565335 -0.665025326 0.337988853 1.513603200 0.011797556 -2.146561342 0.019961077 -0.635542276 0.901369234 -1.260938344 0.154140745 -0.169565449 0.314918121 -1.703041009 1.800663320 -1.005871655
-8.349819767 41.405179887 7.776320853 -0.008156320 0.413174524 -0.159637837 0.896513273 0.484019404 -0.815000437 -0.189177369 -1.890814714 -0.725609477 0.897713983 -0.226985296 0.727411556 1.797776083 -0.974817481 -1.867564658 -0.617037267 -0.295551201 1.418228545 -1.280745807 -0.687533016 -0.287424822 -0.822075964 -0.087877433 0.446703325
-12.847180946 45.387350153 1.404443583 0.440453763 0.888705478 0.125359851 -0.022089895 0.472863941 0.016275651 -0.289709508 0.015222991 -0.945179764 -0.456677098 -0.449268766 -0.429122538 0.289694038 0.127145978 0.431917892 -0.409089071 0.731858409 0.510918121 1.528236867 0.102527631 1.437418996 0.311838807 -0.194182589 0.318852232
-17.915989243 39.177332730 -3.478978393 -0.854314739 -0.164035540 0.475307996 -0.131609183 -0.090835562 0.285082377 0.499459505 1.683024192 -0.247136422 -0.528462078 0.682695028 0.994578070 -0.234918329 -0.898285745 0.891311231 0.526909191 0.350066342 -0.882576823 -1.289448106 1.104056991 1.078967754 1.336902184 -0.277980072 -0.929726841
-2.495271454 39.084525987 -6.057436048 0.778439532 -0.215340223 0.058902606 0.586677907 1.490685945 -0.501345122 -0.346644615 -0.254181632 -2.142899428 0.488457439 0.536892806 -0.767262647 -0.782242480 -0.101514814 0.732646480 -0.092442149 -4.061039653 -1.450866605 -0.114155137 0.522382882 0.607043364 -1.673634471 -1.753197726 -0.560797925
-9.722146359 45.121269899 0.921016002 -0.054262511 0.025470285 0.846287888 0.529342663 -0.353129469 0.364376547 0.754592005 -0.753800604 2.610609641 -0.801209986 0.774510017 -1.499611690 0.730085581 1.022778677 1.430928747 -1.398660061 0.410133275 0.760400271 0.625403509 0.711161043 -0.328399392 -0.483099293 0.620344943 -0.880989663
-16.073451153 44.937160583 2.807066718 0.484680456 0.090791628 -0.848718632 -0.191097934 -0.838969238 -1.223337323 0.880712893 0.047448595 -1.217259874 -1.263345535 1.694596975 -0.173101638 1.128607607 -1.061259242 -1.341210788 -0.440008807 0.891222269 0.655154774 -0.545361562 -0.096256423 -1.506634550 1.005785614 1.245323112 -0.619378459
-2.533125991 36.296372217 -1.127905383 -0.118585791 0.311695330 0.935666233 -0.115378210 0.060201259 0.291055068 1.318719213 0.581283313 0.128910184 1.449465005 -0.363493346 0.695460454 -0.598477567 -0.741459053 0.214488673 -0.620229365 0.319396044 0.968806197 1.123551099 -0.543258377 -0.580321428 0.941963238 -0.040485763 -0.453253989
-3.025469820 44.574157903 -3.021313535 -0.473637146 0.537046903 0.189994059 0.671677553 0.794894462 -0.545220693 0.568615975 -0.693777444 -0.285053397 1.077183875 -0.423950651 -0.059907735 -0.496247101 -0.268031328 1.349547401 0.576811836 -0.412615810 -1.313803135 1.297493447 -0.707182082 1.691017358 1.084144875 -0.062666888 -0.663050061
-11.164293304 41.427242414 -5.184303643 0.086033900 0.264331168 0.833088993 0.478215361 -0.397506005 -0.061189915 0.150494523 -2.314059680 -0.218293162 1.078403533 1.082865746 -0.278210441 -0.822838980 -0.621970826 -0.435611559 0.161683023 0.521578854 1.138174533 0.969639479 1.378661956 -0.713594560 0.380209907 0.497922752 -1.314848518
-5.723585388 39.651120148 -9.242373868 -0.031101899 0.928742523 -0.331497008 -0.163032915 0.269123821 2.499632948 -0.973336680 1.058435442 0.269436708 -1.053329766 -0.498159501 -0.380930735 0.405741719 2.012157434 1.625382971 -0.919215899 1.852466969 -0.306495469 -0.835664971 0.119397762 0.170791826 0.190968567 1.220509229 -1.324621658
-4.188730395 37.941382233 -2.550225756 -0.207832614 -0.186566193 -0.053573849 -0.958711898 0.726921541 -1.431902113 0.603531170 -0.950880528 0.391283907 -0.341017302 0.812561003 0.126821908 0.846213926 -0.823349602 1.018702681 0.545279012 1.337393415 1.458783560 -1.111004950 1.428862440 -0.438410106 -0.049076642 0.802009934 -1.007553028
-4.948692412 43.837928276 -8.228914518 -0.365241479 -0.484085024 0.793429328 -0.052251815 1.106766857 1.583333280 -0.690780385 -0.766661044 1.289743143 0.324939257 0.508373105 -0.053362773 0.056760974 2.040927848 1.329914310 -0.629421456 1.345934177 -0.611995501 -0.986446377 0.326159730 0.021372358 -1.779866595 -0.146971816 -1.275577965
-11.868898679 33.439497566 -0.670842020 0.123726346 0.138313899 -0.698110977 0.691521598 1.125385312 0.281777290 -0.983278001 -0.824646981 -0.052508161 1.695909503 0.310443748 -0.457363735 0.694874074 -1.625303022 -0.514424157 -0.281983284 0.403207567 -1.215696553 -0.451555453 0.280504496 -1.318134060 -0.778642780 -1.072349952 1.225682454
-9.362284051 46.120585912 4.899540016 0.527952036 -0.233683934 0.676353086 -0.457389298 -2.328168055 0.934521593 -0.347696418 -0.210391574 1.315413157 0.727561100 -1.373570376 -0.881970901 -0.144695021 0.898326027 1.326052573 0.258979409 -2.222107618 -1.570315192 0.101434036 0.071520830 0.189009680 0.632617111 1.745877368 -0.822531797
-6.936125469 47.101566015 -0.644834438 -0.767500899 -0.339695672 -0.211491522 0.500819885 -0.210648164 0.163911025 -0.812463371 -0.888737269 0.004718987 1.760918852 -0.635157174 0.096635672 -1.287923222 0.960567458 -0.099842968 0.048877373 1.177823364 -0.199204923 -1.121937352 3.267729577 -0.180058900 0.010686617 1.542087986 0.438929549
-13.386784978 31.247520354 -5.098114510 -0.050165262 0.638372685 -0.671242046 0.373360252 0.267034736 -0.225175335 -0.463434692 -2.470196173 1.219569079 0.451596883 1.545120385 -1.648754479 1.228992718 -1.054619478 -0.780308193 -0.232690229 -1.180707219 -1.432061131 -1.008457529 0.041736505 1.419062112 -0.603601795 -0.745799443 1.590150746
