-16.116627151 -36.679641183 28.081904826 0.312276339 0.569380489 -0.530198033 -0.545141626 0.823817506 1.275782456 -1.628172216 0.584759039 0.737602763 0.836200557 1.236487149 1.123293741 -0.046199364 0.544030675 0.994678793 -0.529030922 1.283121660 -1.123730380 0.599633565 1.362637313 -1.036209999 0.384079198 -1.712434523 1.069808433
-16.903749362 -38.503682730 25.556534402 -0.376272956 0.762097394 0.286238249 -0.442373021 -0.630178213 -0.035015435 0.229443248 -0.433324420 -1.552924661 0.676406826 0.135737814 0.017735326 -0.732827943 0.194038813 0.131210859 -0.660833244 -1.160799531 -0.699907087 0.973776257 0.530478634 0.822570857 1.566140549 -0.188767122 -1.291509116
-5.038847251 -35.872825716 25.521259898 -0.876247303 -0.466137028 -0.113145450 0.045880749 0.821922639 1.612609127 1.013585481 1.282731118 0.001769345 0.392816587 0.426737393 -0.683548177 1.327881605 1.721549542 -0.996732702 0.527717619 -0.868224845 -0.172697470 1.040568676 2.000878852 -1.689291559 0.556303226 -1.222039335 -0.707214414
-17.438783447 -43.346463743 22.669904469 0.718345040 0.231530448 -0.611381254 0.237880260 -0.564994168 0.275114335 0.922958499 -0.020094959 -0.168762883 0.476882703 1.425398084 -0.531676689 0.671764622 -0.113724964 -1.283940240 -2.736950989 -0.161630032 0.501018804 1.271992049 -0.386894000 -0.079299567 -1.115403606 -0.470340665 -0.136289091
-13.716498326 -45.148312571 28.444429590 0.701330269 0.400965741 -0.136291899 -0.573399378 -0.680465955 0.132369469 0.886360526 -0.192856764 -1.130390860 -0.563092432 0.467190891 0.596159873 0.060127678 -1.190985595 0.374278873 -1.196061474 0.204187749 -0.944464849 -0.539840419 -0.849749643 -0.822071244 0.382203171 -1.762338706 0.434217286
-7.915378547 -44.633912538 26.903994501 -0.413994897 0.316432818 -0.125338743 -0.844256298 0.197804201 -0.512017695 0.344056368 0.642944456 1.290578641 -0.388358294 -0.009122127 -1.760870137 -1.766114597 0.449860319 -0.943941292 -0.760936915 -2.185242043 -0.054497936 -0.829544165 -0.571617456 1.355758673 -0.088962097 0.820674671 0.393570230
-4.079230795 -37.275456449 19.659677462 0.012826412 0.235611818 -0.253196421 0.938197275 0.283031094 0.729412949 2.193304106 1.031534162 0.442114709 -0.522530731 1.197810770 1.384561683 -0.573245789 -0.501850440 -0.158647261 1.275128839 0.088050163 0.808538006 -0.503217935 0.901234639 1.458839987 0.210014247 -0.266379577 -2.977161454
-13.249456491 -45.231873680 15.149211584 0.804915167 0.123730881 -0.304423775 -0.494093522 -0.499787679 -0.482095600 -0.648138451 0.639641199 -2.367662869 -2.287061216 -0.300132256 0.917613942 1.125309341 0.963228953 -0.197182402 -0.785374803 -0.400684669 -0.110694475 -0.851525128 0.506224199 -0.694821211 -0.131235743 -2.029626591 -0.097961960
-9.981336199 -35.519744853 28.297456285 0.092505557 0.031751103 0.942972091 -0.318179548 -0.247036828 0.727371607 1.134461982 0.248560949 1.086266416 -0.676881362 -0.635339278 -0.140162597 -0.046569865 -0.412416505 0.470137043 2.306065540 2.146384173 0.259726539 -0.253914857 1.101648779 0.382588648 -1.989288826 0.651939710 -1.486395852
-7.015136416 -40.638186917 19.191571738 -0.812099130 -0.317750302 -0.448648635 -0.195561119 0.404972061 0.701398907 1.354892583 -0.315689199 0.447915836 1.180198987 -0.858170542 0.003807550 1.007723641 -1.379318504 -0.658154898 0.468711814 0.079610184 0.289517829 0.935843856 -0.851473365 0.052774674 0.400865267 -0.685790228 1.106199174
-14.873836587 -36.598831879 26.443212675 -0.188265880 0.399475791 -0.549821209 -0.708993434 -0.284650964 1.689356299 0.487975761 0.218853460 -0.993753136 0.697376783 0.112451260 -1.011635926 -0.072261669 -0.880736720 0.187748665 -0.747486726 -1.693233019 -1.084200233 0.773332390 1.517270460 -1.746436351 0.861758054 -0.872590826 0.170929316
-7.931731300 -40.971145075 16.728137950 -0.218198345 0.842021089 -0.334432906 0.362690777 -1.147954702 0.160813260 -0.352729919 -0.162719350 -0.362225772 1.023546009 0.357835433 -0.577088361 -2.659373009 1.337798804 -1.795237514 -0.908519454 -0.205302665 -0.605229603 0.964960100 0.593732631 0.074538694 0.125683999 -1.035685561 -0.032191013
-11.135997476 -47.378196661 29.022755316 -0.335963784 -0.168239179 0.838966399 -0.393648696 0.491387745 2.338769303 0.256909340 0.972109919 0.002327897 -0.421693349 -1.945346374 0.282875534 1.116270208 -1.624556643 0.853557755 -1.815472746 0.894572002 -0.974969425 1.452420332 0.305074756 0.565219031 -0.505963280 -0.270646939 0.020703994
-12.561730644 -43.257712075 15.755116166 0.139156310 0.890857668 0.074885825 -0.425911081 0.353005811 -1.130435797 -1.167928923 0.106543656 -1.371723503 0.832288936 1.046673989 -1.226101286 -0.350026482 -1.896713284 1.068496873 0.233433507 1.191422233 0.689612488 0.959851527 1.036636751 0.728270695 0.090251288 -0.882873435 -0.948943179
-13.241274876 -50.989596227 22.557624269 -0.279901870 0.529790868 0.736285955 -0.314419421 0.130416357 0.871920572 -0.806352118 -0.155575144 1.467424519 -1.037907029 0.730322578 0.489508239 0.021366376 -0.786965255 -0.786275437 -1.624279196 0.550606657 -0.132135944 0.340015545 0.938523646 -1.360066960 -0.325597088 -0.085207085 -0.212959155
-16.541259650 -44.685691611 21.567585518 0.499812784 -0.422888030 0.556123836 -0.511936690 0.483147558 0.827727149 0.548067180 1.494390808 0.314420356 0.960612951 0.351071204 0.533310858 -1.727603356 0.966092315 -1.098172828 -0.622036534 1.046124924 1.790212758 -1.469310512 -0.707383776 0.123187252 -0.335905355 -1.566525188 1.977680907
-18.409368267 -45.592984055 15.717530967 -0.623698651 0.092605581 -0.414350977 -0.656305924 -0.690775492 -0.965420960 -1.427151375 -0.493452476 -0.314297730 -0.778483810 1.132095550 -0.133620765 0.632613933 0.428663276 1.263877582 -0.084345109 -0.322627912 -1.986172203 0.951371379 -1.624095627 0.992298080 0.632945637 -1.046156200 1.098614235
-5.479202899 -49.998560967 22.662290226 -0.475890848 -0.804327088 -0.340072926 0.104576485 0.148294886 -1.332163415 -0.983640347 1.220241295 0.396051546 -0.576376868 0.544165428 -0.071760658 -1.148169782 0.272716668 0.684517176 1.743531030 0.548371107 1.939746837 0.188700284 -0.121593229 0.366068617 0.079085852 -0.714655676 1.467366037
-5.612894273 -44.230775751 19.057374801 -0.514412847 -0.215167604 -0.798531458 0.226781471 1.300260662 0.484731080 -0.729528534 0.727995892 0.272259573 0.328579131 -0.991826916 -0.853674797 -0.896008948 0.412726344 -0.842892424 -1.004247019 -1.116136050 -0.464149940 0.015493834 -0.576090559 -0.218575956 -0.685761145 -0.615489107 0.915333998
-11.071549339 -46.396900313 20.632912926 -0.708019510 0.198620210 -0.101701105 0.670011396 -1.307498913 2.215516116 -0.435718882 -0.923463911 0.378427110 -0.415520744 -0.346361425 0.157913694 0.074710087 0.196471241 -0.532385784 -1.688489515 -1.900915519 0.495944667 -0.938230421 0.819746739 1.313181656 -0.091627792 -0.397362125 -1.650684622
-4.899963534 -45.452127870 26.542402059 -0.825630244 0.154924878 0.493183990 0.226058697 -0.112394842 1.829792028 1.559592833 0.384199359 -1.019027828 0.353194010 -2.442279970 1.362628883 0.581770429 0.269469728 -0.387587206 -0.137026666 -0.211660821 0.239751302 0.599619861 0.452508351 0.315475811 0.451147762 -0.690744652 2.175980232
-10.103207157 -37.831531732 18.215248385 -0.289097868 0.640038466 0.553913886 0.447160588 0.529509854 -0.102316884 0.630642530 -0.497858032 -0.353102648 -0.262849741 -0.542245039 -1.544634003 -0.863989990 1.644066070 -1.416850105 0.933565783 -1.293904907 -0.336627658 0.143409026 -0.174598361 0.554130308 -0.712741582 1.094098443 -0.428474997
-6.229573178 -46.088635612 27.989774946 0.106941937 -0.619543219 0.362976605 0.687733674 -0.162503063 -2.146507602 0.666373136 -0.675153960 -1.253094225 0.868896881 -0.850936838 -0.423639936 2.111936177 0.995061305 -1.263205573 0.688350854 -1.358136593 0.291372213 -0.647054314 1.884328952 0.543071376 0.665117167 -0.668751952 0.786249716
-13.666086653 -41.069054875 26.979193993 0.611709700 -0.325960824 -0.718007545 0.063450374 -0.664258203 -0.556244343 -0.177131916 0.119750176 -2.243946793 0.561224642 1.225580824 0.886476114 -1.107076315 0.501123605 -0.757344630 1.382957507 0.068835142 0.670365830 0.929786744 1.278927269 -0.514688161 -1.557198869 0.287484335 -0.808460128
-16.280548036 -45.559581706 27.697321748 -0.164048300 0.544525879 0.359652423 0.739749861 0.047707788 1.050457476 1.185639023 0.627167230 1.910451151 1.390868468 0.054242826 -1.450412470 -0.896300134 1.565039765 1.169523107 0.694248666 0.218082475 0.618072370 0.803227275 -0.971365322 -0.716344257 -1.416416695 0.148581738 0.489061036
-9.078464618 -37.928509789 14.470487706 0.374413105 -0.554733491 0.068149121 -0.739892748 -0.140888554 -0.074281738 0.409022808 -1.008878870 -0.554034032 0.381636458 -0.458330214 -1.207510691 1.123084793 -0.112503329 -0.073129528 1.206462326 -0.520146422 -0.543007914 2.588900616 -2.055806774 0.226316167 -0.904302166 -0.398420745 0.528406193
-15.034967190 -47.964492307 25.803590180 0.664696653 -0.353704034 -0.534493045 -0.383912751 1.464219177 0.733403650 0.640501875 1.490134508 0.387959044 0.163401196 -0.531881578 0.308928671 -0.536787399 0.155224633 -0.326497169 0.342988542 -0.779096857 0.022200456 -0.626504963 -2.085263247 1.181117369 0.134719400 -0.050624687 -0.859559337
-5.770878403 -48.623206360 26.610280185 0.130002235 -0.416201053 0.487828215 0.756240527 -0.742827148 0.247433791 -0.463015778 -1.979001933 0.520093200 0.010617395 0.105924078 0.238836889 1.685227885 -0.321946313 0.457125110 -0.233162848 -0.978705778 -0.655209179 -2.441229916 0.578125618 -0.060423846 -1.042698546 0.571330440 -1.833192128
-11.097144265 -35.148119804 16.587546211 -0.038542780 -0.759564116 -0.588225039 0.274896548 -0.008538443 1.794798800 1.156739284 1.339530685 -1.438230843 -1.240220902 0.077555403 0.187546679 -0.154991499 0.172332547 0.926066544 0.574699591 -2.297782053 0.326402398 -0.249983330 -0.031630637 -1.909992663 0.043438872 1.369794326 -0.441355831
-13.676016107 -39.843751463 28.624544047 -0.699383801 -0.127800554 0.600307548 -0.366278808 1.509731515 -1.227231761 -0.983830617 -1.831976024 -0.418318121 0.278001801 -1.822311040 -2.509347388 0.495919158 -1.125099193 0.626042266 1.528542668 0.495918382 -1.344299548 -1.133169502 1.438035509 0.231797305 -0.495137589 0.730560618 1.083576262
-19.917042974 -39.414973641 25.188390971 0.304959696 0.205854896 -0.851529856 -0.373524096 0.033772998 -0.583631114 1.614216703 1.131347471 0.645431021 -0.020085013 -1.104426802 -0.427664794 0.304221727 0.128806312 1.355163168 1.682759395 0.334958685 0.453795725 -1.353193770 1.217315674 -0.176543615 0.536200432 -0.281475458 0.345062524
-8.267648858 -34.599194768 22.657996397 -0.393737150 0.057390164 0.508151555 -0.763845157 -1.171762763 0.876262052 -0.920464009 0.898903383 -2.251957902 -0.469906002 -0.087142441 1.349806540 -0.588176133 0.260952732 0.088152336 -1.437972490 -0.085458285 -2.071138988 0.834908007 -0.128139973 1.913087066 0.515165170 0.488210649 -0.340778260
-17.064473638 -43.072783160 19.480488997 -0.417902415 -0.260654784 -0.853918980 -0.168044728 0.834935068 -0.074000513 0.337726294 0.802164373 -0.048693982 -1.103939443 0.554583535 0.323389907 -0.188767032 0.513795633 -3.081448592 -1.801355960 1.692075448 1.252977401 0.237797184 -0.562291942 -1.315139153 0.647796575 0.699342540 -0.505088068
-17.345600159 -36.119195405 20.806120289 -0.689962704 0.333803588 -0.558761569 0.316720919 -0.421472218 0.995245067 -0.432356358 0.130130576 0.585237545 0.284215280 -0.409570745 -0.898499304 0.501820702 0.558079937 -0.679888856 -2.102020403 -0.970619870 0.320866311 -1.148876183 0.742643006 -0.222228797 0.624274605 0.230284860 0.580748513
-11.733783287 -40.909401976 20.475326710 -0.341924117 0.772636009 -0.534473783 -0.021430628 -1.514543816 0.753672305 1.478252382 0.357927679 0.284015022 -0.746652945 0.119727193 -0.081196801 -0.349947570 1.736366745 -0.455974453 -0.520844400 -0.311700263 0.001522063 0.178751154 -0.428779819 -2.562354261 -1.309245999 -1.545196559 0.031930069
-5.108176969 -35.071100295 21.761152751 -0.287472730 -0.074825811 -0.010506228 -0.954803722 1.110906285 0.710027888 0.460049361 0.753371442 0.431187306 1.542304307 -0.529747213 -0.765303143 -0.385463261 -0.658750792 -0.301524765 0.992024289 1.475771751 -0.600902312 1.283783577 -0.328339224 0.253984142 -0.700233836 2.325275090 0.763110852
-8.501974690 -44.760364674 25.348164814 0.505315397 -0.249413350 -0.790506818 0.239892268 0.098808770 -0.086713839 0.098368857 2.053254958 -0.549695894 -0.033227130 0.308248579 0.967428656 0.490403641 0.144717071 -0.331376599 1.093734716 0.131841475 -1.910636436 -0.477088577 -0.690563391 0.403956610 -0.849521147 -0.263766776 -0.551731346
-6.115927046 -40.915982863 14.695942556 0.097561751 0.561131912 -0.816198402 0.097122868 1.003089345 -0.252865634 0.127741973 -0.002651152 0.967922006 -1.357177653 0.775433703 0.481328853 1.537199735 -0.576826228 -0.549671042 -1.437687194 0.427445964 1.565128317 0.132965700 0.046827886 -0.122428166 -1.005656641 -0.656687771 -0.530207940
-10.420174227 -37.405927840 28.677799918 0.364419152 0.884682570 0.268320654 -0.111979727 -1.882302984 -0.194096939 -3.081704138 0.082450847 -1.698825873 0.285309778 0.561934384 -0.724321402 -0.309404586 -0.731321027 -0.172702902 -0.493340900 -1.453758930 0.070140083 -1.234154748 -0.293388323 -1.268676624 -0.904730949 0.407899242 -0.657050568
-11.033555611 -45.552346996 14.919388326 0.576206794 0.017349538 0.639074316 0.509184390 -0.099111370 -1.134405299 -1.675672678 0.051117542 0.011238968 0.211215241 1.043693533 -0.197306033 -1.271178071 -0.321160945 -0.148284389 -0.256624667 0.430414116 -2.032677386 1.288183316 -0.722247108 1.074879698 0.999632213 -1.309723172 -1.784189898
-14.919608665 -36.356657862 28.169617111 -0.106312122 0.186358409 0.974818728 0.060800690 -0.207317120 1.696997780 -0.306763780 -0.502147090 -0.903897800 -0.587759158 1.342877326 0.970334948 -0.420941586 0.447133180 -1.446159039 -0.293643999 -0.061025452 -1.330443499 -0.571290200 -0.901463040 -0.851250032 0.372573274 -1.171567495 1.583780779
-17.047599768 -38.770729924 19.265134522 0.308113136 0.884814979 0.054591004 -0.345236978 1.168621963 -1.742459430 -0.385274245 0.612696838 1.714754879 1.411180662 -1.852101872 -0.799661229 0.366766203 -0.102759325 -0.760616127 1.016680465 0.388427515 -0.033771596 0.405566547 1.406295898 1.009048544 -0.958056234 -0.541895302 0.254827894
-12.757957150 -42.812440863 28.377136175 -0.164046870 0.068161487 -0.648301367 0.740370160 -1.959844305 -0.791349736 0.959967235 0.173625013 0.137510857 -0.132987426 0.646370442 -0.686894450 -0.222908250 -0.491753283 1.189084945 -1.352448888 0.752756421 1.247335501 0.265437562 -0.226591294 -0.939197184 0.735452655 0.236843810 -1.113294407
-15.737648025 -41.263432990 19.866029707 -0.052502848 -0.817751248 -0.051242806 -0.570876976 -0.540286205 0.493980669 -0.539781270 1.309606426 -0.488448378 -0.012637616 0.498875938 -1.287933758 -1.273955118 -1.129643383 0.200437309 0.024685653 0.366914725 0.909447800 -0.562522903 -0.513744301 -0.490391642 0.187531550 -0.895191626 -0.260829211
-5.723354424 -36.481396577 27.516018898 0.072770946 0.320568291 0.292783106 0.897896661 1.282694951 1.130639580 -0.538078845 -0.603463573 -1.247309481 0.593066166 0.277368258 1.330243989 0.800110334 0.758372778 -0.701067452 1.238671663 1.602730733 -1.198287377 -0.969463828 0.505024648 0.650549128 -0.282985989 0.370482827 -0.538406384
-13.639948200 -43.817066363 25.653203728 -0.400649776 0.561756516 -0.113065031 -0.714930536 -0.652719066 -0.864784814 -0.089439035 2.029077009 -0.094984512 0.875600053 -1.517953025 0.302600264 -2.420327990 0.276620786 -1.069494170 0.730114368 0.427767942 0.869322389 -0.104443486 -0.434326837 -0.916575161 0.592572863 -1.640688492 1.576299382
-12.773491133 -39.067753112 23.774207852 0.696904819 -0.643376816 0.160203335 0.273358443 -0.016591622 -0.717774601 -1.617352929 0.669928835 1.278650517 0.467306913 0.078700519 -0.090116282 0.404096930 -0.015732823 -1.081607639 -0.218291545 0.558006764 -1.296260410 -0.881637967 -1.171963185 0.538147107 -1.493103896 -0.769307788 -1.167183259
-11.442722733 -44.839769552 24.625074425 -0.176681899 0.195772778 0.826329335 0.497630743 2.185683417 0.537759696 -0.629440529 -1.250835160 0.681615763 -1.546263555 0.137386297 -2.366827069 -0.857068782 -1.187123450 -0.496123334 -0.229269643 0.611658183 1.120595004 2.752691658 0.507927305 -0.553487676 0.433624627 -0.452202871 -0.075620848
-10.655568126 -42.938467558 15.812796327 0.809423569 -0.388386886 -0.335280754 -0.285615000 -0.579797536 1.350997249 -0.160337273 0.823770233 -0.464591171 -0.795836588 -1.431448266 -1.018419795 0.658201489 0.246421067 -0.129850452 -0.119185561 0.593722652 -0.410956611 -0.897068877 0.609868195 0.280709938 -0.060262352 -1.907599186 0.001691298
-5.606176447 -42.664773211 28.964355819 -0.708538437 -0.264902048 0.646731969 0.097662421 0.718132385 2.536608520 0.307044932 -0.276269379 -0.138378228 -0.080539366 -0.698543698 -0.383513955 0.221698607 -1.237027276 -1.373010872 -0.195809606 -0.099840054 -0.677782671 0.079474336 -0.223048209 0.365938829 0.024883011 0.106388198 1.177475934
-11.251328790 -39.332430436 24.316199476 -0.877283225 0.331243095 0.263655166 -0.226137366 -0.624180804 0.992543024 0.699384186 0.485954866 1.005464665 -1.461485246 -1.129947139 -0.573331389 -0.398211797 -0.056667898 -0.464911453 -0.105234631 -1.837149813 -1.126123482 0.605671473 0.067738482 0.865789501 0.061023955 1.691005956 2.583008824
-3.791131172 -39.320898951 25.887086528 -0.552595360 0.196530430 -0.796631212 -0.146263015 -0.219484600 -0.732208484 -1.253802233 -0.266942634 1.462876111 -0.977305920 0.273983277 0.837974095 -1.437430353 -0.204848303 1.235419424 1.194217680 1.696873020 1.685296379 -2.722826596 -1.189548000 -1.099905549 -1.067026640 -0.459381970 1.970032696
-2.846620396 -39.929269335 25.679972380 -0.395890181 0.505335869 0.179454728 -0.745454644 -1.195154596 -0.601185504 0.424733854 -0.775238249 -0.282108908 0.132499373 0.402257037 -0.570536086 -0.096307777 0.151698879 -0.107823387 -0.724002167 1.051840573 -1.464532380 0.632731944 -2.405248722 -1.523334554 0.406046847 0.558061132 0.709249073
-19.312638344 -42.056703857 27.144169732 0.576859511 -0.544028825 0.206048452 0.573419373 0.912285724 2.484012289 0.131223360 0.508931403 -0.492232293 -0.216423457 -0.286208271 0.063487888 1.928294185 1.493270481 -2.098917533 1.421475328 -0.009296161 0.892058987 -0.037355719 0.255973219 -2.158121177 -1.435922791 -0.272374611 -0.122397384
-5.002398392 -41.459254231 14.441756040 -0.373163605 -0.827447253 -0.099022769 -0.407767653 -1.147555928 0.373751763 0.431418384 -1.197065221 0.606247751 0.664335327 0.276105316 -0.160401004 0.055878675 -0.475656053 -0.149433414 -0.661024016 -0.062531861 -0.519720285 -0.869856838 0.435721038 1.865907841 -0.098201766 1.897354927 0.617895301
-9.636537347 -50.857561727 25.870392564 0.011221568 0.264692584 0.282404175 -0.921986873 -0.184626353 0.007212362 1.237665155 1.452779772 -0.586446871 -0.688101995 -0.366456615 0.028570387 -0.413136481 0.448858607 0.373566938 1.041406084 -0.816130373 -1.122810153 0.879099471 -1.752160970 -0.270370231 0.778698070 0.155588054 -1.528113154
-13.696709548 -40.651813490 28.964507986 0.299629383 -0.142460191 -0.023568230 0.943065144 -0.462946423 -0.089222150 -0.220478341 1.356606389 -1.201793641 -1.203324516 2.496407654 0.241387935 -1.532316236 -0.543115974 -1.252100874 -2.332404691 -0.124598113 0.168628571 0.376508208 0.201292405 0.606492672 0.870601329 -0.130880436 0.600148170
-8.432069203 -39.919074667 25.964927876 0.208692801 -0.660538378 -0.069427014 0.717855317 -0.790069282 -0.644581627 1.425998250 -0.217737405 0.521231958 -1.046382266 0.219392433 0.844570629 1.616499032 0.263844832 0.122573300 -0.040591755 0.164763811 0.496028064 -0.729653837 -0.948258987 1.970224266 0.560620323 1.172878471 0.617559867
-12.399222433 -34.554604299 26.957277620 -0.229272897 0.302330122 -0.922390023 0.072298557 0.394248372 -0.844880428 0.218882986 -1.177583242 -0.921547966 -0.421021448 1.884627501 1.308491023 0.706693124 -1.330577862 0.187904044 1.012229092 -3.032996405 1.864604800 -1.066728245 -1.105975027 -0.557761057 0.121140911 0.862914094 -0.605848835
-19.364818880 -39.217338974 18.962851336 -0.466940952 -0.138944493 0.154901656 0.859456835 -1.010688767 0.860073324 -0.289286019 0.276888895 -0.303752991 1.918268235 0.049426869 -1.065591415 0.622840916 0.708071621 0.674772580 1.204253594 0.695133457 0.368769592 -1.375734748 -0.881602302 -2.277324271 -0.416861758 1.052777457 -1.435167613
-11.337908418 -48.755518366 20.148346061 -0.022757486 0.385312651 -0.783164498 -0.487513720 0.649622349 0.281077345 -0.258256137 0.749296849 -0.453853508 0.502869554 0.898366731 -0.355456540 -0.484932712 -0.255302440 -0.375926962 -0.290228978 -0.082293159 1.211885126 0.348877813 0.366822171 -2.356959605 -0.365854244 -0.303691030 -0.117774174
-3.202130358 -38.079174871 24.830162806 -0.505884873 -0.825338539 0.194962723 0.157754009 -1.220978534 0.322429480 0.561355630 -0.346680143 3.248799516 0.334609910 1.005170051 0.297088362 2.239984143 -0.018030889 -0.829986900 1.511504886 -2.299935127 -0.484801732 1.026381275 0.084531430 -0.412273768 -0.220622692 0.769165485 0.269627850
-7.265727458 -34.557120937 18.429909362 -0.922914223 0.205336403 -0.295333238 0.137275554 -0.381142851 -0.528830764 -1.439830721 0.176842613 1.057872220 -1.007061026 -0.659748016 -0.337042132 -1.709918581 -1.335732193 -1.379317374 -0.247257872 1.858271420 0.752830283 2.322470836 -1.023157237 0.935786934 -1.958122058 0.449114322 0.114010151
-11.734667805 -38.743214968 22.224708925 0.282360782 0.653792968 0.222461806 -0.665836232 -2.324344450 -0.752841178 -0.282937636 -0.920584243 0.566434369 0.319194327 0.907922977 -0.005790354 -0.721363134 -1.100508416 0.315597991 -0.842610751 -1.009853302 -1.995895821 0.549880248 -1.707160414 0.177053737 -0.563940907 -1.520669335 -0.822096173
-9.139470386 -41.458102597 27.700223378 -0.779660386 0.331735246 0.348539034 -0.400751733 0.116425277 -1.092498303 0.335027799 -1.907833099 0.479421781 1.778104414 0.657394557 -0.819759667 0.608276213 -0.228760020 -0.365729455 1.455657214 0.284156042 1.088596719 0.787682482 -0.454894737 -2.292048656 0.031776584 -1.211867354 1.172973428
-20.709811054 -43.471701799 21.449557113 0.021030401 0.421353189 0.904474689 0.062807238 -0.069115390 -2.089539580 -1.036160356 -0.838105325 0.482474929 0.219436673 -1.182603955 -0.590202849 -1.249989355 0.504516973 -0.718641147 -1.467358396 -1.404042173 -1.274304935 0.276828410 -1.009163112 -0.380677162 2.614176584 1.094793906 2.490767401
-2.873097903 -41.428537504 21.995831986 0.484727107 -0.759647163 -0.268629890 -0.340314269 -0.496601287 0.504287826 -1.074734306 -1.983461346 -0.296863902 0.296866712 1.040483122 -0.309429993 2.075283868 -0.325446899 0.055820610 -0.293485167 0.664858013 -0.900178549 -1.236818441 0.151637357 0.242913051 1.024061475 -0.773815493 -0.566997910
-15.752977763 -44.322545885 26.492938463 0.234110573 -0.345561865 -0.876989253 0.238052701 -1.320377883 0.935770789 1.482327786 -0.561076835 0.927131464 0.884506399 -0.079353406 1.219571879 -0.346724965 -1.767520644 0.592097866 -0.335842573 -0.545185047 -0.318403073 -0.301408555 0.860056025 -0.231363256 0.829568446 0.136554976 1.353892272
-9.636801305 -40.011705168 20.849273171 0.190978570 -0.484019101 0.411147215 0.748472220 1.209934356 2.923276074 1.047645248 0.168481533 -0.382909413 -0.116553238 -1.463615271 1.220014004 0.691433451 -1.309813041 -0.012353761 -1.149544300 -0.944624882 -1.515406649 0.506513801 -1.592354411 -0.488436051 0.326487353 1.103344356 -1.145705364
-10.595031632 -38.064567236 18.889845855 0.483421068 -0.740122626 0.457830860 0.094411188 1.133206345 -0.752408419 -0.346170940 2.360016410 -0.558497087 -0.117653591 -1.142399641 -1.335943235 1.347893441 -0.802418839 0.114133694 -0.455684528 1.030117931 -0.191393856 0.159110313 -0.258280008 -1.282375168 -2.225103801 -1.012966919 1.772848720
-15.126017754 -37.153514228 24.577800100 -0.731673418 0.572796369 0.217507544 0.298745372 1.286259818 0.487610088 -0.568945184 -1.697067239 0.087672572 -1.348706517 -0.243434617 0.490812153 0.346090698 0.493760027 -0.522953199 -0.700382281 1.837551597 0.481552474 -1.806455062 0.982753152 -0.075789047 -1.829359694 -0.280050384 0.170649511
-14.500510828 -37.336347095 18.048823986 0.100201526 0.596224412 0.757919788 -0.245017753 0.120021274 -0.254296443 0.043238560 -0.900577275 -1.364772423 -0.225739935 0.885869867 1.887672989 0.912527233 0.938040984 -0.060081228 -0.560022630 -1.706094647 -0.306138278 -0.022052471 -1.051583400 1.671587165 -0.716329546 0.423932048 1.013818345
-10.446355223 -44.149154172 26.599071272 0.751029923 0.073171984 -0.193007575 0.627174610 -0.033532071 -0.317769138 -0.985557711 1.703051304 -0.333466915 -0.243218834 -0.465184823 -1.882755227 0.387085883 -0.365700029 -0.166825274 1.226075236 -0.778231627 0.569425312 1.299706840 -0.652112130 -0.193356047 1.157861323 -1.486454249 1.148225368
-6.895975712 -45.944165067 16.919707765 -0.848658702 -0.123549391 -0.482074267 -0.179215950 0.722613663 1.321560463 -0.441292001 -1.023286759 -0.808173886 -1.005684702 -0.689499135 -1.462475783 0.105634574 2.262131083 0.618202913 0.263897350 -1.325113218 -0.258099633 -0.512208199 -0.293594666 -1.303905909 0.821072400 -0.001956341 -0.281834456
-6.797721466 -44.669087908 24.232609708 -0.461789452 -0.250683832 -0.386677818 -0.757884150 -0.098833306 -0.053015795 0.473072693 -0.997874666 0.391285443 0.978064567 -2.040011163 -1.555504492 -1.694109186 -0.979852954 0.612518466 0.259968809 -1.045639213 -0.355981148 0.398405967 -0.542318990 -0.369171839 -1.052233672 -0.130981627 -1.748764912
-17.004631471 -43.798918688 17.781480238 0.724419083 0.420828792 -0.053134612 -0.543412214 1.339323640 0.615328294 -0.399989036 -3.342518962 -0.837939584 -0.008426755 -0.128100225 0.222981634 -0.050482877 -0.329413234 0.037333480 1.928397114 0.945376409 -1.230220275 -1.142246190 1.066356940 1.101368030 0.174733259 -0.374514792 0.614474114
-19.629085578 -39.275174631 17.675382428 0.170217789 0.545721955 0.729653692 -0.375258501 -1.456941555 -0.281947608 -1.353879067 -0.063041029 -0.084447243 -1.999218250 0.186514771 1.472979411 -0.705095787 -0.181189514 -1.100082017 -2.258194641 -0.078876537 -1.903950898 0.436647173 -0.244548404 -0.456876213 0.765920427 0.309838956 1.384414011
-19.003678909 -43.093367865 17.928018228 0.020748057 0.597249010 0.475484793 -0.645582954 -1.222075215 0.220017789 0.699670474 -0.435313317 -1.052389641 -0.517988537 0.511551300 -0.597942865 -0.203490887 0.835803219 -0.351258534 -1.679217875 -0.042152126 -0.108713063 -0.652323460 -0.250875714 0.453619381 -0.761416345 -1.812989274 -0.360623614
-17.870930175 -35.580727999 20.147631455 0.790765431 0.016221513 0.421678570 0.443411862 -0.359325250 -0.831204728 -0.321647647 -0.525646839 0.770296863 -0.665215692 -0.255274739 1.469158737 1.268713757 0.717981543 0.481662938 0.690713147 0.067273927 -0.444625322 1.069778063 0.882589838 -0.849853102 -1.548005016 -0.400717137 0.871422374
-11.414467766 -34.500864125 27.267216372 0.170078271 0.961228684 0.191696959 0.101809009 -0.520228189 0.259632656 -0.434828133 0.022130662 0.753287786 -0.126754220 2.031573096 0.735721134 -0.107097336 0.247758148 0.370292508 0.594411778 0.398095478 1.325736618 -1.631929867 -1.235853206 0.176635661 0.890294963 -0.855442259 -0.098611210
-4.544353788 -43.056006248 20.018488691 -0.148864459 0.036209536 0.097170312 0.983405396 -0.553347829 0.690237152 0.409051646 0.134042104 0.494278822 -1.891213124 -2.772124666 -1.818670167 0.091567590 0.977712653 -2.170554820 -0.388894201 -0.938605108 0.882109378 0.768580304 -0.215532778 1.483870079 -1.086939269 -1.629099127 -0.057197728
-11.801167822 -45.689351790 19.364694422 -0.199207886 -0.818508097 0.188027008 -0.504981739 0.632039173 -0.339484207 -1.108843420 0.645486103 -0.952830284 -2.770140804 0.550773341 0.757710277 0.697316186 -1.260724686 -0.851155743 -0.046354501 0.741527178 0.843188188 1.370064688 -0.798323480 0.020834550 -0.639517942 2.205491707 -1.481821804
-8.680794421 -38.055733614 17.993852726 -0.803795548 0.243232523 -0.539255878 0.062878894 0.081189945 0.545232809 0.260950843 0.054672073 -2.104738512 2.150938194 0.308495383 -1.525098112 0.644380211 0.562233107 -0.468109786 0.705805770 -0.668625487 -0.026835905 0.357954744 -1.183394454 -1.107019569 -0.940942147 -2.274012657 -1.148157381
-4.989253818 -40.157864297 15.233855144 -0.381897664 -0.828309877 -0.253970552 0.321800994 0.288331928 -0.265304027 0.594049872 0.623348580 1.460148492 0.204365783 -1.163255994 0.686421456 0.308884935 -0.490584027 -0.793024087 1.200092635 -0.943685514 0.293252657 1.008250342 -2.212051666 -0.312554061 0.684865569 1.635416571 -0.910716623
-14.029470077 -45.239812795 25.392637559 -0.594361111 0.578414494 0.106130267 0.548550735 0.769876589 0.457047260 0.791004880 -1.198289054 -0.092473294 -1.326544481 1.167663393 -0.714758561 0.766200553 -0.824309868 -1.172209967 0.675282160 1.361896344 -0.542202870 1.713839371 -0.541475762 -0.531215103 0.642577887 -0.492879617 -0.426151018
-16.715549713 -40.365544258 26.529173840 0.034317396 0.828638854 0.371798197 0.417068420 1.790379473 -0.501688348 -0.441395963 0.078934132 -0.526876096 0.839851717 -1.387344152 -0.510745245 -0.518604304 0.625263595 0.936351867 -1.865522147 0.155130359 -0.630656249 -1.089387856 2.280834867 -2.007098769 -0.016558540 -0.570916172 3.163642965
-5.997699046 -41.947003651 25.263402317 -0.719020263 -0.054644990 0.238496032 0.650494757 0.145780142 0.643162644 0.747658375 1.169938537 0.049945181 0.525534069 -1.498485756 -0.515618292 -0.489974451 -0.637120900 -1.353066619 2.395022578 1.516794246 1.633464108 -0.770621867 1.213428547 0.642138859 1.006316652 -0.816595324 0.395257216
-17.138708546 -41.640059280 16.908618225 0.469500487 0.686590235 -0.442693037 -0.334941812 -1.632511932 0.032129931 -1.596870053 1.985735726 0.856172795 -0.309425609 0.307599059 0.444590594 -0.292318594 -1.121911457 -0.291024336 0.185918273 -0.967097129 -0.856021085 0.732226234 1.657160566 0.707718485 0.742452202 -0.588567661 -1.191117462
-11.194252189 -40.442319925 12.232116477 0.708777889 -0.587633694 0.269369235 0.282419475 -0.018667068 0.964808195 0.037508556 -0.935341124 -1.090836282 0.810311318 0.206424257 1.074525299 0.817818867 0.422391433 -1.113772675 -0.356059802 0.770478276 -0.380387160 0.347513410 -1.361691029 0.706117846 0.650725241 0.665854151 -0.100984215
-6.963112068 -41.143359242 13.566839537 -0.981185732 -0.042663195 -0.182668125 -0.045681153 0.461088892 -1.610956128 0.153512363 -1.749744832 -0.393238281 -0.025572994 -0.169975897 -1.408920903 -1.168638584 -0.894055949 0.494286842 -1.143837739 0.272664105 -0.892804110 -0.328989591 -1.002934410 -0.267942117 2.172330027 -0.766390335 0.730236117
-13.521971310 -40.167311669 30.138998741 -0.754787172 0.423551872 -0.474874799 0.159355146 -0.342587161 -0.051607512 -0.432906053 0.022040979 1.595402461 0.933583312 -2.220825506 -0.377314189 0.762185359 0.419532599 -0.618187599 -0.206590283 -0.882820031 -1.399117069 -0.980669763 -0.655961677 0.295012704 0.266101390 -1.684096180 -0.312402888
-18.230347761 -36.808665959 25.310210114 -0.296960743 -0.315115804 0.725547301 0.534880791 -1.445563895 0.212537179 -1.582469004 -0.586526777 -1.426995896 0.269820399 -0.219173913 -0.323689750 0.570121966 -0.704833596 0.516997141 0.018575592 -0.982371188 1.234375054 0.543769304 -0.259019040 0.154832393 1.248732591 1.392786311 0.885269346
-7.294085803 -41.024032133 14.870961078 -0.195289722 0.209046024 -0.865697153 0.410767724 0.920867604 -2.365910183 1.257544220 0.757131770 0.613181587 1.192851525 0.459191387 -1.126094208 0.050556390 0.672217907 0.965421801 0.313727343 0.274305301 -0.172375347 -0.361283188 0.903330407 0.343574373 -2.648703442 0.209653962 0.543314899
-19.219171202 -36.587193165 24.513119278 -0.834498047 0.280134124 -0.208712485 0.426118505 2.487342438 -0.698462265 1.216338678 -0.607229893 -0.375919314 0.439129068 -1.201796570 -1.193075298 -0.293766753 1.359963605 0.065570978 0.467722835 -0.471525299 -0.782941324 0.288065747 0.249396145 -0.445886512 1.068474784 -0.962855927 0.881603208
-18.234148853 -37.472537136 25.669272685 -0.127134269 -0.887296941 -0.440395888 0.050916385 -0.406047601 0.665285618 -1.439118984 1.081240678 -0.384855213 -1.083161130 -1.061323432 -1.846315244 0.993318741 1.051685491 0.085280196 1.618213091 1.146610618 -1.305816213 -1.493284791 -0.935317730 -1.632592163 1.393502375 0.843876468 -0.244184828
-13.632688125 -50.953839099 23.987036341 -0.735579745 0.455069205 0.465391196 -0.187737827 0.063162454 -0.309446743 0.039931755 -1.000184123 -0.569362284 -0.219006803 0.045204301 0.569352712 0.548082105 -0.501313394 -0.260891457 0.536918147 0.881612708 -0.495385918 -0.475601961 0.920344813 0.303794400 -0.397922027 -0.397523646 -1.040613588
-1.662467882 -40.410900950 21.955634902 0.713553872 -0.091188928 -0.590103986 0.366473378 0.031803235 0.512064335 -2.051286475 0.080870239 -0.739708086 -1.060919022 0.207915950 -0.894389439 0.376679400 0.082474100 -0.217469268 -0.549157797 -0.765964480 1.445949764 -0.644836497 -2.159930052 1.251713213 -1.283876976 1.516198012 0.173058944
-16.763490601 -34.746369609 20.470373483 -0.127044990 -0.207755612 -0.092120472 0.965510743 0.306271646 0.613448147 -0.897171639 -0.183231959 1.449594350 -1.112492359 1.383596300 -0.992936304 -0.100620675 -1.599151913 -0.621802567 -0.825748921 0.078198855 0.052207938 0.019729690 -1.574449591 -0.337385408 1.207371793 0.660660827 0.032636042
-13.778809414 -49.097945205 27.731122929 -0.059551058 0.791917633 0.235525221 -0.560221389 0.690453880 1.621891265 -1.166791727 0.041561964 -0.473578483 -0.017077225 0.383907126 0.546973709 0.877386304 -0.591408905 0.108809700 -1.230233860 0.060475447 -0.011396571 0.811380212 0.063129304 0.980084974 -1.122840957 -0.772337538 -0.216310323
-1.536116034 -43.866222891 22.091524816 0.184483079 -0.350265296 0.700033219 -0.594334677 -0.155969910 -1.382895434 -0.786518817 0.474351680 0.611339093 -2.210973610 -0.096529256 -1.445193936 -0.070642152 -1.993997478 -2.166664573 -0.403249106 1.156782546 1.483375493 0.022383059 1.424170934 1.285913663 -0.654714996 -1.255080811 0.433599856
-6.291042890 -39.445097370 27.698829942 -0.629636401 -0.490823623 0.478939425 0.365057806 -1.209771782 -0.753283875 -0.937529199 -0.095357812 0.255980938 0.588393537 -0.279609550 0.765458359 -0.669538699 -0.720515572 -0.698690443 -0.178328169 0.480714694 1.217597867 1.759960415 -0.067866367 -0.041443853 0.297443191 0.795466612 -0.165133220
-5.353041413 -39.905559236 22.481640719 -0.176964766 -0.203220205 -0.084646008 -0.959281019 -0.692959357 1.663158361 0.814825377 0.889405974 0.905465411 -0.320943689 0.764192520 0.637321831 1.415174249 -0.105440349 0.868798952 1.676034332 -0.089777221 -1.531371150 0.046210777 1.046729217 -0.576134303 -1.307866311 -0.559519530 -0.099212521
-5.243048192 -38.105730165 28.482440118 0.245060131 0.926772962 0.245512165 0.144087426 1.374783473 -1.674429604 0.435069160 -1.182127519 1.416265720 0.087598063 -0.325914924 -0.941963724 0.561511823 0.527664661 0.532784663 -0.301710575 -0.762430191 -1.559954239 -0.427328475 0.306872392 0.028578563 -0.921702287 0.588791108 -1.147386814
-10.775081373 -43.455805196 14.885016113 -0.815441159 -0.321987552 -0.018606633 0.480659470 0.897079677 0.245433028 2.006458580 1.047404793 -0.878724339 1.271536926 -0.813253558 -0.128040808 -0.189897221 0.697471411 1.319813166 -0.639726840 -0.265216549 -0.861300118 0.007664189 -0.348548241 1.383378024 0.199081850 -0.165806082 1.152737475
-9.438156121 -39.382166991 24.361683023 -0.219487843 0.524839011 -0.135832695 0.811121803 0.627618595 0.817563655 -0.160622048 -0.817286216 -0.112986608 -0.647550262 -0.178312814 -0.084570245 -0.517858952 -2.489051549 0.771308529 -0.020064591 1.194960289 -2.405693251 -0.648602522 0.717746217 1.283226288 -1.767443803 -0.494182993 -0.344545792
-13.473347724 -32.699302210 19.813897604 -0.865166232 -0.255671437 0.143416138 -0.406879981 1.126723795 -1.078029069 -0.895520684 0.591944859 1.038243849 0.405236688 -0.591634170 -1.029647733 -0.482294137 -0.133072907 0.405569460 -0.260148901 -0.365378260 0.401211962 1.595171201 -0.234530088 0.613353410 0.416016208 -0.489600190 -0.244905927
-17.636342421 -39.082319709 17.347889359 -0.049187968 -0.046923094 0.496481781 0.865381192 0.237823358 -0.331534702 -1.539609685 -0.517308247 -0.284189416 -1.163228440 -0.943810026 0.024404556 1.116651150 -1.029819984 -0.159132436 -0.640023953 0.956343284 -0.569785827 0.972547741 1.070139240 1.472608085 0.266733778 0.722175786 0.251251366
-8.620955901 -43.736278516 19.472039146 0.178018454 -0.794636428 -0.384289629 -0.434952707 -1.407721043 -0.212586553 -0.721863551 -0.167079388 -0.957230207 0.860244096 0.246057725 -1.698828855 -1.246965022 -0.315923091 0.684214809 -1.158371740 -0.002678553 0.831793084 0.784017265 0.175483602 1.198299386 -1.718712814 0.161077951 0.321686846
-14.569197728 -47.826206413 20.218884719 0.510460948 -0.438892796 -0.738666403 0.034273592 0.325321967 0.713350650 -2.587307294 0.386033441 -0.460118319 -0.527539400 2.191049054 0.133165672 0.164086979 -0.898897905 -0.757612992 -0.737260045 1.193182601 -0.514135523 0.022744557 0.014816428 1.395433969 -1.070707947 -0.306012826 0.701928214
-15.029251107 -40.537881296 18.994890033 0.336477219 -0.497314842 0.182305589 0.778604971 1.905407969 1.148678416 0.583253264 -0.652455311 -0.952992894 1.538183135 -0.560137409 -0.510347946 -1.812815123 1.838284946 0.913924979 0.914309401 -0.466534357 1.215375188 0.115105117 -0.881506377 -1.939409174 0.305941189 0.277651564 -1.398230652
-3.796995438 -38.234947553 26.600593316 0.547166183 0.472199259 0.673750889 -0.153937545 -1.129322782 -0.115524220 -1.678567564 -0.477293001 -0.385494486 1.304094786 0.047693631 -0.329535550 1.342988327 1.781405109 -2.107049983 0.252503820 0.866027315 1.926476186 -0.201737451 -1.934595296 0.891332615 0.563136819 1.461992081 1.465601108
-3.594824193 -45.026603061 25.938378782 -0.115376025 -0.777883318 0.196553412 -0.585621612 -1.098361777 0.578666863 0.809754425 0.531151512 0.141465652 -0.123954624 -1.795925479 -0.018842662 0.003511853 0.035602105 -0.170750522 -1.164862539 -0.360257480 -1.516571182 1.603938019 0.458973004 -0.284662140 0.405608493 -1.878695942 -0.416622320
-8.527989972 -40.623014154 21.749823537 0.173593664 -0.288950342 -0.560407501 0.756515944 0.093743986 -0.838461986 -1.767684532 0.743344180 -1.472673414 -1.022522864 0.165430076 0.098091925 -0.393536204 -1.422253065 -0.173551801 -0.245753518 1.076237566 -0.747905823 0.209717316 -0.392063817 -1.830499041 0.693388253 1.907510924 -0.844225634
-5.720358012 -49.319971097 20.897508273 0.424821965 -0.740807363 -0.335900207 0.397368595 -0.460458820 0.941503745 1.876062837 1.790456275 -0.842830002 -0.232883112 0.549365187 1.040580042 -0.468905531 -0.134938399 1.435446623 -1.947404887 0.141429059 -0.268425329 -0.210565872 0.194456050 0.869859399 1.275576430 -0.256685336 0.527416121
-12.134974281 -47.948379744 24.100225050 -0.371144922 -0.335110565 -0.803075172 -0.324071942 -0.498273037 -0.482295046 -1.039677023 0.381882298 -0.013073561 1.720106759 0.661396622 -0.075900232 0.307535563 -0.296702770 -0.854038214 -0.795041352 0.551600918 -0.957586154 0.615512963 -0.569609749 -0.410653542 0.471888894 -3.154357637 -2.103751634
-17.646824840 -48.270969816 22.003421760 0.625222867 0.749705584 0.027352619 -0.215150501 0.564780033 -1.318459830 -0.368578040 0.056904347 3.521003373 -1.536879719 -1.089924088 -0.039700843 0.017563182 0.356653107 -0.135486142 1.214447309 -0.679771006 0.458074003 1.506542911 1.240476452 2.390461659 -0.650644491 1.064030582 0.499828959
-4.510992120 -36.094662817 21.725878875 -0.522671581 -0.363017078 0.445150607 -0.629979330 1.252485592 -1.578421066 -0.794284535 0.350765084 -1.625941139 0.938139743 -0.081384553 0.538814756 -0.665827649 0.210808905 -0.553633797 -0.266975478 0.282120645 0.763850817 -0.417730564 -2.229452787 1.948897981 -0.034527778 -0.818580935 -0.501292046
-17.520972208 -37.067747002 24.216879575 0.123450511 -0.549309008 0.409215537 0.718026622 -0.117930969 -1.488226452 -0.131990757 -0.368799155 1.144344294 -1.729921299 -0.685696902 0.049447851 -0.431478775 -1.150102128 -0.220512072 0.116949389 -0.698261311 0.379126277 0.489950880 0.693456473 -1.014968896 -0.736585528 0.597578188 -0.268054617
-4.343772059 -43.637552356 15.112097787 0.747345911 0.043168432 -0.624645993 -0.222323997 -0.470204019 0.206483364 0.200372188 -1.376052111 0.121568134 1.496050164 -2.416990732 1.789472225 0.335193741 -0.454600216 -0.985330028 -0.444274709 0.501875282 0.065668937 1.065430282 0.093349372 -1.251971250 -0.236420770 -0.449980602 0.902169131
-18.698792109 -42.236875071 19.040532459 -0.745393988 0.602378217 0.272448919 -0.085439291 -0.144661263 -0.159473578 0.163384447 -1.179898130 0.543675416 0.379924766 -0.739152695 -0.396037317 1.261836491 1.001265791 1.049385160 -0.535970714 -2.217891891 0.080230617 -0.287403299 2.374198986 1.411289442 0.698666784 -0.067931104 -1.961232829
-6.059423277 -49.880608589 19.216864227 0.367862163 0.248231338 0.387869016 0.807846680 -0.425659394 1.951376677 0.218861044 0.437772121 -0.157594099 0.845527502 0.154652536 -0.163695184 0.425491550 0.773184816 0.961673079 -0.888461907 0.365072821 0.441662361 0.501267376 -0.253623448 0.606623631 -0.389566155 -0.116277917 -1.612283615
-7.596277781 -41.253363464 26.869086645 -0.148508617 -0.021772229 0.969339674 0.194555279 0.901579135 -0.683414163 1.871114876 -0.367624637 1.601244927 -1.160099595 -0.156518629 -0.726771569 1.033500262 0.629026051 1.869091237 -1.636255118 0.535884781 -0.697805065 2.747125345 -0.110069875 0.430005011 0.150549085 0.729765156 0.342473488
-10.610386225 -39.267083394 31.351949478 -0.290091078 0.032674746 -0.946283735 -0.139020212 0.086654283 -1.043493117 1.148412710 0.897816911 0.615546251 -0.158832993 -1.084391860 -0.000367565 0.218826822 0.003073578 -0.725001268 -1.369476306 1.518662686 -0.958350669 -0.149903695 -0.086824673 2.701568206 2.345633679 -0.373767750 1.886652397
-13.144992223 -43.292579994 21.507437910 0.321781244 -0.673296630 -0.376418302 0.549033461 -0.636206784 0.107916437 0.185021858 0.316255031 -0.462348209 0.919891059 -1.179633133 -0.395499387 -2.281801513 -2.827468185 -1.024185229 -0.284726890 0.127056736 1.156735982 0.792650129 1.421186868 0.739001742 -0.170693281 -0.064477172 0.671524094
-16.175277831 -40.181664710 21.269410327 0.102773452 0.365224849 -0.804827071 0.456400935 0.430404520 0.352218487 -0.754870594 -1.536039491 -0.558425788 -1.291861168 0.639982517 -1.547547638 0.713515422 0.341207170 0.751962679 -0.214902687 -0.364619851 0.366673718 -0.600474205 1.030630959 -0.177222518 -0.764749572 -1.640899730 -0.185539707
-18.212898009 -43.562729474 16.647653590 0.559139937 -0.514316550 -0.540656399 -0.361291676 1.025667171 0.678521844 0.075627813 -0.900120918 0.850461816 -0.690523686 0.189220378 1.116692104 -0.368418380 -0.128855098 -0.713314801 1.907011464 1.637321091 0.226082188 -0.255629782 0.129705559 -0.140069832 0.503825523 -0.285153126 -0.169460519
-18.945499857 -37.711137658 21.742424746 -0.925700719 0.023885639 0.376315507 -0.029904733 1.037071099 -0.580076483 0.827609959 0.739541491 1.547953904 -0.101830310 0.222745739 1.477254319 0.312238166 1.031184943 -0.678860306 0.386647496 -0.509671658 0.662126807 -1.035815556 0.893338278 1.400399881 -0.816879459 0.219233673 0.638450555
-10.333698698 -34.706834037 21.360557352 -0.904537238 -0.059572156 0.421691122 0.020979535 0.237026586 1.318240726 0.245219074 -2.074161603 -0.627304940 1.323702485 1.578250908 -0.295094102 -0.294677250 1.314177574 0.095467056 -0.566305330 0.161899128 0.282639753 -0.997569877 2.074369896 1.152132438 -0.187980826 0.056966369 -0.644227079
-9.646056918 -45.094714389 16.684110808 -0.274355065 0.917984133 -0.066433710 0.278605442 1.217328149 -0.316159908 -1.035877185 0.086132085 -1.039757804 0.689193631 -0.795109567 -1.055766480 1.914525425 -0.763568322 -2.113977891 -0.373041817 -0.572753739 -0.772530397 1.419057385 -0.247043285 1.098441162 0.186247441 -1.048005985 1.189503969
-13.370265962 -49.263054075 27.617223625 0.296050205 0.682903597 -0.011940038 -0.667723287 0.244495774 1.017669032 0.880301718 -0.451901002 1.527515332 -0.286933969 -0.298840831 0.386037501 -0.977667172 1.109466696 -0.802023086 0.726757346 -0.476240546 1.260595441 -1.194344337 -0.176242376 0.947083334 0.359404536 -0.387990081 -0.269224625
-8.872297299 -47.352703175 19.639283039 0.099101738 0.661000163 0.390758988 -0.632902080 -0.509368713 -0.605614114 1.057835256 -1.270577921 -0.760234257 -0.395803031 -1.019954707 0.090136532 0.060922519 -0.666809226 -0.839810389 1.942864372 0.258327580 -0.160774049 -0.807610095 -0.884905888 -1.006405796 -1.204368196 -0.750577536 0.366877317
-6.710256328 -36.445852390 17.236928792 -0.614562071 0.702489573 -0.272166318 -0.233981528 -0.435088457 -0.574247963 -0.368909289 -0.272719669 -1.614728505 1.025146670 0.147107424 0.856568749 -1.272850308 0.283050629 0.845741619 0.158810280 1.087338606 0.128187548 0.552694915 -0.340367362 1.523948889 -1.476955234 0.134585010 0.875069104
-7.887147633 -46.128125384 23.945987303 -0.361219083 -0.182650130 -0.452040627 0.794870414 -0.128452493 0.763057234 0.879687417 0.202509606 0.953429626 0.345742897 -1.052681284 0.593641207 1.567303593 0.172818688 -0.699514151 -1.825574681 0.209236671 0.205968849 1.001402586 0.398025568 1.595566535 -1.135450435 1.342166092 -1.918626886
-20.360401205 -44.165374400 24.699853803 0.304680828 0.164037802 -0.936439419 -0.057813546 -2.245404933 -1.365547762 -0.629039182 1.230546321 -0.005379869 -2.438937880 -0.175994879 0.824005843 -0.080804792 -0.168292946 0.407849938 0.010313318 -0.644177348 0.758967628 1.240757380 0.668938968 0.989624252 -0.386228621 0.009631085 -0.090339070
-17.959127862 -41.342109472 26.892112506 0.010931155 -0.452552287 0.776624468 -0.438099731 -0.885745264 -0.493723691 1.522668384 0.253413061 -1.401079431 0.097573728 -1.920097323 0.800471298 -1.259396900 -0.184662731 2.017511668 1.885701573 -0.129773283 -0.391798114 0.869994798 -1.530035840 0.192063465 0.615292869 1.769466025 -0.701160022
-6.063917148 -44.025459759 15.107646448 -0.229452747 0.365666734 0.820979295 0.373674021 -0.850572431 0.383449878 -0.330126968 0.593728636 -0.085876062 1.750454385 -0.102426486 -2.794205391 1.222516119 0.585165767 0.385671784 2.047528271 1.090023696 0.040843878 -0.931957181 -0.092154514 1.380668419 0.468942988 -1.244801499 0.962679274
-16.805167117 -46.121564913 25.358473677 -0.114594551 -0.794898914 -0.408910462 -0.433354404 1.455745368 0.009190760 -1.554751637 -1.600095955 -0.598530253 -0.003568262 -1.147460220 -1.283463111 0.741176146 -1.115480147 -0.165331577 -0.400880840 -0.462942483 0.169393459 -0.599728441 -0.489873321 -0.361681279 0.574758718 1.721601182 0.345164002
-11.177124122 -41.552560194 28.582157353 0.771071986 -0.247202982 -0.170317857 -0.561542969 0.599546073 1.608778113 -0.587409689 -0.264901909 2.751708971 1.036554586 0.505215789 -0.148753096 1.971050873 -2.052706212 0.662922846 1.371111464 -1.449356147 -0.328870488 0.198853715 0.676517848 0.326261134 0.895197801 -0.085114212 -1.858039712
-15.966573643 -46.621312348 21.627187625 -0.399071245 -0.715900572 0.405331891 0.404888343 -1.124508556 -1.170754277 0.471343850 -1.285622951 0.441658411 0.700679394 0.192467279 0.146979834 0.454833194 1.862799994 -0.139743737 1.120255263 -0.431926209 1.459819184 0.170864239 0.738789710 0.964285219 0.504674364 1.142048446 0.394802738
-16.904465395 -44.712090619 16.989625863 -0.092626655 -0.214316389 -0.653856725 -0.719694498 2.224628166 -1.078697366 1.301804919 0.075407928 0.273378437 -1.234072918 -0.468021888 -0.877165588 -0.788204000 0.463929970 0.686121350 -1.600863985 0.906202779 0.087234577 -0.446269471 -2.263565516 0.012931654 1.022417952 -1.216396282 -1.226103827
-9.310665994 -42.854864692 28.218758289 -0.722425216 -0.548346274 0.272669448 -0.321044457 0.699340825 1.789367515 -0.145955762 0.068845906 0.255839078 1.189462962 -0.003706466 0.169743252 0.437567099 -0.220660515 1.108100193 0.004238243 -0.336326031 1.896664151 -0.366236145 -0.834703564 0.664761271 -0.011003503 -0.287775590 -1.143631631
-5.960494892 -40.103890136 23.344426148 -0.219806156 -0.453017930 0.805366152 -0.312802446 0.436758295 1.452530059 0.807223534 0.023713694 -1.206069910 0.817881724 0.460355099 0.239876958 0.290716556 1.580309668 -1.254336037 -0.776758952 0.752280217 -0.756681240 1.962914342 -0.097325345 -0.295620711 -0.960135581 1.472088920 0.359767088
-17.237152083 -40.782520380 20.446243405 -0.425046558 -0.156875281 -0.346918230 -0.821202358 -0.001704067 -0.780579767 -1.173717240 0.778319381 -1.803447647 0.568504843 1.406504286 -0.180718092 1.377473100 1.668342560 0.323834083 -0.963876362 -0.738854725 -0.201932505 -1.521929260 -1.201386571 1.331638301 0.362235577 -0.556640696 2.405136412
-7.601419458 -44.410065708 23.952643487 -0.560863220 -0.058665733 -0.344958499 -0.750329537 -0.705712852 -1.574167524 -0.683144734 1.264657091 -1.411627905 -1.127948992 -0.209277174 0.727549209 0.673394577 1.064853887 1.352207731 -0.966234550 -0.311166659 1.632544938 -0.290960612 -0.348198027 0.436628081 0.140676831 2.167553241 -0.136669242
-9.154495945 -39.928243598 24.247810729 -0.185660293 -0.750890083 0.263236246 -0.576542295 -2.501574197 0.215851995 0.190142460 0.395669139 -0.755630782 -0.703975187 -2.018357392 2.065741036 0.511047341 -1.503798168 -0.633551168 -0.426884783 -0.166875412 -0.043827419 1.850691721 0.941009493 1.298469991 0.081248168 0.145182468 2.872733535
-18.919963508 -43.687832593 17.952507658 -0.171437614 -0.855961544 0.407364571 0.268315273 0.292976167 -0.351393264 2.210003862 -0.419300265 1.658574427 -0.564129045 0.355030413 -0.624866508 -0.431264973 -0.467361906 2.028568238 -1.390651115 -1.132237688 0.503572394 -0.957227976 -1.478803804 -1.559507169 0.953010889 1.710208309 -0.404047753
-11.941411071 -40.043822605 22.013126293 0.372158483 -0.113433150 -0.409701083 -0.825091514 0.055817112 0.930759984 2.130084643 -0.384933778 -0.236025966 -0.496569071 -0.720612499 1.666354213 0.555246959 -0.804325685 -0.780169235 0.075394667 0.279179707 -0.705300380 -0.782636576 -1.817171968 2.116283039 -1.327418153 -1.591619583 0.298724339
-16.096874676 -42.327975166 14.255272066 0.363021115 0.841440398 -0.295578629 0.269864783 -1.048894429 0.294036436 1.011359436 -0.546428035 0.552956780 0.607191287 1.152859046 -0.221353312 0.312929532 2.932588010 0.345603207 -0.917139824 2.900087957 -0.807216404 -2.548516736 -1.349077606 1.255493932 1.229089634 1.123254055 0.202542922
-8.401155752 -45.762923014 20.894041488 0.881379873 0.165574364 -0.116833898 0.426737027 -0.713257335 -1.839339336 -0.085179380 -0.462395243 0.574872265 0.193510910 -1.178146215 -0.022788986 0.201524782 1.390335054 -1.071406782 -0.561025083 0.605923837 -1.288689104 0.050088126 0.279325337 0.180908365 -2.439110429 -0.913346392 0.118906930
-13.578860738 -44.874001204 16.925900490 0.701388877 0.640564292 0.124475075 0.286769919 -0.288473811 0.810853728 0.693209822 0.851375571 1.511115461 -1.632172370 -0.274486360 -1.576058748 -0.440043474 -0.479779470 0.614638136 0.886487684 0.188417651 0.171558080 -1.207347878 0.594082060 -1.292999468 0.473186707 0.458641603 -0.004400523
-11.277862445 -46.061871095 14.843394143 -0.723733621 -0.168093434 -0.079327313 -0.664576121 1.436156148 0.970135197 -0.104607664 0.835951182 2.179148382 -1.156012286 0.261725736 -2.110464291 -0.207535047 0.528351634 0.458076369 1.799721435 -0.299554495 0.684787255 -0.380634288 -0.643877763 1.020505447 -0.935037732 -0.964697103 -0.389989340
-18.430928729 -44.983533903 25.063954336 -0.147851591 0.812177416 0.274937628 -0.492866161 0.300718647 1.249940339 0.206805279 -0.334516872 0.861735799 -0.891203417 0.194151346 1.877000100 -2.372679641 -0.311525793 1.181137488 -0.732864384 -0.287855963 0.268995414 -0.166946470 1.888234470 1.929525092 0.311577787 0.810066209 0.976692557
-10.919284356 -35.529482916 25.932053289 0.110454854 0.587552218 -0.574111875 0.559444073 0.603353873 -0.266960352 0.952964424 -0.135270808 0.257241504 -1.925841111 -0.213584198 -1.012783262 1.548194003 1.151575578 -0.981948650 0.019067615 -0.711543483 1.309624820 0.427046384 -0.432164575 -1.076990970 -1.462379931 0.434589795 0.339288550
-9.846824580 -48.226400754 26.177175001 -0.285931125 -0.650134736 -0.174475617 0.682001815 1.375711540 0.577037919 -1.174360499 -0.533411084 0.562899647 -0.315635828 -0.907115079 -1.447250869 -0.879254157 -1.075440820 0.349894149 0.267251307 -0.378995958 -0.026513865 0.396139728 -0.362813334 1.802352000 -0.854485862 0.748085058 -1.104730315
-18.236767349 -44.940398154 20.171385002 -0.063260673 0.024805952 0.935516990 0.346685323 1.450780230 -0.268148106 0.655960635 0.254356150 -0.894490688 0.643661165 1.190994650 -0.355364439 0.025881845 -1.176681331 -0.404867917 -0.997397428 -0.260416925 -0.476775462 -0.953893071 -1.300412896 -0.445432708 -1.722715661 1.239160070 0.661255103
-19.708756478 -43.897612580 26.625701835 0.794060266 0.207112463 0.500773480 0.275315534 -0.641202084 -3.009541230 1.905748564 0.502542522 -0.203741376 -0.613700359 0.099110874 -0.014233684 0.340385423 0.734367388 -0.582482726 -1.130852000 0.822817653 -1.636797342 0.535893807 -0.278072363 1.153035367 -1.375925846 0.181054426 0.168188550
-17.831119197 -40.815935835 23.648248858 -0.616260519 0.389580391 -0.205172412 0.652958172 -0.978024677 0.400128018 0.240913264 -0.346374054 1.134654330 -0.423336719 0.084723368 -1.033194972 1.913329306 -0.223000889 -1.345645039 -1.558552693 1.240124839 -1.352753158 -1.065604106 -1.429427276 -0.408054261 2.153897231 -1.858550000 0.724056083
-3.889071490 -41.241195792 17.484777484 0.569942710 0.014759586 -0.546528708 0.613395331 -0.008045045 0.865881331 0.614540218 -0.146284134 0.717567701 -0.456196472 -0.471064731 -0.370494763 0.240974281 -0.549003011 0.428127809 -0.861313151 -0.814615939 -0.312631658 -0.256222956 0.891548069 -0.105626193 0.957567475 0.356240600 1.142953686
-16.574653382 -47.642853627 20.177783039 0.181966539 0.980016775 0.078224044 0.018338458 0.077332161 -1.696258234 0.198419230 -0.215277058 0.406356755 -0.571092471 -0.195130360 0.446050037 0.177536598 -0.979794615 -1.338849648 -0.321092306 0.038233547 0.340930540 0.108195835 -0.134826008 -0.226728597 -0.408791480 0.966136912 -0.416505999
-12.375390810 -46.912452842 22.225719932 0.566886288 -0.699169202 -0.286416965 -0.328279889 0.513320691 -0.345448086 2.564967051 0.166770882 0.976129465 -2.738752871 0.545175137 1.705332164 -1.321944007 1.680557010 0.132424864 -1.325378557 -0.362643623 0.650808066 1.222882508 0.208590199 0.013521470 2.273956808 -1.785020336 1.632033530
-10.193476877 -48.608565018 17.157465285 0.023709245 0.386446905 0.795620921 0.465922753 0.066828735 0.204108192 -0.537746972 -1.929476355 0.040983478 1.008254175 -2.580083259 -0.667814392 2.251161892 0.269442005 -0.836218325 -0.842687114 2.113121609 -1.195840193 -0.098731292 1.466265778 -0.598266570 2.016151531 1.048024713 1.545036265
-10.321646313 -46.189695309 21.849823907 0.463241943 0.381816492 0.552424430 0.578316797 0.261550274 1.271066219 -0.070164854 0.403902017 -1.286044312 -0.508187135 -0.637162779 -0.191479726 0.243407927 -0.752121615 0.922343590 -2.493567305 0.561445870 -0.175023676 -1.016203945 0.429088509 0.078285745 1.114143166 -0.368821394 0.951876936
-16.783208042 -35.480293745 25.541397172 0.019539124 -0.410599120 -0.902802086 -0.126392165 0.109562877 -1.970722084 -0.808092415 0.446858724 0.597275006 -1.867431674 0.861896063 -1.785102131 1.265260168 -0.770194874 0.652125523 -0.344237673 -1.138701383 -0.321849291 1.270363257 0.239401830 0.485512339 -0.956512722 0.881911712 -1.685589855
-11.391342657 -41.392977574 12.090269367 0.376458878 -0.840372191 0.238150358 -0.308768037 0.465808416 1.207576691 -0.863358122 0.403433103 -0.602314491 0.659137445 -2.899866263 0.292825566 -0.060871204 -0.882269563 1.736523203 0.579883056 -0.638324147 0.886964143 0.005158401 -0.895978203 -0.697825687 -1.449645857 1.599208688 0.624023168
-10.369739765 -41.908411496 27.115531841 -0.251475419 0.503946863 0.625862756 -0.539530800 0.239160381 -0.038455526 1.082290369 0.711432037 -0.039093544 -0.998053088 -0.849320005 -0.346189921 1.401224165 -2.215091440 0.074965047 -0.178117214 -0.664411587 -1.268077133 1.004447299 1.200508576 1.652480753 1.690681128 -1.123188626 -0.427908047
-8.474108105 -44.146798577 25.057829593 -0.355641122 -0.054956003 0.833698523 -0.418862749 -0.428892465 1.699635423 0.577615630 -0.747005507 -0.502738018 -2.040846227 2.264325344 1.427954929 0.381050714 0.636865047 0.631568474 0.138596693 0.394490637 -0.092182482 -0.622664109 -0.199308844 0.587579238 -1.740605110 -0.875764950 -1.232234720
-9.497082041 -40.435386506 29.256317382 0.527551081 0.120636605 0.148947517 0.827617849 0.709333659 -1.333220794 0.119935933 -1.167342239 1.362007825 -0.139525466 -0.331603223 1.530094108 -1.475707190 0.723785045 0.206320967 -0.701361520 -1.574290222 1.125682406 0.928876792 1.393365883 0.323236448 -0.683660393 0.850093023 0.773486579
-16.762475205 -45.120806632 27.035790635 0.175009114 -0.743389518 0.089958533 -0.639258395 0.304205077 -1.431847233 0.065118565 -1.306491124 -0.673155315 -0.054217650 0.703386879 -0.036014342 -0.871671786 3.527637606 -0.314271414 2.268040317 -0.061581524 -0.502510003 2.401314627 0.951800987 -0.013441279 -1.443584976 -1.167235171 1.218226287
-13.036879626 -43.059047398 22.652866922 -0.147893644 -0.783065747 -0.597359575 -0.089983570 0.592465764 -1.773955591 -0.516132179 1.911966717 0.720365742 1.254148093 1.342030324 0.462379682 -1.150018667 -0.322184368 -0.107422667 -0.969378283 -1.221472258 -1.308236322 0.681953683 0.938216721 0.827861281 0.382926078 0.700199785 0.224729426
-16.475768211 -41.981000306 25.747984294 0.226133082 -0.651912919 -0.321581450 0.648427903 0.155587031 -1.223443762 -0.528858236 0.974686987 -1.739858827 -0.366258295 1.406997303 -1.160166450 0.435220643 0.530077073 -1.460399007 0.444894190 1.700363144 -0.076172496 -0.736468292 -1.266727681 0.683116182 -0.760277882 1.469692062 -0.511547673
-2.100642211 -43.750144205 19.795643558 0.812885047 -0.193593345 -0.218472344 -0.503993405 0.937553854 0.555735704 -0.086499336 0.935133821 0.650427224 0.369740984 0.015700641 -0.405411828 -0.174275681 -0.845137301 -0.695630236 1.281442237 -0.533493367 0.038982378 -0.454670866 -0.458151107 -1.189908141 -0.111270232 0.680294045 -1.808661574
-13.779380800 -36.494080671 18.415917753 -0.695948879 -0.684336254 -0.155473616 0.152207110 0.405329816 0.363710247 1.662038399 -1.294964898 1.287225661 -0.632743613 0.004756375 -1.267935034 0.480497686 0.925192720 0.254537216 0.293784178 -2.816766380 -0.936948639 -0.534575740 -0.511957091 0.228573183 0.568086955 -0.647593140 0.363727461
-3.922005357 -43.397776427 24.283650350 -0.751003872 0.130042650 -0.494579613 0.417699771 -0.641483360 -0.613956538 -0.808608600 -0.456283987 0.257249478 -0.523026021 -0.607835003 0.628168974 1.177890897 0.780624452 1.991923768 0.325034401 -0.445803539 0.667774070 -1.069650097 1.075890841 -0.315774866 0.895954526 0.460256704 -0.096166902
-10.151008588 -38.832289661 28.445657032 -0.345438612 0.048752994 -0.937146120 -0.007243041 1.316608052 -0.677786967 -0.124133717 -0.401038536 0.540826903 -0.232609394 1.939478317 1.603871127 -0.578164606 -0.490680475 0.669886866 -0.185715529 1.505030894 0.107916868 -2.429968108 1.122056411 -0.932398565 0.407465331 -0.386817764 -1.658966859
-16.522030288 -48.527544074 24.935663797 -0.219493514 0.025625558 0.887963657 0.403344110 -1.007638891 -1.494744662 0.818464577 0.654155868 -1.607628111 1.847128223 -0.291384779 1.516828273 -0.409817399 0.932413608 -0.959208170 -0.851161566 -0.578315908 -2.528744071 -0.009816667 -2.574414806 -1.414616364 -0.063242428 -0.751949903 1.605716833
-9.785081006 -46.314950161 16.090096033 -0.248237184 -0.780949555 0.458239355 -0.344256860 2.549117398 -1.266689787 -1.736774885 0.375627859 -0.557053631 -0.442461214 -2.318072980 0.194521005 2.276355245 -0.372071858 0.707701777 -0.253070062 1.292835452 2.054061540 0.116774457 -0.098670431 -0.299200702 -2.005809762 -0.229608082 0.253416911
-18.023059811 -45.586895119 23.887320387 0.520724298 -0.145606727 -0.657515440 0.524707854 -1.765234946 0.186959667 0.368372740 0.803858929 -0.561808196 -0.706750491 -0.982266652 -0.431344935 1.864429366 2.411727438 0.083068329 0.574749431 -0.780356037 0.177191332 1.971361810 1.649696670 0.792091562 -0.690747292 -0.771760395 -0.395681625
-10.773192585 -38.676078810 19.491338837 0.438587177 -0.519075203 0.235552123 -0.694778684 0.913577838 1.027213282 1.233766821 1.440358011 1.054208982 -0.368990764 -0.815292686 -0.965819541 -1.392239982 0.806903958 0.250319417 -0.258700083 -0.973915760 -0.641146771 0.493479562 0.897361528 -0.384087056 1.122780853 0.525823117 0.185165939
-4.297148102 -43.090663432 28.584084147 0.039546599 0.929443946 0.106680281 -0.350983384 -0.958188476 -0.396135038 -0.809522439 0.609699628 1.954798990 -1.213458515 -0.235029009 -0.646480106 0.645584754 -0.480382878 0.984245695 -0.430816147 -0.371139832 -0.818899035 0.821817338 0.913613841 -1.077986700 0.639805044 -0.660674734 -0.478618524
-11.760053093 -46.217979417 15.917223110 0.969705903 -0.232991430 -0.073238039 0.004652506 1.408704780 -0.291021781 -0.300691851 0.592510389 1.979451465 1.065606696 0.270076533 -0.355133648 -0.467680978 1.293885384 -1.278840467 -0.669642842 -1.878230957 1.531828051 -1.880982552 -1.078702672 0.294355425 -0.575002278 -0.051591103 -1.514940412
-19.272610432 -41.696530071 27.345191159 0.421243058 -0.254560857 0.397060004 0.774658899 -0.903579241 -1.740741582 0.056957558 -0.356528962 1.125779061 0.841711723 -1.012790160 -0.257020564 -0.985668413 -0.354653923 -1.154538392 -1.015788796 1.394208084 -0.693472409 0.146418563 0.368772667 -1.596270173 0.763300391 -0.636572751 0.607689677
-13.280610706 -43.479681465 30.318615550 0.795494828 0.444232062 -0.297701342 -0.284990813 0.065582554 0.162215110 0.346701779 -0.692377426 -1.051857191 -0.957481588 -1.491810471 0.196141555 0.076247059 -0.668757001 -0.329961339 0.299467695 0.569469970 -1.657589267 0.771800134 0.912220890 0.313792307 -0.136368040 -0.211121187 -1.241161955
-11.697690809 -48.604991031 14.896321092 -0.839427959 0.441852884 -0.306672947 -0.077964312 -0.023608409 0.128745753 0.368268424 0.602250904 -1.289851232 0.513927500 -1.003135901 -0.881792593 0.793589066 -1.679598312 0.631974133 -0.312598922 -0.615849843 0.018201042 1.170794582 -0.293824744 -1.091341801 0.542308016 -0.677941254 1.388976203
-15.831310865 -43.949882913 25.814280982 0.881043677 -0.185291304 0.396208055 0.180134253 -1.218095796 0.114095516 -1.919449572 -1.854841817 -1.188110326 0.362725664 -0.301440729 -2.121230555 0.104856831 -0.016625184 1.593853740 -0.495908310 1.142475896 -0.334205388 -0.615807175 -1.156671999 -0.817437045 0.709119102 -0.262123083 0.828764589
-12.916504200 -49.412916198 23.567346384 -0.171518545 -0.786805498 -0.232753446 0.545292885 0.149945909 -0.149794274 -0.230110347 -0.031700986 0.372598453 0.201293356 -0.282705464 -0.983894597 -0.746548344 -1.634147951 -0.562020225 0.502878209 -0.256040642 1.332641899 -0.412676763 0.091954893 0.711377749 -1.698032048 -1.286915744 1.203578989
-13.789033379 -45.071866704 25.981680208 -0.024403834 0.446931414 0.339270841 0.827376613 -0.613100397 1.815280113 0.860531881 -1.026594747 1.410167581 0.785287000 -0.532992564 -1.092946804 1.213249022 1.017135283 -1.032941566 -0.897776217 -1.445894842 -0.896749726 -0.922563230 -1.405746971 0.046955955 0.837116793 0.452591296 -0.000390200
-17.245639509 -45.371369376 25.764360099 -0.500992566 -0.300460287 0.760381074 -0.283814529 -0.723883513 -1.676698970 -1.612085585 0.075884661 0.715499037 0.752537852 -0.404930111 0.021922478 -2.899861341 0.716681684 -1.136338800 0.268663170 0.728434820 1.605694246 0.537582365 -0.191212881 -0.396920379 0.360066967 -1.314578229 0.139157708
-18.895550425 -45.827284535 23.669823744 0.032065277 0.112769356 0.383343352 -0.916134687 1.645302416 0.401894646 -0.336246953 1.536182381 1.103568682 1.981344471 0.163293767 0.911796969 -0.023048871 -1.189253670 -1.083883531 -0.693044474 -0.103240386 -0.615488695 -0.497919943 -0.230240983 -1.258720439 0.602678815 0.380856712 -0.207655532
-13.614674444 -36.658317533 22.075068866 -0.002369637 -0.610054663 0.489467200 -0.623096744 -2.056822989 0.647543280 -0.095382916 -0.967845505 0.876343961 0.922085809 1.294402627 1.545222073 -0.173430438 0.171333585 1.711578550 0.909790168 0.434432053 -0.351198059 -0.087405551 0.849181000 -0.159514664 -0.928730051 -0.176011021 -0.370643864
-12.027359297 -38.440046358 17.912213850 0.158044662 0.229312193 0.895470659 0.347232058 -0.407325801 0.909369590 0.754290890 1.316151924 -0.459091993 -2.442039479 -0.054908072 0.492549926 0.880504341 -0.157034770 0.164542610 0.122639037 -1.532924117 -1.239474472 0.586856129 1.001824835 0.493496645 -0.046261701 0.884640758 1.145622026
-6.533856912 -33.767345557 20.542056284 -0.197238885 0.590148688 0.153402017 -0.767651724 0.351198145 -0.372423920 0.910339515 1.547327268 0.797284405 0.008117538 2.159036987 -1.061068036 0.446578032 0.793841730 -0.105941375 1.034924429 0.313920544 1.462849230 0.712414948 -0.336639237 0.820947917 -0.696267432 -0.616380611 0.555644133
-18.199788314 -35.256077285 21.048678051 0.219557456 0.738789924 -0.452530816 0.448553044 -0.038297496 -1.289953481 0.990732433 1.987992419 -1.076619061 -1.889642959 0.358440321 0.159339033 0.713717591 0.450213322 0.474658661 1.896892775 1.045130405 -1.630380870 0.057556958 -0.521114335 1.407354013 -0.073729354 2.130757228 -0.008386076
-13.519543078 -43.530481987 23.660013990 0.125795208 -0.928625604 0.132963587 -0.322723934 0.579707951 -1.012820021 0.417824161 -0.226413584 -0.682148059 0.849176943 -1.704202130 0.043011198 -0.443225222 1.415371815 0.528625558 -2.708899388 1.008543673 0.330055390 -0.485231917 0.206231530 -0.138931389 -1.212850919 -1.378376489 0.657496594
-15.380996853 -47.185294610 19.426392954 -0.485697138 -0.535346098 -0.571938559 0.387800374 1.270045363 -0.689866791 -1.042562681 0.474733285 1.642467734 -1.562499233 1.027083606 1.744540796 0.476158930 0.066750827 -2.063779802 0.505149605 0.076561558 -1.221423266 -1.561009542 -0.113387677 -0.028641878 -2.902112773 0.000922841 -0.604182907
-11.009994581 -36.884903255 18.983398292 -0.625094465 -0.241617749 -0.742034977 -0.016182289 0.578693518 -1.223272601 -1.221758206 1.233301149 -1.252362539 -1.882192104 -0.179609362 -1.189634471 -0.780946825 -1.651307070 -2.267818025 0.552944037 0.402865930 0.521598668 -1.771441862 0.211591031 -0.595411624 -0.732089597 0.243002502 0.086400877
-6.311330235 -42.417237448 13.954244916 0.481346768 -0.587794255 -0.635009849 -0.139877427 -0.198807458 -0.768624451 -0.024731259 -1.646679483 0.465640046 -0.192091443 -1.639550149 0.221475314 -1.558049841 1.749729184 -0.156496432 -0.149281602 0.794475563 0.846383965 -0.196645330 0.513017138 -1.094168227 -0.916139925 -1.102580486 -0.325912082
-10.053316186 -40.042895767 24.162865124 0.880157818 0.032048232 0.161851578 -0.445083354 -0.530699484 0.995036827 0.298330094 0.062430067 -0.091277908 -3.029820388 -0.620657486 0.661102183 -0.974494775 1.704048575 -0.097132151 -0.530015784 0.461502493 -0.591422452 2.236831365 -0.330874835 -0.080978091 1.292811928 -0.173047341 -0.341642836
-15.041708839 -49.158690644 17.902350326 0.095844005 0.404416240 0.831322936 -0.369003533 -0.464361343 -0.010963275 -0.439154347 -0.877932011 -0.312538015 0.506408755 -1.712671902 -0.838067378 0.021240030 0.794144038 -1.410564512 0.192979735 0.288644772 0.170531236 -0.940672758 1.275118908 -1.901542632 0.773662881 -1.377921813 -0.864487170
-18.069005627 -45.651348294 24.938183632 0.578487060 0.285239468 0.685319230 -0.338125303 -0.801218354 -0.219392259 -1.027495032 -1.804937613 1.808618901 0.072361891 -0.580929336 0.040975807 -0.010398103 0.801343488 -0.132283368 0.426015632 2.008330990 0.604674132 1.177222279 0.575329802 0.320112528 0.324292120 -0.814014202 0.220164131
-13.025255466 -35.569722866 15.006331352 0.548798704 -0.744626837 0.300188184 -0.232890339 -0.659677218 -2.719941661 1.142511548 1.847466997 0.464900310 -1.219898532 0.261578483 -0.259319133 -0.240613638 -1.498854776 1.096686359 0.015264930 -0.247355250 -1.094576329 1.800250652 -0.803112174 -2.617601741 -0.189078232 -1.243488218 -0.007035667
