-14.144753338 31.926909211 -14.053514405 0.454552002 0.756492771 0.051292214 -0.467408038 -0.398011301 -1.791121135 -0.185530348 -0.774672042 1.059971853 0.095491316 -0.333596864 -0.165728204 -0.208606356 -0.521973329 0.165714406 1.690281861 0.886169990 1.150844272 -0.197342191 -1.606870755 -1.168234207 -0.496290673 -0.887915441 -0.119263992
-4.913600409 22.143193779 -6.311304648 0.509830570 0.669825959 0.519049474 0.148302457 0.148125241 -1.142849363 -0.066368218 1.902485146 -0.698469479 -1.609656385 0.689385376 -1.746198458 0.440650123 1.412884540 1.685469012 2.790806279 0.148464590 -0.518326015 1.813597928 0.750597146 1.426106093 -0.774812368 -0.862777923 0.872649364
-5.852307537 22.977305173 -19.631810973 -0.113256054 -0.556577366 0.505239159 -0.649713856 -0.479881024 0.860676049 0.678908055 -0.659157576 0.537819786 0.841220712 0.485814321 0.308888860 1.773997067 -0.983731001 0.176917364 -1.117978663 2.566353291 0.229300874 -1.039708031 -0.797912949 0.647423072 2.219136537 -0.421874449 2.009663881
-15.595511733 20.726276564 -12.661688315 0.874632776 -0.231956969 -0.421206010 0.061635776 1.164122807 0.145380076 -0.455227043 0.696682823 -0.456008023 2.182163314 0.797294252 -0.299092624 0.320771334 0.584888163 1.885036973 -0.384353001 -0.123969993 0.849049144 -1.117828658 -0.334768999 1.652364734 -0.324583080 1.219402703 1.404178856
-5.697188132 34.420951132 -16.922771792 0.236165522 -0.619740340 0.233171906 -0.711181144 -0.997467822 -1.422508801 -0.372306479 0.093217119 0.526231137 0.721708580 0.432191977 2.109169862 0.185531057 -1.022570956 -1.093310622 0.428630196 -0.406131512 -1.853324173 -0.164048779 -1.456884714 1.407530351 -0.308031201 0.452881392 1.199028515
-11.522568238 27.696581808 -2.486030158 -0.411611867 0.511802417 0.306332418 0.689053269 0.479809356 -0.682996413 -0.062653298 0.054381131 -1.565455839 -1.118124145 1.563927069 -1.449499358 0.850181567 0.120105495 -0.852014879 0.561983808 -0.169848646 0.156374834 -0.941166706 -0.309008909 -0.876143476 0.515036195 -1.455742436 -0.457866978
-12.396529970 32.499114094 -6.742195060 0.064550978 0.831476285 0.306272022 0.458996521 -0.152300935 1.618477394 -1.277169314 0.066693689 1.107768215 1.260545503 -0.943011025 -1.206139611 1.326415386 0.997681247 -0.334404162 0.827845023 -0.475926500 -0.401135583 -1.125282776 0.408894343 -2.014493713 1.579223777 0.473913113 -0.658877467
-14.787202891 33.151613427 -8.373457022 0.317957893 0.603560193 0.256212388 0.684816095 -2.200170778 0.567258752 -1.325470356 -1.713009570 1.108885747 0.802390046 0.170836567 -0.829586112 -1.785860426 -0.139437753 -1.301333853 -0.160984555 -1.597584698 0.788050651 -1.032260558 -0.508630040 1.687181884 -0.944601186 -0.266677523 0.208939750
-13.097469455 32.130652597 -10.265777912 -0.860093433 -0.165015595 0.480255321 -0.048620641 -1.173518281 1.098384322 -0.398659484 -1.457946585 0.797398465 0.674362780 0.730167668 -1.173516928 0.733054356 0.587439516 1.196708788 0.591286271 0.661636878 1.140384525 -0.695749879 -1.639358771 0.292522817 0.142165022 -1.248848482 -0.651768447
-15.318441626 20.857022986 -14.799595714 0.618060605 -0.051063364 -0.545014113 -0.564228001 -0.210380493 0.207626102 -0.588456981 0.203419986 -0.474155657 -0.061449057 0.172278797 0.441148427 -1.723959386 0.967627297 0.014508350 1.112912388 0.000934894 0.236569419 -0.774613140 -0.073788181 -1.080502140 0.428526136 -0.262802581 -0.744197175
-4.411920832 23.777736669 -10.568276370 -0.183827225 -0.560151002 -0.244425675 -0.769866544 1.185931199 -0.646972346 -0.662505651 0.464620506 -0.189298884 -1.073057894 -0.099705538 -1.230658552 0.326242707 -0.661716269 -0.334129238 1.102425113 0.081933553 0.209921874 -2.970301844 0.557555589 0.072468390 -0.771938075 0.696681245 1.506053486
-3.691130277 31.387067815 -11.415005812 0.141900505 0.403788256 0.840654074 0.331843365 -0.128464038 -0.497276662 1.329717117 -1.033161888 1.042802782 -1.517536998 1.389577701 -0.252376817 -0.799744537 -0.346145962 0.150460494 0.376829614 -1.040260721 0.120088661 0.872696337 -0.805836076 1.006436606 0.529102177 0.400749753 0.230911353
-2.162040041 28.847835900 -14.723648460 0.582966764 -0.209608607 -0.701581093 -0.352133432 -1.803740309 -0.538894058 -0.658098148 -0.503208765 0.704572021 -2.113566950 -0.824228854 0.400441063 0.479912117 0.458741528 0.744211761 0.453785222 0.685561517 -2.313410085 -0.536171463 -0.919490591 -0.369240734 0.306490084 0.439035606 -0.706731323
-14.849573013 32.097725054 -10.794330843 0.636382245 0.324424270 0.692528688 -0.100849129 3.000559505 -0.217053277 0.170970722 -0.393669192 0.559810439 1.692177364 -1.163227244 0.175898200 0.810980868 0.802125054 -0.284662161 1.563265156 0.511799534 -1.595230945 -0.054856097 -1.269058928 -1.310030442 -1.489391603 0.997504633 1.000388433
-5.420667043 19.596736803 -14.992353986 -0.049688317 0.401699709 0.047096711 0.913208801 1.130616428 0.292477709 0.119722594 -0.593675847 -2.484562123 -0.301358177 -1.456703623 -0.510610749 1.047246730 1.885804912 -0.042318843 -0.342501730 0.035297952 -0.812898334 -0.526135672 -1.281272556 0.366093293 0.404966030 -0.828654024 -2.839401015
-0.358964383 24.553969257 -15.293755533 -0.721247004 -0.622780303 0.148050342 0.264629081 -0.490471821 -0.001351637 -0.554833574 -0.241035117 1.004498019 -2.539227117 0.432804985 -0.583474713 -0.528774655 0.205751503 1.733049656 0.287966145 -0.959685241 0.965064436 -0.462530813 -1.302183338 -1.405637273 0.092680259 -0.232406509 -0.623683867
-13.685017180 21.575527351 -16.303733072 -0.199147174 0.863624563 -0.028587758 0.462250752 0.247390339 1.348585849 -0.789316772 1.334182715 0.068290385 -0.043483161 0.361433111 -1.810099741 -0.379578342 0.484891444 0.306388792 1.239976746 -0.585053168 -0.146256790 2.252198004 -0.184774831 0.132613941 -2.285387735 -0.668825575 -0.179297331
-10.626888986 31.089791786 -17.265790226 -0.707055490 -0.102466551 0.293379094 0.635217953 1.594069108 1.240542580 -1.779448944 -0.038163856 -1.520219773 -0.552123200 0.602348957 -0.240555550 0.246171821 0.438226800 -0.138152691 -1.374526677 1.648594705 -0.893182251 -1.565914218 1.125011350 0.545468663 0.153630982 0.983296468 -0.656434458
-7.621187657 23.338729817 -17.604430268 0.061068350 -0.459944724 -0.502058022 0.729835084 -0.022464104 1.056759272 -0.242922416 -0.144193243 -1.502155643 0.934673086 1.017673834 -0.111781829 0.295938786 -0.734581957 2.592036898 1.282630683 -0.085036439 1.129818557 0.175818874 -2.249780270 2.095852891 -0.032515030 -1.251927867 0.947335644
-2.969282280 19.687564208 -16.222624104 0.356013755 0.455985055 0.778983725 0.241901203 0.566520966 0.747607898 0.406460540 -0.894532839 -0.422808797 0.718337857 -0.271224366 0.265925463 1.737719536 -0.817632159 -0.565697813 -0.690919207 -0.131368380 0.839983306 0.210870358 -0.260561193 -0.441572513 0.845027572 0.871748215 0.310492096
-7.636220782 33.415316691 -5.698817661 0.274864891 -0.213240629 0.210849450 -0.913520790 0.666439244 -1.593883539 -0.536417360 0.974568306 1.612460261 -2.243702127 1.993381006 -0.597722010 -1.194601943 -0.513195690 0.199501776 -0.276108537 -0.574038043 -2.895628441 -0.081880454 -0.511381937 1.123957266 0.227314888 -0.574957220 -0.719121484
-0.599071321 31.765374339 -9.805772621 -0.757307977 -0.413009540 -0.421768124 -0.279319525 -1.137072834 -0.440607702 -0.359798732 -0.382489752 0.691272878 -0.169712231 1.018776378 0.997586925 1.554978288 0.259940854 -1.864294883 -0.409900180 -1.103705606 -1.148923150 -3.010893195 0.449114520 -1.034014605 -1.122748668 0.206651889 0.275206747
-15.570160330 22.193941303 -12.596469376 -0.282348049 0.486032924 -0.170711828 0.809264510 -0.131527959 -0.070639027 -0.285841504 -0.293876604 0.442330717 0.813690752 -0.216976291 -0.670825703 -1.073595244 0.880774026 1.449557952 0.223162335 0.691872046 0.005856879 -1.551099350 -1.424633695 -0.529547363 -0.092054667 -0.586648594 0.077703799
0.434565516 30.858575547 -11.730678021 -0.355361754 0.869488517 -0.314577287 -0.136926525 -0.171677464 -1.639804811 0.569847115 -0.297988141 -1.048651771 1.542201264 -1.191071002 0.291366805 0.627788407 -1.384532759 0.331905033 0.619075278 -0.360570478 0.363342080 -0.397697264 0.311297072 0.631064439 2.193657412 -0.948072431 0.179882661
-4.916619752 27.871443551 -19.347341258 0.718077091 -0.516337725 0.465854069 -0.027214532 1.290969113 1.383398870 -0.824978717 -0.854621273 0.082683490 -0.032726571 -0.730074231 -0.993431914 -0.607478477 -1.403216107 -0.112192640 1.588771587 -0.894952976 -0.166174924 1.400801740 0.581932203 0.667378469 1.509439294 -1.073716563 -0.754752292
-6.278790360 34.485638838 -11.080154706 0.083819640 0.422303089 -0.879801192 0.201455283 -0.681758989 1.377861722 -0.745079161 1.267130811 1.450473497 1.699539078 -1.332757269 2.145297710 0.345382724 -0.223567431 -0.786579414 -1.198947017 -0.176638204 0.955249398 -0.043437107 1.236970202 0.460119190 2.089920316 1.520108340 0.420779807
-3.625758216 20.746232532 -11.141304675 -0.858508002 0.258818697 -0.394661557 -0.200547122 -0.345539549 1.043551438 0.198724978 -0.142257620 -0.305955288 1.196190563 -0.935344639 1.127327272 -0.259766031 -1.241175721 0.178235526 -2.643703639 2.321106681 0.721208080 0.910034422 0.708937025 1.655188362 0.385620921 -0.488347931 1.315311998
-7.755515778 36.524128460 -12.257835982 -0.219101605 0.919774288 0.282007540 0.162731352 0.189735808 -0.263480785 -0.343288258 -0.915186241 0.903574146 0.543640973 1.353743951 -1.648820033 -1.214293630 -0.655400273 0.279623997 0.294592637 -0.402969750 -0.375696247 -0.317924396 0.585233385 -0.226518981 -0.630282600 0.135790962 -0.133604596
-15.296682940 33.064580355 -13.363241950 0.631371132 -0.226742897 0.727137462 0.145702656 -0.005013293 0.175267200 1.658597976 1.094768433 -1.069907009 0.305183748 0.876423319 -0.895859049 -0.674581138 0.245253856 -0.017332472 -0.215821289 1.256672373 0.672861999 0.517949438 -1.276519717 0.316418330 -0.241289724 -0.225487638 0.545350209
-11.419979437 24.308767740 -18.694711045 -0.302747330 0.108956360 0.903160995 -0.284205531 0.350452346 0.903346855 0.269341596 0.830700572 0.398714869 0.201751882 1.236896263 0.324497207 0.321464078 -0.831461983 0.878915279 -0.651672807 -0.005501667 -0.883377119 0.878457529 -0.588983376 1.598212647 -0.469961488 0.427260069 -0.711417789
-3.727610406 29.929804812 -10.714285927 0.328544076 -0.174523916 -0.767200997 -0.522496721 -1.122028218 -0.811081264 -0.458247492 2.059992718 -0.254875022 -1.182020487 0.647312938 1.408418969 0.578001071 0.175815139 -0.935875652 -0.931537059 -2.473632495 0.069773494 -1.331952228 -2.634663887 1.805109672 0.829473668 1.798699365 -1.825128281
-12.344808048 32.524572678 -12.847430665 -0.512622109 -0.260802612 -0.808760392 -0.122911349 1.470837632 1.218943534 -0.096679916 -1.263126862 0.672602385 -1.005885235 0.613877374 -0.119930792 0.110727112 0.089112664 -0.037987310 -0.686063187 -1.525873327 1.072319430 -0.686647887 0.065964523 -3.126872997 -0.907269846 -0.243230131 1.314741918
-5.709509250 25.762345395 -15.707724611 -0.214869351 -0.675267886 -0.661136713 0.246460323 -0.189031501 -0.208182881 -0.999779564 -2.828803084 -0.052196422 -1.004042947 0.064550599 0.957179146 -0.206416107 -0.522441879 -0.440920627 -0.054616175 0.343801576 -1.121260536 0.960397961 1.361288663 -1.159936160 0.240166218 -2.035719162 0.538288706
-9.436943355 21.234865748 -11.847571091 0.051242091 0.327868709 0.829512002 0.449206185 -1.136328417 0.253574230 0.681962524 -1.005939989 0.029375828 -0.266102853 1.335890343 1.304790045 -0.111570294 0.027614811 -1.167149336 1.262393210 0.672103514 -0.800055232 1.456289245 -2.754088945 -0.086302812 -1.226944096 -0.330689174 0.417115176
-17.479988465 26.127413630 -8.551673048 0.239627293 -0.518835490 -0.740137452 0.354379806 1.786923102 1.305633382 0.671072791 -0.650482579 -0.973177286 0.120758820 -1.575470110 0.303458196 -0.116459525 0.639909100 -1.078839236 -0.724696327 -0.863569318 1.565931441 -0.675502679 0.975022722 1.184535639 -2.275075242 -0.970733663 0.515916729
-11.433949754 22.155599394 -8.086270246 0.731724210 0.398165719 0.502049169 -0.232358285 1.017804318 -0.353424305 0.419924470 -0.691014136 -0.119618896 1.761329400 -0.619607151 -0.787641360 0.492122623 -0.685149720 -0.958998999 1.038886661 -0.387702853 -0.773978754 0.852078246 2.383047656 1.414487992 -1.487189450 0.585987322 -1.451919611
-11.865613852 31.707501286 -11.600815666 0.703155379 0.484097737 0.333609312 -0.399908391 -0.200141277 1.804483370 0.199180134 -0.346703733 -0.693050185 -0.991986940 -1.938820124 0.247997481 -0.980437382 -0.748632517 -1.868764085 0.916303185 2.079293495 0.755226339 -1.317897248 1.267801245 -0.877155098 -1.017925930 0.190902493 0.353218612
-6.076982588 24.513442690 -7.299048316 0.762832557 -0.627899379 0.059850816 -0.142291040 -1.974495250 0.004324457 -0.677204515 0.507808820 0.321207206 -0.451840662 2.814903384 2.044930976 -0.573524168 0.733415114 0.347992954 -1.435157293 1.438751597 -0.213574860 0.624330945 -1.086040331 -1.560255876 0.713960973 0.188091213 1.798148354
-3.073558201 32.107875317 -12.106032080 0.884163958 -0.235515901 0.159479989 -0.370610968 0.700919635 0.382758834 0.159479590 0.399391364 -1.305030155 -1.638927566 -1.050702539 -0.456629603 -0.364550951 0.186213752 -0.750513571 1.090813582 0.137649157 1.435007261 -0.998311677 0.071791327 0.308486670 -0.201603113 1.002292137 -0.566523376
-3.562803554 30.374323302 -6.261602593 -0.698700633 -0.536579297 -0.466740151 -0.077805617 -0.768250445 -0.347363933 -0.462136949 1.320338898 -0.026964701 -0.324775799 0.899085555 1.336857243 0.002885282 0.612152618 1.160212896 2.553181422 0.624389501 0.020716937 -1.230110986 -2.185895848 -0.112303621 -0.326165319 1.977110123 0.575227935
-7.963999829 28.435053747 -15.456999488 -0.326458926 0.255306800 -0.430185146 0.801987374 0.240716426 -0.274879847 2.148541055 -0.856946314 -0.482685537 1.967555372 1.600449119 -0.947993140 1.686423635 0.977792977 0.681123025 0.992712682 -2.010271809 -1.150773436 0.971737489 1.134231834 1.372935251 0.327223977 0.947331442 0.698890466
-11.465511221 35.964188195 -13.134922023 0.275134938 -0.602195185 0.127990700 -0.738430840 -0.606156871 0.165048549 1.362275793 1.289239330 -1.167307604 1.186424925 -0.010194184 -0.396616059 1.139113979 -1.361384617 -0.468251155 1.497655597 -0.110526726 0.565815007 -2.901597710 -0.155627182 0.016230887 -1.238141296 -0.207570554 2.087880126
-3.421315377 20.647521610 -14.691733940 0.124987055 0.664556494 -0.733891396 -0.064391932 -0.767646460 0.256096249 -0.717754328 0.744355296 -0.338517103 0.361818178 -0.311655622 0.565945794 -0.716140494 -2.156178410 1.535575883 -0.587871282 0.835997991 -0.317060165 0.131544616 0.808762193 -1.263907891 0.340348301 0.059815886 1.803312122
-12.240734440 34.173554206 -10.721017005 -0.703780382 0.533636822 0.434620745 0.176152556 -0.827988501 -0.645615704 -0.016606403 -0.022137182 -1.674407694 0.305439821 -0.033053731 -0.015464185 0.837724744 2.122318562 -0.736602235 -0.128603571 0.413128999 0.276743823 0.435390580 -1.645329796 0.018168202 -0.921055466 1.659562019 -1.069767207
-7.071917693 21.845730433 -18.844385463 0.553943802 0.379362907 0.625575570 0.397347776 -0.559305147 -0.065995563 -0.053217263 1.677349215 -1.624945416 -0.867920543 2.031804277 -2.440001822 -0.752467790 -2.210026822 1.437201348 -0.061846150 0.136425308 0.978316400 0.297384731 -0.076823360 0.353288900 0.045353226 -0.424925467 -0.007118001
-7.401616633 34.513298767 -14.120155169 0.927778441 -0.038306108 -0.320042772 0.187969229 1.074114901 -0.065898071 -0.723694488 -0.870121035 1.169301607 -0.487565257 0.596787560 1.026620967 1.362746821 -0.385432232 -1.868437170 0.455053576 1.125139436 -0.421608250 -0.485330889 -1.338509232 1.225886774 -1.228943940 -1.711975037 -0.201481953
-7.485667671 29.353706224 -11.664237628 -0.132648539 0.482064748 0.863596717 -0.064951169 -0.013900819 -1.354977844 1.297435147 0.575953074 0.323836167 -0.711583002 -1.734574574 0.583031831 -0.823400613 -0.119157441 -0.288202336 0.229218572 -0.560401053 0.423522067 -0.278352315 -1.312074928 0.895457248 -0.675844516 1.546353473 -1.435141649
-2.097392522 21.521774063 -14.636742995 -0.796429464 -0.015947426 0.603077268 0.041756406 -0.405431965 -0.260283022 -0.108422542 -0.136433794 -1.011399735 0.685562465 -0.179248677 -0.398431081 0.267830911 0.694563392 0.729611677 -1.424515835 -1.610501614 -2.112765525 -1.580065737 -1.044086683 -0.075463179 0.731527509 0.341620631 0.634344452
-7.560934952 23.577527411 -13.381877300 -0.104122458 0.159406778 0.978024560 0.084946765 -0.766028078 -1.181976015 -1.486983228 -0.816397356 -0.480490795 -1.689125558 -1.221874428 -2.128865856 0.203291144 1.854175042 -0.495986336 -1.371185252 0.768177615 1.326904912 1.740385788 -0.204730792 0.844812362 -0.252518405 0.261538318 -1.544063553
-12.632531850 29.739401405 -11.525992262 -0.624507683 -0.639345471 -0.276769111 -0.353024620 -0.284902401 0.624127141 0.218979008 2.543725065 0.174505205 -0.325146057 -0.918620256 -2.403134145 -0.786221850 -0.113490228 -0.556913030 -1.354979796 0.037002355 0.883357664 0.332566539 -0.415201672 -0.221347179 0.646734410 -0.287888042 0.659947598
-16.141734185 29.569869139 -14.771409833 0.630996547 -0.244083431 0.389100048 0.625194201 0.068404164 1.430537502 0.334247986 -0.080403172 0.044050324 0.835632580 -0.618984998 -1.784318214 0.367192335 -0.971463757 0.446631402 -1.950986066 0.606213680 -1.145196042 0.832468786 -0.302718256 -1.067383368 -0.666833526 0.633538294 0.362335259
-7.933060346 29.794177393 -8.183920917 -0.306481536 0.933164768 -0.186076226 0.025460210 2.639732159 2.065882614 -2.098783787 -1.012730846 0.361540707 0.090776489 1.098455462 1.238110636 -1.252288768 0.393376841 2.511766064 -0.085620851 -0.255471241 -0.827426194 1.131269935 0.899302425 0.810573298 0.636824089 -0.202675698 -0.187017484
-6.238511290 31.627472966 -9.099089784 -0.514601849 0.657332735 -0.237715486 0.496578253 -0.937203789 0.117436449 -3.323899984 0.390107618 -0.257683133 0.477092049 0.725646219 0.826893801 -0.566868112 0.869653979 -0.777250947 -0.598522774 1.071495415 -1.352464697 1.291794509 -0.250405218 0.186846568 2.055624002 0.982544221 -2.070912026
-3.759057609 34.379295483 -8.639577270 0.046008460 -0.797029358 -0.485203848 -0.356657609 0.516427025 -2.709231958 -1.684954847 1.510861791 1.364889249 -0.374495167 0.579770998 -0.532038445 -0.452351182 1.422131100 1.018885573 -0.325683208 -0.972985386 -0.666572345 0.250557715 0.361057944 -0.484703464 -0.599973794 0.615562657 1.187778012
-3.758824520 26.106218562 -11.102865754 0.710827710 -0.642564789 0.210246116 -0.193987189 -0.248355104 0.037879725 0.644556228 -0.038552311 -1.103439088 0.146316607 1.469761122 2.053338619 0.255650185 -1.107844289 2.331737513 -1.394927674 1.129296062 -2.706411496 0.478026257 1.403694707 0.499011388 1.079271198 -1.535588126 0.855543494
-11.247251728 34.112248167 -12.025851342 0.032614189 -0.779950965 -0.622383451 -0.057023208 -1.964156385 1.514095870 -0.296181812 -0.304595176 -1.887566259 -1.970150691 -0.053598139 -0.204468030 0.038142933 -0.718417426 0.078786799 -0.200261814 -0.538478466 -0.288071754 -0.897625110 0.516314716 1.219603272 -0.075749104 0.059549599 1.108087103
-6.787350755 17.639968158 -10.455857172 0.234197932 0.698624495 0.670591120 -0.085922606 -0.150841052 0.238958082 -0.247366010 -0.602223732 -0.047232667 0.596254322 -0.456784615 0.658490829 -0.818996975 -0.137734219 0.520003679 0.399485987 0.384353128 -0.359647553 -1.471926483 -1.137008737 0.411875989 1.234605650 -1.054398996 0.282290039
-14.958745983 30.100281014 -16.086018583 0.526843550 -0.693459902 -0.173619603 -0.459788508 0.140042473 -0.257220794 -0.268269953 -0.620666743 -1.053895902 0.520699207 2.401763259 0.097372446 1.607849217 0.012134251 0.862486517 0.113464096 -0.872190714 1.381856452 1.436907700 0.488205757 0.783068752 -1.248771047 2.199579520 -1.015239699
-1.626203446 31.067091226 -17.354156474 -0.237714229 0.596141641 0.567842044 0.515424584 -0.671251190 -0.157988866 -0.062178794 0.513932187 1.331343376 -0.084311125 0.267885838 0.284313479 -0.927797216 0.262779377 1.367024850 -0.232854708 -0.249794536 0.131012788 -0.748653273 1.550383286 -1.222283765 0.378777397 0.329354891 0.888633576
-11.620327897 26.230998491 -15.226160363 0.556389910 -0.555273491 -0.116821340 0.607004442 0.773271635 -0.075155098 0.196859944 -0.087072767 0.481408515 -0.123817467 1.067788220 0.181428117 -2.171192848 0.518963537 -1.607926094 -0.464018866 0.188457020 0.529775632 1.117921044 0.503722753 0.688633291 -0.710195992 0.371935625 0.606905185
-8.685587761 27.023769434 -21.314499188 -0.080355370 0.421969646 -0.630018274 -0.646963374 0.253628666 0.885864101 0.368815490 0.224552905 -0.503742262 1.170895311 -1.156477616 -2.629977916 -0.540972738 0.182780622 0.826320331 0.232537423 -1.697046188 0.311373183 -0.581196984 1.203591779 1.672797220 -0.127836515 0.735642417 1.447901011
-14.242131827 34.499872562 -9.699235875 -0.208234846 -0.218269853 -0.441115731 0.845229810 0.186566113 0.004276271 -0.995541369 -0.243866567 -0.734101720 2.120172769 0.787167400 -1.044828402 1.845183148 1.335785046 -0.135644392 0.305978494 -0.744259819 0.255566895 -0.347044880 0.646176035 -1.353323463 -0.124650530 1.493533279 0.783782782
-5.988367620 24.804753656 -18.611949713 -0.510357828 0.414902810 -0.509554634 -0.554747348 0.222548363 0.655463418 -1.088681800 0.888294572 -0.149547506 -1.446650505 -0.552745254 -0.315874592 2.039534828 -0.410189489 1.873862299 -0.101024153 2.689906167 -0.402706848 1.646611316 -1.095067415 1.416370123 0.713400532 -1.300854812 -0.445401820
-16.719533774 30.260619110 -13.265359984 0.243215010 -0.827889766 -0.051803360 0.502753823 -0.604349471 -0.324981282 -0.686004232 -0.825114373 0.036636495 0.324720545 -0.420791109 0.485438156 -0.136077836 -2.107634652 0.591980043 0.281655883 -1.181438285 0.390324011 0.260357890 0.392261127 -0.383272662 -0.312616758 1.004552146 0.632292927
-0.229513415 23.817831232 -8.805675668 -0.713368702 0.573752415 -0.248463718 0.316510731 -0.919270154 -1.308820373 1.114316231 0.082691151 0.838544302 0.687165480 -1.176132587 0.305361348 -1.933786350 -1.310644423 -0.784300785 1.091046769 -0.008644258 -1.311040153 0.524567606 -0.273745743 -0.797392827 0.046276795 0.527686488 -0.196775282
-15.339749380 28.287735976 -14.046979346 -0.631279485 -0.381664553 -0.619780898 -0.267749921 -2.407319665 1.693412934 -2.227598528 -1.721191678 -0.222268472 -0.511088279 -0.173797149 0.663103678 1.233560500 1.320118656 -0.627535655 0.561721230 0.360654541 0.448756013 -0.718034603 0.936558485 1.964202414 -1.442465949 -0.672399672 0.181929933
-5.835733970 35.907234681 -12.529016640 -0.191311114 -0.574955218 -0.487979634 -0.628253478 -0.203857024 0.588671686 0.367887557 -0.236838752 1.086212784 -1.065724179 -1.640640937 -0.016905605 0.025099031 -0.647729321 0.707703497 -0.022287311 0.445788977 -1.162454033 1.258960024 1.276586788 2.074245934 0.951447979 0.162469059 1.685505195
-12.659107469 33.096844863 -12.150948361 0.263857505 -0.389006868 0.021059722 0.882388442 1.573983439 0.061812428 0.111662741 0.631667373 -0.000370681 0.420688552 0.531703175 -1.021307524 0.741276824 -0.414153485 -0.824995633 0.433094977 0.016167766 -1.272804131 0.184952914 0.624602526 -0.655708105 -0.105987996 0.100439208 -0.389514032
-15.238728263 27.481851682 -11.759679782 0.566456555 0.252155002 -0.049153289 0.783025402 -1.559598097 0.983652746 -0.755808695 -0.080367476 0.098549440 0.072741269 0.425000593 -2.202837178 0.892913336 2.076480854 -0.408395100 -0.913485769 0.813621519 -1.523488161 -0.285554833 0.116085283 0.133055079 1.910841019 0.380941044 0.091063197
-15.000821834 28.443112793 -9.658261265 0.441042425 -0.583550028 0.220326074 -0.645296339 -0.696858249 0.928778421 1.358176139 -0.714576336 -1.150384382 -0.562406960 0.149066293 -0.098358965 -0.237579881 1.002327999 -0.011700877 -0.771111967 0.242193787 -1.789158299 1.224079336 -1.651910679 0.293782181 -0.971241883 -0.234551606 1.132301217
-11.565158298 30.583061468 -4.643096904 -0.695146510 0.396075149 0.594725644 -0.078722389 0.758318876 -1.981179367 -2.142350126 -0.060978325 -0.138933513 0.957460566 -1.097352188 -0.223704488 -1.689404677 -1.985494721 -0.377024481 3.197490918 1.008884762 -0.686546852 -2.279948671 0.237896092 -0.264516213 0.756683734 1.010356872 -0.877799709
-5.718984237 25.174665648 -14.307369316 -0.120347458 0.481214402 0.073205073 0.865211076 -0.611394041 0.632487165 -0.882059866 0.627701458 0.304567648 -1.076488556 -1.138628006 -1.635040773 0.769414412 -1.174436328 -0.769125038 -2.586299832 -0.246242430 0.677197317 0.202444819 1.474139772 -0.364047430 -1.111531359 -0.252516336 -0.856343002
-6.660330303 35.790958338 -9.719363887 0.638303212 0.294867784 0.665792321 0.249684970 0.377375289 0.318835849 -0.476639605 -0.744433490 1.398843628 -0.690518437 -0.336445560 -0.125050404 -1.447605760 0.429374179 -0.836179371 0.468280611 0.178383989 1.974375884 -0.120274976 -2.189515202 -0.935552654 0.544092900 -0.667982078 -0.527113875
-9.843053914 23.639892240 -10.320727459 0.721200184 0.372902053 -0.471030229 0.344883861 0.888260438 1.762825458 0.859449266 -0.157394417 -1.480381205 -1.286696019 0.550205508 -1.149190709 0.536463485 -0.840563178 -0.037791827 0.487504187 0.115038471 1.964864032 1.106406787 -2.362979347 1.022218521 1.450579910 -0.786436904 -0.609801375
-4.914025980 31.285580195 -7.577697626 -0.138706547 0.016488566 0.990089648 -0.014529616 -0.828860492 -1.452833790 1.011348130 -2.371886869 -1.698640486 0.647123191 0.333697403 0.424321820 -0.471845720 0.215303482 -0.900703610 1.065289279 0.528509853 -0.129174197 0.798793783 -0.515639093 -0.190974393 1.430150161 0.853946385 -1.325214927
-9.966220757 25.279347570 -17.618814623 0.644191708 0.487690719 -0.285770591 -0.515276602 0.877982989 -0.394284107 0.524397679 0.247835595 0.433640879 -1.343896509 -1.920731064 1.429326007 -0.391878864 0.120317525 0.958872015 -0.033568418 0.250482244 -0.888717730 0.888812150 0.386808105 -1.060594946 0.963120991 0.095123678 1.376219094
-11.427688336 31.514581245 -13.508124501 0.818667597 -0.301692987 -0.118429502 -0.474066620 -0.351835661 -1.905240249 0.332843281 -0.044815608 0.135367195 0.403951911 -0.105378657 -0.892885545 -0.831233336 -0.101411617 2.095940467 0.446695730 -1.091617507 0.373635300 0.599072567 -0.557925272 2.779777456 -1.106815215 -0.204578829 -0.979652498
-14.486179538 27.545448183 -15.995916799 -0.238918457 0.817709592 -0.240132687 0.465408730 0.119842249 0.055642561 1.290228844 0.827206852 0.592249769 -0.536471569 1.349174799 1.336801339 0.591296061 -0.389636511 0.857216786 0.185316418 0.006532689 0.661128700 -1.467237014 0.409994243 0.876402276 0.093349460 1.392455861 0.465186127
-4.630693647 19.418955334 -12.649695196 -0.164998183 -0.940185687 0.150699793 -0.257130408 -0.976088828 -0.202678749 -0.217432005 -0.181929057 0.369292348 -0.661302894 -0.953878191 -0.394486435 1.837795012 -0.930159827 -2.097469983 1.356962607 1.113745419 1.535835653 0.545617009 -0.084280484 -0.429582579 1.245292439 -1.131255700 -1.354697345
-9.264962162 28.560117586 -20.012928368 -0.731565288 -0.368853369 0.558698677 -0.128900002 0.399140235 0.898112687 -1.776777649 -0.671690392 -0.520071256 0.481111571 0.735609973 2.164784979 -1.077915642 0.201359679 -2.163803895 1.121428055 0.523321528 0.029299165 0.306467822 -0.582249839 -0.185929090 1.362517974 -1.217504354 -0.254144325
-8.492312119 33.649550918 -11.209484080 0.081741578 0.541683131 -0.220731459 0.806954350 -1.365722753 -0.047893087 1.786484414 -0.075130459 -0.574695141 -0.198233258 -0.971622152 -0.468697723 0.376658439 -2.444131211 0.155467263 1.174186353 -0.390420792 0.365814870 -0.660224737 -0.407367473 0.637140016 0.861812274 1.018770009 -0.728007644
-9.987196825 27.239466637 -20.467080287 -0.079098782 0.439244378 -0.210025657 0.869883315 -0.010558798 -2.251104805 1.126869553 -0.145135299 -1.153801936 -1.026900406 1.875677112 0.804248437 0.778568704 -1.002513378 -0.479781493 -0.047742246 1.023227946 1.026244479 -0.525748729 -0.934984879 1.179080681 0.030573452 0.537731054 -1.743507430
-13.856752152 33.035349869 -9.312185544 -0.694497958 0.577866617 -0.265273780 0.336708451 1.360557670 -0.695745150 -0.676918657 -1.151951370 -0.378282673 0.947392405 -0.477074516 0.095548058 -0.366977968 -1.375397075 -0.306865205 -1.292405847 -1.482408786 -1.214512669 0.111375995 -0.656926351 1.344086407 -0.787108865 -0.717320227 0.767168833
-8.380825508 21.472390292 -3.769892053 -0.887706108 0.358995714 -0.016290855 -0.287809921 1.792272367 0.041016834 -1.385506263 -0.719208769 -1.943652664 1.096822234 2.136587542 1.613056142 1.587801876 -0.478662222 1.070746485 -0.542884330 -1.464470610 -0.014995659 0.060426109 -0.463546797 -1.338160586 0.733125043 1.061052875 -0.382566168
-9.022065396 20.368193569 -14.614127876 0.282421685 0.220260961 -0.145340295 -0.922279404 0.127525620 -0.179717427 -1.588155091 0.131833300 -1.685805124 0.395216751 0.085502308 0.750076822 -0.573651141 1.232045610 0.324991117 1.223338454 -0.462699859 0.639500661 1.287307449 0.532561882 -1.128415615 0.125588146 0.890266078 -0.492017181
-11.939404492 30.174699447 -17.271142716 0.677445405 0.067951698 -0.685651370 0.257550946 -1.335085880 -1.202272070 0.572532255 0.413214370 0.859339394 0.863787894 -1.303026591 -0.006567638 -1.672928029 1.003055022 1.022449842 -0.125189898 0.261516429 0.947146149 1.314593645 0.253312605 -2.569203187 -0.370241798 0.006022666 -0.541086042
-15.798862524 25.239467606 -6.188906812 -0.815606406 -0.312617640 -0.232805474 -0.427619005 0.044831840 -0.146910472 -1.092421359 -0.015217126 -0.439909849 -1.611817225 -0.041724971 0.110935216 -1.019575611 0.445724769 -0.227343532 0.471327205 -0.618754066 -1.765188062 -0.418497270 -0.961874796 0.117440662 -1.484690685 -0.454604178 0.876639218
-1.409749613 24.300197711 -18.374427552 -0.350165042 -0.871761849 0.151239319 -0.307477463 1.506457084 1.082344194 0.885523914 0.614299199 2.458167820 -1.333824364 -0.730985312 -0.802870286 -0.706118252 2.034615446 -0.774993800 0.702537397 -0.106622397 -1.186024523 -0.870089940 0.572058416 0.166634612 -0.122120202 0.082548698 -0.674554908
-16.145822911 26.084955085 -10.032501452 -0.137743069 0.826412796 -0.474460326 0.270103938 1.358488797 -2.128585868 -1.274478212 0.885766195 -1.192264144 0.725401186 0.008939210 2.042751482 0.553599693 -0.688787212 -0.181667006 0.015861769 0.544251495 -0.269391291 1.051906422 -1.032712998 0.250963800 -0.031067535 0.697207918 -0.658990123
-2.804232047 23.381625062 -9.921170225 0.034605467 0.420152926 -0.322261172 0.847597615 0.500033990 0.542050224 -0.437412781 -1.310464225 -2.900576648 -0.013950129 -0.714010898 0.687091331 -0.302057494 1.110995987 1.214196766 0.581708455 -0.395315482 2.431079239 1.641311949 -1.035931323 -0.398598303 1.318387008 1.257347490 0.379787671
-11.088312667 23.251360906 -19.674120539 0.373383867 -0.622627742 0.198278803 0.658486673 -0.489410165 -0.610124290 -1.670089111 -0.167919265 1.081952328 -0.701228550 -1.139404608 0.630113868 -0.720519184 -1.962406301 -0.060220824 -1.091049592 -0.804099859 0.203770957 -1.490456523 0.272655695 1.268252974 -0.151754573 0.838520125 0.670827646
-0.703627910 26.053663188 -13.973951476 0.805220931 -0.115191551 0.457579298 0.359125807 0.346264067 -0.997733978 -0.924922598 0.978371267 0.080635771 0.518312269 -0.028937942 -0.036966441 2.401976478 -0.618358212 1.124444158 -1.547727508 1.438528664 -1.121714926 1.584732301 1.169134674 0.533128490 -0.993455247 0.125410446 -0.081501952
-4.498913393 29.942294420 -4.317976863 -0.056644593 0.350678541 -0.602083068 -0.715060788 -0.204702216 -0.635493143 -0.294910624 -0.110967837 -0.164169696 1.170125905 1.977206444 -1.617349994 2.374577674 -0.132708619 0.131088906 1.266493019 -0.488741438 -0.701054086 2.295966828 -1.070181477 0.521156740 -0.087043898 0.129117276 -0.678102058
-1.131829333 26.921982327 -5.583240072 0.914641742 -0.297630014 0.269022090 -0.049739052 -0.922098749 0.116551869 1.038527346 -1.406529827 2.246056826 -1.836783689 0.120785921 0.228931078 1.251475667 0.922115276 -2.607709686 -0.179948665 0.570233278 0.021110992 0.377511317 -0.566352830 0.825209995 -0.086708599 0.446964123 -1.761464093
-2.725852355 23.655321188 -16.673931771 0.784261893 0.383012463 -0.047633378 -0.485763108 0.038363529 0.017098510 1.403908363 0.637776363 0.170815926 0.702369155 -0.397997615 -1.353512129 1.266802352 -1.243038005 0.361968593 0.690345546 -0.339387385 -1.624496906 -0.170435553 0.607911017 0.648644067 1.520936271 -1.363702280 0.822229212
-6.864087550 20.755639825 -16.633417899 0.232736723 0.237415112 -0.630680076 -0.701220596 -1.658573218 1.571252103 0.523195819 0.377420575 -0.876996379 1.331733030 -1.843397278 -0.090330415 1.044579362 1.439408661 -0.697702728 -0.779474692 -0.501273068 -1.000203404 1.467066480 1.022941108 -1.032565202 0.706752680 0.202131943 0.890746059
-0.551048987 28.910202553 -11.500250600 -0.925915099 -0.091696661 -0.295446754 -0.216758318 0.594222315 1.710032228 0.174789526 -0.407562201 0.812472767 0.071787030 -2.181884967 0.069440779 1.217760715 -0.790528397 -2.266872668 0.807410394 0.009704407 0.850696876 0.603604462 1.831737729 -0.281655231 0.194913682 -0.658941263 -0.079503493
-13.325855624 24.232129914 -11.132199230 0.509748113 0.808912383 0.029649308 0.291442167 1.627485238 0.221479038 0.176131188 1.074223051 1.181192574 -1.088167365 0.143024641 1.298245375 -0.509163118 1.146690303 -0.305801328 -0.206143627 -0.008527805 2.103501296 0.447215954 0.683645570 -0.762422941 -0.507032741 -2.743907497 -1.162882967
-2.418188675 22.795471075 -14.209851590 0.334604719 -0.844911677 0.382503778 0.166897572 -0.012569170 0.721554480 -0.698888894 0.262427735 0.627865975 0.745761701 0.383048416 1.119261733 0.155557280 -1.357702469 0.355047035 0.853388894 0.922402984 0.852565934 0.772728368 0.077639357 1.453549961 -0.407562003 0.245262083 1.963969604
-11.536039107 19.430573930 -8.095188180 -0.668558419 -0.558248616 0.240495127 -0.428427610 -0.422822778 0.198207674 0.281699151 0.010712203 -0.187391005 2.389923538 -2.934921791 -1.430671218 2.428236498 -0.763021440 -1.048628854 0.048036168 1.554928084 0.080855649 -2.146103275 -0.645630671 -1.373302520 -0.217242967 -1.769735917 0.322093932
-4.643124235 24.100089688 -17.054393553 -0.280336659 -0.269297186 -0.866575136 -0.312950343 -1.749885584 -0.858347163 0.966615758 -0.633359798 -1.391197670 -1.432090998 0.136725403 0.571940707 -1.331352772 0.959668565 2.244018830 1.382935494 -0.553478917 -1.636263415 -0.005391952 1.709986252 -1.181644945 -0.103848080 -0.309995647 0.336516951
-3.967740289 19.974814202 -10.709049241 0.854845637 0.201224836 0.441123141 -0.184818497 1.058159633 0.135331472 1.134721614 0.054709965 0.841461999 -0.494593215 0.843193500 1.266834075 1.883707207 -0.534325172 -1.937366272 -1.226053961 1.101185654 0.100481152 2.014214733 0.290416313 -0.039098251 0.998771843 0.015608310 -0.386326998
-10.555384681 29.571112558 -15.444891528 -0.171879332 0.674474681 -0.251343939 -0.672582801 0.708645139 -0.210266764 -0.547519596 0.078823760 -1.806839299 2.561023257 -0.203481294 0.600921903 1.306154049 0.739982741 0.380179656 -0.257653418 0.526867413 -2.368009604 -0.413572480 0.355270831 -0.825358028 1.905457437 0.025666730 -0.692959996
-7.062294900 24.080552550 -7.957979321 0.368393176 0.868156603 0.170143451 0.285730268 -0.086052191 -0.751667402 0.191477208 0.831186495 -0.518253034 1.696824058 0.735807441 0.330162755 1.132506599 -0.244372124 -0.667505368 0.444256331 0.737545071 0.253085842 0.493459419 0.452600883 -1.157737350 -1.770115260 -1.182731205 -0.125714086
-10.058706992 29.942598568 -13.224780901 0.429918259 0.517231382 -0.608166321 -0.421634576 0.822505251 -0.986646313 -1.186923145 1.092607942 2.130402085 0.249748962 -0.206091102 -1.493342026 0.473930097 -1.186361188 -1.157013683 -0.808557060 0.893849356 1.539446251 0.147153681 0.471097440 0.271519972 0.442480848 0.486381708 -0.042179253
-15.883498103 29.244317201 -14.912684169 0.476865734 0.836982429 -0.048946023 -0.263938957 -0.464262514 1.500659519 0.195119725 1.798832223 -0.908728969 -1.771999659 0.910281794 0.513423116 0.254615110 0.631379783 0.272237651 0.547872402 0.353326406 0.564844809 -0.250752756 -1.253653061 0.479855358 -1.439376815 -0.312999588 -0.211939696
-16.502697467 22.945736796 -14.992671214 0.015888056 -0.900199911 -0.407829095 0.151865465 0.859340992 -1.161445365 -0.060754799 0.297860954 -2.005564161 -1.187793806 0.248358553 0.007141463 -1.463534480 -0.122490423 0.877417765 1.003171213 -0.935532723 1.797967091 1.301391698 0.191299586 -1.144293378 -0.676929615 0.180306610 0.921630770
-4.224568126 34.703634297 -9.311598998 0.646787890 -0.065299541 0.741482754 0.166146687 0.253624060 1.858004142 -0.961010825 -1.432053302 0.934418254 0.246265347 -0.115315801 1.175905430 -0.321437857 1.116283785 -0.546152042 -0.918426401 -0.936901339 -0.481920466 -1.462591093 0.129138357 -0.456150012 -0.869928161 -0.944309458 -0.278314342
-12.610009830 20.487525630 -12.106087336 -0.055838402 -0.227447296 -0.850930949 0.470176902 0.465972864 1.444218830 -0.940943156 0.914858855 -1.120783882 0.091011660 -1.152468800 -1.470582665 -0.236775547 -1.224602674 -1.847481271 0.565829423 -1.412805532 -1.862066105 0.178125637 -1.390668146 0.850403109 0.668658769 -0.868534320 -0.058132296
-5.005833199 26.069084629 -9.670613381 -0.462593409 -0.543855992 0.289008232 0.637732107 -0.766549377 -0.754673134 0.462023038 -0.856321769 1.055138885 -0.828402927 0.417552491 1.347139599 -1.247625330 -0.897764617 -0.657808075 2.617210828 1.354045098 0.962878151 -0.510144617 -1.256869034 0.609653837 -1.293640448 0.935414447 -0.260407223
-11.813346679 27.475608976 -15.592560216 0.239679195 0.345985465 -0.685615540 -0.593952247 -0.068140621 -0.484851538 0.586498657 -1.051175581 0.839509542 -0.474620657 -0.484831173 -0.546193477 -1.359764272 0.355279068 -0.628333400 -0.588344538 1.195687497 -0.496635117 -0.843918816 1.587967955 0.866551713 -0.931908939 -0.681153320 -0.028855869
-3.725624670 24.429995576 -9.064036626 -0.688189925 0.668537502 -0.267668548 0.088350352 2.008689355 -0.922315683 1.503168671 0.112871558 0.337189338 -0.045699437 -0.355930897 -0.208414343 -0.500466805 1.057573304 1.083112078 -0.977055004 -0.004321153 1.151281742 2.025433165 1.728394218 1.562231896 0.815112236 0.159529457 -0.601783941
-3.659751791 28.064704971 -18.557420847 0.073020693 -0.735340370 -0.672334113 0.043696214 -1.103675821 0.050125043 -1.950252614 -0.738152029 1.262232645 0.648156470 0.322879193 0.428634259 -0.551443567 -0.357687537 0.100911796 -0.251369940 0.964573134 -1.429937316 1.426747159 0.674651349 0.273942964 -2.349589050 0.567081552 -1.531298957
-14.635628528 26.811006445 -8.019644806 -0.573969427 -0.037639835 -0.768516206 0.280223448 -0.537826197 0.145155740 0.714155968 1.395669469 1.473368659 0.866242586 0.381124838 0.495577393 0.292990056 0.588052828 2.034851383 -0.085990353 1.940025679 -0.741593576 0.650586252 2.659722377 -0.071190679 0.633861108 0.368562931 -0.156720491
-2.946930996 26.753106148 -7.895437699 -0.447994472 -0.819378881 -0.294099777 -0.203530153 -0.688895970 0.994781140 0.520783917 -0.093685847 -0.491446201 -0.225225721 -1.889129947 -1.364393963 -0.285730115 1.171952821 1.247136204 0.593078931 1.540835125 0.084611688 -1.697429723 1.083206326 -0.123782416 0.911733044 -0.318867859 -1.048330253
-17.274696444 28.360411398 -8.943277838 -0.505427833 -0.444980096 0.290012263 -0.680020814 -2.220292389 0.607208320 0.026240915 1.578791333 0.021453625 1.495953430 0.510699249 -0.392553574 0.633983938 -0.968617862 1.720198333 -1.145622745 -0.530601274 1.238745093 -0.537370601 0.049326959 -1.999846579 -2.082720861 -1.335723197 1.243013225
-9.769915767 27.052842112 -15.443802774 -0.228688182 0.254440052 -0.928030496 -0.147381725 -1.069623605 0.009360507 -0.047612488 0.117056918 -0.117611617 -0.941820947 -3.065697572 0.321254269 0.846262115 -1.145840713 0.631887501 -0.720214342 -1.299921955 3.943234602 0.485261277 -0.856408189 -0.246296346 0.716073208 -0.495118410 1.680913698
-5.159903945 21.588495354 -9.414040683 -0.165673786 0.291611230 -0.853764581 0.398247571 -0.573030049 0.443848335 -0.161707660 -1.249466455 -0.582958695 1.111420278 -0.033168973 -0.111612938 2.816752416 -0.519306958 0.034620712 -0.220031610 -0.155796118 -0.443215914 -0.284304747 -0.072449544 0.515112411 2.184499754 -0.760507781 1.345023049
-8.089291606 23.720788825 -13.805153569 0.284283244 -0.087714600 -0.207522859 0.931892402 -2.146038325 0.128571532 1.040060264 -0.763387880 0.349418956 -0.323493462 -1.628743611 1.437357622 -0.232984175 -0.847495361 0.186490325 -1.235657359 -0.236282471 0.155862008 -0.257553136 -0.254919019 -0.275061454 -1.195562279 1.819561329 0.780199981
-12.549646990 24.090652684 -5.424149059 0.677470609 0.338470319 0.283189689 -0.588451372 0.138552594 -0.194342020 0.033309905 -0.900995145 0.249335534 -0.643833722 -1.413207711 -1.887807108 0.163632757 0.371168728 0.166090845 0.388870103 -0.374767323 1.242249476 1.111408416 -0.203141016 -1.052313196 1.026694690 1.165716270 0.875945113
-17.214611014 28.573195488 -12.643651048 -0.468111985 0.182744813 -0.586106521 -0.635574267 -1.222161361 -1.415090368 -1.568503224 0.260513625 0.818084355 1.749594035 -0.014356276 0.683013296 -0.533044627 -0.452992676 0.340101225 -0.892616239 -1.895304025 0.472007616 -0.621548538 -0.653233647 -1.272174718 0.609246650 0.792857260 -0.642122405
-12.389199597 25.499919075 -14.592807098 0.613694996 0.415316457 0.477188365 -0.472421376 -1.133544928 0.985445286 1.283662148 0.515396560 0.876582665 0.794548245 1.190545900 0.662547454 -0.403940663 -0.118481406 -0.639646836 -0.252408129 -2.012330619 -1.390973118 -0.513919027 1.489652284 -1.020003355 0.763278801 1.556212006 -1.648631642
-12.802157866 24.666161698 -14.079561320 0.009659219 0.480073457 -0.733605385 -0.480894286 -1.060928369 0.221385435 1.619277756 -0.596366314 0.495270564 -0.541928077 0.303475599 -1.820646855 -2.057606614 -2.723744288 0.506969070 0.344870181 -1.029156984 1.288558865 1.013529102 1.745063982 -0.632722101 -0.067968241 -0.398845902 0.273206072
-9.189294450 34.674883022 -9.284011187 0.621364471 0.166901623 0.576542292 -0.503635808 -0.960849330 0.672818425 0.991795494 0.624088027 -1.036312389 -0.061634801 0.578410537 0.436287230 -1.868230916 -0.332806786 -0.124226745 -0.821999287 1.488197907 0.130427146 -0.638859506 0.496587892 -0.812973054 -1.523956364 0.679205393 -0.990401481
-12.240609186 20.924356063 -16.980558129 0.541741037 -0.392447083 -0.737994050 0.088694516 -1.151997345 -1.763168458 -0.950894193 0.341950970 -1.527162873 -0.734488398 -0.753591504 -0.856850844 0.872267576 -0.300144704 0.821711180 1.503013091 0.421007374 0.454814167 -0.895709492 0.174729123 0.131215518 0.135759391 -1.031650416 -1.216150039
-12.168096457 35.762903010 -10.165115922 0.066351769 -0.002539005 0.251854833 0.965484407 -0.801503036 -0.742082649 0.547656630 -1.009858333 -0.659087121 -0.233539920 -0.382872886 -1.014259140 -0.034289484 1.660726201 1.325106431 0.213587404 -2.587016697 -0.161332875 1.597378528 0.764431493 1.214974957 1.363712181 -0.729633407 0.182463828
-9.202509393 27.389030183 -11.269167011 0.099098347 0.360490714 -0.911316317 -0.172419642 -1.395565008 0.162477591 -0.200805648 1.280294487 1.423838290 1.051744443 1.397132108 -0.255064766 0.259751437 -2.037102128 -1.232283513 0.307106025 0.246484353 -0.651492301 -0.648763607 1.548444313 0.806164656 0.402989002 -1.216720507 0.594229865
-9.189029760 20.498412090 -8.635941110 0.291714228 -0.578897463 0.210440763 -0.731775390 0.034321629 3.071437946 -1.070511517 -0.905516961 -0.396660904 0.081029806 0.060856886 0.480661370 1.400910980 -1.964492724 0.280592645 -1.421392915 -0.077840650 1.129452572 -0.452841923 -1.759971768 1.149716812 -0.753464021 0.138467739 0.684677942
-8.311359064 25.211038670 -11.217698453 0.843746427 -0.165443672 -0.451175806 -0.239083147 0.167950692 0.633816492 0.426206145 -0.814192214 -1.728079194 -0.999418049 -0.828613572 1.757651862 0.911065546 0.368077521 -0.744903376 -0.522442540 -1.372011192 0.013454529 0.365122064 0.178258235 0.202064226 0.320887453 0.062291443 2.125954158
-17.306856680 23.295072869 -12.293911104 -0.724869606 -0.037682473 -0.559626581 -0.399952716 -0.665839984 0.559282024 -0.490421467 -0.699374269 -0.267933166 -1.463051882 -0.280473959 -0.103433612 1.280762073 0.878610500 0.939323997 -0.369522233 0.433424462 -0.213026806 0.228755941 -0.507591613 -0.116353540 0.165582220 -0.100321607 1.849443676
-7.282409988 19.510401800 -16.158613453 -0.135464385 -0.982711369 -0.036206869 -0.120900074 -0.470328644 -0.167238491 -0.758417664 -0.300453115 -0.529720851 -1.095244601 -0.025537452 -0.437597503 1.007017073 -0.079411017 0.010575885 0.050248431 -1.332304849 0.115355476 -0.768410595 -1.106691752 -0.676469762 0.300343668 0.406270438 -0.762792799
-10.751935377 28.549531248 -6.530634132 -0.589271992 0.020949199 -0.011074515 0.807587150 -0.082249803 -1.761605208 -1.238993109 -1.750200362 -0.471925233 0.932215178 -1.139010698 1.894110584 1.149411519 1.467308684 -1.519775174 -0.858380201 0.950369816 -1.233194814 0.944713984 -1.048769234 -0.888890650 0.483487902 0.159769657 0.239440307
-2.025063568 19.122601540 -12.956531754 -0.167828630 0.118339241 0.387744307 0.898600983 -0.646543864 1.272256102 0.243984699 -0.230272172 -0.891088474 -0.578895424 0.084043897 -0.289230451 -1.613551628 0.495579625 1.091442113 0.581911833 -0.398629205 -0.501344327 -2.566106461 1.421671166 0.439592167 -0.239016929 1.337744102 -1.646330739
-12.270415090 27.293033448 -14.463572554 -0.033531003 -0.572812046 -0.777236017 0.258197999 1.376639393 -0.330608598 -1.933423568 0.141127991 1.086450523 -1.376481345 -0.412999473 -1.000394348 -0.125830408 0.533673156 -0.027526861 -0.285910151 0.564409203 0.578197042 0.773676112 -0.157142958 0.276156957 -0.694250803 -0.258805396 -0.254691428
-4.645184929 33.471276072 -13.226055683 0.623661546 0.567572590 0.220977226 -0.489976220 0.037295860 0.814230353 -0.719951151 -1.347929213 -0.032139450 -1.564764930 -0.400821594 -0.046439473 -0.094325830 -0.527292261 1.329283968 -1.292324530 1.560516755 0.305106890 -0.640997097 -0.692064071 0.839361107 1.065580045 -0.979118963 -0.115247809
-12.151713033 33.204559640 -7.314553395 -0.480731368 -0.716052392 -0.384371147 0.329279738 0.464723965 -0.338949177 -0.408339744 -1.565967198 0.559154731 0.392435303 0.962166865 -0.200383114 1.360628183 -1.127894519 0.158284899 -0.372207564 1.388417433 -0.270609917 -0.257209942 1.635718418 0.067635287 -1.096447561 -0.406935044 -0.218432911
-7.377708356 23.739553802 -14.589657297 0.276647767 0.541391456 -0.444124877 -0.658114274 1.748031552 0.051472232 -0.860442775 0.214712706 -0.381655752 -0.758397310 1.006174022 -1.293430118 1.530473528 -0.744266445 1.868162553 0.399712332 -1.259979514 1.107953309 0.460332160 -3.310971184 1.023786862 -0.825338064 -0.420568592 -0.169618056
-10.517597603 27.701151154 -13.496593134 -0.035415233 -0.607928833 0.715146999 -0.343122522 0.223390602 -1.758934018 -0.517889462 1.080233414 -0.248539817 -1.288844592 -0.431741903 -0.702710173 2.187284065 0.749413912 -0.881959239 -1.502171799 0.548098603 0.597412562 -1.332024649 -0.193055413 0.398649734 -0.777630856 -0.770929202 -0.309447001
-3.841915147 30.631189425 -13.427356531 -0.133680983 -0.904567892 0.397083877 -0.078808111 1.327382589 1.210081705 -0.031453939 0.516600850 2.201704582 0.095815813 -0.242362803 0.795634348 -0.577247655 -1.282284917 -0.559031696 0.275144351 0.426381511 1.817288653 1.112340967 -1.749563080 -0.392941772 -0.763249160 -1.685059495 -2.278059644
1.288556456 26.593271488 -9.700654205 0.230862245 -0.539283981 0.437405028 -0.681580702 0.615979442 0.825338218 -1.322997475 0.331523966 1.409150904 -0.826370304 -0.534528189 -0.970052244 0.035584239 -0.679915434 -0.337734485 1.748726966 0.708386579 0.365210377 -1.333060554 0.799886889 -0.323295148 0.500634833 -1.591023603 -0.124410106
-5.999622489 27.273603614 -2.730532056 -0.234063858 0.300361561 -0.406795869 -0.830369896 -0.439028376 1.549854668 0.042757941 1.210432460 -0.027240441 1.312470498 -1.923904534 0.931797643 1.115505078 0.055503263 -0.410866616 -2.118711879 -0.505988412 2.146758384 -2.160034289 0.357860233 -0.981353566 1.584331768 -0.136120410 1.177551839
-10.845291944 35.000027768 -12.392585858 0.208613038 -0.218264155 0.175705454 0.936999975 2.812975580 0.763597882 1.429887905 0.921589126 0.268906300 0.131595365 -0.544892192 -0.311291724 0.635315747 0.192546827 -0.207541514 -1.271445860 0.914046273 -1.768635211 0.834666110 0.255488297 1.709727537 0.409668252 -0.861531513 0.781778797
-7.684807281 22.663253289 -17.593598953 0.293466253 -0.051765788 0.636362010 -0.711506327 -1.774134398 1.538821786 -0.141135869 0.312330545 1.232324706 -2.297575295 0.584251044 -0.712578034 -0.562138622 2.879862888 -1.158397520 0.935738685 0.730157434 -1.542783828 -0.715804823 0.644069045 0.625496995 -0.173615233 -0.039750513 0.328923689
-12.446204053 27.625594091 -7.917829870 0.119913771 0.513347867 -0.009141290 -0.849712358 0.365184297 1.189046926 1.426209587 -0.605489332 0.601750992 -1.217464239 -1.886730369 1.675718800 -0.998338176 0.617819771 -0.637120057 0.747917054 0.712015265 -0.938015579 -0.260305365 -0.850263677 -1.302478526 1.186220281 1.274573162 0.411874940
-1.585785003 28.578729542 -7.650556032 -0.066194167 -0.353347477 0.932611031 -0.031631576 0.082372708 -1.922553637 0.758700609 0.217053276 0.245600655 1.423760472 2.585739351 1.324251543 -1.442777991 -1.378114439 1.590475177 0.476253968 0.806537604 1.042349747 -0.345743188 -0.535026023 -0.585317763 0.170166786 0.922033827 0.084107227
-9.285898025 25.346235270 -12.550435337 -0.490491751 -0.540231814 -0.349181140 -0.587911524 1.003441011 1.600289683 -0.300563451 0.591941941 0.215000641 0.468594989 0.464172527 -0.380151001 -0.971715516 0.565064011 0.846819267 -1.177300839 -1.353966363 0.469092366 -1.343463209 0.136207009 0.753502086 0.685199731 -1.914644843 -1.526307951
-4.198831184 32.040792944 -9.765774419 0.694393602 0.701361127 -0.121539146 0.105538287 1.390968266 -2.415503342 0.214361634 0.554532201 0.581291122 -0.225634614 -0.859468934 0.571223760 0.014498242 1.005243054 -0.055456014 -0.040631791 0.444175155 0.740703431 0.298699425 1.986920320 0.800849585 1.645644804 -0.680852160 -0.855908716
-11.185995712 23.275233878 -4.139051139 -0.322015585 0.840085852 0.436483620 0.006616193 -0.192960526 0.798242427 -0.731691681 0.878939174 0.620817367 1.560218280 -1.295719841 0.322333017 0.718825554 -0.280062676 0.263135971 0.603287567 -0.522613598 2.044632340 0.001849349 0.752197525 -0.275912702 -0.605548033 -1.322440356 -0.504469165
-8.199112745 19.933462265 -12.665509057 0.374289610 -0.663697568 -0.336045976 -0.553611713 0.541511870 1.508882694 0.903203423 -1.076360674 -1.426940599 -0.189899188 -0.171899877 0.095617696 -1.786695626 -1.911059653 0.929785676 0.040437951 0.061903785 -0.423174691 0.168061403 -0.451676877 2.081642455 0.513802766 0.351950761 0.667955382
-8.500000072 22.605898256 -12.049743211 -0.154845893 -0.955089594 -0.150233584 0.203116929 1.483764217 0.114489165 0.241530925 0.381483195 -1.304972562 0.525524854 -2.220160369 0.390882312 0.508872015 1.007768287 0.631651640 -0.493085112 -1.582764293 -0.350981265 0.162922909 0.895353822 0.894205710 0.152675261 -0.301990186 -0.596615867
-9.966723453 33.003330032 -12.365506463 -0.125570626 0.962781769 -0.110207047 -0.212456325 -0.593688904 0.355298727 -0.749043930 -0.551500448 -0.999116211 0.762298375 -0.653321535 -0.200365243 2.805209903 0.094070168 0.368378578 -0.556888041 0.984773625 -0.302488781 0.340138346 0.575397857 -0.443994304 0.756744671 -0.024387320 -1.489027775
-3.301465475 21.174090842 -10.275520209 0.621563586 0.303658125 0.379077752 -0.614614114 0.633076429 -1.615714363 0.175341190 -0.520050942 -1.875398843 1.763614644 0.321984927 -0.887338513 0.764958606 0.722074370 -0.260898712 -0.901029089 0.148544770 1.179571610 0.241073732 -0.491118460 0.814157437 0.778954974 0.249194825 -1.655281096
-8.579233031 21.617762302 -12.417850790 0.626721903 0.092857146 -0.547606099 0.546557194 -0.191464063 -0.849777242 0.147131983 -0.214941399 0.876368759 -0.361176138 0.078507390 -0.397237879 -0.563965078 -0.495799628 -0.744627289 1.094490056 -0.643509489 0.816363439 -1.443945749 0.795231318 0.253207328 -0.380822305 -1.762751955 -1.184804769
-16.131568494 28.277867150 -15.561874198 0.010908345 -0.226939012 0.137978879 0.964023611 2.776803985 -0.227438657 -1.336350592 0.472802596 0.397133034 -1.414883108 -0.152246568 1.426755369 -1.979056678 1.213589367 0.448390361 0.695228425 -2.063131339 -0.907792550 -0.423335793 0.430987412 -0.068411108 -1.120012229 0.273738805 -0.041851104
-2.324049413 30.858485412 -17.802546618 0.307606463 -0.081973121 -0.143195209 -0.937098609 0.209398820 -1.132616920 0.527642591 -1.205487820 -1.292049931 0.014478313 -0.434911294 -0.861931362 -0.605558026 0.120514421 -1.075276632 1.318183616 0.600324326 1.298314377 -1.349627361 -0.962992670 -0.431248568 1.276877483 0.539747901 0.474141337
-12.821050932 32.961607385 -13.226867563 0.030751097 0.859786059 -0.509621787 -0.010389253 0.057288014 -0.893943628 0.119656871 -0.265146363 -2.357458752 -0.588093907 -0.715039797 0.095497068 0.416393918 -0.840848991 0.357154008 0.018744495 1.329497418 -0.447594145 0.150767636 0.110235597 -0.533319439 -0.181797646 0.497570639 -2.759871992
-5.677333240 17.691358976 -13.255317156 -0.410855029 -0.192187190 0.578516867 -0.677923642 1.544428024 0.059259367 1.316880363 -0.548223288 -0.127573406 -1.078041591 -1.676890530 0.723832405 -0.749709086 -0.630667838 0.133381147 -0.673643787 0.616147745 -1.381729884 1.688073880 0.076538004 -1.411064315 -0.789217309 -1.521834243 0.751832553
-12.110332508 32.858816430 -9.688098309 0.444965342 0.720579597 0.369537906 -0.382377595 0.327452962 -0.631806772 -0.055748698 -1.154871334 0.803271051 -0.011705914 -0.700996770 -0.621379328 -1.739824723 1.196897674 1.634217468 -1.180404357 1.702020021 1.064765856 -1.791665295 -0.183820900 -0.568613220 -0.067362479 0.663254715 1.765692886
-9.713012228 24.026950991 -7.994551147 0.660793491 0.214769524 -0.028740704 -0.718609759 0.986500774 -1.223215329 -0.125223797 -0.407239299 -1.076358963 1.226016794 -0.371678046 2.309936985 1.435760365 0.982156937 0.181686772 0.191096132 0.717970085 2.067980221 -0.214180166 0.266089284 0.557977868 -1.268605751 -1.070331672 -1.366068282
-9.783040300 27.074443318 -15.259891460 -0.581205024 0.678099707 -0.408968868 -0.187419243 0.843731160 1.484116001 1.151464992 0.542239099 0.636375845 -2.293716412 1.282410371 -0.538188403 0.093316721 0.276087191 0.051943710 1.163012011 1.271119906 -0.477078592 0.617942113 0.310558290 -0.451452414 -0.192663581 0.239545748 -1.368727398
-13.006733222 21.278614797 -13.046293456 -0.858852870 0.248839942 0.323886113 0.309108745 1.348190640 -0.454155133 1.099946806 -1.178287335 -0.186872394 0.929849057 -0.806592985 1.009381552 0.503308772 0.278328751 -1.299107346 0.559185751 0.378492364 -1.510648269 -0.251976129 -0.685985236 1.222442016 1.075057426 -0.472774579 -2.660996959
-0.915494636 32.111796162 -13.993696306 -0.380525739 0.882328654 -0.268190967 -0.069064559 -0.244086634 0.541153673 0.144276424 -0.378516008 0.393177987 -1.721666654 -0.956959240 0.443613029 -0.133675772 -0.306143833 0.080594961 -0.789401465 -1.777965075 -0.381240881 0.936871893 -0.624844426 -0.392920560 -1.481133944 0.570218751 -0.288606779
-5.959955116 20.877672455 -4.969443029 0.371639939 -0.723022578 -0.352159482 0.463795005 0.311315786 -1.572391764 -0.343644977 0.855913204 -0.275659040 0.664592391 -1.454383105 -1.037907103 2.032900129 0.776586591 0.082496567 -1.471610842 -2.044173028 -1.016100514 0.137216443 0.544006425 1.763178733 0.059535807 1.186479489 1.523491114
-1.284586022 21.857828335 -11.044751600 0.240094048 0.008234591 0.592163762 0.769174309 -0.480434597 -0.585978179 1.155975781 -0.562858911 -1.375215128 0.250084710 -0.145954459 1.470111679 -1.119367884 -0.721118969 -0.405802612 -0.139466332 1.348868517 -0.436937853 0.217097215 -0.016831924 -1.021192266 1.389962195 -1.131066795 0.539035909
0.442546275 27.187828569 -11.037925832 -0.751635607 -0.009256527 0.219417104 0.621944021 0.747949595 -1.425245282 -0.756525019 -0.400046311 1.769701473 -1.352991573 0.324797421 -1.522293356 0.201785457 0.651332350 -1.036991677 0.055904449 0.889228636 -0.172390362 -2.017641211 0.161472825 1.867296142 0.859194289 -1.379090579 -0.716413765
-7.864883641 29.995065278 -18.401615187 0.230564600 -0.757823761 0.206977077 -0.574198225 -0.382227408 -0.901571444 0.686847483 -1.802911668 -0.290076476 -0.312758564 0.633136092 0.592035646 1.480298813 -0.430500083 -0.192965147 0.171125122 0.204439771 0.633669939 -0.799673424 0.840532003 -0.667701791 -0.825895234 -0.596817728 -0.031147247
-16.121098322 28.590200602 -8.569388881 -0.133251106 -0.812036367 0.548658378 -0.147699236 -2.047416081 -0.164471443 -0.169481633 -0.929123920 -0.510213386 -1.472424771 -0.961126596 0.177817940 -1.572318038 -1.889545085 0.079270841 1.714192686 1.385169703 -0.066661771 -0.509617692 0.230264071 -1.330755357 -0.177148563 0.645838736 -0.820199101
-5.067761065 24.869691846 -20.357792048 0.148712564 -0.726745878 -0.415060960 0.526734660 -0.208064055 0.192515713 -0.470982976 -1.308736096 -0.348830195 0.763909909 0.259966785 -1.265372454 0.965281363 0.110243532 -0.864120266 1.314788987 -0.744538422 0.434717466 1.180824986 -0.875926031 -1.289246937 0.025490761 1.488383728 1.086214374
-1.657984358 24.297131017 -11.823777915 0.513134195 0.149077461 -0.546292370 -0.645006864 0.517009455 3.307363987 0.399447645 -0.706154764 -0.008812101 0.094134237 0.635184059 1.625465041 1.910860083 0.217767923 -0.141049066 0.427910903 -0.622918909 -0.021652442 -0.854452522 -1.211195400 -0.902578329 -0.197985841 -0.523095281 -0.708197623
-10.612540193 29.608140591 -7.885535542 -0.615258341 0.608420957 0.494219893 0.083832035 1.255815744 0.383342503 -0.957055518 -0.660238750 -0.040310878 1.327264987 1.630585773 -0.858481718 0.943311015 0.653058183 0.897362111 0.450804883 2.209985381 0.922632435 1.286536622 -1.535193412 0.371007465 0.332264097 -0.624861602 -1.232617673
-10.827920958 28.342745307 -18.899767761 -0.287878572 0.478115326 -0.160546518 0.814098568 -1.773748739 0.978351189 0.210803401 -0.687723298 -1.012001023 -0.180542382 1.324118105 0.111579211 -0.011766926 -1.924766396 0.905728265 0.884143116 0.316437890 -0.085127109 1.446462658 0.274177795 -0.813997470 -1.389373544 1.576169411 -1.575542817
-6.568517008 29.589365324 -4.276085754 0.505151325 0.228431216 0.095083499 0.826801334 0.964144045 -0.058554482 0.455050687 1.756182711 1.310180010 0.857700519 -0.611793411 0.376005715 0.759497656 0.569507546 0.458779629 -0.300097618 -1.227413224 -0.381759584 1.051353692 0.904462296 1.615977840 1.461542125 -1.134232200 0.238167536
-6.053679159 28.459002648 -8.109533774 0.521510904 -0.033594601 -0.173286679 -0.834787102 0.519488286 1.271216759 -1.362548843 -0.383130983 0.870103787 -0.183074598 -0.424951494 -1.351377077 -0.358828419 -1.457237303 -3.378592204 -0.990349081 -0.527410997 0.139897221 -1.502601745 0.562418220 2.443824790 0.365484690 1.030057694 -0.732538984
-7.354011062 26.333194947 -6.629670345 -0.500732166 0.830442654 -0.239701424 -0.046642504 -0.318749058 -0.017642754 -1.553345738 1.671825395 0.102755432 0.239251690 0.565698928 -0.758257510 0.905566740 -1.575132271 0.455128186 0.231104984 -0.369267835 1.059582730 -1.061276709 -0.357452677 -0.143103229 0.062733177 0.345905659 1.362213003
-12.384535750 26.226656836 -17.392951381 0.008350643 0.729039058 -0.022695739 0.684044751 0.163858462 -0.114343236 0.615453724 0.940077986 -0.769277798 0.947521184 0.041851110 -0.098101390 -0.908968775 -0.053772142 1.311195402 0.784686391 1.536188554 -0.570814809 -0.055936995 -2.445321015 -1.243581743 -0.029027962 1.380875904 0.386715165
-11.132802224 32.060217464 -16.432337764 0.184366107 -0.276337708 -0.575996908 -0.746909748 -0.112033030 -1.077305346 -0.330366452 0.885051627 -0.756371674 -1.125426613 0.837212108 1.388578808 0.132459104 0.850239772 0.052079296 -1.757037485 -1.369880693 -0.576421897 0.700907523 -1.472052764 -0.726308120 0.688730742 0.506064439 0.096666490
-10.682050092 32.459141934 -12.086254107 0.750142451 -0.187092633 0.470141383 0.425734342 1.142229048 -0.090395092 0.338108157 0.602909421 -0.646858636 -1.304690540 1.057663534 -0.121022436 0.413810345 0.286423690 1.164770492 -0.134627063 -0.317004876 -1.193213720 1.072999041 -0.786040942 0.420014290 -0.683567449 -1.750448455 1.403239721
-14.396543814 31.817885726 -15.471969665 -0.415648741 -0.015488627 -0.202690965 -0.886517117 0.533616798 0.925700162 0.405338583 1.194897436 -0.267771323 0.506863442 0.497083921 -0.541785594 -2.276572489 -0.300077966 0.060780191 -0.425205288 -0.566418235 -0.300962347 1.889312728 0.750761336 0.260888734 0.252728100 -0.321016478 -0.476827586
-13.490638027 33.706005971 -7.010931771 0.551076026 -0.582025073 0.420662349 -0.424976723 1.086208537 -0.917854433 -0.142162951 -2.367559450 -0.196436522 1.851619544 -1.656330887 0.449355495 -1.272003092 0.721459000 1.400128263 0.912655044 1.857593521 0.858630684 -0.119321827 1.240518649 2.269073134 0.429844413 -1.644649709 -2.100309885
-15.153190245 26.024211541 -18.048640100 0.069853001 0.035654280 -0.995741245 0.048463415 -0.210518605 0.483301716 0.059994896 1.955490256 0.976044426 -0.467587554 -1.069767972 -1.581712061 -0.768679869 -1.658797631 -0.153044611 -0.097337840 1.058686198 1.678629219 -0.251664895 -0.743282595 0.606520691 0.161941204 -0.886301537 -0.383718603
-15.060701631 29.298353858 -6.849921312 0.123070585 -0.922527992 0.354236719 -0.091170616 0.140650803 -1.008634066 -0.101656086 -0.200284799 0.703935685 -0.930117351 0.402313887 0.631232230 -0.071245935 -0.600645421 -1.706297283 0.957811386 -0.110592185 -0.398977333 -1.131625702 0.243695334 0.314707893 -2.710901507 0.432356286 1.629941019
-7.471843775 20.178951320 -7.262639395 0.265390569 -0.280866681 0.151877898 -0.909733399 1.723566806 1.348338192 0.022474016 0.244219627 -2.565738505 -1.091208166 0.044836436 -0.878445934 1.597769369 0.281840646 -0.295980819 -1.598316426 0.633380298 0.594318114 1.744611640 -0.036515361 0.722470206 -1.106764606 0.093049734 -1.384493601
-15.653300869 23.793146534 -9.996165057 0.540434537 -0.155251244 -0.822884541 0.081783827 0.798739031 0.903248310 0.344784887 0.492508966 -0.508919707 -1.114162584 -0.641074709 0.121619066 1.012165404 -0.159423475 0.019506150 0.242888035 -0.187656192 -0.310788895 -0.292435559 1.620171654 1.283216248 0.339667471 1.181629557 1.195912704
-13.997746824 26.373103572 -3.746405570 -0.260981127 -0.626285857 -0.415305433 0.605950719 -2.784791285 1.037441237 0.333661045 -0.505511854 -1.843424915 1.322335140 1.256195875 1.019147097 -0.356934609 1.324602592 0.272114573 0.402102507 -0.073818968 1.819466804 0.312409895 0.521988962 1.037349208 0.471652102 0.078356185 -1.184294820
-13.349281383 22.177099192 -18.559807646 0.741594791 0.349754336 0.112588253 0.561277966 -1.186197454 -0.328458469 1.114426916 -1.210969186 -1.589321522 0.147420380 -0.024410019 -2.908555738 -0.682365614 -0.012577637 -1.176762806 -1.082550902 -0.000565848 -0.815035514 1.368915560 1.358167331 0.563659343 0.837801509 0.882213043 -1.027971748
-17.221906132 30.365001312 -13.516690777 -0.145823130 -0.529440611 -0.444162953 -0.707917740 -1.045649335 -0.677064156 0.119650358 -1.278680434 0.480667783 -0.934565798 -0.574979595 -0.160099614 0.350492002 0.189532198 -0.253157043 -0.277566115 0.802311420 -0.236107477 0.763965638 1.197696855 -0.191597726 2.077258675 -0.952143048 0.810319971
-8.572672253 33.656809200 -13.668691251 0.102804652 0.086141013 -0.963242824 -0.232753501 1.548690824 -1.379544453 -1.348450110 0.746335174 0.146121142 -0.830425336 -0.754988240 -0.605670178 0.442903106 -0.106601006 0.895013866 -2.106326906 -1.365185498 0.731530999 -2.151243242 -0.443318260 -1.255674217 -0.764806693 1.857175727 0.793724716
-11.562134708 29.526654498 -5.666041386 -0.300089008 0.332444431 0.076665020 -0.890814101 0.428779200 1.879204180 0.330389581 -1.633256995 0.306845029 -1.389257998 -0.873144139 0.734254442 -0.907960197 -0.544161832 -1.207838037 1.527058044 0.612808112 -0.479335310 -0.553823919 -0.055928361 0.113471724 -0.498684833 -0.177509217 1.694511754
-5.292467721 20.696290040 -8.411838469 0.050006249 -0.973739629 -0.208091537 -0.077642918 -1.070767930 0.860902885 1.690029364 -0.024658544 -0.853581968 1.139255195 -0.705885946 -0.098614914 -0.680450776 0.100936765 0.629291539 -1.628673251 -0.009702369 0.133554312 0.425186939 -0.665030090 0.169074706 -0.049027471 -0.754157625 0.682222301
-15.703280646 24.050355831 -9.919322322 0.325399462 -0.171246417 0.919867117 0.136507663 0.413744317 0.757450173 -0.784388186 0.385967736 0.303569502 -0.739662882 1.388180392 -0.296265533 1.663108698 -2.238652992 -0.774649678 1.093582658 -0.519710855 1.490313130 -1.791430562 1.367609508 1.826865058 -0.671650205 0.895996506 -0.317190523
-10.858996743 30.947101085 -13.272555404 -0.103238166 0.551531616 0.687680370 -0.460706486 0.964084544 -1.734179996 -0.748394258 0.883528058 -1.546359662 -0.606507444 -1.510371484 1.551103861 -0.695321269 0.153583431 2.275186086 0.068266013 -0.376563066 -0.766825331 1.482845540 1.463705225 1.597002273 0.615943049 -1.268048402 -0.676724484
-6.257021048 27.557364135 -8.018724219 -0.774221787 0.514048400 0.301234534 -0.213524293 0.250962367 0.103900867 2.629220046 -0.205699271 1.482523903 -0.046307009 0.047524636 0.564563351 0.122147624 1.602812254 -0.633555500 -0.255845537 -1.054810036 0.614240656 -0.990525337 -0.483116191 0.188042754 -0.160546376 1.387958283 0.540947062
-9.172944608 17.441866007 -9.100722071 -0.795237258 -0.319812071 -0.502657882 0.112485538 1.474859155 -0.833209162 -0.774344471 0.180863140 -0.713420865 -0.025795643 -0.857516358 -0.566823882 1.952155373 -0.606608503 0.636194388 0.237457231 0.819132915 0.056054367 -0.927158100 0.081078076 -0.163320887 -0.393474524 -0.568526162 0.707491873
-6.826980988 28.033954532 -10.830034362 0.185505346 -0.691056787 0.309178986 0.626447634 1.450320909 -0.275163905 -0.224918832 -0.561783269 -1.270928243 -0.614767564 -0.242539146 -0.903619582 -0.339771547 1.152082755 0.790233859 1.522945589 -1.142131918 0.866576329 -0.545355526 -0.244063934 -0.123917358 -0.828368199 0.831573711 1.335959588
-4.335851314 26.316020410 -15.314252892 0.430371612 0.482261464 -0.440576787 -0.622973716 0.110832924 -2.064697030 -0.427475349 -0.836304742 1.241672129 -1.041325461 -1.424624159 -1.136894868 -0.559362727 0.892264422 0.175542557 0.131711026 -0.282159689 1.684607478 -0.065895583 0.825126642 -0.924255360 -0.881150364 -1.695563176 -0.607489049
-7.416429089 31.204733021 -17.952308030 0.559171644 -0.181979629 0.337702426 -0.734960923 -0.637793947 -0.560351229 1.296071960 0.971065800 -1.383283212 -0.896332863 -0.278046851 0.835695132 1.169619976 -1.234368021 0.894254219 0.522726805 -1.443858013 1.215204043 0.464260351 -1.430329172 -2.381466131 -0.267815716 -1.295852937 2.632422827
-6.749572406 25.300580177 -4.512023113 -0.696423119 -0.344847475 0.013718528 0.629195408 -1.849682511 1.696712122 0.167576442 -0.507580008 -1.383002239 -1.963784576 -0.508264213 -2.757610695 0.091493526 -1.096041510 -1.703415343 -0.644446876 -0.049426064 0.322824502 0.002473078 1.134289368 -1.429236804 -1.217504726 1.267560344 0.412050314
-4.704836994 19.441262648 -8.963106655 -0.444661348 0.381994714 0.505584377 0.633040885 -0.089674298 0.469481535 -0.532420396 -0.734786880 1.244956517 -0.546604323 0.525775860 -1.714722064 0.240167485 -1.016323512 -0.318938661 -1.673030657 -0.124106840 0.086566215 -1.945228971 0.323228282 0.785902907 -0.940803877 -0.005716013 -0.351656623
-7.110593686 28.386256144 -12.477501406 0.040481542 -0.106505845 0.738079039 0.665024121 -0.826105922 1.147912334 1.003371192 -1.966806792 0.162331388 -0.898073606 -0.535761126 -1.029108921 0.053800384 -0.317333905 -0.114651936 -0.067407347 -0.042981079 0.463421325 -0.887078741 0.580395031 -0.233997793 -0.118899367 -2.151215688 0.457624458
-10.435352697 35.951769702 -13.193996318 0.566262863 0.297174324 0.263239153 0.722314986 0.327385383 -0.553727306 -0.372726401 -0.000205299 1.043232317 0.808052626 0.413758903 0.683632182 -0.355677545 -2.599851514 -2.297546820 -1.452948921 -1.015801186 -0.754865095 1.734340636 0.015906766 0.935273647 2.028093399 0.345485163 -0.176758436
