44.648122265 35.026153055 -29.989254388 0.643613188 0.279314146 -0.558724916 -0.442235389 -0.042864281 -0.919205823 -0.738387780 -0.389588915 0.258517797 -0.527261799 -1.092030690 -0.570326646 -0.221848133 -1.278217897 -1.713495445 -0.292258439 -0.990415480 -0.237726575 -1.133576196 -1.538701648 0.851427559 0.371208884 1.142005603 0.081680889
38.957132037 37.383710631 -30.386029783 0.224778560 0.735235131 -0.033991655 0.638551852 -0.757872372 1.757960517 -0.496039168 1.829025599 -0.248553220 1.637797340 0.069527577 -1.531516541 -0.455196626 -0.378446956 0.178345866 0.378635081 1.883675455 -0.614214338 1.715007965 -1.511464366 0.017814999 -1.537661818 0.620766066 0.154031575
40.034547830 32.012659561 -22.185216860 0.805232759 0.210665609 0.404032458 -0.379444301 0.521452216 0.093961601 -1.641513741 0.554329893 1.223144235 -1.090033817 1.256116968 0.886273130 0.443671506 -1.620782932 -1.583620715 -0.120993182 -1.453186207 -0.030383289 0.369837186 -0.793672153 1.059255720 -0.068329540 2.310443090 1.243302555
34.257843184 34.461346189 -25.698202093 0.587458662 0.022766489 -0.808838504 0.012421026 0.289670298 -0.126616270 -1.196994865 1.586163620 0.477391881 -0.362945612 0.323989836 0.245112497 0.239104873 -0.113541383 -2.040658914 0.033880088 -1.752112013 -1.028951231 -0.519277721 0.344818029 -0.377676263 0.924224198 -1.791761091 0.477553925
42.050220181 40.315232870 -27.528699107 -0.468982910 0.578541021 0.609836110 -0.271007815 0.537102189 0.016680365 -0.345929485 0.473111913 -1.467095178 0.135088983 0.360203342 -1.064037719 -1.731435905 0.024683674 0.855286752 0.230230326 0.921770565 -0.905782605 0.308729988 -0.615228075 1.467961556 0.595211878 0.024198880 0.560269298
37.895619518 32.733669812 -36.325633205 -0.755317824 0.233350057 -0.593146131 0.152382421 -0.551790721 -1.109780220 0.701615566 -0.376741539 0.990122567 -0.153157616 -0.242611985 -0.214027812 -1.767134791 -0.800494630 -1.089367461 -1.795420632 -0.556192971 -0.958308744 0.843458135 -0.490439998 1.474796571 1.801841862 -1.560335814 -2.287202544
35.833690472 32.814557294 -24.012867854 -0.084845707 0.889754085 -0.429304031 -0.129757167 0.612265465 0.863438126 -0.381925684 -0.847964679 1.730634684 -0.220015437 2.020256742 -0.725611651 -0.717793858 0.261993350 -0.941184096 1.611202350 1.066407694 1.254087361 0.624359437 -1.291822216 -0.606724357 1.490836812 -0.716636599 0.967076169
37.198047865 43.823145991 -33.209421901 -0.244437234 0.232673150 -0.911315424 0.235834351 -1.331934463 -0.489797168 -1.608690817 -0.021096090 -0.224350710 -0.834783203 -1.080523581 1.819806320 -1.100676922 -1.500148789 0.577622431 -0.307422955 0.262943330 1.368366864 -0.391546069 -1.350400524 -0.861264111 0.904436110 -0.221347918 0.036503185
40.131549906 31.368976494 -22.339103381 -0.192515328 -0.430055973 0.672968085 -0.570178626 -1.680158534 1.887211992 -0.866097860 -0.663860631 0.443807004 1.164988948 -1.128424860 -0.670959192 1.566924964 -1.928167203 -0.190382179 0.940529768 -0.341995905 -0.494269985 1.238667158 -0.435022882 0.350482895 2.268181743 -0.475592583 -0.014195192
36.424715654 40.237295591 -25.762790541 0.974495171 0.129053012 -0.164970283 -0.080556113 0.538175136 0.040787408 1.659129740 -0.021684210 1.136761328 0.782807365 -0.341267067 1.116049124 -0.026983024 0.938799123 0.933620368 0.915097534 -0.547031827 2.643702436 -0.920861114 -0.242853044 -0.192908201 -0.518094432 -0.064620088 1.778316708
33.559892983 29.143776226 -26.832325365 -0.403796743 -0.123502404 -0.375009106 0.825265726 -0.775987991 -0.258142076 -1.524354277 0.915140568 -0.671081646 0.793864629 -1.007031442 0.415497031 -0.891832008 -1.271883233 -1.210619044 -0.032852183 0.179583028 -1.346265903 -0.372054995 -0.490652560 0.962576928 -0.488905133 -1.687357573 -0.420965692
36.197874311 31.901179220 -23.874043824 0.551097155 0.405119169 -0.462682146 0.563999660 0.674913565 0.033572645 1.086752848 0.531650594 0.323884313 1.182796146 0.724502902 0.059020130 -0.478612811 -0.793754621 -0.062982106 -0.058827272 -0.958952708 0.042022442 0.430311705 -1.391443562 0.747066503 -0.616228692 0.345586902 -0.859290338
36.192060843 32.383989260 -36.047198663 -0.393502804 -0.778728526 -0.140552616 -0.467955542 2.051705018 0.631469008 0.905956826 -0.985209256 -0.301598958 0.910544051 0.332831026 0.846145966 -0.127403869 -1.378091362 0.798717705 -1.719251673 -1.258095778 0.994229311 -0.087325871 0.536957568 -0.256735817 1.145319454 0.692209864 0.655333713
37.516756222 34.213276830 -31.197955116 -0.078502743 0.167044956 -0.224906654 -0.956739410 -0.525852785 0.693511001 -2.487615667 1.372878610 0.703078137 0.016675657 0.560794081 -0.867268801 0.174353142 -0.536034235 -1.338117699 -0.830298205 -0.633528549 -0.922174557 -0.203806157 -0.521338236 0.781204531 -0.166149115 -0.607100460 -1.360846788
49.320995550 36.585262297 -30.343900016 0.873224674 -0.318526666 -0.314333398 -0.192909166 0.390592084 -0.858002778 -0.904923820 0.072074468 1.272800848 -1.113389979 0.771482726 0.086033331 0.225438556 -0.111528127 1.307905064 -2.197573223 -0.232171741 1.083711660 -0.001555990 -0.247155100 0.200362707 0.665247586 1.707535098 1.489642039
34.673891341 37.000697396 -29.153669414 0.283346807 -0.581142095 0.723629968 -0.241553559 0.990165463 -1.362103318 -0.199399611 -0.603512259 2.534255644 -0.967770197 0.263897621 -0.366412159 1.220892292 1.137026936 1.553567510 -1.224580026 -0.621220064 1.309316417 -0.369101751 -1.260877660 -0.003654046 0.668691044 -0.973720179 0.039061589
39.771503673 41.615960618 -25.376941574 -0.576591457 0.015892890 -0.543926039 -0.609453995 -0.865034513 -1.165904874 0.395903865 -0.690034969 -0.346466050 -0.305312970 0.589037654 1.391884498 -1.105911567 -0.000023294 -0.792855172 -0.838611421 -0.977308136 -1.517674482 -0.696139908 0.279986675 -0.034111099 -0.508506027 -0.517503690 -2.305821398
46.921778799 31.596821882 -29.265544700 0.673746238 -0.319081410 -0.244193435 0.620179511 0.369143376 1.230406402 0.483885245 0.809098926 0.938970315 0.173203168 -0.152168473 -2.125534334 1.685428915 -0.149484594 0.498274446 0.286924821 -1.129269607 -0.512115476 -0.115162436 -0.434124480 -0.800863743 -0.002675534 1.248801760 -0.052187208
45.300200133 41.448192859 -28.414532756 0.126745385 -0.108113903 0.358367043 -0.918596785 -0.967906173 -0.312120172 2.029417512 0.804060801 2.732442548 0.226783272 -1.081972769 -0.115069459 -1.397345476 -0.173265280 0.219392134 -0.593233338 -0.600573515 -0.950665899 0.034143768 0.144576596 -1.120347840 0.388121521 -1.065073651 0.883546639
42.674806945 42.149290339 -25.513225079 0.985287621 -0.102799006 0.116986548 -0.070390448 -1.623253917 -0.376066541 -0.881862230 1.219413719 1.224868514 -0.932989223 -0.437509229 0.051440246 0.484128762 -0.354557142 -0.803890929 -0.032513627 -2.154023117 0.202418249 0.710400043 -0.093652341 0.639680718 0.317479402 0.551098731 0.372224284
39.302005655 29.463269733 -29.842505813 0.771648503 -0.608244513 0.128322197 0.134649969 1.119999067 1.408795098 -0.034898574 1.688154221 1.679266256 0.064115510 0.264199105 0.181637576 0.132184097 0.748716538 0.300645918 0.385107446 -1.121315155 2.240714112 -1.230987120 0.585051497 -0.749709518 0.552530067 2.062421126 0.405282220
38.280103777 41.266524087 -31.534584677 -0.000186670 -0.115922705 0.976930465 -0.179356511 0.111315904 0.206461298 -0.236389891 -0.003135935 -0.688320385 -0.963099377 1.242619232 0.536233374 0.341711433 1.435930551 -0.635939716 0.288593341 -1.298753490 -0.336630898 0.799614656 0.188489519 1.705440307 -1.114469271 1.176337509 -1.316505302
35.501426293 32.594189308 -22.959962738 -0.302474072 0.272562793 -0.548592772 -0.730249909 0.730876322 -0.596242871 0.607916689 -1.655104642 1.814051657 -0.526717388 1.104367260 -1.508341055 -0.530670025 -2.786741576 -0.116830139 0.967160629 3.040835778 1.888053240 0.972775051 -0.321064039 0.849126785 -0.194776390 -0.830832316 -1.191039450
44.272045332 31.718024207 -35.844041877 -0.208057700 -0.809105501 -0.519725634 0.178733170 0.270318920 -0.498465494 -0.440654894 -0.532679084 0.567657786 -0.705535951 1.433006086 -0.008671685 -0.981864859 -0.223436911 0.712682431 1.446094122 -0.190402214 -0.119247660 -0.204360785 -1.051388027 0.242678102 1.914142474 1.003875595 0.115174561
35.217976068 29.597398055 -23.294974397 0.523749521 0.113809208 0.842678510 -0.051252635 -0.352377654 -0.111351176 0.304601070 0.248930403 -1.971978799 -0.980599996 -0.260246074 -0.214112697 -0.285197532 0.836030137 -0.249760458 -0.142429476 -1.743105592 -1.231223324 2.065001563 -2.287904697 -0.979977705 -0.859187186 1.719733115 -1.415797565
40.017859307 34.634124638 -34.259974380 0.169488558 -0.133099377 0.975261254 -0.049230793 -1.012070442 0.410269832 -1.267811555 1.862482716 -0.984994528 1.173377071 1.383259873 0.192483490 -0.769573767 0.390656335 0.979953827 -1.903139154 -1.722315791 1.193566131 0.132086631 -0.218194622 0.604590207 0.653686455 -1.415720099 -0.962247150
40.864614604 31.490550649 -23.600220557 0.506160586 0.543308057 -0.379826901 -0.551678658 0.308525002 1.778277197 2.320460802 1.604875989 -0.525805992 -0.225348757 -0.959766037 0.210317524 1.547968205 0.354997636 -1.424702603 -1.639610583 -0.901549119 -0.552945464 -1.256918675 -0.705253772 0.733598421 -0.640835683 -0.250276586 -1.217665751
32.031661957 32.984467137 -30.649596922 -0.283074031 -0.659743175 0.584252713 -0.378492805 2.611293255 0.497578147 0.307650460 2.310987895 1.210219140 0.704465573 -0.904418719 0.552587956 0.259291229 -0.321394317 0.897405221 1.100362569 -1.859697530 0.281622344 -1.377757778 0.822129882 1.189640702 -0.858444174 -0.867377799 0.190956883
40.292679002 36.249427711 -32.204840913 0.557086195 0.536068692 0.547787476 0.319709572 0.647739342 0.029855401 -0.085580564 0.384863182 -1.774031639 -0.861778171 -2.438656704 2.857273782 -0.042554909 1.647298467 1.076495758 -0.171163997 -0.457371640 -1.063489626 0.103656860 1.502442315 1.003834138 0.161590761 -0.534976653 1.217103896
38.808804852 29.582554725 -33.095782382 0.257552147 -0.894996129 -0.074485301 0.356511937 0.453610708 -0.824510515 -1.039573576 -0.865088999 -1.617574207 2.200415879 -1.444973839 0.461412377 0.301230737 1.577346062 -1.431508796 -0.337627298 0.221653881 1.934947435 0.119450699 -0.847079560 0.906559573 -0.261300974 -1.373956483 -0.932168014
48.581041750 36.732764690 -30.395186598 0.348782365 0.463644401 0.703293328 0.410808016 0.613564799 -0.071389954 -0.326732450 0.208470338 -0.120665872 1.569340391 0.773564505 0.871574882 0.347059898 0.226991347 0.737688447 1.202651186 0.616689172 0.567013538 -0.842295643 0.899261629 -0.834295371 0.753218836 -0.937805680 -0.396374218
32.776140552 36.019340127 -33.436759555 -0.238813237 0.882997217 -0.329526336 -0.233872929 -1.327070372 0.440068951 -0.465752744 -0.797191638 -2.206496833 -0.321799421 -0.291505588 0.022652768 -0.444710447 0.593537645 -0.135866403 -0.797968943 -1.771359508 0.058044015 1.978468065 0.496516549 -1.931336640 -0.584231126 -0.892156717 0.078833101
45.378873348 39.280635101 -23.468395398 -0.232312538 -0.555577288 -0.111896948 0.790470641 0.768827669 0.805509994 0.146041279 0.670321231 -0.654238999 -0.115588072 -1.785010421 0.250841516 1.465276502 0.557393779 -0.727723815 0.594150462 0.935039602 0.674163199 -0.342380971 0.954370302 -0.162241334 0.727082030 1.296352791 1.025347803
36.226464507 30.304129649 -35.393685183 0.854434106 0.441135833 -0.271246636 -0.042033295 0.142175551 0.740982194 0.196577934 -0.023873736 -0.631582463 -2.152478154 0.641675507 -0.131757349 0.509146601 0.555098318 0.175837839 0.058757163 0.713563797 0.668642086 -0.267140917 0.416378331 2.349939274 1.586118631 0.389194747 -0.326628093
47.143536251 41.568640746 -27.382797030 -0.270603126 -0.416270210 0.823432293 -0.274685857 -1.373863183 1.039323474 0.056908035 -0.234965239 0.350663063 0.428908145 -1.144793547 0.265563954 -0.335676091 -1.210419703 -0.250771298 1.153704934 -0.406035492 -0.143562606 -0.218462911 1.633341564 0.898965124 1.008943488 -0.766236980 -0.391182129
38.632780723 37.334632706 -30.033962099 0.719939892 -0.465158828 0.290767468 -0.425168316 0.953085586 -0.354621534 0.247337831 -1.389549620 0.400138554 0.548723555 -0.998191536 0.063746544 -0.925057814 0.560349538 1.863452267 -0.700281388 -1.422702243 0.377730580 1.253228940 0.238146040 -0.524730286 -1.160528575 0.527798129 -0.498123750
37.759336428 40.028129123 -32.540007214 -0.140153721 0.293200381 -0.755068663 0.569439888 0.045077649 0.508900870 -0.454976787 2.903103493 -1.288092778 -1.088142843 -0.037088078 0.035910374 -0.351569704 2.112957674 0.429062892 -0.625480954 1.447331795 1.062222600 -0.511332984 2.039550155 0.671782243 2.859333060 0.589008233 -1.039632675
34.010569924 29.524073858 -26.282684536 -0.037869002 -0.221987997 -0.876979518 -0.424492866 0.645006921 -1.637723155 0.294752002 -0.444547749 0.220620303 1.122511576 -1.187727304 -1.603396146 -0.775589586 -0.565886180 -0.783309013 0.040058177 -0.186674831 1.750184531 -0.047379815 0.424844756 -1.281651962 -2.743540596 0.874009495 0.873831226
38.393082456 30.580837587 -27.260453243 0.869883395 0.384017092 0.166392127 -0.261050591 -0.653144729 0.030780552 -0.564407100 -0.615896920 0.960179938 -1.674437425 0.190267254 -0.448216014 -0.140628188 -1.031916171 0.172711398 1.834493794 -0.924922015 -0.791768678 -2.174671248 -0.147482568 0.139152966 0.059717185 0.683566885 1.049834951
36.407322930 43.272189279 -27.202191207 0.171815460 -0.050655301 0.972293802 -0.150194046 1.268021077 0.613744944 0.555999856 -0.483246580 -0.791978230 0.178766873 1.701704265 1.858449732 -1.258537559 0.195952482 0.286554449 1.125222938 -1.992644752 -0.952304281 0.954763897 -0.683701507 -0.126486564 -0.238313733 -0.310083881 0.897154378
44.791997355 35.701306905 -24.918095532 -0.620269331 0.508019750 -0.436574667 -0.408147585 0.872697066 0.498385762 0.358872265 0.929771358 0.352292812 -0.038634980 -0.422873977 0.572727419 -0.317067420 0.264797818 -0.934558403 -0.587845263 -2.845141534 0.631197024 0.155890104 -1.462199501 1.355892509 0.931152380 -0.091682846 -1.104500690
38.650941675 35.508071836 -29.226782564 -0.251369460 -0.494925085 0.037606531 -0.830932190 -1.217344340 -0.875118481 0.801101670 -0.424924907 0.798392041 -1.422337912 0.546406945 -1.441483438 0.299698047 -1.433704365 -0.874337866 0.462661847 2.290162931 1.644997942 -0.735344337 -0.818490857 1.409069264 0.711061296 1.033890362 0.263622790
41.807946007 33.944091853 -27.067723594 -0.890743260 -0.185057115 0.353943345 -0.216920302 -0.855384958 2.002512214 0.489487829 -0.583621981 -1.777176623 -0.619402537 -0.053604202 0.094889173 -1.666486172 0.997473954 0.936188940 -2.471490038 0.908792625 -0.983401221 0.365135773 1.010945807 0.351926091 -0.228749913 -1.647074438 -0.595334649
35.899964236 39.990875241 -35.684787306 0.236900134 -0.494525018 -0.361829160 -0.753925057 -0.859655778 -0.100559887 -1.379218797 -0.043499197 -1.187672003 0.898190999 -0.879377023 -0.120032806 0.352854856 0.998858575 -0.037396199 -0.499466633 -1.623281802 0.170813835 -0.600765801 -0.509330689 0.060512207 -0.399321979 -1.168901101 -0.175068268
34.678341253 38.827792730 -31.799691865 -0.290698751 -0.497481058 0.813112336 -0.082795906 -0.081767964 1.566188573 -0.325370438 -0.314131015 0.159289280 0.602978383 0.123352457 -1.159922016 -1.477284683 -0.915936605 0.844997844 0.331695847 0.664883209 -0.207814330 -1.027540818 -0.655978747 0.759869270 0.517472646 -1.164718438 0.784633911
37.928772981 42.016090521 -26.865091784 0.681524657 -0.272624792 -0.160300872 -0.659926887 1.515115866 -0.309217846 2.130426483 -2.298085356 0.668959764 -0.475982182 0.413207409 1.123938172 -1.610829850 0.779846068 0.430281661 -1.288921269 -0.321655515 0.880919210 -0.960124474 -1.995315852 0.474187579 0.716405708 0.231227433 -1.943747425
32.411591261 30.556470430 -26.462849398 0.219706129 0.007587539 -0.975256965 -0.023355915 -0.824389986 1.006814711 -1.337251890 -0.329503098 0.772902375 -0.845018592 -0.011466176 0.643590715 1.041438811 -0.890362822 -1.813451313 0.337012765 -1.754985578 0.442904041 -1.517638425 1.257152781 1.169877457 0.433072831 1.300443848 0.628225261
43.831043528 27.493682484 -31.891805340 0.165010601 -0.562374637 0.530709483 0.612252983 0.370631221 0.666369177 0.063380971 -0.681689182 -0.114221541 -0.495617153 -1.475417870 0.179439619 -0.240521531 -0.848886857 0.238378731 -0.979720321 -1.368270163 0.079571108 0.799158595 -1.621469817 0.397990709 -0.123171792 0.872407891 0.741455158
42.949947730 40.220287363 -23.137004336 -0.903264357 -0.196315634 0.243176279 0.294005050 -0.999860820 -0.722803884 0.720626799 0.134614277 -0.966653344 0.169108335 -1.821965268 -1.413420597 -1.811668963 -0.400441392 0.365107987 -0.385983995 1.034219740 -1.777022223 -2.609581674 -0.119585536 0.414660698 -0.643067969 0.702002647 -0.559664526
40.409016076 31.676345535 -25.756005105 0.537224283 0.397828219 0.733594720 0.122317473 1.812461865 -0.985724553 1.764503578 0.673900481 0.321541342 2.002809762 -0.596956415 1.489565068 -0.157698488 0.754085184 0.940758434 0.377243133 1.469629890 1.956552241 0.034312602 -0.606198944 0.406893535 -0.035971575 -0.230122409 -0.438134839
32.622953960 34.396435992 -33.632423008 -0.586438874 0.675142920 0.087818759 -0.438815849 -1.458025300 -0.481460239 0.290642086 -0.589512614 1.390223320 -2.572163467 -1.062986836 -0.957011912 1.396470851 0.479181329 -0.800752678 1.097630797 0.481388982 0.288768678 0.739495108 0.119181455 -0.395908130 -1.598370381 -0.427550768 0.249081614
41.132559227 26.439077270 -32.096432322 -0.751346515 0.105448845 0.500913907 -0.416466342 0.397974529 3.434759442 0.273823188 -0.161566346 0.752686244 -0.143137332 -1.337067828 1.013513111 0.165178843 -0.504250978 0.601051326 -0.949456431 0.804826509 -1.346749710 -0.443356933 -2.269836909 -0.395306420 0.790096575 0.645560270 -1.481786602
42.466129596 33.076287523 -30.928116550 -0.019740282 0.540378923 -0.748593046 -0.383678763 1.063927730 0.088302180 0.028319232 -0.111609165 1.462486762 -0.049376243 0.371972584 0.675102712 0.469009733 -0.474793356 0.308259235 -1.090545677 -0.063822245 1.500290171 0.388309209 -0.123517286 -0.935329098 -0.321905655 0.886523954 0.576900993
47.972162039 33.390285790 -33.119268478 -0.591933302 0.204659099 0.366581025 -0.688002887 -0.698741211 0.096989100 0.855052639 0.894708833 -0.500356023 0.483680673 0.301404755 -0.193815033 0.228962840 0.552060982 0.153031965 0.351073714 -1.093411160 -0.886033205 0.335696941 0.574609128 1.567359853 1.035596537 0.409158311 0.124694714
35.816301146 35.239317393 -21.447248499 -0.342628643 -0.370614232 -0.659857448 -0.556631703 1.898635540 0.314640153 0.078462601 -0.055700891 0.623090427 -1.217814072 1.157748681 0.938703221 -0.910434416 -1.158618748 -0.725580472 -1.116449633 -0.663647433 -2.728666925 1.378545853 0.653926914 0.477270908 1.436376653 0.115009249 -0.245921765
45.861727828 28.296574035 -27.315626438 -0.518855789 0.211301905 -0.825595743 0.067318980 -0.480432017 -1.650550474 -0.965952687 1.842350304 -0.051689176 2.678170909 -0.759165687 -0.419998216 -0.138092408 0.148875774 -0.367780366 -1.941048567 0.727484783 -2.708302170 0.433891874 -1.391141446 -0.747866822 0.594460662 -0.743889411 -1.402867841
39.568016318 39.162201373 -21.707292545 0.888142663 -0.239732111 -0.212221260 0.329686612 0.754547108 2.076716406 0.640326738 -0.429835769 1.335145534 -0.663855635 -1.116498401 -0.578619850 -0.506704996 0.805315209 -2.152124473 -2.761311365 -0.400509797 0.402346600 -1.275912622 1.723830071 -0.675018445 -0.101787010 1.499116119 -0.528774072
41.851471915 34.955179613 -35.988319228 -0.901467830 -0.035703457 -0.368478044 0.224287639 -1.033103524 -0.360832095 -1.325937559 -0.529492260 1.411832069 1.630232996 1.131328668 0.451106148 -1.186841126 -1.335690808 -0.198934174 1.006282676 1.104213447 1.013640252 -1.084447078 -1.209021979 -1.622343136 -0.657528348 -0.951850401 -1.724922827
30.298443069 35.039477914 -29.940826940 0.393633249 -0.623358397 0.155176256 -0.657569390 -2.153208685 0.998391076 -0.011809334 -0.492285080 -0.187628309 -1.253418738 0.766084578 0.431217286 1.835711340 0.631034922 1.132123119 -1.720802483 0.227333332 1.047148578 -0.601397914 -0.561149117 -0.235147461 0.969034113 1.995808366 -1.113004480
42.693286616 44.119799947 -30.445330649 0.530498177 0.472954413 0.381756471 -0.590887302 -0.615765714 1.256751059 0.105678056 -1.484065069 0.016545671 -2.139721903 0.145583710 -0.662147526 -1.166452559 0.907291142 1.929668316 0.877855883 0.825699411 -0.657555147 1.041855129 0.907064588 -0.118915128 -0.636697217 1.076353476 0.455989505
41.494064215 29.220233225 -37.111769282 0.685926330 -0.687203620 -0.239251494 -0.003869950 -1.657728238 -0.635817895 -1.449862550 0.427143088 -0.869975710 0.217627134 0.628675107 -0.620794800 0.529286391 0.723984598 1.379638192 1.038703586 -1.277236789 -0.015900946 -0.269319489 0.692223996 1.628370748 0.142130921 -0.944363085 -0.451965931
48.236060190 38.137734284 -28.798117219 0.004845909 -0.797565393 -0.063431296 0.599868679 -0.867593373 0.725919565 -0.918605230 -0.485867334 -0.291022864 -0.634593233 -0.588910910 -1.525681347 0.067676951 0.476062613 0.157670282 1.635699204 0.204458680 3.108085249 -1.271708660 -0.467141477 0.211360979 1.972085598 -0.446111905 0.102455362
43.407313609 31.892281991 -34.052574871 -0.257899726 -0.086924668 0.515307474 -0.812643859 -0.152019351 -1.233478364 -1.044290914 -0.399493620 0.716652556 0.472674898 -0.007414785 0.655971098 -0.817076945 -0.164026483 1.126500252 0.002284176 -0.985404496 1.566873996 -0.672628625 -0.196309378 0.680478237 -1.342333264 -0.686362124 -0.137941570
36.200299289 39.882173688 -28.044668140 0.973844382 -0.114026998 0.137850390 -0.140079385 0.464058456 1.350882812 0.847056755 -2.861796200 -0.445522248 0.476355324 -1.355850841 -1.969053911 0.788968035 1.817894997 -0.668829448 -1.616635386 -0.166386430 -0.432350346 -1.433481815 -1.106366782 0.452422962 -2.186320191 -1.961705706 0.839222709
35.762655664 29.134587141 -23.179523608 -0.485133665 -0.641033095 -0.348306066 0.482083793 -1.451909426 0.406247340 0.950966463 0.163152622 0.115136695 1.088317155 1.204042679 0.756610009 -0.914588401 0.435791259 0.934787149 0.079636193 0.981425646 -0.299643913 0.850385203 -0.832901535 -2.119985777 -0.712729665 1.089123765 -0.707598016
38.137018887 36.477110997 -33.555941452 -0.282078782 -0.108487440 -0.843149271 -0.444703658 -0.364044954 -1.777404958 -0.010036805 0.082599722 0.299491011 0.255230269 0.163330800 -1.317854616 -1.467892861 1.797590547 1.344123253 0.404923124 -1.302318988 -0.045207343 -0.789403717 0.498980770 -1.530989766 -0.807186220 0.378321471 -0.079762211
42.972452742 43.090487287 -30.454681696 -0.087344976 -0.369595528 -0.823354505 -0.421731383 0.610924452 -2.043608595 1.663325449 -1.135956739 -0.264470302 -0.497590450 0.134242358 -0.802710196 0.050650077 -0.923551240 0.212259272 -0.071231436 -0.459411423 2.492192035 0.574245709 -0.367149567 1.194318111 -1.787628544 -1.115907210 -0.959106770
41.083226128 33.074285135 -26.163889627 0.053705551 0.156283642 -0.815808082 0.554209626 -0.211501125 -0.740695601 -0.451481164 0.522885568 -0.890197342 -0.330320992 -1.939020119 -0.959293677 0.454028933 0.480651493 0.772667728 0.899228776 -0.292776303 -0.322269526 0.040877445 -0.971690513 1.375974824 -0.926758622 -0.364427210 -1.499775040
36.383163822 34.072818191 -22.499269830 -0.443630507 -0.254146356 -0.231838442 0.827558179 -0.599180636 0.115170457 -0.504683774 -1.271899582 -0.305145717 0.040543016 0.964021278 -1.161337126 1.378804230 0.059383916 -0.903172837 1.045232106 -0.457466874 1.008150471 -2.520732578 0.215378636 1.296072607 1.838084284 1.175990393 -0.754939088
39.573184642 30.276947379 -31.530465881 -0.076552387 -0.873411371 -0.472952009 -0.087227899 0.046293298 0.249164575 -0.472685101 -0.117191492 0.281707270 0.421645889 1.674622902 1.835006857 -0.037805482 -1.117346056 -0.140108545 -0.722433688 -0.178703599 -0.753813144 0.863684871 0.579688193 0.267395606 1.705509336 0.293611884 -0.212447943
36.139452778 29.315011935 -33.749624492 -0.387420081 0.424534149 -0.192413223 -0.795395241 -0.951079707 -0.914543626 -0.053110636 0.710278203 -0.833350075 1.265176863 -0.268115667 0.130849693 0.253367025 0.977453362 1.109664914 -0.122487825 0.612517671 1.174132937 -1.198490641 -1.577235689 0.949776120 -1.050725529 0.825035370 0.039651086
32.887283649 38.687417927 -31.682489970 -0.440261855 -0.007922003 0.547539564 -0.711552645 1.254841399 0.615451413 0.510227092 -1.925695750 1.948895680 0.724442616 0.509098747 -0.369525262 -0.329310239 0.339719322 1.726387073 2.117961676 0.567161021 -0.088898941 0.568106425 0.812448357 -1.215191096 0.167374637 0.925674721 -0.835436484
46.425702799 29.384081363 -30.261028584 0.357080383 0.438774703 -0.821103526 0.075890450 -0.492351751 -0.092052203 -0.882403215 0.465790500 1.241654824 -0.215258656 0.618862562 0.700233162 -0.527026915 -0.372811773 -0.693066573 -1.733259314 -1.190220671 0.436958974 0.094032685 -0.548509071 -1.651924062 0.005940448 0.116890709 -0.423367629
30.749313730 38.540449223 -29.630102594 -0.409999780 -0.504779773 -0.434160385 0.623379757 0.881862654 -1.471319090 1.269865702 2.150531859 -0.917716581 0.064248531 -0.538959807 0.378548959 2.210366006 -1.016854559 -0.173739420 -0.955816552 0.210848425 0.430370749 0.737623393 -0.608020991 -0.453010455 0.677566850 -1.279966486 -0.621503386
34.724162077 33.963981994 -27.757925264 -0.328702636 0.524230831 -0.785397997 -0.016929243 -0.729219417 0.681487316 -1.431824216 1.065035640 -1.266404551 0.194818291 -1.041599400 -1.185467511 0.155970186 0.787062706 0.114844759 1.088442605 -1.337560474 -0.484680671 -1.338466400 -0.025287329 0.164339152 -0.700017978 -0.038770423 -0.631841733
36.943916118 27.968537089 -28.146519494 -0.445443875 0.458155912 -0.456614721 -0.619012044 1.501553624 -1.001144003 -0.937939295 0.358721705 -1.425219538 0.794777600 -1.300052355 -1.296091633 -0.197621457 0.897606639 0.259100366 1.054157323 -0.381083317 -1.285508593 -0.736358327 0.324219334 2.036232639 0.699991945 -0.677610852 -0.686904921
34.872028121 38.431719830 -31.342640059 -0.019931645 -0.646935510 0.655552454 0.389009197 0.606067700 0.582179948 -2.826464265 -1.388762058 1.303618368 -0.537478522 -0.420727364 1.141082333 -0.946200906 -0.133921886 -2.132654305 1.258291570 -1.254624485 2.156199299 1.491396787 1.957521404 -0.939721493 0.177214692 -0.481680814 -0.883369985
34.634493407 28.942479801 -24.378488748 0.517342854 -0.316482987 -0.311342699 0.731615072 0.252639669 -0.007637242 0.654270912 -0.362909736 -2.378192378 -1.265874363 -0.773071942 -1.681331732 0.178048566 -1.039901108 2.047109690 0.552063596 -0.048865365 1.429039826 0.467937505 -1.715296991 -1.988239842 0.356440239 -0.178403109 0.629090645
47.927366351 35.962738685 -34.381100186 -0.757316184 -0.392709061 0.284024892 0.437700413 -0.783838917 -1.148548473 0.637867125 1.543847810 0.420407098 0.366210199 1.364154213 0.000383365 0.557568591 0.755831209 -0.143904817 -0.010406193 0.352779210 -1.344649754 -1.472611697 0.762810010 0.257345828 -0.328078909 -0.577766097 -0.452117221
36.345689847 40.709462923 -31.501382954 0.962444786 -0.134316856 -0.186742505 0.144174382 -1.427403332 -0.945828575 -1.020353241 0.742717971 1.176918911 -1.504776262 0.007949354 -0.060649416 0.444381385 0.861466633 -0.077501049 0.096558190 0.997801888 -1.831139439 0.121471720 -1.069736197 -0.288356449 0.057408503 0.076444878 0.485965125
35.979756976 34.692062096 -24.314783177 -0.008462328 0.916257260 -0.280724876 0.285647628 1.037433945 0.525474846 0.535453312 -0.268671268 0.857625811 -0.544250663 1.406154732 -0.797522433 0.787821024 0.090748534 0.269383695 1.083038253 0.462455892 -0.207516025 1.802623011 1.460941873 0.531800801 -0.131028786 1.713586873 0.285948793
46.099908824 30.640746273 -31.278659602 -0.426576982 0.720291933 -0.464166317 -0.289415340 -0.481427732 -0.774582832 0.616232513 -1.157480826 0.505284537 0.317956044 0.453952199 -0.516521956 -1.249261385 1.129379227 1.788134034 -0.595565869 -0.801612719 1.559117044 -1.572674290 2.823374267 0.690942745 0.093454725 -0.241156004 0.692539104
38.554056510 25.681570395 -27.073804754 -0.980024825 0.131565364 0.142989351 -0.042378566 -0.051814077 -0.019919522 1.291570187 -0.665887993 1.647687854 1.215459374 0.463126651 -0.038144619 1.513812068 1.018509705 0.668299041 -2.615876024 0.655714461 -1.684075235 -0.676928408 -0.248528934 -0.428863124 1.585147409 -1.107821136 3.268530580
41.371567026 37.301376396 -25.514022681 0.394652289 0.826106998 0.159442809 -0.369289575 -0.166313100 1.192071614 -0.709695122 2.152343599 1.961582361 0.795028745 1.407642837 0.118308126 -0.642566144 1.482988967 1.634739226 -0.707906941 -0.341061060 0.401093092 1.272638688 0.739236372 0.204787192 -0.510357182 -1.014806935 0.427502909
38.173071258 41.036082101 -22.171092831 -0.124948520 -0.780735668 0.565594602 0.234398016 -0.853482717 2.467402276 -0.799040548 1.803358684 -0.218644638 1.485053706 -0.291911785 -0.139897117 0.686092017 -1.126067568 -0.277155218 1.795319078 0.826307771 2.399385955 -1.216658817 0.977875559 0.127723437 0.001677148 0.042218157 -0.409083456
41.895689602 35.913538432 -22.353561251 -0.947054629 0.154058397 -0.252460430 -0.124969085 -0.873937791 -0.194488049 1.107083741 -0.870973436 0.318013152 0.153620113 -1.089075543 -1.596334257 1.492158592 -1.953597143 -1.073507146 1.008645304 -0.042875780 -0.140725573 -0.171700673 -0.708003759 -0.787657601 -0.473399176 -1.037656988 0.425490986
41.775065536 38.387987789 -28.384420753 -0.451744680 -0.148254321 -0.490060666 -0.730607928 3.151765206 0.344211473 0.940168483 -0.641392105 -0.361018175 0.320039068 1.811715966 0.661160512 -0.020588768 0.213480404 0.698796638 -0.945093994 0.841780826 0.856070954 -1.418230045 0.897218051 -0.776943005 -2.530485706 -0.510362162 0.008108503
40.831908463 33.020616528 -32.600653057 0.905880435 0.211157905 -0.053977250 -0.363152080 1.053033763 -0.675361031 -0.241249777 2.163286976 -0.424485952 2.046573239 0.170448931 0.379170649 -0.529573832 1.040949670 0.597251428 0.044786524 0.408265623 -0.312995137 0.802516976 0.248824580 0.346412443 0.219931266 -0.929125165 1.002382249
38.265077180 36.753884600 -21.069495346 0.276208665 0.276671595 -0.739165204 0.548449089 -0.550537450 0.597717472 0.970124888 0.319725586 0.716503956 -0.253334057 0.012423461 -0.624326997 -1.585715134 0.925831788 0.403213409 -0.084168218 -0.813549697 -2.035294090 -0.753110903 -2.299837078 -0.681505580 -1.540271213 0.094651156 1.830372664
46.214948950 33.590732048 -22.602356200 0.224416591 0.185346596 0.399288878 0.869397622 1.365569300 0.727700775 -1.188571506 -0.548852369 1.755947513 0.811013121 -0.391895851 -0.375134043 1.290857225 1.563515494 -0.987660019 -0.458670278 -0.638697781 1.445950762 0.249384907 -0.129925584 0.097760591 0.770701313 0.059325837 -0.163476330
44.451174622 34.332360448 -36.092425886 0.389810346 0.793190712 0.233872917 -0.405215803 0.075884802 0.438124598 -0.773609672 0.610771740 1.321943799 0.652586834 0.649207553 -0.239682912 -1.181971580 1.893031234 0.254527080 -0.328378931 -1.736831303 -0.549865526 0.409255620 0.403673485 -2.259349369 0.870460179 -0.017942203 -0.355207867
44.112873704 36.594838460 -25.398627997 -0.028363559 -0.814975761 0.578403850 -0.021424403 -0.320486261 0.219234138 1.108291708 0.635233415 0.147507484 -2.676738408 -1.088298280 -0.388214798 -1.692274208 -0.165604806 -0.263502159 0.108047513 -1.191133692 -0.047237543 1.225763838 1.753095830 0.816816992 -0.493113588 -0.053187064 -0.627902820
37.522918903 28.653677822 -25.452293054 -0.565777569 0.541068649 -0.264553442 0.563162442 -0.938067869 -0.031719281 1.346004865 0.063027220 -0.782356277 -0.830249215 2.172618514 -2.104969745 0.218545587 0.587221612 0.153358111 -0.415917044 0.168191615 -1.916750210 -0.242356559 -1.484404737 0.213866807 -1.331246863 -0.506695253 0.939069377
38.067921290 37.844702620 -26.101499297 0.862008162 -0.467628462 0.081616924 0.177775781 0.154868726 -0.500537436 -1.642603936 0.239649679 0.235029271 -0.391269094 -0.730407141 -0.075012204 -0.737560133 -0.023484905 1.276951708 -1.982291791 -1.608614943 0.367577126 1.643219574 -0.172652853 0.678219356 -0.411468578 -0.682269977 1.481634595
41.254470677 30.039991667 -31.085721448 0.028763452 -0.292190258 0.951692562 0.089882055 -0.431845672 -0.065535403 0.360946565 2.077948572 -1.385007512 -0.901658870 -0.594909023 -1.228848201 1.399869145 -2.297944958 1.143969245 1.776391044 0.060666005 -0.720107407 -1.215707066 -0.755227808 -0.367997783 0.450306492 -1.843043447 2.439134836
33.904326499 39.328361164 -25.808325726 0.821687854 0.369398950 -0.353619359 -0.251648239 -1.265495804 -1.297071169 1.458401105 1.291456913 -0.238118971 -0.788691230 -1.350608878 0.703235935 -0.460934215 0.551589043 -0.263387289 -0.226407954 -0.896548076 0.372375887 -0.207429749 -1.571696603 0.056667404 0.339805632 2.653720770 0.013394413
45.464741154 42.404400743 -32.306245660 0.036243869 -0.731957617 0.047728178 -0.678709401 -1.059274331 0.471056876 -2.162652272 -1.767645258 -1.708212154 0.535102525 -1.244147375 0.495204774 0.226352554 -3.643936139 -0.025023870 -0.658442204 -1.220886649 -0.583392683 0.637499249 0.388781012 -2.142754524 -0.561501510 0.179507526 0.780134751
37.072161384 34.870809276 -29.651173105 -0.680873278 -0.652469036 -0.314726046 0.107903902 -0.240931661 -0.871760291 1.311426336 -0.085986026 -1.291159806 -1.447906326 1.874491699 -1.143526267 -0.820396429 -0.824940224 0.618330686 0.055867183 -1.138192235 1.258590481 0.053840808 1.160742167 -1.097279788 -0.376484939 0.962705302 0.871844845
36.217341300 30.376589693 -23.533693192 -0.082683875 0.624046113 -0.775245342 -0.052196609 0.241433369 -0.121818652 -2.106602567 0.787524053 -2.760230313 0.962805413 -0.762018712 -0.443542004 0.086513423 -0.172959985 -0.138255620 0.126961625 -0.515960182 0.364140164 -1.200012695 -0.593154535 -0.467551195 0.174794407 1.463863133 0.746357491
46.861941084 32.871845359 -31.203056607 -0.227868401 0.714077648 -0.047301132 -0.660251245 0.532847519 -1.051912977 0.485620796 -0.800888324 -0.064904846 0.809500466 0.089254565 -1.098650753 1.042059145 -0.510206988 -0.669763140 0.822246980 0.964250975 -0.249534694 -1.556253624 0.509044244 -0.093861668 1.014998119 0.106192516 0.355248764
43.084926064 33.367132717 -31.651252815 0.447662974 -0.411976534 0.793433791 0.018330772 -0.427050487 0.326354358 0.200255136 0.996032873 -0.386207485 0.070921172 -2.123328672 0.256768380 0.769740708 -1.103193660 2.096388228 0.876576468 0.891455441 -1.550128513 -1.615575240 -0.312125284 0.190341469 -0.615634762 0.243557978 2.339576865
43.816667295 29.352583487 -32.536981649 -0.060617384 -0.291727184 -0.945164216 0.133736261 0.397917450 -0.732229410 0.229226010 0.347595188 1.444096373 0.075325709 0.613271045 0.793727458 -0.426041479 -0.640766149 0.639108562 0.227435821 -0.050070836 0.732008952 0.442246194 0.246132380 0.432919206 1.271279503 0.875746019 -0.200895071
40.483514929 33.259207442 -19.854097121 -0.705777002 -0.099564131 0.314206446 -0.627088603 -1.111195222 -0.208416490 -0.710012453 -0.569835494 -2.255206996 -0.649358472 -0.728721509 -0.923694308 1.578578085 1.152869558 -0.372699992 -0.280048275 0.661093454 -0.627196793 -1.000100164 0.191162200 0.459055531 -0.655758872 0.182652543 -0.667562277
32.350917771 36.448350963 -35.233579055 -0.362713694 -0.568806013 0.704651726 0.219919168 0.482828833 0.326481672 0.392575281 0.132702035 -0.406591532 0.292642704 0.169265241 1.198415682 -0.716613042 1.436907253 2.345562497 0.238399138 0.715566634 -0.097225652 3.243945227 -1.427189829 -0.211649762 0.965037367 1.137249832 0.153853376
45.230756854 40.607166888 -35.551285835 0.581354201 -0.730200842 0.330943615 -0.138961675 -1.294479947 1.573837054 -1.773727630 -2.020110135 1.459645911 -0.262439655 -0.349804655 -1.898616450 -0.035995761 0.895892680 -0.285316752 -0.613616057 0.004741284 2.447164679 -0.467143336 -2.111359196 -0.746776965 -0.331953423 -0.330133469 0.321557536
39.640205096 39.652064322 -24.269189192 0.848397035 0.303872538 0.421530519 -0.100975110 0.183530145 0.419070474 0.466833519 -0.392553618 1.382729886 -0.835548018 -0.436797711 -0.782022443 1.092549878 0.020868142 0.331181095 -0.107669018 -0.045208170 1.263722873 1.434488270 -0.100641552 -1.505920250 -0.529312065 -1.004564237 0.497612943
36.627644293 43.047460429 -29.334498671 0.605307584 -0.647583926 0.371537430 0.276039356 -0.908843465 -0.021263871 -0.523355052 -2.141065046 -1.282735281 -0.202652022 -1.052579379 -0.167772924 0.214167489 -1.261216761 -0.542458730 -0.094781595 -0.511385126 -1.730552333 -0.685936334 -0.382775148 0.382396752 0.287370783 -0.530846668 -0.431561009
39.653008088 40.492989136 -35.093153897 0.737316882 -0.519051355 0.423748792 0.085944570 0.768161592 1.755570815 -1.061813884 -0.163743508 0.156057734 -1.329248552 -0.878311073 -0.044349626 -1.073108147 1.034745502 0.278702490 -0.046256828 -0.760693805 -1.039344672 -0.035294338 0.469349079 -1.611150103 0.277471671 -0.674913381 0.281647113
40.615322612 38.556461056 -24.760614966 0.246781637 -0.561256707 0.073001883 -0.786613283 0.297871061 0.846049616 -0.176571601 0.047608834 -0.661913767 0.747317758 0.240806114 1.017975109 -1.087742311 0.179482159 -1.704691866 -0.604002620 -0.999667522 -0.160893424 0.375333541 -0.320707943 2.127646720 0.341882109 -0.592010238 1.214002208
38.651989387 40.334575112 -28.337892795 0.008674095 -0.204125557 0.773590909 0.599845499 -0.204105089 0.888194512 2.285004108 -1.256575917 0.055455421 -0.761193680 -2.543442943 -0.734484445 1.555364833 -0.298522064 0.526183000 0.791339240 -0.777927669 1.214612593 -1.836357354 0.125765563 -1.046318651 -1.198285107 0.648141338 1.001633585
30.470140404 32.817090310 -27.327859484 -0.213462505 -0.838394386 -0.377044197 -0.330705740 -2.041642586 0.754435174 1.134704489 -0.451119053 1.302902092 -0.057610092 -0.145465814 1.344770905 1.028150949 0.683284011 1.182030569 -0.036360668 -1.981170641 -0.328698155 -0.681198823 1.261084270 -0.944398525 0.673877891 0.255806537 0.013242607
39.569585495 36.286270354 -23.184812828 -0.163612264 -0.337143821 -0.856424844 0.355107812 -1.253331702 0.632390237 0.925590083 0.252710107 -0.875923365 -0.353096965 -1.225922201 -0.194579683 -0.559384914 0.329231883 -1.241364229 0.010521232 0.038556683 0.698412606 -1.259306550 -1.174527414 -0.480216544 0.315721549 2.734327356 1.248177690
38.870453161 38.584513674 -25.818603172 0.704140465 -0.056432465 -0.565562224 -0.425606571 -0.802386830 0.502860001 -1.300178991 1.943584563 1.156974729 -0.300678586 0.509893122 -0.710619567 -0.401610903 2.007202965 1.698619372 0.606053358 -1.526716738 1.888764927 -0.974604333 1.282897919 0.585854316 -0.439052184 -1.717236717 1.477183406
33.420084778 34.153154344 -29.343978066 -0.107651215 -0.786999113 -0.542563034 0.273256228 -0.220170241 -0.065445840 -0.818096402 1.367624850 0.117739272 0.607935385 -1.347541857 0.114844473 1.357806714 -0.348518839 -0.222813707 -0.040222673 0.645258522 -1.088883650 0.736285276 -1.349320602 0.305106986 -0.115093209 -0.541623770 1.328556933
42.040824499 38.595334448 -25.217214874 -0.799312317 -0.530908807 0.281479294 -0.002250564 2.159448049 -0.300694778 0.959063250 -1.237595857 0.642700515 1.355827452 -0.468529014 0.356426173 -0.415670521 1.022292419 0.667156588 -0.559525030 1.481675551 -1.664599838 1.714514956 -0.703383555 0.009919050 -1.237213494 -0.644852460 -0.232794298
39.827605070 34.565480406 -22.621724039 0.277239499 0.644929833 0.245009615 -0.668710744 1.300460071 -0.614392520 0.948362616 1.105170704 -0.218577666 -0.300139537 0.162430599 1.084472002 0.400749331 0.004589424 -0.584912810 -0.899782249 -0.776720409 -1.921775982 -0.649209497 -1.139811142 -0.735815137 -1.791825552 -1.677468754 -0.525984060
47.513557948 34.167267466 -32.216320990 -0.006712806 -0.554541038 0.813420110 0.175461962 0.461458293 0.378759315 1.168118251 1.098902023 1.378220356 -0.420489734 1.649641991 -1.228186088 0.055490920 -1.876302004 0.979311149 -1.917190199 1.854487193 -0.032524413 -0.504274567 -0.312338898 -0.716336913 0.163906593 0.759104471 -1.010365430
38.957390288 41.392624206 -28.272190349 -0.314785844 -0.045058604 0.311649179 -0.895407384 1.072524604 1.061082673 0.391237596 -0.651703462 -1.308230834 -0.428506800 0.165885789 1.242536151 -0.929111209 1.481858385 -0.173635525 -0.021963147 1.113659207 -0.943487642 -1.041246421 1.651570039 0.885810990 1.532628571 1.980496468 -0.842928768
34.308772482 29.188065404 -29.632493647 0.052726341 -0.831865285 0.207804830 -0.511895724 -1.567090123 1.911344639 1.705260129 0.795772975 0.775782521 0.350919948 -0.674167297 0.669396391 -0.116111413 0.101985563 -0.125570069 0.919692520 1.246956268 0.212204562 -0.307124878 0.684839838 -1.736074088 1.786294081 0.509348080 -0.938147667
32.363142093 29.170391775 -28.589468547 -0.646596656 -0.137741659 0.248655824 -0.707891433 1.737071890 -1.930781065 0.569774106 -1.606380832 -0.449860328 0.849166218 0.039061439 0.902787831 0.648591393 0.488745704 -0.965356254 -0.458215131 2.767483478 1.459564627 -0.748011309 -1.038634450 -0.819292906 0.013192507 0.871699778 0.272988356
38.056568228 28.510997713 -23.919602086 -0.177453786 -0.324097110 -0.554473906 -0.745674127 -0.732878980 1.184528903 0.037730999 1.429595193 -0.391644720 -0.486010844 0.249172133 1.007086022 -0.120492353 0.302798299 0.268147050 1.407103040 0.231034461 0.609322645 1.209677372 0.893659443 0.801207494 -0.358949373 0.618230761 0.082199781
47.806190361 33.232588919 -29.430630320 -0.758896033 -0.174306231 0.627279963 -0.014628641 -0.075998607 -1.126464227 -0.629247898 0.871897538 0.980637582 -0.640324395 0.806261953 0.603635436 -0.111079956 1.094686647 0.405878941 1.292103794 0.864648673 0.136341487 2.693547008 0.837193426 0.807218240 -0.508958923 0.553293346 0.180539166
35.076280327 36.291923513 -27.578092878 -0.477836337 -0.855922496 0.138210171 0.141304863 0.488713037 1.675217231 1.588388777 0.346638412 -0.488877628 2.346276890 0.273781389 1.306092903 -1.924310829 -1.303444680 -0.028168691 0.831246092 -0.756156934 -0.417306497 0.555485481 0.581958901 0.816969554 0.114834999 -0.967885732 -1.020731240
38.119426562 36.777432007 -31.159937472 -0.231857260 0.227619033 0.901234746 -0.286718885 -0.250024744 0.705706934 0.021128434 -1.161660364 0.876641599 -0.643637265 -0.092196511 1.359809917 -1.457551035 0.144549485 0.152436089 -1.505470743 0.975181264 -0.793757380 -0.206266288 0.546524988 0.644716032 -0.914281171 -1.387152713 -1.104977380
46.063796483 28.715170222 -33.798713095 -0.084741799 -0.439316810 0.704140993 -0.551366512 -0.036791866 1.531960266 0.426054678 -0.855530901 -1.655124753 0.691594141 1.094081012 0.140975472 -1.425109145 0.673808063 -0.484257286 0.963624562 -0.089305849 1.752449825 0.819999194 1.208620563 -0.475929789 -0.203421201 -0.770538554 -0.702489892
44.406675164 41.305411311 -32.254624116 -0.023642864 0.906794218 -0.040589148 0.418948424 -1.196286318 -0.831011400 -1.380475056 -0.628292417 0.806617426 -1.016555695 -1.365646195 1.225093907 1.292688612 -0.037146624 -0.504263166 0.041637294 -1.239403321 0.235033280 -0.380872157 -0.178059331 -0.108802386 1.680253558 -0.103069379 1.022035245
48.727040999 34.874758211 -32.693216010 -0.506069022 0.111623790 0.855135275 0.013339267 0.738801118 -1.306352083 -0.092459262 -0.012530830 1.195507056 0.702324865 -0.037555570 -1.380596217 -0.450424638 -0.787796068 0.391853889 -2.013345657 -0.881031504 0.610792538 0.526687192 0.876852487 2.476647071 1.824414221 -0.131074091 0.740217809
34.781364568 36.034687028 -21.601076671 0.342285595 -0.921039276 -0.057620459 -0.176655333 0.613277146 0.986439841 1.302038119 0.717994500 -0.815652617 0.713197731 1.115627338 -0.122781114 -0.712691056 0.880344502 -0.435275324 -0.639247387 0.007352039 -2.073938265 1.679985770 -1.231579817 -1.520772267 -0.232198009 0.172750348 -1.085922678
41.639284524 30.140412274 -20.932196769 -0.684254842 -0.145215408 0.656828381 0.281574634 1.452867878 -2.252361344 0.150906823 -0.611889901 -1.664910235 0.582809896 1.024111487 2.369227094 0.518729342 0.849520229 0.136331028 -0.760863957 1.128148522 0.232887399 -0.927379621 -0.892108363 -0.016835184 -1.113069651 -0.917895781 1.242811657
37.887114546 33.948990200 -26.895142808 0.485242431 0.612278212 -0.571638722 -0.250767512 0.042815159 0.670374452 -0.232901014 -0.549734869 -0.590116912 -1.559883525 1.055705645 -1.584805805 -1.449199659 -1.083530851 1.369157728 0.229386110 2.194908626 -0.384578101 0.531438232 0.753738046 0.825487416 0.164320419 0.906386269 -0.698795426
31.897548298 31.104841113 -25.492935988 0.351253286 -0.679885343 0.135910738 0.629210077 -1.382435687 0.232943677 -0.033838589 -1.040971487 0.719281856 0.518554009 -1.841130411 0.239058009 1.365476223 0.132434358 -0.517456933 -0.771203665 1.588199950 -0.681883216 0.249231465 -2.508366039 0.621428072 0.774881314 1.267979380 -1.251293002
42.149947206 28.867382719 -32.426202102 0.643632627 -0.394078179 0.285211510 -0.590841624 0.093611045 -0.481180127 1.804209403 -1.083460816 -0.900605230 1.005913303 -0.396117897 -0.292964890 -0.552812028 0.026330077 -0.236397282 0.557680945 0.359746221 0.224242041 -0.225940757 -1.341128222 0.194797306 0.970198529 -0.738793466 -0.168980950
40.679936229 43.123747024 -35.284526222 -0.724641711 -0.415374408 -0.319057209 -0.447840361 0.314319823 -0.367870204 -0.804935743 -0.507970801 0.556483858 0.326871887 0.379985202 -0.082020426 1.574642412 -1.583217388 -1.935185995 0.889984471 0.308804428 -1.583589224 -0.549606756 -1.175152668 -0.041240250 1.660821466 -1.417789826 0.448359052
45.583143404 32.272084298 -26.714933591 0.316796282 0.941780723 -0.008450567 0.112328864 -1.482896967 -2.163819009 -1.353320074 0.457807793 -0.330082132 0.483806032 1.337465348 -0.068387932 -0.049039351 -0.792919808 0.015065880 0.345716629 -1.882774344 -1.582975362 -0.237250399 1.204727406 0.096963782 -1.036543172 0.215851439 -0.249163125
37.647260284 38.397867331 -20.893602216 -0.139082778 0.903957758 0.287426356 -0.284433545 0.560680541 -0.863897122 1.173389735 -1.628865835 1.323148057 1.410018657 -0.212813276 -0.226585244 -0.570042974 -0.609522559 -0.166653734 0.327041905 -0.234243079 -0.347730153 -1.294597677 1.065695867 1.973017739 -2.754949284 0.564462600 -0.453659790
45.099510424 39.670978731 -26.329711139 0.854113463 0.210708159 -0.199433900 -0.431646133 -1.925309151 -1.207238964 0.068732041 -1.764664335 0.030428124 0.840626659 0.031440248 0.784873374 0.837325654 -1.324359908 -0.183302571 1.733712305 0.645736471 2.051687503 -3.062713781 -0.214979037 -0.326041714 -0.319539272 -0.492175226 -1.657518260
44.327091484 34.466780649 -26.450510966 -0.008160668 -0.714318997 -0.674042072 0.188013454 1.088433060 0.600466791 -1.179642328 -0.225307254 -4.085240301 0.447866540 0.982757528 -0.491960956 0.876920945 0.445638040 -0.128097687 -1.764081849 -0.362729959 -0.771957948 -2.288986375 0.113856153 0.905831527 0.162106377 0.423333566 0.344630430
46.156694188 32.620809683 -29.313930093 0.074598684 0.619414041 -0.413297179 -0.663284798 0.109863540 0.770049095 -1.598045852 0.291909322 -0.436903041 -0.198130962 -0.238946116 1.104454373 -0.270034253 -2.245552140 0.409309312 0.253937846 -0.153687489 -0.345758925 -0.632189704 0.821546892 -0.501183822 -1.401161401 -0.010473828 0.976079268
44.207106679 34.865420513 -30.912542723 -0.986190240 0.034259057 0.161639934 0.011298670 -0.745933426 0.080941325 -0.268999971 0.267493830 -0.322463124 -1.815071341 0.812220767 -0.301690883 -0.336922612 0.404878864 -0.735372270 1.036764575 1.373683523 1.554083806 1.146341111 -0.981401525 -1.189348279 -1.052862696 -0.464453992 -1.082723213
36.935496234 34.655365100 -32.828254150 0.055916438 0.213663300 -0.974863893 -0.029355335 0.978234599 0.639290979 0.387232103 0.075964062 -0.305308911 1.711138011 0.913856726 -1.105988831 -0.159657097 0.850309338 1.195900279 -0.601608170 1.572248504 -1.066871154 1.318716151 0.279637919 -0.282986236 -0.696251345 -1.525491213 0.500784568
43.398841177 32.274242600 -33.041006824 -0.716038751 0.341217540 0.580859953 0.182922969 0.674612798 1.205070346 -0.253235502 0.019663084 1.821779193 -0.371062460 1.281996564 -0.245957432 0.254427228 -0.254576084 0.743087538 0.457988617 -2.454892594 1.238222735 0.032701940 0.020055136 0.240429590 1.029139162 -0.269403801 0.254204411
35.777435298 39.695295808 -26.040423881 -0.912325490 -0.158442248 -0.219083754 -0.307507013 0.047605686 1.157983332 1.893679017 2.362749636 0.726936023 1.292086450 1.380809450 1.594141281 -0.051884001 -0.994730318 0.440595479 0.857069603 0.366748169 -0.165846754 -0.174178623 -0.512540285 -0.350704910 -0.524368328 -0.929983466 1.327307362
46.589897696 36.864295706 -36.128637318 0.617458293 0.000678769 -0.252680530 -0.744914321 -1.520833098 -0.898482140 -1.250499234 0.230086201 -1.474466259 -1.405771534 1.456261789 -0.173872585 -0.511409278 -1.022717766 0.391277251 3.176528839 1.255057959 0.145448269 0.815091352 1.109614610 -0.270449234 -1.396704289 -0.042837541 -0.573815202
41.848546897 35.767065085 -26.803033922 0.421422624 0.832697936 0.279071492 -0.226133194 0.513108401 -0.062531499 -1.265719504 -1.017725040 -0.850727919 0.013267257 -0.237882042 0.197354522 1.353745224 -1.528828798 -0.935695103 -0.503290332 -0.080470616 1.283459095 -0.295664005 1.697628205 2.074756653 1.050125140 -0.838817757 -0.743394333
43.909456028 40.370167571 -31.518280098 0.414539016 0.700806425 -0.252298462 0.522851072 1.645768656 0.115023546 -0.056796737 0.395654391 0.664435239 -0.345701602 1.249587428 0.370602322 -0.851951084 -0.818576157 -0.552403180 1.823498142 0.934867146 -0.569601484 0.089400529 0.194206669 0.677044380 -0.718560066 0.297464353 1.029535886
41.582961132 32.156409741 -25.674605585 -0.364319681 0.802195487 0.442346052 -0.167581445 -0.346424181 1.323170077 -0.928395124 -1.008276701 1.182434098 -1.857815033 -0.367274151 -0.446376403 1.846452959 1.627209717 1.905924897 0.078666383 -0.940110130 -1.059075677 0.720132815 -0.717691788 1.494038503 0.745690665 -0.318559884 1.167481126
41.348109503 28.937370985 -26.049026547 0.103508183 -0.635340835 -0.563012870 -0.518309354 0.404586056 1.203258359 1.002021398 -1.792054568 0.955717362 -0.423852122 0.417338973 0.043045404 0.730116414 0.895575614 0.915524978 -1.261432872 -0.486135239 0.574756449 -0.757957273 0.468792014 1.609524723 0.465401626 -1.373029769 -1.226869829
31.941258951 32.470259273 -24.827895967 -0.664943082 0.064073392 -0.744117494 -0.005869663 1.119123000 -0.250134714 -0.721623384 0.917543920 1.360693070 -1.214455493 -0.113707079 -0.996161402 1.194175509 0.692692253 1.176228411 -0.190859932 -0.381765652 0.430363067 0.109686426 1.281054538 -0.872391211 0.270716750 -0.786721961 -0.290947250
39.598039206 41.451153375 -36.922540349 -0.273028226 -0.233451021 0.858980573 0.364840491 -0.171141648 0.255811555 -0.316959971 0.735270762 1.904108912 0.020997190 -0.567016961 1.538192651 0.109071389 -0.324834730 1.184810326 -1.812905732 -0.124597374 -0.656647349 -0.774488871 0.035238688 0.983349535 -0.530087448 -1.195126903 0.057385664
43.532580515 39.635442688 -33.174894458 -0.892990044 0.082178612 -0.440259069 0.044580367 -2.485508033 -1.202694016 -0.696313861 -0.287183309 -0.590126438 1.753936187 -0.437513465 -1.248823739 -0.808715252 0.211273544 -0.898355486 -0.528934848 -1.489012400 -0.029422062 -0.990588017 1.272347027 0.714358598 0.987865225 -0.251714130 -0.411926795
34.097295030 43.078843139 -28.928380997 0.894210845 0.147374801 0.248315813 -0.342062700 -0.063283353 0.329691623 -0.784197195 -0.104858379 0.074309347 0.185456215 -0.032010824 -1.980268776 -0.108226321 -0.143763854 -0.569097947 3.124060274 -1.273317037 -0.559641655 -0.091084053 0.236185874 -0.385875593 0.871169169 -0.133504475 -1.232016651
41.520118591 31.118733812 -21.967144776 0.448199027 0.184952271 -0.310594979 -0.817582442 1.892723830 -0.410167755 -0.122152748 -0.555096670 -0.084593097 -0.829801800 -1.201101713 0.072757760 -1.040683734 -0.886392515 -1.578574932 -2.581917835 -1.335667775 -2.701278530 -0.633790571 0.252220851 1.480363138 0.200353676 0.734884356 0.127891250
36.447328421 36.607535417 -27.494152447 -0.927012313 0.171316533 0.171641781 -0.286073270 -0.454814845 -1.226779232 -0.324778693 -1.820350237 0.163944610 -0.738241382 -1.076785439 -0.947419831 1.305240765 -1.882152653 -0.451816110 -1.695832950 -0.824668162 1.478534000 1.132918525 -1.267653343 0.441012074 -0.360772127 -0.623937079 -0.697884633
39.612977904 29.528537612 -23.691694893 -0.840368356 0.454282884 -0.206761986 -0.211323375 -0.775965385 -1.581817592 1.291602356 0.954321768 -1.209991997 -0.262904502 2.164785354 -0.612797200 0.967141704 0.125145873 0.602919071 0.611683412 -2.675664667 0.125389568 -1.506981914 -0.639122737 0.611884604 -1.199787125 0.710472660 1.409713968
40.841375694 34.994692687 -36.021939613 -0.028433730 0.772780591 0.021110282 -0.633684493 0.623234598 0.539339359 1.313218825 0.041492382 -1.556828739 -1.975644680 -0.423622274 0.473174083 0.446492764 -0.849795359 -1.051783194 -0.557471786 0.952202168 -0.115955060 -0.446904482 -1.418450162 0.539253371 -0.845205886 0.585220101 -0.906656970
47.349214411 37.967693251 -25.870008695 0.550630358 -0.268873442 -0.778674373 -0.134831383 -2.136672153 1.501762271 -0.333467503 0.742048986 0.083647672 0.090352961 0.426480592 -0.876974786 -1.338511992 0.375239103 0.072568876 -0.788402340 -1.119669164 0.072887677 -1.671095718 2.125056431 -0.284168173 2.338577219 2.231553266 0.752508798
37.393859573 34.680434764 -30.660407944 0.579108840 -0.775094437 -0.251716983 0.022363468 0.152888461 0.053678008 1.635418947 0.087508315 0.937489628 -0.215596007 -1.457825479 1.325184831 -0.779306676 0.510564815 -1.503850769 1.089359543 -1.095165100 0.006688578 0.241659299 -1.104080555 -1.149776881 1.676188499 1.819592941 -0.712732031
35.895587684 32.782744956 -20.915603271 -0.484567170 -0.434542462 -0.167651781 -0.740446073 1.688559489 -0.230622453 0.243557890 -0.506313283 0.998002913 2.113953678 1.591699694 -0.995985429 -1.112138019 0.335925974 0.655409188 -1.182352326 -0.013739345 -1.363649703 -0.363728257 0.207501238 -0.024591661 -0.973775610 0.200908941 0.327144583
32.424845258 33.907854288 -33.885616146 0.662847037 0.624637040 0.408238864 0.061671738 0.232867075 0.598258321 -2.584374680 0.068768874 -0.727038534 0.434568776 -1.204775704 0.484476298 0.350453029 -0.608020255 -0.301576241 0.277599860 1.352360257 -1.912016504 0.435897155 -1.118141400 -0.767230716 0.018206767 -0.769143192 -0.669937670
44.746682963 27.976045043 -30.340324723 -0.328463842 -0.319518772 0.660774759 -0.594471173 0.418383626 0.977411931 -0.442881491 0.650934258 -0.125855440 1.037837187 1.529166338 0.812352493 0.312434380 -0.445764511 -0.176672271 0.712243928 -0.309688184 0.815695029 -0.666789743 -0.519222575 -1.506840612 0.898914864 0.009050458 -1.931134782
42.428055903 39.353486525 -37.705095834 -0.881000901 -0.281286973 0.230669292 -0.302500791 -2.031610511 0.091839585 -0.976565096 -0.115226229 1.223951523 0.227356513 -0.309206437 -0.074704312 -1.443895064 -0.596976901 -0.244360056 -0.561809361 -0.348426583 -1.139025843 -0.168526505 -0.298519724 1.889914409 0.494127766 -0.292509866 1.509923145
41.699026330 34.748151284 -37.752513633 -0.244658582 0.448861519 -0.773226056 0.375215913 0.741018540 -0.771382195 2.707460454 2.452705073 -2.148709226 -1.691309773 0.275188730 -0.760227968 0.972515012 0.865123679 -0.577864277 -1.556945763 1.275984566 -0.060972851 -0.022402382 -0.838255474 -1.335716373 0.935861020 1.159609481 0.493788853
41.100834476 36.541059316 -23.517304155 -0.605153048 -0.442340715 0.301459513 -0.589276372 0.178217284 0.723220089 0.184049276 -0.946264568 0.180821095 0.235115410 1.115316147 0.436523014 0.562972406 1.106952661 0.331175196 -0.757660004 -1.107645296 -0.250568861 -1.022046005 0.817981432 0.923463997 0.336863494 -0.480820754 -1.196533621
33.224893827 34.537175349 -26.270459201 0.609228604 0.239109612 -0.747657753 0.112583243 -0.160171163 -1.128001047 1.871684802 -0.420287612 0.094633359 -0.163671959 -1.160226464 0.427001216 0.036425376 -0.440937356 -1.559381280 -0.715072685 1.367945093 0.360577358 1.493083370 -0.885890159 -1.210774466 0.265937142 -0.536126483 -0.375500735
44.719242167 30.460045687 -26.525333730 0.160806242 0.460162120 0.856088619 -0.171768604 0.582734620 -1.494346330 1.798074600 -0.723617128 -1.424177070 -1.074155066 -1.990189362 1.241544728 -0.493620029 0.997113863 0.972963041 -1.030941528 -1.162861559 0.472435837 -0.064959687 -0.947010146 0.461972353 -0.077731991 -0.586514644 -1.103055687
34.697529880 37.879765014 -26.574699012 0.138935929 -0.881499900 -0.107375982 0.438320809 -3.260206689 0.541264037 -0.237213591 -0.911036606 0.107891031 -0.178937764 -0.320150326 -0.273607141 1.263659398 1.771677353 1.585741120 -0.634119632 0.652563394 0.958567427 -0.122955022 -1.928954415 -0.567704862 0.469948361 0.892397720 1.204262335
41.785981568 28.722228966 -30.021253845 0.447394491 0.844892882 0.232999215 0.178060531 -0.241027573 2.486108552 2.019140122 1.366700600 0.911308199 0.652432916 0.705655611 1.165378916 0.053177194 0.702327505 0.994316591 -0.671757287 0.000689098 -0.878599778 -0.728271911 -1.108810784 0.519578783 1.389926901 -1.347722209 1.403391619
42.491890912 27.071322390 -29.704368921 0.667339068 -0.306970965 -0.515265201 -0.441507835 0.177158710 2.188557524 0.019749366 0.037155588 0.301658661 -1.198540053 0.460936632 -1.235554011 -0.147371085 0.670213319 -0.598689102 1.148280002 0.256604100 0.666785932 -0.852226294 -1.755652572 -0.521530021 0.719702135 0.606235422 -2.869392842
32.633625889 37.821732679 -35.086033405 -0.808555418 -0.419002745 -0.381703562 0.158041850 0.285466235 0.631375634 0.212228910 -0.717466687 -0.642006697 -0.542085360 0.832713013 -0.018140837 0.229556552 -0.956746677 -0.552703374 -0.538948406 -1.061845481 1.513707352 1.280776436 -1.658367572 -0.160135368 0.064786174 -1.023264038 0.217988759
39.620797725 29.660626461 -28.539536992 0.788393670 -0.331085710 -0.229702483 0.464816568 -0.820955567 -0.555258110 0.410858671 0.495214648 -0.192055206 -1.165833667 0.807238741 0.668870721 0.307116365 0.226250515 -3.044635932 -1.248299441 1.129510227 1.833647290 0.499799495 -0.868701017 0.761833552 -0.971711150 1.892023004 0.749488876
42.683310196 37.604593423 -33.545104816 0.714619450 0.625147432 -0.109868532 0.294004483 1.369849584 -0.977282221 -0.903178894 0.290960033 0.084960238 -1.021860938 1.450959514 -1.581224512 -0.500616130 -0.097601066 0.887949975 1.692604661 -1.028154949 1.391595415 0.618772038 0.377389575 1.877507250 0.112136911 1.408651925 -0.103291080
37.358668039 26.707030660 -27.114964225 0.355838052 -0.925180611 -0.127660313 0.033510640 -0.413942471 -0.171781526 2.368976534 1.115397396 0.578177379 0.266375251 -0.561336017 0.096797098 0.630666158 1.051157606 -0.301371117 -0.279529008 0.385283893 -0.594344351 0.834397554 -1.426462911 0.038057104 0.664670055 0.255771850 1.254953300
36.565312618 36.931830177 -21.960322500 0.215708541 -0.354404511 -0.608662822 -0.676311198 1.054795819 -0.360555879 0.274836391 -0.750989087 -0.339090220 0.120363559 -0.577136608 1.696056702 0.958057845 1.110256153 0.026569333 0.780796882 -0.748062366 1.443541623 -1.495163724 -1.581731807 0.670746585 -0.599505382 -0.523368079 -0.802940506
39.704172322 33.601077628 -24.999696468 -0.438885258 0.841890315 0.233489875 -0.209959299 1.555844590 -0.082673083 0.842826654 2.113005129 -0.459946125 -0.739829924 0.411040937 2.186954166 -0.751451897 -0.508244316 0.092841686 1.835865313 0.657307719 -0.027620978 -0.353696233 -0.636192709 -0.792921000 0.692971373 1.108997135 -2.000317058
47.177472470 30.619394627 -31.008746344 0.221559057 -0.889329368 0.103947427 -0.386263889 -0.453147368 -1.345296633 0.289495334 -0.190901199 -1.415923107 0.147090254 -0.476874581 -1.451763657 0.621447791 -0.934684121 -0.780600073 0.675115043 -1.137890314 -1.030802915 2.727840553 1.799967363 -1.193608999 0.186517228 0.615936722 -0.101789173
44.305871991 30.061947880 -24.520683067 -0.507677981 0.797865195 -0.304864277 0.112836033 0.524138098 1.448391411 0.732755735 -0.112954273 -0.436760803 -0.962160382 -1.393935864 -0.060384453 -0.186939076 -0.231878602 -0.845209759 -0.736440045 1.561613898 -0.221811352 -0.681951646 -0.170392415 0.714898981 -0.494422909 0.260302481 -1.739055070
40.453052691 35.734839936 -25.122816094 -0.220283014 0.362254793 0.435602470 -0.794038631 1.355995929 1.198790336 1.657819579 0.761825154 0.109060157 0.085278275 0.757392983 0.124602238 0.010092863 -1.267566647 0.852573244 1.051048669 -0.404531848 -0.551909972 0.803489148 0.234902153 -0.457208970 -1.695149157 -1.279106524 0.604919047
36.034384035 38.562303845 -22.433796616 0.587693818 0.351805482 0.257507560 -0.681570786 -1.227262841 -1.715301798 -1.900169147 -2.353095127 1.666718016 -0.363724368 0.381926720 -0.275502335 -0.651792432 0.749525695 0.217996545 0.454568239 0.079566319 0.234093654 -0.895635314 0.290150083 0.854322180 0.565553298 -0.645043575 -0.738020621
38.198319093 30.143695246 -25.754656430 0.349104607 -0.763363342 0.542930410 -0.025078917 0.578591365 -0.229910222 0.384181413 -1.414226761 -0.195516161 -0.414596865 1.387116413 1.445999488 -1.487658120 -1.765475238 -0.686464951 0.663360894 -0.532758892 -0.409558721 0.611195186 0.790873082 -0.104824774 0.367470816 -1.998299803 1.212728619
31.176331860 34.852325666 -28.465680218 -0.442600848 0.034109286 -0.115084212 0.888648789 0.387970758 -0.811557660 -0.243316724 0.601451035 1.261169185 0.287562017 0.461050032 -0.970766308 1.913715427 1.250483412 -0.733486474 1.725156078 0.694804630 0.014103036 -1.473222604 -0.697257084 -0.011951105 0.272521297 1.670692394 0.228238040
45.149948983 33.174451596 -36.086739169 -0.755575587 -0.452010701 0.473779654 -0.018019381 1.048341445 0.569244778 -0.129068787 0.825021989 -2.179220158 -0.824529968 -0.953279080 -0.021498859 0.530587401 -0.211920581 0.239046488 1.337104097 0.403188774 -0.245962939 -1.058322797 -0.721286715 -2.501638290 0.436962116 1.105346692 0.490712700
38.686509132 38.315233204 -25.985682186 0.477485004 0.107752093 -0.756329819 -0.434007790 3.076642769 0.362467532 0.450386436 -1.481065053 -1.282653605 -0.638539865 0.882176259 0.278870902 -0.600170329 1.490807133 -0.166734315 0.213295492 0.254755853 0.494357544 -0.151917734 1.398632240 -0.509584503 0.021268558 -0.166964707 1.025409531
46.942654491 40.044801838 -32.686832913 -0.135358048 0.026821544 -0.512614191 0.847458255 0.054028053 2.281366969 4.331279957 -0.571674344 0.428913433 -0.464076702 0.955676107 0.711796981 0.259567942 -0.239172885 -0.369470123 0.666687824 0.819836082 0.540122196 -0.632775952 -0.666558172 -0.747340622 -1.934483297 -0.390493573 0.088793146
34.561875498 41.457364007 -30.049230437 0.021407279 0.802809785 -0.405345344 -0.436730270 -0.637857852 0.233307343 -0.345664023 -0.888844409 0.560881978 0.955942579 0.334417286 -0.461730203 -0.757827926 1.505887654 0.308934505 -0.874634179 0.325844666 0.488098142 0.180931714 -0.075967130 -0.223202427 2.684792674 -0.673269862 1.010615627
36.603526100 43.109572206 -29.860525793 0.758054262 -0.392782052 0.233716865 -0.465244476 -0.555313762 0.136779028 0.251849583 -0.502565430 -0.504846386 0.678991071 -0.281501906 1.361247037 0.066141251 2.391620244 0.231000867 0.588645355 0.273918038 -0.023909870 0.193996026 0.516493859 -2.846786670 1.755498046 -1.675812256 1.443065395
44.267156142 35.160060165 -38.044677514 -0.034542917 -0.333282232 -0.469940438 -0.816630715 -0.923955418 1.404130659 0.960942244 -0.721686980 0.073308215 -1.667900865 -1.254820173 -0.546429795 -0.886147934 -0.226022160 -0.690625278 1.009079036 0.692548010 0.299086143 -1.343940725 -0.139328023 -1.584432919 0.025223650 -0.522504584 1.368318484
42.233527704 40.471697456 -31.880999219 0.811370309 -0.308719857 0.462705707 0.179648827 -1.173575503 -0.375535649 -1.264232737 0.153330809 0.862188234 -1.576157757 0.195227371 0.977057316 1.032024433 -0.972125059 0.277067078 -1.189970285 -0.539297402 -0.545499853 2.967606736 -0.443242309 -0.789820754 -0.443777246 -1.527414611 0.568638834
37.070101297 31.741859623 -35.001124439 0.053603587 0.997846791 0.037695237 0.002739854 1.607782636 1.006356945 -0.613257872 -1.417760171 -1.344177746 0.340188468 1.093395884 -0.848322442 0.405675784 -0.792535573 -0.887788762 -1.246425486 0.721353168 -0.635983592 -0.391810523 -0.278455676 0.660309937 0.963197397 -1.049915103 1.685860312
44.989424036 32.194293090 -32.977808642 -0.082458022 -0.749144529 0.087258851 -0.651436138 1.439315924 -0.971407555 0.279927309 -2.024228070 -0.385374501 -0.172322199 0.274456209 0.925818118 -1.118861066 -1.716247389 0.594172856 -1.066526116 -0.895632568 1.270666632 0.005711072 -1.107468382 -0.255354037 -0.158429543 1.391027571 -1.061724512
37.017471705 38.689773251 -31.604230340 -0.898460441 0.128268257 -0.332729568 0.256138879 0.727145313 -0.238864222 -1.889779342 -0.433471141 0.861418980 0.873935635 -1.761741072 -0.141612176 -0.788165760 0.691847190 1.573932994 1.300220077 0.883392319 -0.290746047 0.661389710 -1.825098776 -1.847233334 0.832298609 0.732471534 0.152000197
42.061258648 39.483641823 -20.772292169 0.216142525 -0.372294208 -0.637460286 -0.639002203 0.716506026 0.019346454 -0.035745486 0.231973436 -0.337328049 -1.212365216 -2.581063791 0.872549291 -0.563745890 1.327457796 -0.132286478 2.187147815 1.334599286 1.172407977 -0.869596015 -0.140032009 -2.107581798 0.017568406 -0.931320347 -3.178689360
43.013568894 29.831800199 -30.047509524 0.105145130 -0.600567140 -0.084026707 -0.788164402 -0.143984796 -1.695497409 -2.098313757 0.691663892 0.029866468 -0.156233929 -0.446082770 -0.804060100 0.600929163 -0.566247102 0.689982984 0.587546644 0.167618340 0.196703682 0.485611836 1.073657080 0.439394457 0.657058196 -0.689369659 -0.785310782
43.747061180 29.178777963 -33.769474551 -0.297461911 -0.459212691 -0.819831786 0.168866687 0.361509139 -0.272177873 0.968727817 -0.137701530 -0.995614880 -0.553611179 2.168744364 0.109672496 0.324618974 0.531053346 -0.712692372 0.166703139 -0.252202103 0.563858436 1.105194948 1.627117821 -0.645861198 0.356316239 -1.212575520 2.312073106
35.620316744 33.057853380 -35.665929238 0.220776748 -0.267677563 -0.109870976 0.931415438 0.638272652 -0.012676802 -0.396012222 0.739142353 -1.118281397 1.231552486 -1.612100798 -0.318834980 -1.347592249 0.373842553 0.134931216 -0.797209400 0.231093864 -0.343111109 -0.135539569 -0.832344953 -1.601628329 0.476449604 -0.701734518 -0.391459555
36.871083519 39.395859077 -31.601166956 -0.335990775 -0.546840299 0.106425978 -0.759440187 1.069105797 1.063468818 0.569774160 -0.267150554 -0.326747536 1.331035887 -0.083546867 -0.186755471 1.320786913 -0.743182201 0.504626853 0.313222055 -1.722764583 1.339438456 0.569321746 0.714887545 1.089283660 1.264110570 -0.920554878 -0.026784098
39.696273136 42.077448789 -24.551896623 0.639876528 -0.601668470 -0.294664117 0.376465323 0.039114110 0.537348263 -1.132516485 -0.049211332 0.752714962 0.632097261 0.512446619 1.091467470 0.773955093 1.169443683 -2.131839585 0.713988172 0.364076969 -1.591677604 -0.610604882 0.096893179 -0.998015902 -0.150245351 0.773950468 0.059366180
40.314077535 35.945585992 -39.122157964 -0.656792193 0.141266249 0.347315061 -0.654247743 0.303019886 0.053995191 0.235718944 0.381758789 0.085207882 -0.575702300 0.499870092 1.033809695 1.300393926 1.966197353 -0.904241663 0.142717196 1.166092133 0.465712386 0.430886246 -0.543285442 -0.609744330 1.724725198 0.476405849 -1.141485101
39.083186030 28.692198273 -32.627086069 0.207221604 -0.851104789 0.482197813 -0.012849650 0.059160510 -0.688813944 1.208585773 0.412563030 -0.267271562 1.089782283 -0.526234533 -0.403437771 -0.130258560 1.371769852 -0.451609547 0.912858846 0.561255076 -0.514510290 1.229200802 -0.666798948 -1.567340133 -1.685142037 0.684375755 0.674040011
36.361297120 30.809623468 -29.509942239 0.931386299 -0.266962328 0.087998701 -0.231315599 -1.311958410 -1.380845134 1.458616438 0.394297565 0.692240248 -0.903203466 1.257137316 0.559874011 -1.011321075 -0.742833287 -1.858864657 -1.512294869 -0.073260915 0.404990721 -0.308002632 -0.303416181 -0.517348940 -0.382855406 -0.206488356 0.588787959
33.266233286 31.432110824 -26.697810271 0.566266597 -0.019028062 0.733932036 0.374598240 1.503012636 0.697820886 0.214341682 -0.023535369 1.151943281 1.654170382 0.823877101 -0.183258135 -0.645513838 -1.285197745 -0.278823245 0.681876683 1.353684072 -0.865186635 -0.319542213 1.257732653 0.066368583 -0.005186485 1.026632947 0.172849799
