33.239583521 -47.330100655 -47.712501272 -0.968913880 0.047013703 -0.018168832 -0.242209616 0.005027583 0.136591221 -0.068164653 1.118152588 2.030283598 -0.718783656 2.255248013 0.743689958 0.448179268 0.081482385 0.454789965 3.431523707 0.001300888 0.149263493 -0.471998988 -1.478792880 0.078883335 1.217072363 0.642164474 -0.102335188
34.618097184 -34.256452292 -45.161904991 -0.390285282 -0.121184010 0.300473549 0.861804781 -1.388297095 -1.700638265 -1.284147274 0.159242959 0.204084880 -3.206616327 2.348516259 -0.342958695 -0.472900557 1.046502905 -0.013826665 0.315442795 -0.466869018 0.507336326 -1.854772911 1.237911211 -0.448539554 1.397443821 0.396767319 -1.059800504
40.666937744 -47.183133364 -52.706123001 0.799475082 0.378818392 0.063723643 0.461817622 0.696366788 -2.156845517 0.021521360 0.766001484 1.492790636 0.678514584 0.264721197 0.870210835 0.972803061 -0.715808392 0.081771048 -0.193264259 -0.151808327 0.290200210 -0.560213431 -1.088766781 0.298605908 0.248205587 0.417565813 -1.585358797
33.712001524 -42.409210539 -42.590327495 -0.962754832 0.000163466 -0.184757986 -0.197402112 -0.170011496 0.520717479 0.387206920 -0.334034571 0.948573416 -0.381049394 -1.148569504 0.581577364 0.565649066 -0.706378993 -0.460356498 1.089167102 0.168865706 -1.918421004 0.820109965 -0.505899960 1.327009214 -1.686287648 -1.567368264 -2.017565035
34.580937018 -37.486071640 -42.253549391 0.486191659 -0.630703517 0.420755238 0.434506357 -0.844274437 -0.321243242 -0.493855802 -1.247237229 0.139516085 -1.894166559 -1.403797514 -0.794927552 0.069570653 1.336743511 -1.323598487 -1.576347231 0.657087741 1.525951308 0.436649365 1.588092345 1.199309666 1.108338668 0.426543426 0.545037623
30.334366741 -39.964410854 -46.536910398 -0.822136118 0.515812105 0.122643671 -0.207336938 -1.824776077 0.758281352 1.245422324 1.531650535 -1.248325901 0.143984369 0.915576711 0.552324191 1.815651717 -1.307737931 1.423417081 -2.097905533 -0.965688427 -1.616327277 0.806492035 0.093607251 -0.554857421 -0.272195992 0.798674976 -1.413196803
35.130162713 -51.329233561 -47.872992619 -0.518142535 0.491641055 0.065412949 -0.696805951 -1.384073953 -0.250113814 0.475028434 -0.352137159 0.115751412 -0.107906455 0.526689653 -0.857234200 0.489674056 -0.085731664 -0.730863917 -1.190432479 -0.335465676 1.088534549 -0.918692896 -1.030357399 -1.796730681 1.760412828 -0.285704178 1.450454558
37.677372479 -42.213875372 -49.770440724 0.798943026 0.574109883 0.170979039 -0.053423313 -0.401351334 2.320695045 -0.393603412 0.532875301 0.425137706 -0.841052137 -0.543574909 0.477303957 1.645329851 -1.262515868 0.836494997 -0.539178230 -0.700900654 -0.739318128 0.912735160 -0.662341173 -0.381013930 2.696299852 -1.849393945 0.793989919
38.734247582 -49.099543639 -50.163527906 0.520124978 0.677991985 0.085523929 0.512330492 1.536881603 0.520931769 1.372974637 0.571574069 -0.662632380 0.785715401 1.012254255 -0.771175181 -1.298580917 1.380771634 0.464291308 2.010078045 -0.071886627 0.702762699 -0.267317325 0.294452789 0.269004495 -0.825131748 1.310564874 0.171033402
33.759520898 -40.616401272 -57.197042541 -0.182728849 -0.398317649 -0.117594942 0.891136717 0.870763603 -1.264578147 -2.417922289 0.973109455 -0.100301327 -1.462494085 -2.202006201 -1.139369284 -0.403554359 0.380263816 0.155837965 1.137858023 0.143409456 1.453055614 -2.309874908 0.254133380 -1.093143554 -1.122563752 -0.358934254 2.028197515
35.655730017 -45.609883916 -47.350490866 0.303725133 0.906833993 0.143382369 -0.254646126 0.760516342 -0.743547599 -2.312758525 0.205329678 1.314716032 -2.107784335 0.025077918 0.343645466 1.138477196 0.166822820 1.264762855 0.401168389 -0.071307434 0.241396227 -0.552842420 0.594370490 0.699070079 -0.443775958 0.877332648 -1.371074142
37.564155353 -50.888864416 -47.956397175 -0.272093633 -0.710823703 -0.379189152 -0.526222676 0.521822135 -1.749335734 -0.824614904 0.394572177 0.478037572 -0.968544507 -1.583722472 -0.712599691 -0.130462318 -0.480016624 -0.091733811 -0.943472853 -0.913768085 1.113447886 0.766159777 0.215170026 -0.305535854 1.462769292 0.162480161 -0.310618359
35.064386232 -45.482525163 -46.932270527 0.628516444 -0.161937146 -0.593588426 0.475811118 -0.790817380 0.634665367 0.173530632 -0.038546600 -0.845183954 -0.956811786 0.043956070 -0.791692639 -2.659476672 0.691545341 -0.544068452 0.663731310 0.842558457 -0.498678891 -0.495395965 -0.746459371 -0.693610862 -0.066313621 0.564591140 1.694163369
32.376178643 -42.823137419 -40.140539145 -0.104071695 -0.191697963 0.260196484 0.940594899 1.382580258 -0.600920816 -0.561814619 -1.437185133 -0.440158483 0.289128522 0.481090701 -1.027889755 -0.866382915 0.269885158 -1.042536526 -0.180329979 -0.943763771 0.860547269 0.221628035 -0.037621330 -0.335995499 2.577569174 -0.469242373 1.519774894
39.567354578 -36.428972092 -46.703804229 0.714137783 0.618569584 0.051991207 -0.323536414 -1.064083139 0.775264665 1.123360445 0.750443805 -0.275721949 0.293971302 -1.233954690 -0.092725809 -0.272172624 0.441696559 -0.684812797 -0.417251684 -0.117991481 -0.376658043 1.347998780 0.309818148 -0.024575547 -1.543007569 3.059228223 -0.521017885
26.645955610 -44.383247826 -54.935709812 0.148176206 0.298475184 -0.129723074 -0.933878097 -1.522158049 -1.975831405 1.016612271 -1.327697433 1.946832579 -1.331177022 -0.777291041 -1.199945265 0.460151175 0.501278938 -0.541855742 -0.913646265 0.399846177 0.702013066 -1.804059826 -0.522673366 0.240439695 -1.448878302 1.250924040 0.111460579
35.336916070 -34.578984642 -50.281553025 0.043085493 0.927632953 -0.161944617 -0.333788385 -0.232447741 0.302920958 -1.109106720 -0.955858599 0.004773413 -0.854293965 1.073794256 -0.388729108 -0.265186686 0.690431626 0.108603576 1.270820122 -1.706704185 -0.172363379 -0.501999727 0.425480880 0.476170846 0.017096186 -0.601456314 -1.060683978
40.390991186 -43.235600461 -47.863176714 -0.878163206 0.142588563 0.456016708 0.023380499 1.229332795 -2.142616549 1.019667803 -1.179422502 -0.362036603 1.803010340 -0.855958962 -0.124076229 -1.499825574 1.091070386 0.348703292 -2.392199628 -1.229499759 -0.612313733 -0.650451975 0.594585721 1.888025226 -2.303538498 0.484929630 -0.348250444
34.757437157 -51.544734977 -49.563141028 0.660052146 0.195854036 0.673509652 -0.268992768 0.384651130 0.051436722 -0.862702632 0.903913247 -0.587694422 -0.363878259 -0.491383130 -0.353992122 -1.563787903 1.339769617 -1.238738822 0.850323701 0.694938990 0.707010398 -0.579293581 -1.004728074 1.898025164 2.078993438 -0.870493977 -0.447377756
36.258345726 -52.014097309 -52.782739691 -0.390002769 0.267520855 0.751403984 0.460133116 -0.479001916 -0.630753137 -0.247827016 -0.512168729 0.082107109 0.907386376 -2.405845873 0.321651513 0.522049467 -0.635251061 -0.110496567 2.048113302 -0.349783128 -0.687763215 1.687255781 -0.946933011 0.166804572 0.725330421 0.108778010 0.075671482
35.811466872 -41.557261563 -44.387840470 0.470611202 0.706153387 0.511801082 -0.133910953 0.424179461 1.187641852 -0.308522022 -1.475602341 -1.392878998 -1.119648699 -0.878230303 -1.993722072 1.210553486 -0.951667524 0.765814128 0.338315782 -0.429203204 0.194371526 0.809673925 -0.125678221 0.703240551 0.989115487 0.004602435 0.362489881
35.054761459 -44.345788004 -42.302095222 0.888456142 -0.406685865 0.186174122 0.102914954 0.576261139 -1.018343246 -0.075279952 -0.412296235 0.183945944 0.064911359 1.191993673 0.155751752 -0.849950095 0.441326781 0.347955976 -0.807737283 1.413200076 -1.172020555 0.424919945 -2.297044506 -0.006613900 1.775546412 2.318897890 -0.514212278
41.852512949 -48.008928314 -48.564887514 -0.783214525 0.356383424 0.420245785 -0.288026637 0.190500034 -0.649448549 -0.558772056 -0.110423805 1.216443198 1.108076938 -0.891358066 -1.525047887 1.512907511 0.500739040 -0.203037109 -0.641605197 1.165606078 0.662811136 -2.314694219 -1.224193768 -1.321992020 -0.778012618 0.048464899 0.677238902
29.389088647 -47.636327266 -46.068823989 -0.016229847 0.078726385 -0.559835547 0.824695646 -0.844041367 -1.038455640 -0.874612255 2.667930937 1.391166957 -2.209089216 0.782005675 0.193135257 1.543308135 0.396750966 -0.854391820 -3.138995825 -1.360852704 0.609865059 -0.721861843 -0.840049887 0.738060068 1.451615296 -0.725432465 1.386130886
29.681381140 -40.348662267 -49.875148687 -0.627824719 0.452947513 0.517393161 -0.364662844 -0.361273781 -1.754167026 -0.267070624 0.466048395 0.319084041 1.756645461 0.283413401 0.898544355 1.931355667 -1.290798571 0.609351811 -1.293722125 -1.883406753 0.261865112 0.966513071 -0.903323244 1.090418565 -0.201598123 0.935549482 1.310122580
35.084224136 -43.881754787 -48.380954149 0.233429296 -0.687821783 -0.267010339 0.633338328 -0.512896341 -0.653097344 0.084552565 -0.302927322 1.666206500 -0.146013532 1.146903872 1.026201636 -0.522688045 1.523956923 -0.145173762 0.258954644 -1.126404979 -0.564595561 -0.489381337 -0.308466342 0.996341309 0.357081753 -1.425973110 -0.387236596
38.380025926 -39.806896779 -53.337279949 0.847800063 -0.224658931 0.424754783 -0.224380909 0.153613912 0.958600459 0.134430983 -0.319637111 -0.449017680 2.037695623 0.550682010 -0.172653880 -1.391008868 -0.592682296 -0.068673346 1.479776217 -0.617554591 -0.070349660 -0.764962493 -1.303510710 -1.081040759 -1.634985544 -1.419147464 0.750393550
35.270827014 -49.148966974 -45.322777474 -0.227101411 -0.617539265 -0.469727704 -0.588579722 -0.585373541 -0.557479111 -0.897096295 -1.169978758 -1.276701307 -1.553956257 -0.362014120 -0.435377021 -0.432591864 -0.055205853 -0.440289783 0.256646672 1.781551099 1.093416314 0.351276244 1.075767474 -0.011440440 0.324129256 -0.501513740 -2.002673386
34.628598261 -45.713830797 -57.199902052 0.296617263 -0.076644570 -0.705620699 0.638939150 -1.223177362 -0.765974082 1.132850143 -1.922104665 1.096814563 1.508808420 1.288721604 0.026085947 0.278600591 0.560389089 0.471828500 0.376143177 0.211703124 1.135813196 0.167769537 -1.479749326 -0.111160698 -0.814134786 -2.059197501 0.793005616
32.314160432 -42.494299998 -43.419849378 -0.688832072 0.173000884 -0.112815873 0.694876716 -1.880901354 0.642976859 0.913820923 0.558734236 -0.595821116 0.601350915 0.624012061 0.894153345 -0.122180060 -1.310537134 0.402161177 1.613971613 0.076432941 0.686179760 1.856801478 0.611063047 -1.073831019 -1.223138985 -0.437210396 0.466795310
36.587961796 -38.802603567 -48.615060337 -0.604763843 -0.534349530 0.590236949 0.018751446 -1.293784845 -1.144076563 -0.235516290 -0.367153484 -1.040098349 1.066021684 -0.903822521 -0.163690417 0.399765905 -0.028257156 1.029412172 1.401248288 1.368231215 -0.620708376 -1.087586202 -1.419265066 0.972560875 -1.480576674 0.337733146 1.160619553
40.735791003 -41.605943682 -46.051318572 -0.365017879 0.884531294 -0.090647661 -0.275951698 0.187275129 -0.911230856 -0.366525727 0.030127821 0.453101245 -1.043451115 -0.190342142 -0.545251848 0.958635901 -0.416966375 1.223337709 0.000452090 0.094804789 -1.181550848 -0.426891638 1.075913251 -1.669259467 -1.187727868 0.780441346 1.200569451
34.099903123 -43.060541137 -48.813955280 0.026889349 0.251064326 -0.200551695 0.946584748 0.655272470 -0.156110130 0.869366270 1.464790814 -0.563428147 0.267233893 -0.483829518 -0.476606235 -1.433769729 -0.824580616 0.746753439 -0.899855661 -1.286946865 0.010906814 0.274825000 0.758944471 -1.726426204 -1.245464617 0.486725636 0.107381312
35.104348765 -50.100037668 -43.813222066 0.465416759 -0.445560734 -0.444485099 -0.622330997 0.392763666 1.164691843 0.376393821 -0.365358283 -1.231162807 0.594263873 0.591588764 0.155437004 0.969460316 -1.510621718 0.034083601 0.900721492 -0.918922878 -0.724870347 1.965005245 0.573261715 1.331130270 2.169837267 1.144853884 0.562194265
32.487211452 -47.405144193 -57.277180291 0.430412831 0.557739814 -0.310241184 0.638295780 -0.274040473 0.448482871 0.456742379 0.686882579 -0.975966875 0.542943381 1.928378761 -0.737278725 -1.225684052 0.329487301 0.552832961 1.944810261 1.266417006 -1.229946887 -1.040093199 0.319339750 -0.615688567 2.132418977 1.210632299 0.600262234
33.852825040 -37.460473824 -47.172363048 0.564093113 0.289067352 -0.070225054 -0.770264544 -1.090526116 -0.069417015 -0.080786195 -1.410278984 1.115689025 0.048109187 -0.867065258 -0.518836400 1.021824348 -1.045408937 1.474383614 0.182814812 0.609934398 1.304018711 -0.906749840 1.506493125 -1.182353728 0.242666664 0.412337885 0.974502348
25.141347033 -48.160664016 -48.401146258 -0.397727546 0.873009230 -0.154127319 -0.236458142 0.315241734 0.749761557 -1.028669469 -1.762421035 -0.003883637 0.718434104 -0.286435921 0.077306467 -0.624188890 -0.275018251 0.148288141 1.031538786 -0.621695879 -1.348263871 -0.881042178 0.700629613 -0.364367022 0.066191715 0.981133686 -0.700649917
32.762452414 -36.819920581 -53.156064005 -0.044831636 -0.652998160 -0.715683933 0.243680189 0.600764356 1.262506188 0.430624966 1.262599948 -1.325195667 -1.684822489 1.557395421 -1.221468406 0.180498350 0.180751426 -0.794230123 -0.433184685 0.071867549 -0.598210215 -1.077314604 -0.416497122 -0.946961202 1.503825875 0.640207096 -0.166654102
30.140070072 -42.363381373 -44.886076845 -0.226030670 -0.893700591 -0.204215627 0.329401529 0.578730716 1.184829381 -1.477788262 -1.097158962 1.281150403 -0.065202626 -0.115659085 -1.050347311 0.024616392 0.536759428 0.880271771 0.296710274 0.077499786 0.138019549 -1.783526743 0.337527861 -1.248141571 0.175641386 0.076038429 0.670022311
32.729373902 -41.194489613 -56.664530167 0.605415405 -0.657360362 0.163745960 0.417776019 1.695965992 1.221745776 0.687028331 0.366021994 0.565797514 -0.511860383 1.128085693 -0.342432273 0.043039317 1.069734337 0.098581917 -2.369643327 -0.233952677 0.153889008 -1.488833840 -1.371713803 -1.242337702 1.238072054 0.421012241 1.553250471
42.792210162 -42.118123256 -47.351275478 -0.259367354 -0.594823286 -0.619439506 -0.441824096 0.185122886 -0.395275134 -0.210942690 1.833739712 0.860252887 -0.777901073 1.066688872 0.067437017 -2.406385870 -1.308876842 0.359350113 -1.639099220 0.897332307 -1.549941615 -1.245310911 -0.205092759 0.383390131 1.582624378 0.434889887 -0.439852318
37.519642967 -39.854964748 -43.485400245 0.405063801 -0.433638876 -0.801968455 0.068754925 1.067128746 1.384443978 1.823001978 0.845674979 2.733927501 -0.379143394 0.509792309 0.051249336 -0.436826231 -0.231672678 -0.043493721 -0.540072698 -0.860866509 1.192823810 -0.072347144 -0.318113493 -0.627285388 -0.293575807 -3.116038558 -1.141459383
34.380599371 -36.046267384 -50.937665794 -0.414059747 0.688043633 0.043367280 -0.594365009 -0.084600554 -0.385677296 0.855131062 0.199961921 -1.562067086 1.798877680 1.717304257 2.545289360 0.040937974 -1.372553598 0.255504609 -0.760639398 1.589730662 0.555916301 0.085947500 -1.062452020 0.710776692 -0.291410363 1.493585102 -0.572824426
39.334646581 -37.130324845 -47.495021090 0.348955319 0.725140262 -0.574436227 0.149749148 0.068807952 0.805950150 0.688412750 1.375140453 -0.335929820 -2.121577717 -1.066763957 -1.579808669 -0.112949585 1.679793068 -0.414349001 -0.946100064 -0.845279037 1.659298484 0.348570816 -0.306330402 0.672419930 1.946287853 -0.780053446 -1.307257518
27.529135883 -40.309385440 -44.017951166 0.534707599 -0.530974422 -0.123327215 0.645712277 -0.009187543 -0.246208652 -0.663797597 -0.184664713 -0.978969709 0.208124297 0.870869183 -0.257330953 0.763585280 -0.076977255 -0.372921048 1.509622366 -0.197872679 -0.021287884 -1.054080400 -1.208778193 0.895174827 1.063464515 -0.804251915 1.630348200
33.415027514 -40.609058267 -47.895860853 0.084756155 -0.200831671 0.202042808 0.954809792 -0.830067330 -0.788785136 -0.822880630 0.156608155 -1.540809299 1.098740980 0.670219955 0.087759069 0.110157341 0.573955205 0.122988225 -1.135465316 1.256015713 0.704745867 0.584060028 1.773455803 0.175963807 -0.095784887 0.697369782 1.420064789
35.538788126 -43.790383028 -51.744934754 -0.383264803 -0.254681951 0.845957384 -0.269446281 -1.671417919 0.070030703 1.939516508 -0.123798590 -0.154361217 0.827336184 0.672153649 0.077983475 0.183171321 -0.938826152 -0.641868932 -0.775596332 0.450701442 -0.877393812 -1.695992264 0.189261638 0.175389861 -0.280370546 0.220778720 2.405681208
32.124553554 -40.683896864 -45.902564167 0.806474398 -0.225050470 -0.210973747 0.504421856 1.484700683 -0.517875084 -2.028077738 0.508814087 -1.231910291 -0.959715847 -1.944308234 -0.101154429 0.741843331 -1.940238550 -1.360846893 -0.551483020 0.128225806 -1.586900953 -1.010556946 0.882643920 -0.710698022 -1.171475393 -1.203514240 0.413968574
39.978172260 -41.036100676 -46.813065296 -0.697325744 0.556267693 -0.348607906 -0.287707469 0.326775739 -1.578677707 0.547259086 -0.447117031 0.607682679 0.484933032 -0.077708157 -1.106588650 -0.271487185 0.763606032 0.637759109 -0.367624735 -0.205829643 1.213939409 0.568450963 1.723131292 0.891525847 2.661713558 -0.042979235 -1.926815346
32.343785507 -37.582377892 -43.995075000 0.987200665 0.136663133 -0.016007230 0.080633763 0.439566596 -0.353897573 1.581928483 0.196671691 0.213556350 -0.311910708 -0.327450961 -0.767012799 -0.506695363 1.050414105 1.256929926 0.345848232 0.693286698 1.148115508 1.925431277 0.837950394 -0.233606023 -1.209270953 -0.236859169 -1.676534492
28.114457082 -42.676165127 -56.545514169 -0.873131271 0.020434741 -0.152162505 -0.462677833 1.879017819 -0.415616136 -0.697001484 -0.563991987 0.914761760 -0.071046261 0.200213743 1.624735497 0.135360808 0.231564287 -0.089835935 -0.074260855 0.228383529 -1.975427477 -0.899811907 0.806857213 -0.249251950 0.157671646 2.118116470 1.240164328
27.438600684 -48.224489153 -44.323595173 -0.770774014 -0.248152994 -0.561560695 -0.170226603 -0.215693177 0.796887784 0.525830772 -0.003977511 0.372292029 -1.040808568 0.900672763 0.077370067 0.429861908 -0.494094217 -1.108161869 0.277090025 -0.024689784 0.574528959 0.791747917 -0.227502062 -0.496554204 -1.258230355 -0.121308968 -1.447005876
30.573304472 -45.839434577 -46.258557407 -0.535274917 -0.517907811 0.006606909 0.667239546 0.473124744 -2.012364096 0.372028448 -1.224822985 0.449648390 1.611176393 0.891390235 0.243867050 0.634335560 -0.439014099 -0.675098870 0.552415122 0.121206970 -1.149009267 2.046340756 0.362424621 1.294182323 -0.426323399 1.006306840 -0.029710805
41.515675042 -44.468700849 -46.617845132 0.357578432 0.500672349 -0.666702955 -0.420680441 -0.884594498 0.113016225 0.746458436 -1.493839818 -0.790238852 0.824453151 0.318445695 2.108458516 -1.306622054 0.544883399 0.822543094 1.079449352 0.493495948 -0.825144139 -1.431762743 1.976025018 -0.010106395 0.794889112 -1.035785288 0.075598489
40.521162150 -44.590918374 -50.132549830 -0.172006641 -0.926679313 0.237513157 -0.235088633 0.853124868 -0.032902286 0.158326645 -1.882664637 -0.253032773 1.064238022 0.105803646 -0.143364719 -0.882808737 -1.380878148 -0.582645555 -0.596938124 0.054778888 -0.654121288 -1.024211332 -1.268239688 0.637382490 -0.423310020 0.550689344 -1.392654443
35.308646241 -42.402299897 -41.644692300 -0.144024432 0.659712102 -0.390855556 0.625514860 0.843329191 0.633451069 1.068946636 1.003879945 -0.451971511 -0.043722505 1.227093424 0.249983428 -0.497432763 -0.099836275 0.930543385 1.274574558 -0.152220605 -0.810641192 -0.025122963 -0.929846997 -1.579510732 0.166132500 -1.707458283 -0.307620278
35.302871670 -42.806617921 -57.338000606 0.699444336 0.449386788 0.555584163 -0.012464859 1.347404753 -0.271423483 -1.630222928 0.479743482 -0.303235465 -0.388332860 0.838217181 0.246754109 1.486551076 0.910045299 0.743884044 0.502828255 -0.559874746 2.221323377 0.108856436 -0.011741909 0.751205914 0.825728220 1.609383236 0.306088588
35.211933483 -45.941716966 -54.569589451 0.523627882 0.829921427 -0.183327982 -0.058609864 1.606039197 -0.739382627 1.334975883 -0.883842034 -0.297863571 1.021101949 -0.665646064 1.383755670 -0.193679766 -1.200577419 0.284465191 -0.990673204 -1.338523461 0.361581093 0.889408456 -0.434222180 1.258374779 1.563234532 -1.404515243 1.285944883
29.763393260 -37.886584643 -46.158561846 -0.549783236 0.499869074 0.659771134 -0.112122047 -0.339739323 2.203465477 0.865358859 -0.212105353 1.058898627 1.448235660 1.784848462 0.794332878 0.727241301 2.103509823 -1.053512750 0.819483912 -0.577195370 1.658286231 -0.747884949 -0.237325815 0.033222959 -0.807093810 1.373032809 -0.315694105
37.057345296 -47.789257365 -50.168624448 0.075719022 -0.359975251 0.040045304 -0.929021432 -0.708407527 -0.011186406 1.329674242 -0.807599133 0.415385020 -0.450308093 -0.332335889 1.017732716 -0.791171410 0.707112657 -0.152355703 -1.709389458 1.169595537 -0.348561384 -0.355371421 0.632029401 0.067991813 -0.779435661 1.458747638 -1.169236791
36.844089725 -36.019648984 -44.118538328 -0.599319389 0.205979879 -0.689674372 -0.350339578 -1.496486057 -0.293050465 1.504227383 2.347147308 1.063952023 -1.085486441 0.416415259 0.452083399 0.100663388 0.089676931 0.423111677 1.140370129 0.789890018 -1.293644461 0.127962418 0.494834837 0.400852387 1.601790835 -0.662531787 -0.324756416
33.742438538 -35.832744658 -54.766313966 0.168999747 -0.493019791 -0.436000631 0.733671603 -1.520440500 0.190775601 -0.139497134 -1.690307163 -1.035863310 -0.695807666 0.977165030 -1.403861191 1.823410984 0.741675640 -0.729328738 0.349854902 -0.399385244 -0.269298243 -0.540406268 0.363151733 -0.112800353 0.905150577 -1.218720398 -0.894130177
40.854167921 -47.086203171 -54.628909625 0.413798471 -0.532347649 0.434889852 -0.596864828 0.741349178 0.461434282 -0.194850232 1.328043793 -0.641029645 0.889758684 -0.818537502 0.630240216 0.549151805 -0.556099184 0.312216607 -0.432953585 -1.494626018 0.898901188 0.943190767 -0.149700587 -0.120315289 -0.758033094 0.152425520 0.437011323
29.467473576 -47.897939398 -45.565666437 0.326945109 0.741068293 -0.211834949 0.546855224 -0.350801696 0.281949104 0.938012378 -0.747497610 -1.651892615 -1.474574703 0.716385323 -0.009106727 -0.450232926 -0.803910118 1.620025360 0.340646365 -1.070213425 -0.823994889 -0.776502192 -0.196817858 -0.509417245 -0.061396963 0.805308330 -0.325257480
38.296369042 -45.469990299 -47.342807265 -0.184540016 -0.623759867 -0.528098419 -0.545876059 0.537962395 -1.304440640 -1.618528562 -0.305649723 0.003720793 1.608182555 0.106975173 0.987459777 -1.996081874 -0.709068718 0.100272396 -0.082186415 -0.968317779 0.927400907 -0.448817376 -0.156788384 -0.129027820 -0.078497675 -0.171347133 0.452050496
37.227306646 -34.836693962 -50.247349454 0.190054572 0.562922393 0.026008008 -0.803941056 -0.030481300 -0.931232481 0.446618314 -1.274179967 -1.357213478 0.712613739 -0.805697615 1.108145659 -0.847219223 0.158418785 -1.150104086 0.671735143 -1.105370968 0.731651118 -0.112484598 -0.158968355 -0.221355991 1.476978955 0.026375942 0.408523560
33.352659413 -43.510706616 -57.486170310 0.061838253 -0.244700355 0.926378814 0.279499659 0.185287194 0.253075094 -2.187032523 -1.462177421 0.361919066 0.471233521 -0.093525509 1.088343214 -0.714419263 0.070408906 -0.027917505 -1.153780840 0.893937425 -0.442540410 -0.538059266 -1.909604182 0.422705495 0.976653400 1.155655154 -0.698266990
37.804146891 -50.220518076 -46.174162301 -0.722504820 0.633608870 -0.212903327 0.176631702 0.253331186 -0.051496031 0.054080489 0.345953426 1.308585275 2.025528519 0.715610284 0.258278686 0.469802005 0.146866637 0.442085858 0.115492114 0.453976821 -0.499965309 -0.935164202 -0.359507795 -1.510092490 -1.964567312 -0.122481250 -0.565778106
36.036889160 -45.384390420 -57.143463987 0.425274585 0.301053085 -0.708175831 -0.476440510 -0.171351908 0.413254892 -0.105402750 -0.540392567 0.937270850 -0.304814517 0.896377009 0.342855381 -0.384702428 -0.665407122 0.667224258 -0.738728744 0.318514971 -0.546190686 -0.389745144 0.513240771 1.072517838 1.149655738 -0.095135831 -1.344282214
40.654972205 -48.144527679 -42.964447936 -0.460485571 0.246729791 -0.757401995 0.391688226 1.243665584 -1.270113524 -0.493195469 0.713319035 -0.461907091 -1.537367716 0.234106402 0.021174140 0.860919260 -0.294668812 -0.589422543 0.250977976 -1.475454818 -1.573450067 0.226457395 0.081740199 -0.406590589 -1.682258239 -0.588336356 -1.296715762
38.923741063 -48.975063568 -45.858280065 -0.571011827 -0.496835781 0.617229074 -0.214774230 -1.028916219 0.231001803 -0.256855769 0.022490312 0.779889223 -0.675499358 0.528373034 -2.180475205 -0.141540760 0.725946654 1.206671408 -0.806348724 -0.308982545 -0.615847104 -1.255954513 0.833418674 0.651625890 0.977526887 -0.511290249 -0.874809747
33.940112358 -45.152941845 -57.842758750 -0.916234907 -0.080076739 -0.179132852 0.349303210 -1.547976352 -0.752744475 0.417418569 -0.691860787 0.369383377 -1.836934685 0.062736275 1.230563553 0.208213154 0.446951036 1.308684350 1.069550224 -1.038739437 -0.973905666 -0.228283420 0.168569403 0.627507289 0.639366004 -1.363952954 0.601998964
33.563996686 -49.980810100 -46.891624559 0.484062855 -0.501829691 -0.412780365 -0.586056724 1.121472030 -0.007260080 0.436433525 -0.462009765 -1.354084181 -1.138898536 -0.097310537 0.030858074 -1.739524757 -0.946902915 0.504138164 -0.986594403 0.405739564 -0.813573502 0.327770710 1.794675115 -1.339536367 -0.375893417 0.040588166 -0.007983578
31.871367524 -51.317056865 -53.089616854 0.439146332 0.427036422 0.725715970 -0.313251854 -1.398256843 -1.962448732 -0.872658259 -0.565375355 -1.250745103 1.090422126 -0.700989587 -0.870126517 0.920251144 0.822807795 0.062799757 1.741508711 -0.197418505 -0.502707577 0.846839304 0.230574348 -1.421279706 0.005021465 -0.266577254 0.221729444
28.907452844 -47.245913122 -45.377663697 -0.468455304 0.196941928 -0.428102011 0.747323339 -1.170632088 1.306975099 -0.132145852 -0.315693805 -1.590610030 0.654073216 -0.902081310 -0.346376391 -1.532745892 -0.571473732 -1.270164198 1.362721649 1.982167633 -0.588621907 -0.891212839 -1.714691684 -0.456128663 0.854808575 -1.845505241 -0.225712028
41.104011884 -40.021971416 -49.884162701 -0.414422308 -0.836436340 0.357216303 -0.032014256 -0.434523185 0.405927044 0.746094927 -0.246615582 -1.416471249 1.419952249 -1.410809045 -0.613874977 0.583760458 -0.802004280 -0.411656770 -0.024489946 -0.737179250 -1.482116507 -0.187027598 -0.213030659 3.073398630 1.065463005 -0.638848129 -0.201574950
39.062050230 -46.485646467 -46.208785753 0.818938369 0.509719113 -0.032707322 -0.261642129 -0.059487025 0.360657588 -0.917773417 0.402267757 -0.572150782 0.529728285 1.101369845 -0.000121440 -1.508883268 -0.176198622 0.893232040 -0.981793351 2.006358293 0.743679745 0.758203939 -1.983486799 0.195661418 0.773531997 -1.524335077 0.881447986
39.980376408 -36.795490531 -45.575817259 -0.121861579 -0.371409778 0.467503912 -0.792871127 0.022784801 -0.025889424 1.132464718 -0.001089917 0.655541744 -1.986616871 1.868595184 1.239213620 0.882724294 0.415668492 2.833010416 0.164961404 -0.396204791 0.419762254 0.393200912 0.401794521 -0.265853065 -0.637618033 0.370225925 0.844961108
27.855418519 -49.038214190 -51.391432199 -0.050964728 0.463086640 0.275909742 -0.840730144 -0.136020988 0.992130049 -0.485459203 -3.259322645 -0.800191153 0.850511773 -0.389361203 0.167182486 -1.039032976 1.773857384 -0.778912286 0.273934960 0.274294067 -0.096767649 -0.023605832 0.658379588 -0.702936287 -1.604421729 0.324637745 0.034021504
33.795317357 -41.618939349 -48.079077605 -0.979887813 -0.160648113 0.099648109 -0.063892974 0.913755626 -1.143860207 -0.060551679 0.850160764 0.887458971 -0.528101257 -0.955549773 0.592470942 1.787876435 -2.460097319 0.385826442 -0.742521703 0.411512379 -0.096738726 0.132090655 1.208155490 -0.036106153 2.215408166 0.986565066 -1.569235003
35.771031977 -41.026363715 -44.371212269 0.515862741 0.302800959 0.765921704 -0.235714139 -0.567105859 -0.583727396 -1.280610223 -0.667577362 -0.713975692 -0.555411692 0.147403909 -0.050753132 -2.128469840 -0.471290184 -0.040788646 -0.463716863 1.182527427 2.004286187 -0.209928009 0.173047979 0.482244113 -0.940984891 -2.251288069 0.062659601
30.227861953 -44.118375947 -57.974542804 -0.155987904 -0.783946778 0.235495553 -0.552844524 -1.057168560 0.138392024 -1.319657396 -1.868152686 0.806253087 -0.398982640 -0.476119414 -0.774356931 0.727896241 0.635205989 1.099220781 1.924996986 -1.547834906 -0.692728157 -0.328825314 -0.519762065 1.062583390 1.019198434 -0.537643411 -0.800448091
36.142125748 -39.497382138 -51.546736815 0.423073426 -0.140817181 -0.807928610 0.385267127 -1.843581129 0.389204542 -0.048883948 0.363044971 0.192061757 0.176385530 0.579137415 -0.791536883 0.222977061 -0.381447149 -0.662461068 -0.938172964 0.175402584 -0.202005551 -0.177521123 -0.730469735 -0.689333160 -0.972466046 -0.269516441 2.357103179
31.725300729 -51.012886572 -46.538987853 -0.229619205 -0.734709511 -0.606768361 -0.198265256 -0.455020254 0.198643189 0.436403926 0.117860829 -0.557308793 -0.665743324 -0.382940597 -1.494651266 1.442654763 1.173932890 0.284488491 0.949676829 -1.166114955 0.317842800 -1.541627830 0.992142583 0.942276098 1.123511800 0.831590892 0.636857073
33.689485340 -41.596082271 -49.894348629 -0.067710035 0.970528870 -0.014671753 0.230811186 -1.057436849 0.394561746 -0.398931920 0.346013776 1.167746574 -0.308017113 -0.955156765 -0.446657123 0.345890838 0.804643252 2.130299631 -0.531816115 0.930900376 -0.091655878 1.048308593 -1.204781680 -0.556679308 0.602751305 -0.412521593 -0.146035200
43.688175174 -43.658655281 -47.674910510 0.680900394 -0.030099444 0.726667260 -0.086158987 0.366844703 -0.087901119 1.308187585 1.984312613 2.362988547 -0.347569639 -0.361315603 0.082356398 0.839352474 -0.622329383 -1.371601279 -1.240770711 -0.616937807 0.818310309 -0.132249771 -0.587227653 -0.714116979 -0.249114037 -0.286794095 -1.057966608
30.032290647 -43.205732436 -53.661711880 -0.443704824 0.107306163 -0.487918266 0.744007515 0.626610361 1.104073235 -0.622928467 -0.750627957 1.414312109 -0.476404090 -1.388203587 0.820900094 0.117577641 1.386109773 -2.005948084 2.020874090 -0.870414890 -3.144615066 0.924574852 0.068557049 0.904436436 -1.856610822 0.226389789 0.953854111
32.318148731 -49.544745591 -45.463855140 0.176992073 0.416079266 0.873520159 -0.180317451 0.950901077 -1.455074405 -1.617948981 1.212856663 0.575075485 -1.121696892 -0.555148226 0.872273373 -1.981065269 -0.741559726 0.315719466 -0.042051511 0.203568342 -0.056761260 1.159373778 1.051275973 2.164474536 -1.532020166 1.574936454 -0.541217559
26.804693825 -41.835396614 -49.616963973 -0.298027880 -0.839810541 0.425286627 0.158205320 -0.630119365 -1.681728217 -1.449670029 -0.602702104 -2.858551109 -0.784690278 -0.507840632 -1.179114525 -0.921786712 -1.504144652 1.823208620 -1.275848655 -0.711531602 -0.974464222 0.880414982 -2.277831919 -1.659642604 -1.017578434 0.620489332 -0.961762646
27.912022013 -40.340819271 -45.645424667 -0.414626389 0.103787280 0.832213830 0.353176018 0.198583966 0.795282217 -0.350060742 -0.691512371 0.518470916 0.125057286 1.918122233 0.724207177 0.405920095 0.230792936 -0.877372365 0.345565762 -0.119568879 0.756312172 1.278735482 -0.213229654 0.357058131 0.428483534 -1.902407637 0.647305677
38.087283315 -42.554501709 -48.735271523 0.643809253 -0.101716789 -0.657683560 -0.377644908 0.433177410 0.153501638 -0.074608828 0.377128954 1.118842192 0.913489065 -0.524953828 0.957786907 0.128060349 -0.152503302 0.726718570 -0.268129622 -1.702314853 -0.191461620 1.246675830 0.455957608 -0.021204613 0.792095229 -0.193330487 0.281622866
28.722950535 -46.792089557 -54.606202086 0.201816320 0.885879477 0.398059533 0.126634644 0.311479215 -0.348890848 0.776373622 -1.668863731 0.644767768 0.037894995 1.205161546 0.922989180 0.695215420 -0.110248032 -0.292957990 1.214745509 0.611090529 -0.227038376 -0.128686698 0.367967434 -1.737191164 -0.604500145 -0.825229095 -0.791564670
38.534748795 -50.297819358 -45.931251301 -0.168810831 0.526731838 -0.561860237 0.615117508 -0.073917783 1.335887222 -0.310527580 0.712499527 -0.876398751 -0.540962230 0.618929938 2.073215832 1.295980920 0.122082928 -0.662668016 -1.203792274 -2.682974661 -0.206124529 1.531018874 0.725079505 0.333685491 -1.362049612 0.004814047 -1.493052278
28.666140997 -41.085505047 -56.489941306 -0.346932501 -0.248866661 0.737518514 0.523230033 0.131279491 0.530176507 0.833001363 -1.003605376 -0.818438367 0.774440618 -0.215389376 0.950823613 0.725241800 -1.014996790 -0.446774401 -1.207720015 0.217613129 -0.017682355 0.580668465 0.829455602 -0.252978373 0.505750919 -1.244601395 -0.499577807
32.936362090 -51.937479049 -49.895042034 0.682041305 -0.242578344 -0.035225613 -0.689009841 -0.666327457 -0.614764167 0.036298807 -0.013260286 1.273380879 -0.552977611 0.886223235 0.153492465 0.480121407 -0.574638328 1.536227685 -1.848536123 0.275905142 -0.156623275 0.229293568 -0.581833021 0.629823693 0.439768190 1.913443592 -0.333295774
35.125034841 -40.594159353 -49.077129461 -0.554222768 0.228675213 0.784541014 0.158240851 0.172046566 1.047497523 0.401957626 -0.448523365 -2.159682996 -1.380983606 1.176337242 -0.831141851 -1.073151009 -1.595156637 -0.911606921 -0.091920721 -0.272783995 -1.872290244 -1.306447330 -0.015503380 -0.053968286 -1.281256102 -0.636977939 0.232318264
28.045560590 -48.236553948 -44.951620874 -0.601550159 -0.325902794 -0.728438148 -0.036092082 -1.202008136 0.472257581 -0.410992584 1.224396729 -1.025250167 -0.730755429 -0.697501743 0.328171668 0.975344690 1.240387495 1.173836757 -0.173003408 0.083752366 -1.041376153 -0.759388461 0.830570428 0.799879799 -2.281751410 1.756071177 -0.034251630
35.200069206 -34.905334414 -50.081387579 0.608970106 -0.723573754 0.040884338 0.322373857 -1.556567380 0.154054167 0.231967228 -0.481223620 0.109566872 0.916904696 3.638533792 1.160919508 0.079417607 -0.744551408 -0.391433318 0.013989717 -1.155669555 -0.465421596 0.973818224 -0.294603198 1.353314264 0.188923665 0.795627177 -0.010553277
33.820090381 -48.681464093 -55.962414423 -0.485281116 -0.469296164 0.735445115 -0.058170712 0.447575189 0.137134714 -0.092256884 -0.126511686 -0.928848482 0.191236391 2.023401956 -1.175850921 0.253557921 -2.033042516 -0.444389454 1.059104455 -0.400028703 -1.852113551 -0.071723639 0.308035102 -0.014708335 -0.987722725 -0.395270327 -0.348580842
34.630534202 -41.418721869 -40.750667725 -0.882144896 0.425125748 0.084164858 -0.184403792 1.254451679 0.646272808 0.284600298 -0.929479809 -0.104999705 -1.301713806 1.746668110 -0.249644120 0.645255071 -0.171184347 0.772220283 0.077156499 0.329337606 -0.410102190 -1.705726814 -1.235478964 0.438784798 -1.522577643 -0.483031812 1.565387442
31.202555302 -40.999419542 -47.605366455 0.114616120 -0.436745236 -0.877667113 0.160677258 -0.133683808 -0.616077157 -1.063130928 -0.778980627 0.308763670 -0.588211034 0.661779011 -0.391776638 -0.466626297 0.550016661 -0.080740258 0.513148373 0.678224034 0.056701185 0.754949443 0.315180391 -0.357049342 1.284083665 -0.568638230 -1.132564182
39.734713477 -45.228836027 -53.980283618 0.075138042 -0.821074948 0.401125748 0.399109433 -1.264552684 -1.552868691 -0.345959057 -1.047010330 -0.878440386 0.330807737 0.173339752 -0.543317015 -0.213833002 -0.910753387 -1.779294704 -0.006424955 0.254919670 0.202067795 -0.003731998 -0.588950765 -0.718769327 0.418136583 -0.366881750 0.930809502
35.946537206 -47.065920577 -46.080961007 -0.455835539 -0.163980202 -0.249058960 0.838626311 1.087754044 -0.573443553 -0.755894179 -1.285341013 -0.856199594 0.484192451 -0.858090426 0.412286352 1.869519563 1.304663956 -0.194068734 -0.277271675 -1.482046415 0.114292328 0.035386706 1.092361988 -0.728063845 2.015842049 1.680114849 -1.007449887
28.637647387 -39.693773107 -55.064250916 -0.421795590 -0.421438662 -0.394727163 0.699048211 0.436765509 -2.373769812 -1.730403876 0.182252091 1.449489387 2.052888379 -0.752097928 0.929669237 0.109831127 0.208633323 1.400549004 -1.052873192 -0.310814712 0.408693559 -0.842919846 0.602474553 -1.223348415 0.232216645 -2.422609878 1.440424248
43.131956200 -43.690802789 -49.810387077 0.893659829 0.349604228 0.229926309 -0.162119975 0.445431770 -0.216347035 -0.072999766 -0.621952551 -0.717168320 0.899831246 -1.696637117 0.680118298 -1.694882457 -0.262265750 1.007463967 2.238287476 -0.137817070 -1.456898709 1.914796812 1.051394893 -0.998743642 1.672016642 -0.835722289 -0.480236596
26.705361422 -39.703934453 -50.520072866 -0.496588738 0.273557379 0.797499284 0.206302879 1.612971533 -1.567610980 -0.085197682 0.644253526 -1.212989717 -0.563650584 1.206168486 -1.029775858 -0.066550611 -0.614056960 0.639085736 0.092434941 -0.414669113 0.182230139 -1.099004748 -0.719511419 -0.177606566 -0.722165096 -0.697794435 0.066959488
41.956550496 -41.284509917 -49.089918330 0.583328529 -0.657457803 0.471881120 -0.069320082 0.296386276 -0.272834034 1.588618535 0.728016709 -1.592911280 -0.444545526 1.021371847 2.001758835 -1.006160589 -1.054020018 -0.629642979 -1.420048728 -0.069241161 -1.942077372 1.295050476 0.942730779 1.166270562 0.220986081 0.236620577 0.449139975
33.276196350 -49.563450370 -45.299949564 0.349257557 -0.488981548 0.756824426 -0.257163358 1.120777185 0.293601476 1.986112854 0.755281361 -0.570182338 0.562482123 1.879807350 1.750478174 -1.841711685 1.250255463 1.353582580 -0.738762392 -1.769279344 -1.351302457 2.142103795 1.401829170 -0.289209407 -1.432027098 -0.446224535 -1.693655186
27.801991806 -48.452665592 -54.722816253 -0.867868460 0.086061072 0.205511294 -0.444030331 -0.524943310 0.758414530 0.122242853 -1.003832868 -1.869680516 0.757554024 -0.831119423 -0.311492606 -0.186804264 -0.246869203 0.753350192 1.141164240 -0.170658495 -0.307958331 -0.339796642 -0.435266535 -2.922089337 -1.445331126 1.600924960 -0.045050448
41.084322862 -40.593465021 -43.409154678 -0.273175536 -0.939478169 -0.157351618 -0.134150531 -1.227697545 1.142345125 -0.263392469 -0.431677230 1.081243671 1.254402096 0.687976148 -0.240914706 -0.517713785 -0.075370257 0.450649742 1.224772238 0.577260031 1.821667203 0.515813513 0.462827190 0.875068007 0.524895952 -0.310810997 -1.233428124
40.727737544 -43.115501385 -51.477076228 0.626944803 -0.228765099 0.744704851 -0.004629195 0.940764233 0.294198215 -0.578235234 -0.597984092 -0.198136732 0.481932086 -1.012125462 0.920894358 -0.235669020 0.147407773 0.283564729 -0.726133180 -0.089335058 -1.130880352 0.134701663 -1.025301373 0.543467212 0.361826460 0.773469989 -1.184608304
30.881116864 -44.780728576 -53.593349710 -0.223763728 -0.349460817 0.868759912 0.270301953 0.199396121 -0.818547557 1.312486888 0.002157085 -1.479482318 -0.451263158 0.518704834 -1.927703520 1.025164143 0.923302823 -1.424618296 0.244515167 0.403720649 1.084978872 0.080119235 0.348797503 -1.295448955 0.765375163 0.854056634 -0.930639965
39.630923859 -47.953157864 -55.497793657 -0.424797248 0.157900180 0.437145220 -0.776864781 -1.142758647 0.868543991 -0.257159338 1.824769434 0.236639635 -0.464923378 -0.226582385 -0.589901509 0.310559814 -0.748397923 -0.179133542 0.184754231 1.687661668 -0.066145341 -0.346316095 0.212966124 0.239075200 -0.536934631 -0.776350125 -0.506425795
33.823885559 -43.757856229 -54.041690890 -0.740970309 0.626475045 0.073151523 -0.230523044 -0.894157809 0.825052398 0.436813427 1.214403190 0.639393454 -0.056228539 -0.117185934 -0.381100093 -0.254142453 1.868119909 -0.105712881 -0.794165257 -0.013677052 -0.742216672 0.061743240 0.781043651 -0.406777907 -0.098108072 -0.199463248 -0.339724577
38.293811253 -49.596630914 -54.120659401 0.540516542 -0.295842936 0.193538287 -0.763453834 2.231316286 0.484445966 -0.500112902 1.139198465 0.372374407 0.088945576 -0.515903100 0.121869747 0.459130379 0.327545677 0.364087654 -0.622995440 1.104514215 0.869091462 0.812240770 0.969592030 0.252510665 0.219900111 -1.642839008 1.196884872
31.177307207 -40.818987768 -49.153715700 -0.196394265 -0.658932530 0.366547048 0.626801783 -0.700355911 0.109401030 0.074657824 -0.670506694 -0.100085898 -0.455455812 0.648351978 -1.234977331 0.200109735 0.115132512 -0.973810767 1.263440790 0.784260990 -1.595586453 0.096875267 -0.326257439 0.277946212 -0.253604753 0.976402474 0.223253303
27.715522733 -43.167042886 -44.278859236 -0.891395131 0.351252651 0.237733855 0.159746394 0.202262885 -0.494803948 0.076015531 -0.893110620 0.193639774 -0.763482302 0.155018075 0.856114143 -1.774696819 -0.339938608 1.386419785 -0.205702539 -0.940924325 1.034480637 -1.386368924 -0.503373931 0.905556501 -0.826327951 0.436318128 -1.821537248
31.998682414 -46.297116787 -56.532570905 0.421336767 0.609129525 -0.515166878 -0.431323127 -0.312676544 -0.868594662 0.117399402 0.382826760 -0.498868001 -0.310002696 -0.876894881 1.125127761 0.199392410 0.600351555 -0.256555791 -1.100073685 0.105148184 -0.115338290 1.281032055 -0.234314028 -0.863464646 -1.294091219 0.445348816 1.365815765
39.612058996 -48.784672049 -45.704727628 -0.359008262 0.863549470 -0.278700799 0.218451928 -0.236892735 -1.449830405 0.501268456 1.553993264 0.457091453 -2.090128138 -0.059695048 -1.349379280 0.170568297 -1.410106672 0.896778590 -0.345461510 1.189893142 -0.699752046 -0.587521941 0.098987403 2.015973830 0.466377728 0.779013329 0.365029403
29.750864187 -34.841437075 -46.301724854 -0.512247766 0.725227328 -0.316312585 -0.334056727 -0.327381597 -0.049048607 0.333471101 -0.610249128 0.204054873 0.385512777 -1.104222105 -0.375659361 -1.028891485 -0.079252530 -0.188982158 0.298754959 0.524561810 -3.120828193 -1.292532729 -1.674258078 1.088411874 -1.473801581 -0.326778800 -1.618579798
31.131502901 -46.911822404 -54.606890727 0.760748260 -0.372764518 -0.120319839 -0.517524719 0.242145810 0.079909342 -0.126907018 0.641243207 -0.373117316 0.395836854 -2.007660910 -0.099123130 -1.364903790 -0.674629407 0.105185344 -0.260750108 -1.357831208 -0.109755254 -0.305229423 0.590190227 1.195728958 0.011922540 0.731631565 0.966001626
36.518943017 -46.187299629 -45.824525555 0.581282756 0.742421679 -0.323329627 0.079864642 1.936927870 -0.129398335 0.111214117 -0.655990945 -1.875476291 0.445178429 0.065796586 1.792596679 -0.848012068 1.052619318 -1.673601209 0.964740928 0.105284223 -2.196982362 -0.214661810 0.251849802 -1.917501168 -1.392170599 0.360832938 -0.378869294
40.902951505 -37.442290465 -47.029744884 0.566249103 -0.323279138 0.071033493 0.754855480 0.967540158 -0.303721792 -0.002990644 -0.129290319 0.666249997 -0.639247392 -0.162236970 1.237796430 -0.610445798 -0.321775662 0.422661290 -0.570193839 0.492260100 0.773406926 0.430957294 -1.143034313 1.291381068 0.850179041 0.167793202 -0.733430713
24.902158875 -42.672221520 -52.656543331 -0.601903907 -0.171595627 -0.704756495 0.334043275 0.936051373 -0.243896426 -1.525817431 0.520473931 0.569282410 -2.204215413 -1.024866064 2.036074568 -1.651629620 -0.163371067 -0.437625771 1.145071814 0.456370122 -0.120480377 0.417366662 0.280132492 1.504964056 -0.255737111 -0.074694955 -0.559788671
39.316338699 -39.101764452 -46.202518076 -0.743685314 -0.006715747 0.589211292 -0.315780154 -0.047395856 0.629571239 -0.751274461 -0.274801724 0.898662320 -0.662013786 1.574007674 1.329200019 0.607473764 -1.275555935 0.213199451 1.027771443 2.425823207 -0.612231730 -0.381195717 3.227193150 -0.773506460 0.298688011 0.847298158 -0.220779122
41.546280675 -43.189031079 -54.619466278 0.699979475 0.435867765 0.115660110 0.553778624 0.455661478 -1.034828681 0.970763560 -1.206927986 -0.866791917 -1.842812420 0.096384405 -0.723595270 1.268690726 -1.028218422 -0.061358487 1.118910313 0.961086543 -1.635713775 -1.263671011 -0.676200794 -0.012721567 0.615987714 1.084641880 0.774805400
24.564026769 -40.141961906 -48.593880306 -0.284209594 0.414308344 -0.864196834 -0.027153909 -0.025720472 0.361666145 -0.040221743 -0.826617549 -0.026460604 0.730654892 1.082786202 1.083391715 0.358157624 0.219369699 -0.147201036 0.680516849 1.115693319 -0.639793632 -1.271832500 1.471964448 -1.545141113 -0.842904470 -0.632828995 0.150208617
28.154166242 -41.948983343 -47.874728078 -0.177267271 -0.321632768 -0.863329428 -0.346108329 -1.146106248 -0.635438533 -2.371574331 0.712332938 0.889683033 1.394750763 0.226647409 0.767560408 -1.123582429 0.477031197 1.569773156 1.065180103 1.012518187 -0.510715997 0.816809281 1.577331190 -0.122184701 0.219108756 0.337761442 -0.657657501
39.994010539 -43.592844441 -40.909256603 -0.649082058 0.337183497 0.663105563 0.159030764 -0.331846032 -0.601675371 -1.263716883 0.710958044 0.572559521 -0.429653070 -0.915479616 1.208509216 1.702390454 1.277978590 2.257396783 2.047555900 0.621559080 0.900168088 -1.095059143 -0.308770759 0.323784561 0.567464207 0.628063730 1.141770563
36.533017296 -45.790522777 -42.938026256 0.284212241 0.099648885 0.186774963 -0.935098185 0.806625455 -1.279334441 0.864875956 -2.349253155 -0.968133841 -0.269096640 -0.356870913 0.390147045 -0.292996102 0.043981502 0.287120598 -0.658959799 -1.024127870 -0.080597880 0.733033324 -0.907993632 1.496583032 1.218188225 1.200329026 0.627344662
33.877206145 -39.863150137 -53.458903048 0.756768947 -0.456479879 -0.273267366 0.379804985 0.687222351 -1.727124406 -1.087022692 -1.705374337 0.959428456 -1.278389906 0.531919641 -1.732037875 -0.784844172 -0.256018844 -0.025928295 0.262106474 0.619913663 0.083471683 1.059870668 -1.373730688 -1.060665000 1.213677956 -0.925449312 0.103547757
36.096535405 -38.358380179 -41.896738675 -0.287170308 -0.809490718 0.512106864 0.002133511 -1.934207552 0.517182307 1.927783132 1.123378462 0.711715684 -0.544908792 0.288256533 1.623386103 -0.198728183 0.951771937 -0.660923147 -1.138997265 -0.918259841 -1.807187783 -0.420666105 -1.505998891 0.283245320 -0.397511699 0.989796251 0.084226860
37.752772207 -41.661651389 -56.278232756 -0.625896760 -0.019742701 -0.429252523 0.650850016 -1.033604669 0.756159649 -0.226307386 -1.188365477 1.351490184 -0.105059209 -0.119742110 0.564249354 1.330086245 0.398293337 -1.186939945 -0.751895333 0.470063831 -1.321218164 -0.400096932 -1.412258243 0.904058395 -1.983288272 -1.000786815 -0.714442862
31.219570884 -38.794332421 -53.408972247 0.814659556 0.111895166 0.467425598 -0.324534421 -0.228854503 -0.704732903 -0.275630744 0.950434428 2.525797493 -0.280336509 -0.400899743 -0.109974272 1.097890763 -0.064142441 -0.172798827 -1.244445597 -0.547224562 0.457012226 0.223479067 1.048926871 0.219487425 -2.262054533 -0.910599454 -0.633188319
35.627892639 -51.796653608 -47.204655149 -0.811999789 0.096845586 -0.558318031 -0.139850820 2.403900838 0.052125867 -1.239422609 -1.496300043 0.114362062 1.101246395 -0.443296067 -0.720303388 1.997628535 -0.672980449 0.903661588 -0.116594835 1.207995531 -2.223057870 -2.437839938 -0.580846630 -1.253392572 0.480682385 1.233584343 0.672327721
33.009564695 -49.680312060 -42.924891802 -0.488718787 -0.656763406 0.195946544 0.539833982 0.559460958 0.900436632 1.177703258 1.928228548 -0.599295359 -0.694973449 0.087102444 -1.221926574 -0.417654363 -1.599437060 0.858166807 -1.369708503 -0.974182730 -1.212272990 0.882914408 -1.382387562 0.135989226 -0.034612062 -0.082525723 -0.205992060
34.588091812 -48.662314723 -55.558462067 -0.471056583 -0.230262650 0.024308623 0.851172073 -0.014215383 0.311669403 -0.059179062 0.754849308 1.331883327 -0.485002371 0.225855519 2.398391930 -0.204344488 0.033778273 1.533125327 2.211477399 0.637120896 0.616986439 -0.179183469 -0.946668232 -1.372064579 0.762136592 -1.686090068 0.256032144
34.497179195 -40.587584159 -48.273917931 0.200391547 -0.387322356 0.662814683 0.608688193 -0.434345991 -0.509378634 -0.545821191 -0.159393360 -1.460638831 -1.416121017 -0.322912748 -1.048304205 2.020960705 0.349101348 -1.583681409 -0.474102917 1.323443667 -0.895072692 0.367684323 0.259070261 -0.686522596 -0.076550257 0.357420999 0.670226884
39.082316210 -38.559250332 -46.405658202 -0.470635215 -0.635149228 0.532721447 -0.302151969 -1.054664074 0.853868764 -0.905817471 -1.174049223 -0.643229706 1.506937196 -0.036454512 -0.293196792 0.101105024 -0.914653495 0.436746501 0.912986554 0.851597786 0.108523245 -0.840158817 -2.015305831 1.171108433 0.753890323 0.779087886 -1.734746459
27.021675768 -41.250645862 -45.238926410 0.638938695 -0.200036177 -0.599092610 0.439125171 -0.151998941 -1.106164987 -1.069015777 0.792359635 -0.657645200 0.430599774 2.040690392 1.861462922 0.346894267 -1.298893193 1.036967213 2.097791297 0.014137871 -0.038282370 -0.146361293 -0.054065940 0.194904100 0.680641439 0.736372457 -1.661587951
36.829157485 -46.500715119 -45.058167490 -0.426077482 0.893753732 0.068182956 0.122528894 -0.144054751 -1.235718010 -0.906001281 -0.155783117 -0.611001093 0.153953046 -0.079809494 2.302719122 0.016488202 -0.492707382 -0.177571750 -1.559666528 -0.390343981 0.518810580 1.956745444 -0.775041447 -1.034778337 -0.056848144 -0.622766513 -1.238253646
38.740775120 -51.220247505 -44.731557508 0.153753288 -0.048813241 0.707468628 0.688088174 -0.304795006 1.408620449 1.084871937 -1.183685445 -0.367682584 -0.108886895 -0.074508697 0.343457304 -0.207297209 0.972875063 0.771806627 -0.907580163 0.083312726 0.158213902 3.420481050 -0.474560534 0.540025714 -0.044889185 -0.820729342 0.847726569
31.350711420 -37.421822956 -54.377971592 0.386067465 0.074391959 0.270564500 0.878756280 0.328098439 -0.398702982 -2.667931235 -0.462769667 -2.401183100 -0.524346011 0.283701308 -0.402358162 0.556646797 0.082907755 -0.533166846 -0.921675577 -0.120050907 1.165891550 -0.934387863 0.422079585 -0.924952980 0.907237419 -0.751128521 0.626848479
30.666758354 -39.742543179 -41.512686691 0.883100901 -0.363767436 0.093113418 0.281311114 0.541177132 0.512066688 1.451387959 1.015084166 0.737058074 1.230191098 -0.776780924 0.451773947 -0.525556348 -0.168451489 0.114236258 1.741676666 -0.222115903 0.378008941 2.939743071 0.736100071 -1.893803319 -1.494794579 0.684359925 -0.355342343
36.660423982 -47.336485026 -54.359019345 -0.053569578 0.565123162 0.491084330 0.660758876 0.370368130 1.490606981 0.222461894 -0.361607977 -2.177885289 -0.754145690 1.086159143 0.772658000 0.390370004 0.064966501 0.429766689 -1.076788520 -1.155695722 0.055934236 -1.404123687 0.332766245 0.147649539 -1.834775048 -0.673613142 0.609149172
34.450885005 -44.765663101 -46.117965599 -0.790494471 0.020253316 -0.584465636 0.181956627 -0.433323157 -1.219299593 0.357063669 1.503676493 -1.088093076 -0.406147814 1.596928654 -1.262791868 1.242555386 1.644002687 0.221580672 -1.229199264 0.309627687 0.123273442 0.226050589 0.846234899 -0.138002989 -2.504347968 1.065282471 0.627835192
39.607815654 -48.717310994 -53.701703267 -0.171062449 -0.450917351 -0.866137348 -0.131214617 -0.910680118 -0.191634728 1.082886393 0.252256435 0.943553360 -0.994787362 0.246104277 -1.207647880 0.628206107 -0.670945293 -0.008846524 -0.412339162 0.426760344 -0.197050824 -0.458301977 0.790445840 0.993751155 -0.666448265 -0.657394341 -0.894774109
31.406040688 -43.821422131 -41.592225308 -0.277441525 0.713309072 -0.277414507 -0.580738805 -0.365847453 0.859419807 -0.808933761 -0.111080053 1.065607046 -1.832032223 -1.025363465 -1.433304144 -0.785027137 1.452478676 -0.922658512 -0.967626850 -0.946828677 -0.147984156 0.910339330 2.224632154 0.472820078 -1.704980915 0.136102338 -0.436168621
31.337505721 -50.678832520 -43.108422352 -0.983956476 0.106600805 0.041082785 -0.137033306 -0.060455553 0.615963063 -0.772562882 0.419625555 1.476623703 -0.526214602 1.414795465 -0.458762483 0.766214675 -0.534829274 -0.090477207 0.610454146 -0.310844695 -0.156023412 -3.009734029 -0.257002585 -0.167374832 0.397631781 0.489317976 -0.415793105
32.926556730 -45.550041741 -49.740375745 0.455491632 -0.831267289 -0.150288999 0.280954240 0.701586433 -0.011890071 1.414682941 -0.259093339 0.783206444 -0.479309357 0.824499364 -2.048867267 1.545954349 -2.023993837 1.252096763 0.897580023 -2.088647572 -0.165015223 0.609310201 1.408810915 -0.707770414 0.127138234 -2.688390067 -0.974870508
37.292431193 -38.576839550 -50.550022148 -0.014585074 -0.561419554 -0.640258833 0.524083950 0.703384806 -1.082515593 0.521020160 -0.313810516 -0.013279423 -2.041025720 -1.031000944 0.637945538 0.187925939 0.440899300 -0.119568082 0.522583234 1.580530963 0.151909089 1.818777793 1.068506755 -0.055269329 1.217889029 -0.358842963 0.075666910
36.472460322 -45.326700289 -54.883670882 0.682068340 0.395358762 0.614878246 -0.019974292 -0.217474134 0.440493612 -0.880891998 -0.111120704 -0.288720316 0.408025828 -0.669359736 0.209158924 2.241960601 0.232495711 0.565810475 0.137751944 0.738242024 0.093148020 -0.005775760 -0.298376033 -0.536986409 -0.375776807 0.841888709 1.089798843
28.025280566 -37.527084989 -45.102963555 0.730686326 -0.596393949 0.287554405 0.166505902 0.188602015 -1.099772950 0.223067741 -1.196636708 0.118987686 -0.707391350 1.369510936 0.495628165 0.509880586 -0.304267739 -0.160341832 -0.445283042 -0.823156342 -0.398392624 1.590511145 -0.160653996 -0.956705644 -1.011974316 0.824943786 -0.357570125
32.942390939 -51.563937858 -52.601509172 -0.775428476 -0.155647790 0.268093703 0.550100182 0.336735475 -1.008553383 -0.325567426 0.599577091 1.181265908 -1.801461251 0.093941910 0.478555214 0.565703606 0.368738346 0.451886405 -0.246579335 -0.401849246 1.342731233 -1.898521756 0.625498797 0.240075032 -0.919838261 -0.611534818 -0.500207389
28.208618563 -38.650507730 -47.089227099 0.022881125 0.767260709 0.220541743 -0.601788002 -0.235005692 1.992518584 0.770687197 2.532919404 0.693341672 -0.483747228 -1.163561065 0.782397019 0.521154108 -1.458410812 -0.768407696 -0.113289290 0.789149330 0.542339354 0.019314061 -1.239678545 -0.399307267 1.114053298 -0.845245501 0.991543671
33.661710951 -51.795728619 -46.129765169 -0.093206004 0.416576792 0.050934389 0.902874357 1.197410612 -0.477907459 0.211959705 -2.698252565 1.070379042 1.410708948 -0.266759337 -0.020754412 -0.456591455 1.148560968 0.655299952 1.112021440 -0.265061444 0.830628909 0.175459649 -1.232451631 -1.480327437 0.680021977 -1.248101445 -0.337650445
30.877806191 -46.957643290 -49.226863167 0.157790844 0.697087079 0.526544299 -0.460350687 0.261759385 1.123365909 -0.120319617 1.175128702 0.478556630 0.134000506 0.650406921 -0.061606081 -0.585730561 0.483788867 0.150422516 -1.625356410 -0.369191526 -0.890272557 1.177867522 -1.111771196 -1.489620143 1.159590519 -0.075748743 -1.631861555
31.807424278 -50.365742646 -48.713026289 -0.020060619 -0.576995757 0.767452486 -0.278729528 -0.346783509 0.575798880 0.968811172 1.772308110 0.678148359 0.305798886 0.536127475 0.075899970 0.233498192 1.316433578 -0.556945305 -0.669959767 -0.009135595 1.907954171 0.874803615 0.326074287 1.138483310 -0.682308088 -0.188021257 -0.993948508
30.406470707 -50.303545601 -46.759670082 0.308188779 -0.397043846 0.858380696 0.102754279 -2.817461634 -0.032995015 -0.236730277 -0.080469277 -0.497435649 0.124317408 -1.439180853 -1.116922491 1.253113940 2.419939878 0.710426051 -1.498459970 -0.669330895 0.393474279 0.560756629 0.869647825 -0.298252256 -1.362149282 1.032202841 -1.727137136
39.477114474 -41.764032978 -51.260564872 -0.003284629 0.302146582 0.886167776 -0.351288097 -0.184656743 -0.226776553 1.192415028 -0.813147330 -0.377236231 -1.056290380 -0.266611175 1.054805265 -0.718968215 1.495543315 -1.030218572 -1.377402250 0.776667037 -0.237944393 -1.302147537 -1.175255613 0.492225899 -0.194471482 0.951594663 -1.252595357
35.314798154 -34.895104283 -44.757162579 0.148584417 0.813152787 0.112098319 -0.551488153 -1.777732570 -1.466933132 -0.627851737 -0.908630028 0.587631503 0.262560791 -1.272474060 -0.230034505 -1.759707144 -1.078070901 0.739992673 0.686387039 0.728163323 0.064783827 -0.446332444 0.019630990 -0.001821206 -0.919082988 -0.537529244 2.044674181
29.162364493 -36.484575546 -44.146526057 0.431698847 0.146969036 0.391326014 -0.799312304 -0.344752042 0.999116565 -1.483641096 -0.016681187 0.725902780 -2.185387037 -1.067370108 -1.502991458 -0.111479968 -1.655117015 -1.039938955 0.325923637 1.447581166 1.424371925 -0.797716059 -0.845291302 -1.201215136 0.118569123 -1.383573543 1.770495206
34.755946633 -44.902052046 -52.139327427 -0.406955616 0.317137092 -0.756909507 0.401122412 0.454151354 -1.066152757 -0.868240554 -0.719215261 0.233195258 0.433641777 1.229022533 -0.346958400 -0.494814542 1.164496180 1.931655536 -0.505350420 -0.226451918 -0.909114253 0.245406120 -0.917035418 -1.018748779 -0.293199722 0.341651887 -0.228850019
30.528979460 -48.342867622 -50.374097803 0.399706006 -0.670212769 -0.620969555 -0.073802198 0.454825036 -0.230123748 -1.314377437 0.340831927 0.464105009 0.465541421 0.456149930 -1.212155157 -1.367298870 -0.408192301 -0.769627844 1.541124653 -0.284680421 -0.352375708 0.458745057 0.415820475 0.147921511 -0.033771878 0.415084527 0.274673130
29.735437228 -45.071859731 -42.370760478 -0.881047107 0.193672284 0.364198656 -0.231530515 0.723870215 0.035799269 -0.332847731 -0.502516828 -0.774913298 -0.755419796 0.895105768 -1.096410629 0.957009135 -0.197004209 -0.853246279 0.409088809 -0.880812129 0.122023797 -1.303547993 -1.423885942 -0.882918901 -0.833461310 1.272028796 -1.586547531
28.708650301 -43.651395359 -50.650016545 -0.070935126 -0.119038069 0.022250685 0.990102547 0.674926294 -0.158926358 -0.667409796 1.080330046 -1.756702595 -0.010293148 0.388910613 -0.176162298 0.082797937 0.938791467 0.756593025 0.160824040 -1.598770850 0.406661829 2.010710183 0.459895239 -2.311882062 0.038565551 -1.114506838 -0.050561308
27.615307427 -43.465421894 -43.523599527 0.166934794 0.392269970 -0.466021146 0.775294355 0.463103757 -0.585844168 -1.501572266 1.743660288 -0.255028254 1.770973244 1.237547461 -1.738686541 0.787600896 0.425870443 -0.111636144 -0.935758483 -0.247008959 0.065843599 0.147757599 0.990115110 0.669542485 0.362478783 -1.192942133 -0.710712904
37.790945312 -40.088204151 -41.819974497 0.922205106 -0.034934258 -0.249765462 0.293145959 -1.252221717 -1.953559963 -0.167363821 1.890079899 0.075677617 -3.047053193 -0.128034718 -0.453079237 -0.002311198 0.423151908 1.919073513 0.480127268 0.915769699 0.152310576 -2.089351488 -0.463653600 -0.164679175 -0.211763979 -0.247535262 -0.564817592
27.211531673 -47.579791470 -50.548650977 -0.174841760 0.134521240 0.472079544 0.853507644 0.458493573 -0.339598691 -2.485190063 -0.839796234 1.213421406 0.432209629 0.756975134 0.000848422 -0.321881981 1.027147982 -0.982502936 -1.319925255 0.742267020 1.425543621 -1.500865428 -0.816726265 0.216520172 -0.130733708 0.226991152 0.981380069
35.881189410 -43.132221817 -40.613340452 -0.071789673 -0.364966545 -0.522008055 0.767563192 0.842912838 -1.267995322 1.530410877 0.868012533 0.443545645 -0.260908748 0.218257464 -1.725561220 -0.606340065 0.519737403 -0.926468002 0.513817135 -1.457283287 -0.370689796 -0.479313935 0.914623282 0.564332916 -1.021202808 0.703836503 0.902729007
36.029904946 -45.763498326 -39.432294348 -0.077518619 -0.708451967 0.521363275 0.469326123 -0.357280622 -0.479208852 -0.871798132 -0.145991196 -1.027103762 -0.592899723 0.008528539 -1.869329694 0.814400571 1.299213811 -0.150969155 1.460746592 0.808972087 -1.065079808 0.584608683 -0.318575413 0.862630624 0.915551626 -0.186922188 -0.141561823
40.934308646 -46.595547189 -53.244008030 0.160824853 -0.304752231 -0.026686593 -0.938375868 1.455121356 1.342373438 -0.991532284 2.271081705 1.927347179 1.866683497 -1.127995757 -0.016149565 0.696140274 -0.150378007 0.589620820 -0.216877011 2.396461057 0.178291227 -1.049005597 1.219856717 -0.007070981 -1.510365312 -0.086842932 0.527504539
31.528731115 -47.864643718 -40.290305885 0.713922074 0.207102000 -0.242871744 0.623247423 0.524044921 -0.109053912 0.109477135 0.940178559 -0.783422523 -0.424826974 1.083699690 0.554651575 -1.064565931 -0.262019311 1.496717658 0.891533365 0.455826096 -0.590110914 1.505447955 0.401823150 -1.561765159 -1.356294086 -0.378700189 0.787321840
34.700813953 -49.186456046 -44.672553254 0.272992087 0.625731301 -0.724325884 0.096372577 -0.494171623 -1.037399285 0.137657517 -1.191404464 -0.673266037 1.458795068 1.252671702 0.262757454 -3.032903870 -3.214375446 -0.099697910 -1.365938784 0.473393146 -1.251587474 -1.097288004 1.655399362 -0.459602075 1.442734802 -0.948658869 -1.198826996
27.838132389 -45.777558626 -51.452836681 0.513039200 0.732201698 -0.061090684 0.443778528 -0.798193083 0.820609999 -0.604444760 -0.633662687 0.602858364 1.153382181 -1.320386807 -1.023530641 -0.003169736 0.163056196 1.308711991 -0.008211358 0.168786419 0.156099378 -0.256569167 -1.720641955 0.715885827 -0.480198210 0.206716714 0.378811124
34.359745296 -42.568657614 -45.806726188 -0.290497867 -0.045063482 -0.127305277 -0.947298073 -0.067174878 0.347223691 0.405615112 0.020967700 0.068034277 -1.111948854 -1.094351760 -0.214461293 -2.286556119 0.151154549 -0.309124760 1.087861730 -0.418042135 -0.066053377 -0.990250772 -1.409008668 1.070300088 -1.605936336 -0.333183654 0.769229486
27.163709217 -40.606351008 -47.021283631 0.226607148 -0.480652566 0.823670129 0.197964215 -0.057631538 -0.408010965 -0.577012629 -1.712892562 0.648684422 0.155027491 0.182832095 -1.029527067 1.351721787 -0.403030368 -0.156341611 0.200532198 -0.157429348 -1.060657377 -0.865920612 -0.061116423 -0.591937754 -1.458338672 0.395273007 0.147751466
29.866570534 -41.140807812 -44.532335778 0.925050401 -0.048772793 0.359560381 -0.112335674 1.067322205 1.723732347 0.881956753 -1.634975387 1.794977378 0.134097616 1.245240601 -0.354368227 -0.945176556 -0.043364273 0.885340841 -0.569482894 -0.391356227 -0.648676078 2.139233671 -0.160040800 1.226862829 0.435219280 -1.382421978 -0.418358478
33.084865689 -48.277586258 -49.469334022 0.327568818 0.219589961 0.485566538 -0.780194884 0.077941056 0.352237493 0.809671223 1.465907210 1.597589829 -1.346904162 0.927640061 -1.349139678 1.023271135 0.363839877 2.993055952 0.803958326 -0.131571159 2.043477858 0.666814529 -1.931658669 -0.831583335 0.842835904 -0.443178192 -1.094068394
32.034237405 -42.522581540 -56.163166919 -0.552264746 0.281728599 -0.739119312 0.263315950 0.158909298 0.817160520 -0.027221875 0.710351865 -1.168850402 1.218250119 0.723845902 -0.502873757 0.063520830 -0.560704209 0.858276839 -0.575620945 -2.161686990 0.589703704 -0.750811534 -0.025830290 1.057647581 -0.136659986 -0.217390172 -0.789336264
39.337664675 -45.195242763 -50.488285678 -0.802062486 -0.450576759 -0.196284903 0.339335512 -1.001703055 1.220255302 0.210141236 -0.424559625 0.129659731 0.061044334 0.431450278 -1.009190356 0.364621263 1.616806805 0.724729342 0.771204238 -1.399005216 0.553303685 -1.869734790 0.532459729 0.447611231 0.299525781 0.371878037 -0.003102017
28.579084288 -41.035108644 -52.308596676 -0.711199574 0.360068490 0.515131869 0.314936509 -0.743095744 -1.672713586 -0.335743488 0.307963360 -0.222429967 -0.347642788 -0.874538870 -1.036656554 0.902794139 -1.046663662 -1.082279804 -0.168128747 0.980586187 0.965554335 0.524402873 -1.554619014 0.256598933 1.209971714 -0.373444096 0.240162124
30.505154387 -49.370087738 -55.278695708 0.296669531 0.826311752 -0.416085646 -0.236788540 0.442833104 0.730210458 -0.939076107 1.736723589 -0.600715402 1.382703534 0.773623610 -0.683228460 -0.916854115 0.899403761 -0.215459430 2.034514701 0.268196978 -1.359244105 -0.862221787 0.647462858 -0.276058623 0.467154200 0.913228814 0.848177918
30.122598700 -48.235395172 -49.453001274 0.185343041 0.108969711 -0.606352495 0.765578351 1.259750883 1.428977273 -0.049014007 -1.873499962 -2.779221868 -2.137798644 -1.615345853 -2.489212541 0.084556249 -0.686220973 -0.810027727 -0.277553159 0.288186990 -1.637381080 -0.084532468 0.738436083 -0.417872473 -0.482416681 -0.386114443 1.430024334
34.619762315 -46.642139352 -45.031842875 0.484670763 -0.187500766 0.512643098 0.683472581 1.803294358 0.131325473 -0.305731207 -0.979418382 1.554245674 0.403161626 0.029890946 0.958167935 0.099695384 0.511761137 0.861676342 0.340063739 1.009651236 -0.255693177 1.858425019 0.120487214 0.997849629 -0.665350232 0.584832737 -0.203920355
34.150279407 -35.466481959 -52.729508271 0.444822135 0.399989310 0.605617316 0.524756599 1.448541281 0.073868936 -0.051653457 -0.320822725 0.462742324 0.701212828 0.389409036 2.618803843 0.543640657 -1.043560252 -1.384779042 0.835200461 -0.439603768 0.724883895 -1.781398915 0.475031093 -1.131013503 1.192210869 -1.200272796 0.234063208
42.522135366 -48.274526357 -49.082022968 0.712612880 -0.288331237 -0.364608084 -0.525460679 -1.013545513 0.718334458 -0.543853812 2.054829210 -1.420052335 1.080300432 0.655911904 -0.929748790 0.714919335 -1.677330850 -2.417321365 0.957903748 1.283395180 -0.314910497 0.224165132 -1.524352857 2.471171875 0.550557239 -0.073908530 0.493504750
26.528810530 -47.501222484 -49.582705436 0.415431107 -0.612978900 -0.602175086 0.298427594 0.648355308 1.371354489 1.210615590 -0.569201897 0.605305402 1.065530443 0.537846973 -0.360202930 -0.768135146 0.194709414 0.686173229 0.154386755 -0.083441160 -0.889853193 0.973161980 -0.758817146 0.316471947 -0.915457080 -0.552847363 -0.001461457
40.979507838 -40.622771269 -52.624999988 0.500205721 0.090709429 -0.575928215 0.640213033 -0.321189744 0.034742511 -0.048688489 -2.467625841 1.062589438 -0.509826066 -0.576608027 0.194270912 0.706636172 -0.103919925 -1.383198005 -2.808100552 -0.497290704 0.507059031 0.132210960 -0.227088887 -0.083985264 0.232431882 -0.367206128 0.297877658
25.071830657 -47.882095799 -47.192834724 -0.420900596 0.533760914 -0.723571518 0.119942621 -0.183239722 -0.282987323 -0.571772428 -0.804270094 -0.087255161 0.041757029 1.407010079 -0.606019967 -0.678336103 2.304473863 -1.020808599 -1.610981398 -0.548178470 0.245688891 -0.444721846 -0.373629328 0.179689580 2.135012981 -1.463219584 1.611683480
31.339605253 -45.768784988 -41.075050970 -0.543765345 0.347524450 0.211203812 -0.734124619 0.428711010 -0.752349338 -0.659946662 -0.710448790 -0.557083742 -0.367700981 1.191254837 -0.468608190 -0.093432659 0.429897998 -0.386685931 -0.738945610 0.789407898 -0.628599515 -0.819909972 -0.478636850 1.380537645 0.934991110 -0.561986830 -1.018574605
28.061475461 -46.116877339 -42.460126533 0.121112208 0.961144204 0.057823840 -0.241226151 0.373579275 1.754553852 -1.876880159 1.311927724 0.335849392 2.104136550 -1.558057463 1.762004130 -1.910996874 0.248931110 -0.403461800 -0.506802877 0.248199328 1.114040714 -1.088051873 -1.199289321 1.109979833 -0.393924914 -1.452151584 -1.584202198
28.839074243 -45.287755617 -56.993689784 0.020614926 0.506730989 -0.349690434 -0.787727954 -1.398950918 -1.162868389 0.511179355 -1.363607827 0.402409121 0.448841337 -1.305176819 -0.016637735 -1.855995737 -0.894732633 -0.125867463 -0.418934577 -1.671564819 2.458904002 -1.227524149 -0.621709694 -0.079775964 -1.485056130 -0.033484600 -0.382176377
33.137337002 -46.698099053 -49.081676846 0.375410320 0.206528953 0.656775890 -0.620530671 1.108593025 0.651594756 0.747092297 1.337442709 0.088034322 0.935496304 -0.378134971 -0.907552298 1.789118291 -0.685765266 0.727893371 0.692800430 0.456342887 -1.397391887 0.376032600 0.788060171 -0.608047455 -1.217399465 0.705811311 -0.015292344
35.312665505 -39.055612999 -56.880386546 0.249498039 -0.947528149 -0.144029601 -0.138551832 -0.057610826 1.965892209 -1.087824970 -0.547923077 1.172155042 -0.144228094 1.254857638 -0.107853811 -0.778030761 1.650333098 -0.541931037 -1.730566940 0.039167470 -1.003145632 0.054010985 2.055729854 0.785100516 -0.051533876 -1.088269403 1.352470513
36.015282435 -39.559223349 -51.921300822 -0.025773637 0.306545335 -0.449426310 0.838678525 0.234152101 -1.112905249 1.762740014 1.420021779 0.249784938 -0.284744106 0.528314833 1.664156143 0.382571171 -0.589681545 0.397399543 1.211054827 -0.349420217 -0.793545532 0.738918910 2.006655709 -0.256395043 0.874196715 -1.899277025 0.771342297
34.411489437 -51.975902514 -49.180312881 0.977719360 -0.051442966 -0.165122341 -0.118966745 0.619949158 -0.215111229 1.457016860 -0.385818277 0.241800599 -2.563303788 1.296202830 -0.158995052 -0.210242581 -1.791845985 1.912958809 -0.075725582 0.447289737 -0.948992718 -1.508280304 -1.418412215 -0.147659098 0.598452511 0.174485853 -1.343528632
28.500937724 -41.397078483 -40.813826939 -0.320412428 -0.399205702 -0.857558780 -0.050632220 0.534053208 -1.782519147 -0.121511239 -0.427725859 0.744666505 1.417261869 0.555862727 0.752209774 0.964237168 0.885688235 -0.413833019 2.173393110 -0.600821292 1.035825297 -0.039805683 0.675962457 -1.448677206 1.219467731 0.680864148 0.237837304
40.133863151 -42.092329499 -52.950368793 0.219820389 0.936363036 -0.153791260 -0.226387961 0.287281668 0.297128578 -1.362791040 0.756130673 1.119123528 -1.018538869 0.783574357 1.037639391 1.739655195 0.532947769 -0.356720086 -0.768463073 0.993230590 0.527964901 0.790270289 0.329625131 1.435484182 0.830695077 -0.247856643 -1.349320067
28.574059819 -37.296629673 -49.807897527 -0.113734503 0.562612841 -0.014550493 -0.818730442 1.228492303 -1.452497536 0.357137981 0.918958776 1.345590072 -0.958217122 -0.978491423 -1.050412702 -2.286966595 -1.252195512 -0.600534919 -0.521701241 -0.339969276 -0.217875419 0.984383001 1.275608356 0.397220015 -0.652487690 1.269849837 -1.196204648
